-1.594616880011009985e-02 -3.073099329748500974e-01 -5.196132991218456176e-01
2.434380115182044335e-02 -5.144180328906644561e-01 -2.233327604295378688e-01
2.743530397575616453e-02 -3.228682154997168929e-01 -2.902200842173137119e-01
-3.625822087966718010e-02 -4.665827879407358214e-01 1.425144054740135058e-01
2.412420813835566835e-02 -5.514178223862198358e-01 -1.208343538283503937e-01
2.299581673103644197e-02 -5.413935675254610835e-01 2.488020412375285817e-02
2.542045301208939456e-02 -3.979768100394653896e-01 3.959084675540560649e-01
-4.772912287822528299e-01 -1.258795201728618585e-01 4.992264580055134626e-01
2.592560472534782834e-02 -3.809039784802115136e-01 6.778900186233105529e-01
2.485851947050983501e-02 -4.110490324018956088e-01 8.139213816783952282e-01
2.334408568391274641e-02 -3.984130755371440014e-01 1.292365778523172359e+00
-1.480811866205744565e-02 -2.953266722041114622e-01 -5.491185745464779444e-01
-1.314785816658946282e-02 -2.705372519753193039e-01 -5.777105194883163097e-01
-1.065682271220486088e-02 -2.333188920861832827e-01 -5.975754400889969897e-01
-1.877805322264627930e-02 -2.102870296349723667e-01 -6.936732774473730601e-01
-1.989691230131360178e-02 -2.138018425874765871e-01 -7.379753338625349990e-01
-2.183550059989686210e-02 -2.241350053931701058e-01 -7.864390995883394631e-01
-2.157105058781139117e-02 -2.120233715520214446e-01 -8.321551467025187776e-01
1.206203490879020901e-02 -1.434671930915620841e-01 -9.006509074836128725e-01
2.318427615383256146e-02 -4.713362999123791308e-01 -2.674550747062897083e-01
-4.468931998715569565e-02 -3.729244993200988567e-01 -2.461753672358503175e-01
-7.405106256029658773e-01 1.530978376788749706e-01 9.489114054832992196e-01
-2.835569307703234010e-01 -1.894919588555665779e-01 3.917019516782900279e-01
-3.561727038065742867e-01 -1.817450844452317416e-01 3.850863772210233460e-01
-4.237894626719884705e-01 -1.616960754879448459e-01 3.971094680529734244e-01
-5.064262954600740052e-01 -1.110956679750740861e-01 4.726416620662801105e-01
-2.195681848058439467e-01 -1.846324977234670150e-01 4.167100658252482770e-01
-3.860236745777023692e-01 -2.465869577748314168e-01 6.976436907555401135e-01
-3.030924258152145612e-01 -2.458458589163625696e-01 6.821073828755217505e-01
-4.593837082989615794e-01 -2.201988194297388457e-01 6.819829240921801983e-01
-5.058737413105118819e-01 -1.863574571538673119e-01 6.430326252304947587e-01
-5.673775911564238328e-01 -6.603400891713040455e-02 4.137705903499415694e-01
-2.521638470857218151e-01 -2.933401250292932971e-02 -1.004571582796376816e+00
-5.005139460903285098e-01 -1.075803553758739595e-01 5.371116969569669219e-01
-7.639668521215781105e-01 2.369798310405912822e-01 5.151433600750807695e-01
-6.449011180648667185e-01 -4.333069944959813680e-03 5.032949433865023803e-01
-3.317793784664302414e-01 -1.986101340772650214e-01 -4.964769925294931774e-02
-9.549999546837784070e-02 -2.948537440768712603e-01 -4.975682790147288870e-01
-8.309073015676232687e-02 -2.565172188404691855e-01 -5.679872642560186424e-01
-1.631828165686894927e-01 -2.456620698891145427e-01 -5.190890989941903122e-01
-2.013366425152501860e-01 -1.926184545187523689e-01 -5.512453291496197672e-01
-1.384155742152802793e-01 -2.230458256601568490e-01 -5.694202239091397111e-01
-1.759137830696394511e-01 -1.719417934470397480e-01 -5.841325665731467165e-01
-3.137350155352289782e-01 -6.398200506807283361e-02 -6.875374863081389343e-01
-3.597044781469316277e-02 -5.068033997260843471e-01 -2.159465743938608906e-01
-4.659741862554633851e-02 -5.411053753569838864e-01 -1.161042403376891796e-01
-6.002348266012869082e-01 -1.762767886511673598e-01 7.459788508520501793e-01
-1.863336103252827280e-01 -2.439645388429889650e-01 2.001382368954238711e-01
-1.998198322700767138e-01 -3.370964948048320586e-01 -1.490302561736173148e-01
-2.054010718363696864e-01 -3.235431198725535751e-01 -8.850841123666408627e-02
-5.401202500544366458e-01 -1.094454213507686235e-01 -8.391291015160284861e-03
-4.206376183024679305e-02 -5.182268977530957166e-01 2.028119609352446728e-02
-4.385166516099503475e-01 -3.077965913406488507e-01 8.405793735980360282e-01
-5.341517200194423332e-01 -2.490524169807772914e-01 8.130123744171324773e-01
-6.698077243407141168e-01 -4.360457570976958297e-03 1.102197771974339879e+00
-1.270768539597849633e-01 -3.610358260009827180e-01 7.193445599704739735e-01
-2.296374374506171545e-01 -2.218261283436462339e-01 6.327257970477102589e-01
-3.557612128443170540e-01 -6.305894217676022429e-02 -5.822762557014264928e-01
-6.761183307248952445e-01 5.410794237897973424e-01 -4.077967776233892838e-01
-1.464319899083236232e-01 -3.025459864866497650e-01 -2.073166996042696830e-01
-9.050142061172805619e-02 -3.027540334085214724e-01 -2.397791996295047801e-01
-2.533801302054823346e-01 -7.529821894675714500e-02 -6.053110720545622492e-01
-2.406626679842575056e-01 -9.257017169027104142e-02 -6.116596261694184911e-01
-5.693583589950601542e-01 -2.242612340148131267e-01 8.853203507327167543e-01
-2.040987321259513099e-01 -2.922609388589916257e-01 -1.867665784779239946e-01
-3.068008822397905178e-01 -3.468174914415689258e-01 8.195330579854287478e-01
-3.176622556386643481e-01 -3.710165475026505622e-01 9.002591664577748176e-01
-3.847263272249779043e-01 -2.983941845542437132e-01 1.279721933733264372e+00
-6.184800301589943317e-01 -1.304852364045722135e-01 9.801928531456560734e-01
-3.427859961918122700e-01 -3.384026062894041065e-01 1.080749587464113759e+00
-6.387551929198154177e-01 -1.230146224278261258e-01 8.051784986257404242e-01
-6.887478640894140192e-01 8.080053604892750707e-03 8.583144421498385412e-01
-9.111496830906440358e-02 -2.831044290158815091e-01 -5.368774728971383858e-01
-1.510794817942032742e-01 -2.371044396719560465e-01 -5.455814064699167076e-01
-1.896971538909985044e-01 -1.877340086399370556e-01 -5.673558636939943778e-01
-1.300193778537940270e-01 -2.844600715967284810e-01 -2.242801917423717928e-01
-2.465619675158178259e-01 -8.426102582651368023e-02 -6.086746018569679784e-01
-2.322889919913188050e-01 -1.200693713410999619e-01 -6.460111024977348571e-01
-2.334238941305761816e-01 -9.429029341062855618e-02 -6.137760287745805954e-01
-1.141717174887738051e-01 -4.060178868846855416e-01 -1.917723082204915164e-01
-1.657155684335640533e-01 -1.577166121145957556e-01 -5.968313863793148766e-01
-1.265176795527575004e-01 -1.926807444430413963e-01 -5.875100201842506920e-01
-7.481634496828126757e-02 -2.230939176638693233e-01 -5.884425519429172802e-01
-8.572158963993298242e-02 -1.381515278778533418e-01 -8.913606873292692079e-01
-1.057848413543027721e-01 -2.083552031607749377e-01 -8.165187259914032936e-01
-1.024184812768147435e-01 -2.203175310521765518e-01 -7.695705011075855140e-01
-9.415426361903567187e-02 -2.087165946166158470e-01 -7.204422619787198556e-01
-8.436420746759432099e-02 -2.050065468050188411e-01 -6.788683722281940724e-01
-1.798905021772716495e-01 -1.527207479710668281e-01 -6.441244379647539375e-01
-1.958565612174045789e-01 -1.595972468859196969e-01 -6.623694280774587995e-01
-2.123341904517400680e-01 -1.665392163919676705e-01 -6.853937184786280667e-01
-2.242749897718970820e-01 -1.509628379516270158e-01 -7.108604560576727849e-01
-2.753772293824473527e-01 -1.792364962870046652e-01 -4.211989954024675242e-01
-7.562495990335604823e-01 5.745151982337937113e-01 1.174187736956621153e-01
2.731394708804064930e-02 -3.748132173234566267e-01 -2.753356326438991530e-01
-2.048325094488322451e-01 -1.186740983254755966e-01 -6.291106299552251535e-01
-2.186606103755150965e-01 -1.229013852228925119e-01 -6.373372648134689733e-01
-6.708116764628130335e-02 -3.031041884650040874e-01 -2.791667586422358349e-01
-1.786066778755248663e-01 -2.335564015418977180e-01 -2.403423034600076225e-01
-7.842158480226668615e-02 -3.041297203128161541e-01 -2.600103496047457829e-01
-2.600275828526876776e-01 -2.115414721055730585e-01 1.490520100161258910e-01
-3.759072940762986370e-01 -1.803455601717052215e-01 9.061340122950634068e-02
-2.170273576399123217e-01 -2.781720406321319672e-01 -1.267115027299429153e-01
-5.575241414935661055e-01 -1.627844760299868021e-01 1.216070171913123943e+00
-5.084108574905576994e-01 -2.428232193093915470e-01 1.059541869671713599e+00
-4.608358853049665527e-01 -3.059003940413473899e-01 9.224057977061201896e-01
-2.620945769994198482e-01 -9.219093537812361738e-02 -7.700149807215823650e-01
-1.470579002876654107e-01 -4.038904574222113020e-01 8.554808291019000421e-01
-1.710283895723274661e-01 -3.914010428969683097e-01 1.067410890433626136e+00
-1.979778519753311317e-01 -3.758796696970589934e-01 1.300295905743258373e+00
-4.781252187762130568e-01 -1.335909821259545494e-01 4.254480037638164180e-01
-6.465965227377190594e-01 -1.598833735099458586e-02 3.468287741699571658e-01
-1.770019452474003163e-01 -1.794342884806432448e-01 4.412267667635332291e-01
-5.706276825799294627e-01 -1.227422122570523966e-01 6.079500074359565076e-01
-1.369921256520856279e-01 -2.779875896565342508e-01 2.600980225981641691e-01
-1.584011693335402038e-01 -4.112711590368900438e-01 -1.242667661548376712e-01
-7.097427251353893851e-01 6.890246967830093716e-02 2.892080467031388213e-01
-6.022695119030174737e-01 -7.061666045629488853e-02 2.610681233256373357e-01
-5.143176819844552661e-01 -1.313249947448743571e-01 2.079716281201429151e-01
-3.779804538146569470e-01 -1.664864091071760477e-01 2.127214586194348112e-01
-2.766580039678885328e-01 -1.889085852178407077e-01 2.497421666252035433e-01
-2.008357604195953883e-01 -2.139915881322063118e-01 2.921751989610574807e-01
-4.188023136712709649e-02 -3.676967627657379278e-01 3.790523549867461650e-01
-6.963596120181669846e-01 7.624881157726415282e-02 7.115949000215548992e-02
-6.275122036988189933e-01 -9.101117384838508517e-02 6.346135349285013660e-01
-1.428865060580733481e-02 -4.671438859680889788e-01 -2.614753490304105865e-01
-1.810408458277362742e-01 -2.599751298145169809e-01 8.973152657689098533e-02
-7.832890070810161198e-01 4.617496198924908590e-01 5.630660087432977079e-01
-1.417675321218120343e-01 -2.317327299747518055e-01 3.408344399247325018e-01
-2.213710749398462019e-01 -2.089191530208844849e-01 -1.208927101433813212e-01
-5.288311314483484793e-01 -9.383599525592012380e-02 5.374409354218274704e-01
-1.621993384258757498e-01 -3.937843611776570274e-01 -5.090584610397497212e-02
-7.249985714707518625e-01 5.759662436387213980e-01 -1.360210393684598840e-01
-1.729923664479199319e-01 -1.677236484732658184e-01 4.767180197513922746e-01
-1.049684225683941707e-01 -4.707227504819888608e-01 -4.929493416743535583e-03
-5.415684997390557420e-01 2.062313342032517927e-01 -7.188009254999916386e-01
-5.347209153613174948e-01 3.448958331180285164e-01 -8.124242734531450516e-01
-7.514776372906428747e-01 3.273779408187329487e-01 8.928623286015691107e-02
-6.230302646555330170e-01 2.758580075834129453e-01 -5.634691741650144081e-01
-7.292318911008810467e-01 1.402311007591261482e-01 7.044935605617030916e-01
-2.620611706044401190e-01 2.392634253526451649e-02 -1.085679257114837704e+00
-2.027415425445020652e-03 -3.694748345432996572e-01 -2.696221556570121969e-01
-2.450401090257575687e-01 -2.230313167733410928e-01 2.240244119342907347e-02
-7.056222327891426005e-01 6.749497247267666200e-02 4.991601185308935928e-01
-4.123016482296826268e-01 -1.626465871104809668e-01 4.494881105541030930e-01
-3.526156156672777264e-01 -1.796492261205584473e-01 4.368535260243155971e-01
-2.435169784850692576e-01 -1.065687998833305672e-01 -6.556737942183801238e-01
-6.793190310896157769e-01 1.259699589056925140e-01 -1.308718008082024875e-01
-1.281118529156943797e-01 5.679533354917770671e-02 -1.215196442751920181e+00
-3.397910391223080140e-01 1.848718905794355383e-01 -1.064255976046206698e+00
-4.305477171293903282e-01 2.562912444826168645e-01 -9.628492693874690644e-01
2.395379192832496063e-02 -4.094554052612298101e-01 1.048803641095956252e+00
2.108694092334148507e-02 3.513620730235833545e-02 -1.237058576176481850e+00
-2.914661566528642389e-01 -1.844117356662422491e-01 4.432965531396171333e-01
-2.314968743560991138e-01 -1.785803956206766241e-01 4.597682234940190238e-01
-1.917119604748951378e-01 -1.670860245485994433e-01 4.691092651774553257e-01
-6.764943551064006577e-01 -2.333275501904019666e-02 6.747335819909006105e-01
-2.450361650631793786e-01 -2.011633922138544861e-01 5.606427039045858152e-01
-3.111844385541218116e-01 -2.147395764442927568e-01 5.975930717728825670e-01
-3.744176411052047015e-01 -2.113351546032760098e-01 6.066085900248214813e-01
-4.339746711447989291e-01 -1.917305320455164885e-01 5.935203053132802609e-01
-4.692862827615273957e-01 -1.660443191921878725e-01 5.699247783041654358e-01
-7.744938041197291234e-01 3.204114051983411038e-01 7.806448547520128400e-01
-4.513440820334557735e-01 -1.426701670340635442e-01 4.728781300012181443e-01
2.584577569751539405e-02 -3.031704444019691636e-01 -3.649051886606100581e-01
-2.085009778407953540e-01 -2.225463651826411482e-01 -3.771924095927929876e-01
-1.459782696539724256e-01 -3.309843626320170262e-01 -1.948745109746795601e-01
-7.454999971890480248e-02 -2.939200369322898521e-01 -3.648149002524705420e-01
2.578113629443122556e-02 -3.632627503563135019e-01 5.405721249905048875e-01
-4.499460535394450567e-01 1.540887644267552314e-01 -8.628775595868742876e-01
-3.615245865350669163e-01 9.427536574731132379e-02 -9.765354717691683284e-01
-1.365777180534055724e-01 -3.926116039640581423e-02 -1.164912112118997811e+00
-6.107967916680645537e-01 4.528724091354852099e-01 -6.368861207639842092e-01
-1.960262228644349403e-01 -1.820722502861060743e-01 5.087737736362540897e-01
-8.967668118121246978e-02 -3.691627186789780968e-01 2.104094962292337723e-01
1.550600713895726457e-02 -5.861593733190728628e-02 -1.185071892881948585e+00
-2.427111575203555471e-01 1.083723158654421592e-01 -1.153493564245944292e+00
-7.262252270385305408e-01 3.459473813674676101e-01 -1.381780978510698255e-01
-1.390911196878352740e-01 -1.817488772204234326e-01 -6.593487965705349119e-01
-1.547478729252738106e-01 -1.883366246330386851e-01 -6.907010256074683774e-01
-1.672530300159646988e-01 -1.968911515913684962e-01 -7.306100001308988290e-01
-1.749365677345754433e-01 -1.834763767101432741e-01 -7.738020819416817631e-01
-1.853228701136533374e-01 -1.236709659004670003e-01 -8.431479093314400153e-01
-2.050729441662689778e-01 -1.310554908791141671e-01 -6.034370085389269001e-01
-2.167125254732105155e-01 -1.337736948209086174e-01 -5.960215505045929341e-01
-2.267028444339126425e-01 -1.362629532381670616e-01 -5.873707587698056010e-01
-3.243844746518966815e-01 -1.262312767262999125e-01 -4.943996114120323693e-01
-5.924156628515442335e-01 -6.309668330020890004e-03 -2.123851139910748476e-01
-8.818881713829218594e-02 -3.184261862129866838e-01 3.273457900138538879e-01
-1.236766423404234150e-01 -2.241585911406263065e-01 5.478209245682010842e-01
-1.674804208064184508e-01 -1.983082628487065069e-01 5.418887577123701060e-01
-1.932623457841673442e-01 -1.229114166811587361e-01 -6.102674132667189610e-01
-5.970568248228813601e-01 1.278378119080739728e-01 -4.406194659530104918e-01
-6.582379520262665595e-02 -3.142539064762617240e-01 5.379274543303387279e-01
-2.221280448156270904e-01 -7.243427246335754077e-02 -9.176713246975412019e-01
2.379533657526924917e-02 -4.920124934557512653e-01 1.513995128489973307e-01
-4.049587554039391080e-02 -4.233144231962204795e-01 2.539769118924362079e-01
2.481644429589535683e-02 -4.427230125085324097e-01 2.690928390828306593e-01
-1.400729428673830324e-01 -3.458940051153491790e-01 4.945642231480790185e-02
1.352811045337604101e-02 -1.096830670372717087e-01 -1.101020046920372586e+00
1.310056212296965145e-02 -1.253234384475095942e-01 -9.912761612251888010e-01
-1.070920394207300341e-01 -1.085496548971415232e-01 -9.789718755812373274e-01
-3.797682693624948591e-01 -1.510318426523415969e-02 -7.089031917711086095e-01
-2.841873656999105435e-01 -1.811964243346708692e-01 -1.928094803903246390e-01
-3.121903888503640978e-01 -3.880643251967647034e-02 -8.282177418061018592e-01
-4.444455090424703769e-01 -1.536467307661282256e-01 -1.569136630762546503e-01
-3.513436228433377551e-01 -1.553633363179873772e-01 -2.847031476373715897e-01
-5.037493932645986661e-01 -7.641896776866496932e-02 -3.070917369990378010e-01
-1.290728999369339380e-01 -8.826349684127732242e-02 -1.083323040462946807e+00
-1.820227427389747854e-01 -2.878258958343871132e-01 9.782025665450166940e-04
-4.343666679710000977e-01 6.159003521612949061e-02 -7.695266563880625021e-01
-3.464731932593800856e-01 2.653424189480185769e-02 -8.948254248766436270e-01
-4.292544867087091376e-01 -2.521559817991347874e-02 -5.766945941577050760e-01
-6.587494523543924174e-01 1.732988805691337841e-01 -3.018642725401277094e-01
-5.164872945313203623e-01 4.985100595101593646e-02 -5.714644604954157714e-01
-6.892699981394279085e-01 3.427390434399266717e-01 -3.537102732976293851e-01
-4.067322964572379629e-01 -1.073647327981158694e-01 -4.047356205246139815e-01
-1.340515936879871361e-01 -3.115987376779472129e-01 1.520047197310379072e-01
-1.361955117760604850e-01 -4.214620748225272884e-01 -1.752713986578707805e-01
-1.774809786093234365e-01 -3.397120105954678504e-01 -1.858618116148983423e-01
-1.066553069507822360e-01 -4.792578183250384427e-01 -1.164628790196383656e-01
-1.819342282370617347e-01 -2.575030141316458909e-01 6.498521389445564012e-01
-3.011659748282879967e-01 -2.750178024763494378e-01 7.282074977854486875e-01
-4.039102271586791915e-01 -2.696193664076151908e-01 7.462291254935564666e-01
-4.873846444382645693e-01 -2.378611485854897900e-01 7.277992272225954906e-01
-5.436088430461727405e-01 -1.895251746754234023e-01 6.830875291241351732e-01
-5.785052901970755279e-01 -6.073155924565776242e-02 5.204176723889684109e-01
-7.683153288025135197e-01 2.842176526699202732e-01 3.058106068604480310e-01
-5.311274828580092588e-01 -9.711531910692905445e-02 3.614832494389059736e-01
-4.620905646406003875e-01 -1.357179927626378513e-01 3.200901646974594339e-01
-3.685453637265490023e-01 -1.656172729150506839e-01 3.116896368187196398e-01
-2.778741423021253709e-01 -1.837399640149495195e-01 3.304511658290827381e-01
-2.059115570517644489e-01 -1.896752782300870077e-01 3.614886066000451148e-01
-1.559925564405356679e-01 -1.988196134061015474e-01 3.902761014587470267e-01
-7.728142418619587950e-01 5.398099916649523600e-01 3.470761288524981669e-01
-1.770571091754079562e-01 -3.015212777535147826e-01 -2.071117081693972795e-01
-9.045567203457810512e-02 -4.112865687809719173e-01 1.060870167529083252e-01
-8.797462003143491360e-02 -4.746394233617636793e-01 -1.936335217855283952e-01
-5.218940008147737730e-02 -4.389193637756418909e-01 -2.389656729446325567e-01
-8.817678555624985925e-02 -4.384618283991614796e-01 -2.042295786154822990e-01
-1.579405563684928016e-01 -2.734583464341042713e-01 -2.341086261849278927e-01
-3.765747364721588886e-02 -4.566880327387556893e-01 -2.522347457251150615e-01
-2.705986023730307111e-02 -3.702304278502426271e-01 -2.618978934038778128e-01
-1.497880875809270984e-01 -1.762555544897759230e-01 4.718468350874098771e-01
-1.165676837752372408e-01 -2.141039494627039463e-01 4.416858759913908639e-01
-9.740706416996508521e-02 -2.598279883920850963e-01 4.148153308795972105e-01
-4.875885323264839144e-01 -1.400787007199233436e-01 5.519738196888750448e-01
-5.323696480170236889e-01 -1.410752085980127024e-01 5.980397856766561659e-01
8.399197500171318165e-02 -4.661575721947530671e-01 1.372853311658599473e-01
5.102287413388340021e-01 -1.367091754591870378e-01 4.621638136751851089e-01
9.578721613033092108e-02 -3.771842114992738360e-01 -2.524471900737487173e-01
7.506739342666923775e-01 1.315089526320933899e-01 8.699711314117370975e-01
3.113536461975607850e-01 -1.923905882974208392e-01 3.743089133801726920e-01
3.801891394232126409e-01 -1.872407383594587582e-01 3.638614904552042173e-01
4.456796198644052964e-01 -1.697899520403911566e-01 3.673913712858769554e-01
5.324423367450470401e-01 -1.216812968173208720e-01 4.300897985824934100e-01
2.544156236453848363e-01 -1.870511618966286260e-01 4.005438693674976403e-01
4.169954629334982066e-01 -2.554715905036086809e-01 6.680452684888393833e-01
3.357188146403111695e-01 -2.529503833034141280e-01 6.551459367217016272e-01
4.903132945910515517e-01 -2.328139415217145292e-01 6.486243384729717398e-01
5.355729444077450552e-01 -2.014716203778765813e-01 6.038536294476481991e-01
5.834905920254462863e-01 -7.961192383156923125e-02 3.607113891345050671e-01
2.727094884167391431e-01 -4.045289554127473597e-02 -1.015598999899170352e+00
5.349640764633956103e-01 -1.190895143205267237e-01 4.968063833500571125e-01
7.882919485732386988e-01 2.170004488319421387e-01 4.390599199742017955e-01
6.562905497782178799e-01 -2.121176542027886081e-02 4.402917211477930248e-01
3.662376297413461046e-01 -2.078402379584609605e-01 -8.173551867741746246e-02
6.453761321780754345e-02 -2.960464519828795993e-01 -5.063558015993325778e-01
5.803445630270753774e-02 -2.546412818003567224e-01 -5.783818959775783863e-01
1.399415564016091018e-01 -2.421127709862925803e-01 -5.364795755069253769e-01
1.876853061930123800e-01 -1.832240961528140977e-01 -5.691917620114508303e-01
1.185244715558323447e-01 -2.165318078223100740e-01 -5.843226376641910136e-01
1.647809656140559742e-01 -1.628617173108999339e-01 -5.975894630337437174e-01
3.041518140571681794e-01 -6.973783309749181925e-02 -7.205443269405091833e-01
8.248581396784471220e-02 -5.103374404853631141e-01 -2.214621278825801287e-01
9.146291348170937363e-02 -5.450230781337039865e-01 -1.226277418415419040e-01
6.187653267600090601e-01 -1.926403060292702918e-01 6.967910984884762016e-01
2.278769490746285209e-01 -2.461261631596833865e-01 1.811265646093407344e-01
2.430639175150073328e-01 -3.446371267650014669e-01 -1.668925384988702021e-01
2.471736097274429556e-01 -3.310449360848866096e-01 -1.070174232696992078e-01
5.654772335590441124e-01 -1.218906430166188937e-01 -5.974272475820452399e-02
8.793205186149816166e-02 -5.189700934017960066e-01 1.480812093943875696e-02
4.726998572583163138e-01 -3.234955593449229116e-01 8.035701606710698996e-01
5.611327507642638324e-01 -2.659271850691213857e-01 7.717173427215628934e-01
6.844594288303440521e-01 -2.548766244143085835e-02 1.028160042337324498e+00
1.765223128025539268e-01 -3.649633470811675107e-01 6.993047036689592488e-01
2.668346958507206157e-01 -2.253433441861607545e-01 6.068173991159730996e-01
3.562160603484438859e-01 -6.570463465286668914e-02 -6.238461073162366866e-01
7.214310992274519663e-01 5.196079170207701381e-01 -4.637532527293652951e-01
1.935057742555804650e-01 -3.104344473603501964e-01 -2.207973618833541929e-01
1.414968959002896876e-01 -3.123769313759723332e-01 -2.497583190969484557e-01
2.443791302223001782e-01 -6.400931175117829941e-02 -6.421224500400990465e-01
2.275230245726310718e-01 -8.429113517710834502e-02 -6.452705995308014586e-01
5.935364138714427362e-01 -2.417950598835227893e-01 8.347505138345763243e-01
2.455834605959705819e-01 -3.010232631512719248e-01 -2.046711210025107253e-01
3.498746115990125638e-01 -3.602961250026681661e-01 7.879738529266262503e-01
3.608363646699186411e-01 -3.852278927612928783e-01 8.628161335439488155e-01
4.160501766453483796e-01 -3.125994391364994573e-01 1.232175384704143895e+00
6.397162550582780050e-01 -1.481476154839000969e-01 9.181907833875353475e-01
3.797520085835337511e-01 -3.503762437000967900e-01 1.041710415334033968e+00
6.559008130542465231e-01 -1.395323765236770042e-01 7.427402125490667473e-01
7.080886571842426314e-01 -9.760326319097803460e-03 7.901274055205975699e-01
6.191793300005105083e-02 -2.827792382767555512e-01 -5.467088298950473213e-01
1.290977691390010618e-01 -2.320755848603953675e-01 -5.622962811607055134e-01
1.764458049182618948e-01 -1.788046167369348183e-01 -5.832496230777544088e-01
1.785658361348411161e-01 -2.933899753424793477e-01 -2.364277596738744158e-01
2.354766351824358894e-01 -7.516158254382065973e-02 -6.441312550787658964e-01
2.091953190590845058e-01 -1.139825481015915853e-01 -6.760367706715237901e-01
2.194786812015437905e-01 -8.596036255813649385e-02 -6.452119713638375664e-01
1.589785521420333803e-01 -4.084937014733203142e-01 -2.035830274126251282e-01
1.558071936737257523e-01 -1.486830933935027188e-01 -6.077453580753287010e-01
1.106088057071266118e-01 -1.846676586872406656e-01 -5.987769393022037701e-01
5.476459269985661793e-02 -2.186353397853540992e-01 -5.978626904842789802e-01
1.039780914639570897e-01 -1.405231324098321632e-01 -8.981354410063682181e-01
6.428362111137675416e-02 -2.064784107100092747e-01 -8.259614708951419360e-01
5.995435349064548447e-02 -2.168815559252523784e-01 -7.793664736861005693e-01
5.584230859661293289e-02 -2.045004278874373860e-01 -7.311517470964266074e-01
4.889049447564863815e-02 -2.001395566688590755e-01 -6.897491345232804605e-01
1.529952181938060152e-01 -1.456500051585085664e-01 -6.686635618427025918e-01
1.666291801525365823e-01 -1.548802373691660073e-01 -6.880583423204948978e-01
1.803260953548052603e-01 -1.630376624709484190e-01 -7.120711644858044309e-01
1.937509698285638793e-01 -1.480423487864424015e-01 -7.369928581775830878e-01
3.006448374770616105e-01 -1.850194657945128940e-01 -4.504295054337046356e-01
7.956691222551470766e-01 5.514842540259334847e-01 4.332950448507344454e-02
1.845668823181729756e-01 -1.091113700736573433e-01 -6.556346863321205198e-01
1.965622158786434204e-01 -1.156648477670304542e-01 -6.659334920549082604e-01
1.196480266774682666e-01 -3.085438291396647159e-01 -2.869250932618504502e-01
2.247316440003456206e-01 -2.448238937597534415e-01 -2.563719721973974908e-01
1.303071746280743959e-01 -3.121021250101538858e-01 -2.692776352598408307e-01
2.982728702622816641e-01 -2.150692384640140453e-01 1.232509606410558956e-01
4.093045029293351789e-01 -1.882629402384794481e-01 5.351487629611167973e-02
2.590726945965732275e-01 -2.864933357187282592e-01 -1.462666282343727531e-01
5.795703930698792306e-01 -1.829972010372493685e-01 1.151093371796250153e+00
5.364016092201651098e-01 -2.597248795645135111e-01 1.005648902412554335e+00
4.949997206054801424e-01 -3.222822832957639161e-01 8.784520647117410874e-01
2.619218596279804245e-01 -9.549859943263738771e-02 -7.877064021338617827e-01
1.989994381302362392e-01 -4.101111015207481447e-01 8.248565088416004443e-01
2.134146047123286483e-01 -3.984047549409874822e-01 1.045926494688926844e+00
2.366918884899987807e-01 -3.855670735430172247e-01 1.273653756238699586e+00
5.009306415458469885e-01 -1.436544602769951329e-01 3.879136825812257161e-01
6.542970680686543972e-01 -3.389342514651277893e-02 2.851755529818433832e-01
2.170709242813878559e-01 -1.790289756006668842e-01 4.258490472343232636e-01
5.941474118884082500e-01 -1.377423377365513124e-01 5.605069948192538121e-01
1.810620633479353980e-01 -2.787799766697118820e-01 2.457611262410221986e-01
2.017285271048052664e-01 -4.174701363030353107e-01 -1.402806915122190023e-01
7.354079700864035729e-01 5.022009892483464411e-02 2.197686113260621799e-01
6.095731980796714744e-01 -8.569455202845244202e-02 2.059063404101999506e-01
5.238161417328912606e-01 -1.436153534750594929e-01 1.624427903765937042e-01
3.950852031807672304e-01 -1.736763028107934925e-01 1.813354457640246054e-01
3.002223526593694736e-01 -1.931877679739846254e-01 2.287527091382390854e-01
2.297463540543059901e-01 -2.170210839104103062e-01 2.769934771266291396e-01
9.173534644106612346e-02 -3.681537964714232114e-01 3.726463439025831104e-01
7.246576267226423340e-01 5.964166407000298653e-02 5.025099876145161515e-03
6.422116351280027224e-01 -1.070306844989928896e-01 5.761359893931845555e-01
5.939731312267448882e-02 -4.679651769838275577e-01 -2.644370573421741533e-01
2.239750055070288681e-01 -2.625170386579489534e-01 7.186704636431195947e-02
8.085975314336080189e-01 4.412687965842434501e-01 4.827103910837873268e-01
1.776417325270673864e-01 -2.329052683851284833e-01 3.305557567210948289e-01
2.673027626669094436e-01 -2.173699498660608409e-01 -1.411704295004279075e-01
5.596697902656400103e-01 -1.056787601828723666e-01 4.929748435604108803e-01
2.039596616817912489e-01 -4.000545960292867242e-01 -6.669367807520065750e-02
7.696366394721687598e-01 5.519332333945392577e-01 -2.016502469361647343e-01
2.170924579842409274e-01 -1.655733068849596368e-01 4.606122781941601740e-01
1.471863869335143793e-01 -4.741067702212298229e-01 -1.597282007552044969e-02
5.709231622092869607e-01 1.859694511138965112e-01 -7.547104739999888068e-01
5.716041877448585495e-01 3.232816534589311175e-01 -8.442795759912247178e-01
7.912920892882024937e-01 3.072421820703694628e-01 1.842851371114179182e-02
6.561783881420280018e-01 2.550259393734655156e-01 -6.106844969023361713e-01
7.516230813114588294e-01 1.216001482162117897e-01 6.313239194661486309e-01
2.891098303861072694e-01 1.192384773171591139e-02 -1.095062793123074307e+00
5.722002042811163980e-02 -3.714327010912212845e-01 -2.723504066913108312e-01
2.843762765150481542e-01 -2.289968846761036847e-01 -1.590368540667796982e-03
7.097871904012498234e-01 5.004595626738495007e-02 4.236328270771163584e-01
4.430387292090953721e-01 -1.709162279361375880e-01 4.212384542172318280e-01
3.838746975671658568e-01 -1.854091754511011381e-01 4.143015083213683614e-01
2.216376969046252032e-01 -1.004974188593255047e-01 -6.872101921926043744e-01
7.100176376324007776e-01 1.088842926407543876e-01 -1.917803890576863513e-01
1.671265624930740046e-01 5.046876646058856553e-02 -1.217913217244177559e+00
3.775588325662138089e-01 1.699053420678897641e-01 -1.075612251702771083e+00
4.683121073635221343e-01 2.383900722419673990e-01 -9.817690403167778079e-01
3.252095688707812293e-01 -1.883030787943384965e-01 4.233115808431466842e-01
2.702028898160718784e-01 -1.793193644065294023e-01 4.412641827429555352e-01
2.347826777783085239e-01 -1.655153955357102635e-01 4.513805634908150122e-01
6.859771055692931441e-01 -3.927351647392735012e-02 6.023063763329012943e-01
2.808812600230792267e-01 -2.024270577933373616e-01 5.324347891923142395e-01
3.412181961816163067e-01 -2.196668337938756377e-01 5.647403502027437128e-01
4.035732097319555400e-01 -2.190842256509961672e-01 5.718991589702433487e-01
4.638719044305572581e-01 -2.022001052125721454e-01 5.566211639580775916e-01
4.997203609113043399e-01 -1.775281397483385870e-01 5.310474463334082795e-01
7.917190357181858040e-01 2.988209645723038932e-01 7.001485626344123858e-01
4.831394097144392497e-01 -1.523298466536282536e-01 4.396420954750770438e-01
2.445685576864246036e-01 -2.285202079638669614e-01 -3.987674494547808202e-01
1.926010660977961475e-01 -3.386859123439274200e-01 -2.089377386561551697e-01
1.221843218713336010e-01 -2.950904877594824338e-01 -3.732260339263906435e-01
4.783225557279213724e-01 1.350458839410879630e-01 -8.880004412354169929e-01
3.877133835691259911e-01 7.739107964071734180e-02 -9.921023488939830770e-01
1.649761876223831969e-01 -4.623329269654474771e-02 -1.170143371688161515e+00
6.530672173919516155e-01 4.316078522340629497e-01 -6.810786042000271934e-01
2.371699899451523708e-01 -1.800374318548370045e-01 4.885033963863107953e-01
1.361830641642103323e-01 -3.707905268286548761e-01 2.000589828448073870e-01
2.801890197052414599e-01 9.752225232995048732e-02 -1.158780271349488800e+00
7.665745935218004625e-01 3.254407729039567876e-01 -2.032968929155398730e-01
1.067951730307195590e-01 -1.753445424745547765e-01 -6.794407819350709588e-01
1.197628241801385052e-01 -1.832506664813671193e-01 -7.113300394047499253e-01
1.298940477480076128e-01 -1.922155842958761518e-01 -7.502792455600415522e-01
1.394322738997927358e-01 -1.794393355689272163e-01 -7.910484719478523274e-01
1.942691663522544410e-01 -1.241752331475576288e-01 -8.541691950261696142e-01
1.978955358014201638e-01 -1.205095134308250548e-01 -6.205622184580135148e-01
2.091629151214838833e-01 -1.212060054377031570e-01 -6.154875769424181797e-01
2.194850630953206760e-01 -1.229998784465662354e-01 -6.078816300510450077e-01
3.392222198468397565e-01 -1.269258023705639449e-01 -5.280851500483771943e-01
6.162295441388554451e-01 -2.276426176869972284e-02 -2.654169294269403956e-01
1.358519044371808704e-01 -3.191893845748472458e-01 3.164765562964297896e-01
1.704747204628803692e-01 -2.262453633742966819e-01 5.302445235804673640e-01
2.090806557922825215e-01 -1.968654714751660872e-01 5.222345077982601946e-01
1.867837958970544054e-01 -1.109328083273717347e-01 -6.259761555659908439e-01
6.242201712505135447e-01 1.080483503857284644e-01 -4.911820711274539342e-01
1.102233865976015581e-01 -3.145460592485094242e-01 5.271718373339815411e-01
2.359568589215110812e-01 -7.979354491026380281e-02 -9.279034753906083566e-01
8.847288229107574953e-02 -4.249869295884500797e-01 2.481196781516314953e-01
1.836350912209927522e-01 -3.504511623478900884e-01 3.460079819142167223e-02
1.283946514540409978e-01 -1.143444741779164886e-01 -9.847334076836560257e-01
3.790721692625087513e-01 -2.706361068363982714e-02 -7.443088322813213864e-01
3.218063784779956471e-01 -1.916442973869503241e-01 -2.190417240458286674e-01
3.193111649562951904e-01 -4.921627127548899860e-02 -8.465786498893530521e-01
4.698817060762650044e-01 -1.674347866488745673e-01 -1.981076897921552060e-01
3.790051271057355287e-01 -1.669744543674511750e-01 -3.186626581577152173e-01
5.245306610313860141e-01 -9.360753818780209734e-02 -3.554120382957004498e-01
1.530625565713278347e-01 -9.447659389892948401e-02 -1.090037956215896386e+00
2.244149487082086614e-01 -2.935926680537781497e-01 -1.635034831172474390e-02
4.508477081194905978e-01 4.492416111860686456e-02 -7.964563957268953054e-01
3.649572442110105008e-01 1.147217098562268445e-02 -9.116345355438446596e-01
4.338019606626120073e-01 -3.543382306718206864e-02 -6.242186169485099967e-01
6.897797508371206199e-01 1.542715167836616885e-01 -3.576241264005675102e-01
5.306195172483874067e-01 3.050705408553155973e-02 -6.171071021613827590e-01
7.285605854029730821e-01 3.238130819870774779e-01 -4.116753070334044917e-01
4.207003244758600324e-01 -1.183529884497047657e-01 -4.498457818086771809e-01
1.788248880181397826e-01 -3.129408831203783770e-01 1.376669346932011262e-01
1.792500704817379109e-01 -4.260513668900074435e-01 -1.888756822995725226e-01
2.210985254921432608e-01 -3.483881350670574584e-01 -2.022010700876679667e-01
1.513819809806699057e-01 -4.844709047937900692e-01 -1.282551335815096394e-01
2.267285237519134355e-01 -2.612676512214706648e-01 6.293705491812513486e-01
3.409575285452248750e-01 -2.851809780105374337e-01 7.031353472386525638e-01
4.403242179189925665e-01 -2.829249315686588329e-01 7.158073501481494461e-01
5.194095540083987217e-01 -2.528048727178289212e-01 6.920993307018248331e-01
5.708074740216795284e-01 -2.052842173839475315e-01 6.416874745482932241e-01
5.995096700050539518e-01 -7.494357629938330767e-02 4.674098136728985775e-01
7.995640931631675663e-01 2.660300276376159623e-01 2.308279483486919137e-01
5.483605690992376935e-01 -1.090115250497891708e-01 3.136175309165312175e-01
4.794511224149466955e-01 -1.459466181061930268e-01 2.799441487583906873e-01
3.894162146074076070e-01 -1.724546728830933517e-01 2.833136101839348608e-01
3.038159848569854660e-01 -1.875043348456972847e-01 3.110507891854050744e-01
2.385131005767376910e-01 -1.928746472994224970e-01 3.467012391710919683e-01
1.935180956413984354e-01 -2.002284900297079950e-01 3.784655428006720168e-01
8.047174710339000114e-01 5.201469585221740743e-01 2.687911009838106491e-01
2.203509576724760333e-01 -3.107074998188876780e-01 -2.226940920990233552e-01
1.371407481406333728e-01 -4.126055829660879581e-01 9.587774257058212513e-02
1.319808219607257471e-01 -4.793817174172454454e-01 -2.033747587712305682e-01
9.597245194244652389e-02 -4.436658591726556633e-01 -2.454567059341515867e-01
1.319121354394536816e-01 -4.428359205458101133e-01 -2.141908774892229417e-01
2.030791343547607708e-01 -2.835770545688933719e-01 -2.478291531321498153e-01
8.181475788782144321e-02 -4.603707237228518157e-01 -2.573446543751760629e-01
7.967917889949438504e-02 -3.740899050408130755e-01 -2.663087464565708773e-01
1.933282862018759207e-01 -1.758417546017199129e-01 4.567119889666313437e-01
1.583546405598329487e-01 -2.148043106823904758e-01 4.296282688787209647e-01
1.371305637309377934e-01 -2.613353808741847306e-01 4.055164926357177624e-01
5.195059397942758395e-01 -1.520124991162186134e-01 5.119996300774565245e-01
5.614050006705051388e-01 -1.562541060601196907e-01 5.551296154210811906e-01
-3.603637548082283537e-01 -1.711989285111514825e-01 5.335726701760823421e-01
-2.891179512879560320e-01 -1.778380985963612382e-01 5.314030771982405366e-01
-3.594810394031755507e-01 -1.804081643371868715e-01 6.182270765246764554e-01
-4.325716855032712971e-01 -1.645017139471538492e-01 5.354199004955837449e-01
-3.618877552002564002e-01 -1.619924884054246839e-01 4.487928595698871259e-01
3.902993959658451750e-01 -1.782724669981161636e-01 5.009966269730792288e-01
4.600455617996357383e-01 -1.845921261909155842e-01 4.974677579499344748e-01
3.892932694785988801e-01 -1.876386292676635037e-01 5.871327691495249468e-01
3.199990784280304368e-01 -1.719805985964795170e-01 5.050732989099218084e-01
3.915685864211759792e-01 -1.689244103458054092e-01 4.148236662914450701e-01
