-1.663661823203393952e-02 -2.687477281948284502e-01 -4.858798555101724870e-01
2.198378196581751709e-02 -4.645911245196716055e-01 -2.017153878010345958e-01
2.415513008898462904e-02 -2.927358516147858247e-01 -2.639349404293668266e-01
-3.274315368072451549e-02 -4.213497397190726357e-01 1.286982915030315255e-01
2.178547748168540091e-02 -4.979604090505001524e-01 -1.091200199043779739e-01
2.076647841428820584e-02 -4.889079594410755680e-01 2.246818177031736918e-02
2.295605739649628219e-02 -3.593947947896758421e-01 3.575269722292563901e-01
-4.310200466356308713e-01 -1.136760815693313165e-01 4.500967888068160838e-01
2.341223698220170138e-02 -3.439770954666717673e-01 6.121717094745660059e-01
2.244860071870293655e-02 -3.711997255164805054e-01 7.350154596048662503e-01
2.108098429928734543e-02 -3.597887663605230935e-01 1.167076879980710302e+00
-1.580539817525804247e-02 -2.564699943452969921e-01 -5.145118493984985886e-01
-1.451889985100449955e-02 -2.328286661727793083e-01 -5.412975265672738123e-01
-1.231934086828171890e-02 -1.993865142135547164e-01 -5.586275043865635004e-01
-1.746951449941896994e-02 -1.890907517052431708e-01 -5.892833258534951879e-01
-1.852469958825419399e-02 -1.922333466533140689e-01 -6.303044214455737482e-01
-2.025385819129471923e-02 -2.016079588844949533e-01 -6.776454697804369376e-01
-2.001398478574250434e-02 -1.907422211655030453e-01 -7.243761214930378722e-01
1.049425969026536454e-02 -1.289996736072879513e-01 -7.970323204392082417e-01
2.093666756569950368e-02 -4.260282105883407833e-01 -2.420652007526683525e-01
-4.041710793039389460e-02 -3.377680623591236553e-01 -2.233448297367305602e-01
-6.687215375734104628e-01 1.382557087933994344e-01 8.569188235199799442e-01
-2.560673948195245631e-01 -1.711215878644704036e-01 3.478535714724668715e-01
-3.216434037489619979e-01 -1.641257371798851006e-01 3.415394289427066687e-01
-3.827050298632291847e-01 -1.460203871238706652e-01 3.530384373171281953e-01
-4.573306030442335079e-01 -1.003254556213069720e-01 4.247815919008928742e-01
-1.982820624970902668e-01 -1.667332290649058690e-01 3.714768373517886024e-01
-3.486004606525999749e-01 -2.226814901061893448e-01 6.364768764525121636e-01
-2.737090137673147683e-01 -2.220122373622118728e-01 6.223323904001125673e-01
-4.148485776280619319e-01 -1.988515600042930209e-01 6.218811698999371362e-01
-4.568316164696830106e-01 -1.682909616384388740e-01 5.858431167936198891e-01
-5.123729518855695275e-01 -5.963231555341765022e-02 3.715739015137957679e-01
-2.287059021456891439e-01 -2.655663742366659585e-02 -9.039490982479754244e-01
-4.519914286630581368e-01 -9.715093727339108032e-02 4.864631814997180670e-01
-6.899037911709524629e-01 2.140057299762755383e-01 4.652025848046405510e-01
-5.823809305963616456e-01 -3.912999310521760553e-03 4.544273572858386623e-01
-2.996148987363470573e-01 -1.793557980746925962e-01 -4.483458391212252758e-02
-8.838328713705780049e-02 -2.606484687999197636e-01 -4.632923559650302114e-01
-7.769748648797274171e-02 -2.226544853396723311e-01 -5.308133592122927791e-01
-1.489897697011488831e-01 -2.194051989658605817e-01 -4.823578833719345260e-01
-1.815869647986398938e-01 -1.736519743795390258e-01 -5.086574655161157921e-01
-1.270466299647115271e-01 -1.964261494874313951e-01 -5.290288595011255479e-01
-1.590632379218071546e-01 -1.540571188386025969e-01 -5.363614369093694378e-01
-2.823386229839652262e-01 -5.866396703074537589e-02 -6.123404323238568203e-01
-3.248327934464398381e-02 -4.577136099150344029e-01 -1.950422380476458384e-01
-4.208001391587650603e-02 -4.886477061734554317e-01 -1.048484709220440930e-01
-5.420448299753801713e-01 -1.591875674293357912e-01 6.740761612576410267e-01
-1.682694266498431512e-01 -2.203133025885079810e-01 1.807357547106390183e-01
-1.804482216099229097e-01 -3.044360712870980978e-01 -1.345843024575231750e-01
-1.854883857551679061e-01 -2.921771074065270257e-01 -7.992792919368023330e-02
-4.877580842230810343e-01 -9.883519187570949383e-02 -7.577794531452215245e-03
-3.798587468428649139e-02 -4.679871913994055888e-01 1.831502909539432095e-02
-3.960044857929922446e-01 -2.779571321526611571e-01 7.590890822225110357e-01
-4.823681756329042947e-01 -2.249079344191013685e-01 7.341957682909605598e-01
-6.048729563265233811e-01 -3.937731216469570437e-03 9.953447767961859372e-01
-1.147573393707677497e-01 -3.260350686877387383e-01 6.496074243321392494e-01
-2.073751475630135899e-01 -2.003211088282939589e-01 5.764035646951176650e-01
-3.176070747162579866e-01 -5.944061843103837922e-02 -5.284159570094835168e-01
-6.105717785423614430e-01 4.886242668254552335e-01 -3.682627618310610473e-01
-1.322765384676459488e-01 -2.738591739187505869e-01 -1.875009670916014115e-01
-8.201645308043424565e-02 -2.745418828196286021e-01 -2.172333773657438571e-01
-2.255224549885291585e-01 -7.056110288166177191e-02 -5.425472091312429912e-01
-2.147891349019465101e-01 -8.579513340842523372e-02 -5.447797996822902888e-01
-5.141616934226007629e-01 -2.025201422415559838e-01 7.994926280834210308e-01
-1.843123018699640292e-01 -2.641358850508593870e-01 -1.687152600463613372e-01
-2.770579524543825278e-01 -3.131951360526570860e-01 7.400831097892889288e-01
-2.868663658225765190e-01 -3.350482052963495994e-01 8.129831872288382222e-01
-3.474288851390491817e-01 -2.694662453163301219e-01 1.155658797597540977e+00
-5.585212452415557749e-01 -1.178352948656811172e-01 8.851676791812477241e-01
-3.095544756638315964e-01 -3.055960351850937617e-01 9.759759021315199679e-01
-5.768308245334496931e-01 -1.110889224404654624e-01 7.271201587197030358e-01
-6.219769369267921233e-01 7.296728090047449253e-03 7.751048103865662009e-01
-8.469719796229495390e-02 -2.482240868501128239e-01 -5.015398492018693366e-01
-1.382836250614797591e-01 -2.103623986949394176e-01 -5.074615351204861957e-01
-1.713813165620182710e-01 -1.686424587917628448e-01 -5.226857537966352885e-01
-1.176024485683249271e-01 -2.577302270715230992e-01 -2.028755472050754460e-01
-2.197292889345781597e-01 -7.847768485025438667e-02 -5.438774466805176289e-01
-2.088506467172710490e-01 -1.094295824312437743e-01 -5.643822985708023543e-01
-2.086214421483527093e-01 -8.714012558452727264e-02 -5.452303034753162025e-01
-1.031032963292350807e-01 -3.670014182697476368e-01 -1.734117410749841104e-01
-1.500140449888748839e-01 -1.412265836466685409e-01 -5.465892109570406054e-01
-1.161931354246071024e-01 -1.688698980053607301e-01 -5.438299976752332121e-01
-7.023280134755684190e-02 -1.921869798967831833e-01 -5.486971270851009885e-01
-7.833567504896898903e-02 -1.243619952395457473e-01 -7.894184918311814014e-01
-9.648881461566344298e-02 -1.876204188206569701e-01 -7.102929316489490219e-01
-9.341614916979126826e-02 -1.983673085146382686e-01 -6.629512806679901393e-01
-8.594325748523266861e-02 -1.878638912006972694e-01 -6.162193987957211849e-01
-7.698676272644275342e-02 -1.845335578240443475e-01 -5.779944391838340856e-01
-1.627282613723349813e-01 -1.381351246628222951e-01 -5.536219693458312996e-01
-1.774538981953914796e-01 -1.442667582275442562e-01 -5.702251749510592882e-01
-1.927209627060897656e-01 -1.504256230281084128e-01 -5.921167211700502087e-01
-2.038620045903098699e-01 -1.363028186755339544e-01 -6.164622821516819728e-01
-2.486083220347569400e-01 -1.625972580041817606e-01 -3.859708391702332264e-01
-6.829346901581748730e-01 5.188186008936270799e-01 1.060355681696891067e-01
2.451758302335606959e-02 -3.394876800681453921e-01 -2.500641500200094791e-01
-1.840727850824822598e-01 -1.081217727003178780e-01 -5.477567269091478952e-01
-1.965796760494762929e-01 -1.119584890438638375e-01 -5.555318318783336595e-01
-6.116281194657691850e-02 -2.748718632333569389e-01 -2.534541061157687403e-01
-1.616384085214076505e-01 -2.114731543807053249e-01 -2.171610872988441465e-01
-7.125275634286749871e-02 -2.758328627062389682e-01 -2.358065929413484529e-01
-2.348191086051719112e-01 -1.910335025534505848e-01 1.346021072856321554e-01
-3.394648165582727084e-01 -1.628618903265034445e-01 8.182885195304491488e-02
-1.959875568001240298e-01 -2.512045449313907164e-01 -1.144274081731021242e-01
-5.034747486982986686e-01 -1.470032722558394234e-01 1.098177780361682565e+00
-4.591227709437205595e-01 -2.192826287170178412e-01 9.568241673840429673e-01
-4.161599727744766386e-01 -2.762447624314314787e-01 8.329828047743745856e-01
-2.385042201119447758e-01 -8.326119155490994961e-02 -6.785882045037349153e-01
-1.328013154606798862e-01 -3.647351413474807513e-01 7.725459103787737369e-01
-1.544479764221940721e-01 -3.534565179274433144e-01 9.639303228950708569e-01
-1.787848128048444007e-01 -3.394398702351262842e-01 1.174238217960770436e+00
-4.317731851481644845e-01 -1.206399528709916624e-01 3.800298987098030268e-01
-5.839119736097089230e-01 -1.443834365653239374e-02 3.132053249725925137e-01
-1.598424234398346799e-01 -1.620389622207820401e-01 3.946743796579721963e-01
-5.153079619432731073e-01 -1.108429220950725158e-01 5.522550496177839330e-01
-1.237113712270081212e-01 -2.510379756267192009e-01 2.348694402631079370e-01
-1.430449069166292719e-01 -3.714003179992265147e-01 -1.122196756948475871e-01
-6.409364430761773646e-01 6.222269502956889048e-02 2.611706611400055889e-01
-5.438822619262629887e-01 -6.377070017273073210e-02 2.357587734808943292e-01
-4.644569560602665459e-01 -1.185936415936227062e-01 1.878097421346851259e-01
-3.413369930266947350e-01 -1.503463200039471259e-01 1.917063552137719673e-01
-2.498372889678978914e-01 -1.705947696089157861e-01 2.238820101782035554e-01
-1.813656602133961737e-01 -1.932460911374825063e-01 2.615012487711171341e-01
-3.782013619446873004e-02 -3.320502583703707766e-01 3.423049746609929112e-01
-6.288507610186372387e-01 6.885684114873438788e-02 6.426090398265937864e-02
-5.666777912361028458e-01 -8.218805960294149615e-02 5.748172272340384970e-01
-1.290343197980111864e-02 -4.222330387620819026e-01 -2.366184394630159726e-01
-1.634897712466121533e-01 -2.347717406470047341e-01 8.103246731304918071e-02
-7.073527523701060860e-01 4.169851250102137863e-01 5.084793501603923627e-01
-1.280238240758422574e-01 -2.092673111457636903e-01 3.049215257800415024e-01
-1.999101707521260818e-01 -1.886654052032024631e-01 -1.091727206767034997e-01
-4.775633935716606659e-01 -8.473902944304195772e-02 4.867075641029783295e-01
-1.464748610423007025e-01 -3.556087844987586011e-01 -4.597076014809607647e-02
-6.547133055081787445e-01 5.201289741424672819e-01 -1.228344263610801762e-01
-1.562215548025656098e-01 -1.514636147227963747e-01 4.284907195366828847e-01
-9.479221838232981812e-02 -4.250883519960117485e-01 -4.451602693754113001e-03
-4.890659327837954540e-01 1.862381580168673001e-01 -6.491164927149419839e-01
-4.828821901129645155e-01 3.114597736359971947e-01 -7.336634891135749292e-01
-6.786253480857811216e-01 2.956401638234414930e-01 8.063034643282029901e-02
-5.626303555009354307e-01 2.491148503740233389e-01 -5.088434378858953666e-01
-6.585362243350284528e-01 1.266363426438307516e-01 6.361961607853825473e-01
-2.369356565762401889e-01 2.158738998295149994e-02 -9.802287084010600227e-01
-1.997098370604989941e-03 -3.347012075654885455e-01 -2.448340844101641878e-01
-2.212846012053286127e-01 -2.014094598011311743e-01 2.023062812598491050e-02
-6.372154134486852639e-01 6.095164543394178402e-02 4.507688484382066374e-01
-3.723309060200209464e-01 -1.468787510307844324e-01 4.023524843594509237e-01
-3.184311588904124024e-01 -1.622330626483477201e-01 3.902244249303883916e-01
-2.189486277784608581e-01 -9.726899853084820802e-02 -5.751420679701324534e-01
-6.134621857765113484e-01 1.137577517679736056e-01 -1.181843845505742285e-01
-1.156919999539553212e-01 5.128928942100267202e-02 -1.097388755210791045e+00
-3.068499054506542145e-01 1.669494115594245820e-01 -9.610812935175376825e-01
-3.888081027372829457e-01 2.314449873330650664e-01 -8.695054758355974522e-01
2.163158233682320464e-02 -3.697605931732316220e-01 9.471269605166219296e-01
1.904265930754810501e-02 3.172991322577462664e-02 -1.117131455683729957e+00
-2.632098577502642867e-01 -1.665338688704116887e-01 3.964091472970626140e-01
-2.090543206409720134e-01 -1.612678503332586055e-01 4.122204535335958209e-01
-1.731263705711116596e-01 -1.508878054952794701e-01 4.211870135822315397e-01
-6.109113490952627901e-01 -2.107075300646265095e-02 6.093341738153094100e-01
-2.212810395917228223e-01 -1.816615296170748795e-01 5.090508021830377761e-01
-2.810165432121752294e-01 -1.939215654343410256e-01 5.445198028077596897e-01
-3.381195785686496036e-01 -1.908471865809390766e-01 5.531738836219107780e-01
-3.919028293747455205e-01 -1.731431417136606310e-01 5.406103248335339950e-01
-4.237911431923981342e-01 -1.499470886661714575e-01 5.179607600327902350e-01
-6.994102037500198321e-01 2.893490016840257750e-01 7.049649384078290337e-01
-4.075883560297466901e-01 -1.288389526986041533e-01 4.248047741446890346e-01
2.194621282954537650e-02 -2.722211411915416157e-01 -3.338995735496482209e-01
-1.896701892524943756e-01 -2.010594119842200045e-01 -3.440534416143689600e-01
-1.318263500349148576e-01 -2.994403586940515560e-01 -1.762575117868800667e-01
-6.873771418290063051e-02 -2.643750501565167443e-01 -3.335058734211635012e-01
2.328177409900579128e-02 -3.280461030030721870e-01 4.881661519692964135e-01
-4.064530005908700283e-01 1.391417624187810398e-01 -7.793020009914064516e-01
-3.268800471266293806e-01 8.510784647035367356e-02 -8.817971138826874444e-01
-1.233477634720492044e-01 -3.545570887111076930e-02 -1.051901107459029872e+00
-5.515828612676402232e-01 4.089685188717746556e-01 -5.751429502982007280e-01
-1.770223851303612261e-01 -1.644211858022094908e-01 4.592613457122726173e-01
-8.098294075814370385e-02 -3.333740966225479663e-01 1.900112701802616766e-01
1.400277130006687826e-02 -5.293339269370061356e-02 -1.070045982999499046e+00
-2.191814308013141921e-01 9.786612176441054911e-02 -1.041667686045006258e+00
-6.558210424791237614e-01 3.124093828005717888e-01 -1.247823670612790425e-01
-1.266320280960651634e-01 -1.637764200990411978e-01 -5.636206221517033876e-01
-1.409484074316728341e-01 -1.697089082915737013e-01 -5.924354058752401286e-01
-1.523377414916372297e-01 -1.774362860638984130e-01 -6.287072071194341749e-01
-1.593905057863656827e-01 -1.653539971380771911e-01 -6.705339911975408684e-01
-1.689191411024880407e-01 -1.114855309180574627e-01 -7.434306628471748501e-01
-1.831542052629607509e-01 -1.194415004835586297e-01 -5.471292811942315426e-01
-1.932045802782909605e-01 -1.222765724692395223e-01 -5.412686711003178441e-01
-2.018926455355220528e-01 -1.248399160695210647e-01 -5.342423605303746603e-01
-2.900171861306217180e-01 -1.165148867997699705e-01 -4.530286487303227250e-01
-5.349836980692599386e-01 -5.697974185325394535e-03 -1.917953572511799376e-01
-7.963931826836287420e-02 -2.875562368529134827e-01 2.954849713441803916e-01
-1.116867625774598249e-01 -2.024274501203709442e-01 4.960369011645076043e-01
-1.512439668558638040e-01 -1.790831918687432189e-01 4.908599909627637814e-01
-1.728868772758773709e-01 -1.118059657346239105e-01 -5.524466919457963199e-01
-5.391749208043457031e-01 1.154445268738223396e-01 -3.979034419890329355e-01
-5.944248200486790951e-02 -2.837884403834741720e-01 4.859569329438952479e-01
-2.019910035299101736e-01 -6.541401241330374594e-02 -8.181644603421734940e-01
2.148848849904622799e-02 -4.443141526310324108e-01 1.367220250532775738e-01
-3.656998727695937035e-02 -3.822760432725438307e-01 2.293550222733985455e-01
2.241060453810937367e-02 -3.998030594129158843e-01 2.430055300758727499e-01
-1.264935174298648102e-01 -3.123611774642913730e-01 4.466184993228990152e-02
1.221724405722879846e-02 -9.903474676117372810e-02 -9.912190659590749409e-01
1.167455610073006231e-02 -1.129604537446982776e-01 -8.845603396750337799e-01
-9.736639940618030398e-02 -9.791076930561061487e-02 -8.742683561991893004e-01
-3.430802728512448163e-01 -1.398638875772410459e-02 -6.364926493103114646e-01
-2.566367119918611661e-01 -1.636302671352240778e-01 -1.741174909952998007e-01
-2.835745929460274373e-01 -3.514389720006367429e-02 -7.390185347898738932e-01
-4.013585678564332571e-01 -1.387513892287375594e-01 -1.417016075268168473e-01
-3.174795223854989801e-01 -1.403015777937046127e-01 -2.571251403597318852e-01
-4.549132141639126714e-01 -6.901050148257298344e-02 -2.773206101868841422e-01
-1.168781329676622099e-01 -7.971631266152090500e-02 -9.757734982003554158e-01
-1.643764777833176260e-01 -2.599225034199761364e-01 8.833703416822651306e-04
-3.927991091773401777e-01 5.558160333822713406e-02 -6.932799128525042320e-01
-3.140127068072285921e-01 2.388370192953363433e-02 -8.050983838432544948e-01
-3.859450387646639058e-01 -2.392179838714559442e-02 -5.220384642887881954e-01
-5.948867327803364358e-01 1.564983537941522229e-01 -2.725999242848740622e-01
-4.664153474272888511e-01 4.501508975346033697e-02 -5.159591109410676113e-01
-6.224484524900704141e-01 3.095120710990778568e-01 -3.194196945148528033e-01
-3.668661306865000915e-01 -9.783155462116784051e-02 -3.667837036263716377e-01
-1.210559102675998200e-01 -2.813906779477495235e-01 1.372685599208612051e-01
-1.229919853902497473e-01 -3.807203658440460048e-01 -1.583354433923906124e-01
-1.602750167278423343e-01 -3.070264367034106212e-01 -1.679518525444964328e-01
-9.631556710805620758e-02 -4.327959843971674325e-01 -1.051723394059853600e-01
-1.642965443539105563e-01 -2.325392851718887932e-01 5.904913991088862613e-01
-2.719693233138681943e-01 -2.483560956094243988e-01 6.618812529874540385e-01
-3.647529944992264905e-01 -2.434810130062056155e-01 6.778409276397165950e-01
-4.401349522203545916e-01 -2.148016078520793293e-01 6.610017320772931804e-01
-4.909084742225517384e-01 -1.711515835638681426e-01 6.205578592267888549e-01
-5.224218718535441619e-01 -5.484391390917985054e-02 4.702755249588045361e-01
-6.938307031039302464e-01 2.566640627798890684e-01 2.761636760378953226e-01
-4.796371243087811931e-01 -8.770043706292214580e-02 3.235510843014084426e-01
-4.172930167383002709e-01 -1.225607596416435213e-01 2.851574336508125307e-01
-3.328165913839420398e-01 -1.495614425549767756e-01 2.764659735267903651e-01
-2.509355283025604955e-01 -1.659272223807884972e-01 2.930979390754070990e-01
-1.859493817845892238e-01 -1.712871352715673867e-01 3.214691199540157807e-01
-1.408697979289390556e-01 -1.795449693492510990e-01 3.479830169750592339e-01
-6.978934673027179514e-01 4.874779039527546431e-01 3.134286997600918001e-01
-1.599082741984582112e-01 -2.727078463744091463e-01 -1.871959850289059979e-01
-8.168641204296707425e-02 -3.714142338397286580e-01 9.580236727334000280e-02
-7.944588658259232883e-02 -4.287073223586809756e-01 -1.749098375083971701e-01
-4.712987857412811316e-02 -3.968743290899056086e-01 -2.163586175256397848e-01
-7.962845309267919947e-02 -3.962652618041538899e-01 -1.846742171481345063e-01
-1.428680138337022343e-01 -2.476449589411779117e-01 -2.116593432349648252e-01
-3.400675580756720023e-02 -4.128246794583382284e-01 -2.282795989491817057e-01
-2.456292327982217971e-02 -3.353670805077108019e-01 -2.377322563876722306e-01
-1.352668236944432056e-01 -1.591683918219051197e-01 4.238895942661870531e-01
-1.052669842778683612e-01 -1.933475595554853543e-01 3.959787638372512797e-01
-8.796389878836874399e-02 -2.346388639064862780e-01 3.723841553475413235e-01
-4.403190741186617796e-01 -1.264987170851712139e-01 5.005733988549513347e-01
-4.807588672876613178e-01 -1.273986181229143644e-01 5.438023361040836834e-01
7.584934061039100284e-02 -4.209657466774838763e-01 1.239761499864845407e-01
4.607644193416208789e-01 -1.234558517496235214e-01 4.162248306139655352e-01
8.643281948283972060e-02 -3.415353397820573012e-01 -2.290018397907314096e-01
6.778995603612754106e-01 1.187597665289329418e-01 7.856314374148890556e-01
2.811693469553998015e-01 -1.737392085578048917e-01 3.330655246751056953e-01
3.433315567575889737e-01 -1.690886128070927530e-01 3.231454575257401984e-01
4.024730373290467123e-01 -1.533295996941482220e-01 3.265443382603676059e-01
4.808245091789287717e-01 -1.098848565952021683e-01 3.858781006488511411e-01
2.297512029463557592e-01 -1.689174149075240716e-01 3.578353313115876788e-01
3.765696770481400391e-01 -2.307047986904857684e-01 6.080947738763260446e-01
3.031724247518919890e-01 -2.284280108941155463e-01 5.966416474428513084e-01
4.427796832552288175e-01 -2.102437042225521191e-01 5.903049050610819082e-01
4.836516188750707990e-01 -1.819398764829289750e-01 5.494241981306103861e-01
5.269238716745744400e-01 -7.189391427285686531e-02 3.239600999898547551e-01
2.462941438719203069e-01 -3.647783621277957827e-02 -9.131759525575893210e-01
4.831017778682750730e-01 -1.075443354515645544e-01 4.491058623314644338e-01
7.118706817709771206e-01 1.959632566769144990e-01 3.964950867962682701e-01
5.926662094621951704e-01 -1.915538310370335992e-02 3.971688672492063032e-01
3.307325815594527874e-01 -1.876910859773743001e-01 -7.381163823058159434e-02
5.565478250790155401e-02 -2.609380867307934393e-01 -4.721362070308079417e-01
4.914781077872427961e-02 -2.208145043057785639e-01 -5.411891835775644033e-01
1.223005623080472976e-01 -2.156883784315140884e-01 -4.997031532319979874e-01
1.632777846034022262e-01 -1.642351867834845602e-01 -5.277287699195284398e-01
1.026644161896875934e-01 -1.906956058230396267e-01 -5.448469716288022457e-01
1.426291330780251887e-01 -1.452986228206342156e-01 -5.526198954237343530e-01
2.677337566905262922e-01 -6.354017659745427038e-02 -6.437643616966782778e-01
7.448919493850203466e-02 -4.609096236025996829e-01 -2.000277869107380535e-01
8.259600607976411157e-02 -4.921856057444042865e-01 -1.107395472253676350e-01
5.587788836536169423e-01 -1.739647173078862352e-01 6.298707825820865081e-01
2.057853304112169934e-01 -2.222653674026205395e-01 1.635671799878936350e-01
2.194999923423128774e-01 -3.112568975287366979e-01 -1.507195392973396109e-01
2.232112688591293970e-01 -2.989516571545737245e-01 -9.664257975360644737e-02
5.106568251879626263e-01 -1.100739076465165472e-01 -5.395094511138302101e-02
7.940744520029799358e-02 -4.686583376594772310e-01 1.337254034350638353e-02
4.268737873938306393e-01 -2.921341576525797179e-01 7.256677417079834269e-01
5.067335199523069766e-01 -2.401467716107266448e-01 6.969183562953344957e-01
6.181042456768939264e-01 -2.301675301455305758e-02 9.284846633967391849e-01
1.594092891472286555e-01 -3.295818347229386713e-01 6.315103396241551481e-01
2.409663034098027401e-01 -2.034973468252420092e-01 5.524704843518578601e-01
3.137955191552949108e-01 -6.076516734009516918e-02 -5.680481113449088459e-01
6.514916832365912347e-01 4.692343272218600370e-01 -4.187945148894153813e-01
1.746957131796836593e-01 -2.809072253782278206e-01 -1.997001157764547730e-01
1.274819568345448850e-01 -2.830661717573126346e-01 -2.262826385994850253e-01
2.106153263452631708e-01 -5.892645563806634540e-02 -5.798412517878942518e-01
1.955180545135579706e-01 -7.706071662774889586e-02 -5.799303102168027468e-01
5.359957974495396238e-01 -2.183541446029948485e-01 7.538252961845641753e-01
2.217752773481320439e-01 -2.720391131752068481e-01 -1.849063186884767063e-01
3.159558825180677211e-01 -3.253670782878242962e-01 7.115834166984406073e-01
3.258549442122973261e-01 -3.478818262111172399e-01 7.791700909042883483e-01
3.757160319035564022e-01 -2.822943660176810976e-01 1.112721667090908140e+00
5.776987161324567133e-01 -1.337853877971839078e-01 8.291764166435855454e-01
3.429368037356552712e-01 -3.164088837017577371e-01 9.407213975912748216e-01
5.923142559151536313e-01 -1.260053574150854783e-01 6.707349763536250009e-01
6.394427293801165924e-01 -8.814107836513243935e-03 7.135281996370956836e-01
5.292258786518992675e-02 -2.473651757771098136e-01 -5.114375600213780793e-01
1.123021651772672796e-01 -2.055965818283435886e-01 -5.244064447127727568e-01
1.531851607681165850e-01 -1.599164144698078105e-01 -5.404417571768309614e-01
1.610576690017142543e-01 -2.656520242746358007e-01 -2.138724535393711212e-01
2.025596602151923387e-01 -6.891619571351528806e-02 -5.803050052758302879e-01
1.833104403632514479e-01 -1.028785932323752067e-01 -5.910101122953654862e-01
1.884982890163816593e-01 -7.846516526387363466e-02 -5.789255700074303901e-01
1.435663151262003556e-01 -3.692462641721470651e-01 -1.841143056253591592e-01
1.346499839870635984e-01 -1.324272317213223416e-01 -5.609468115974090008e-01
9.545245378892425192e-02 -1.620047379829090139e-01 -5.572154119922572146e-01
4.616913442571012743e-02 -1.884169496041947223e-01 -5.583332854804369250e-01
9.376901450332858490e-02 -1.263141079576588222e-01 -7.944407423366961485e-01
5.780449332848874161e-02 -1.856205397531024981e-01 -7.183665864581556537e-01
5.387509539400599928e-02 -1.949409667567865712e-01 -6.708851693059326715e-01
5.005007577484331394e-02 -1.837280964469001354e-01 -6.241826873397706699e-01
4.364193513561122340e-02 -1.798374632162615949e-01 -5.859160293843270750e-01
1.358489423083376058e-01 -1.309419746108045901e-01 -5.726513323181821047e-01
1.483426436704698981e-01 -1.392465608382358611e-01 -5.904453839934398207e-01
1.610115099165886632e-01 -1.465894906009699294e-01 -6.133928437210236506e-01
1.733190800781114482e-01 -1.330692743554309776e-01 -6.378640745319078542e-01
2.678888668273756712e-01 -1.674223709643631597e-01 -4.132864366899483555e-01
7.185326725067543441e-01 4.980204004492955194e-01 3.912890897137216717e-02
1.615809999980060974e-01 -9.837184435975010466e-02 -5.706982747175438631e-01
1.722807655406135841e-01 -1.043147964371038822e-01 -5.802782988474214365e-01
1.074161614522271546e-01 -2.795987219923093958e-01 -2.605264022464193752e-01
2.026017861051110369e-01 -2.214891226653576128e-01 -2.316946556533341917e-01
1.172107613532442638e-01 -2.828457214272639964e-01 -2.442334168632347702e-01
2.693566918851629799e-01 -1.942192682424919992e-01 1.113023487545168333e-01
3.696243201260678846e-01 -1.700117169309431908e-01 4.832685552804151519e-02
2.339567923591090448e-01 -2.587191288583662874e-01 -1.320867535815901939e-01
5.233837179177991406e-01 -1.652564668462601638e-01 1.039500181177504201e+00
4.843999484578412895e-01 -2.345457510039470617e-01 9.081558746089150036e-01
4.470117818933014853e-01 -2.910385031176648263e-01 7.932901906981357776e-01
2.348286847969904001e-01 -8.588635340191089207e-02 -6.948893971262422031e-01
1.797073608961909652e-01 -3.703527227061322868e-01 7.448904766502801866e-01
1.927250435976436971e-01 -3.597812524077680929e-01 9.445287475080158535e-01
2.137457021272380353e-01 -3.481881249812197598e-01 1.150178901909171270e+00
4.523677274170258555e-01 -1.297278232537030229e-01 3.460236750353063440e-01
5.908659866053547205e-01 -3.060761535599494307e-02 2.575290990768493438e-01
1.960268998567488152e-01 -1.616729425541831855e-01 3.817475678030685105e-01
5.365475620282411651e-01 -1.243888527954010031e-01 5.085743682864045656e-01
1.635089318261372382e-01 -2.517535443754779223e-01 2.218857626438847652e-01
1.821718772881906201e-01 -3.769983330249040421e-01 -1.266811258022502440e-01
6.641135609627244474e-01 4.535149345174653568e-02 1.984630585910513723e-01
5.504778894313090420e-01 -7.738686065101324507e-02 1.859446672068544582e-01
4.730345839672008834e-01 -1.296925076757547701e-01 1.466947151153150941e-01
3.567835158724665945e-01 -1.568391866911164889e-01 1.635850188084502776e-01
2.711171809598353910e-01 -1.744591053433506012e-01 2.054112707029410734e-01
2.074735052045758033e-01 -1.959818912797467727e-01 2.484269483169867232e-01
8.284202792086649281e-02 -3.324629847672945226e-01 3.365200041215816729e-01
6.544054137800924265e-01 5.385967949961716073e-02 4.537938486255102197e-03
5.799521806194755102e-01 -9.665455261879160598e-02 5.217831163741560863e-01
5.363901724906272594e-02 -4.229826745298325141e-01 -2.393219024430748021e-01
2.022616622667858799e-01 -2.370672231578292710e-01 6.489986693693272635e-02
7.302077320741430233e-01 3.984898266774334341e-01 4.359138498245198057e-01
1.604201862950677959e-01 -2.103261773679903357e-01 2.964590037909030085e-01
2.413889933080794747e-01 -1.962969362908560389e-01 -1.274846077982419168e-01
5.054123867231216094e-01 -9.543369204297218189e-02 4.454549215321212952e-01
1.841867136636178848e-01 -3.612711490158294625e-01 -6.022803466343745749e-02
6.950239188014156744e-01 4.984258533399523738e-01 -1.821011860206721289e-01
1.960463459664786579e-01 -1.495217388286196047e-01 4.147039705772042062e-01
1.329173459191217155e-01 -4.281443066372586648e-01 -1.442432956384226764e-02
5.155673162287788269e-01 1.679405709935703206e-01 -6.815514271151681402e-01
5.161897994385933330e-01 2.919409889551557447e-01 -7.624305670684459191e-01
7.145799726879216163e-01 2.774564666372890120e-01 1.664195297156666545e-02
5.925649213790586955e-01 2.303023513809309142e-01 -5.514814529612596106e-01
6.787566919799374876e-01 1.098115740601320334e-01 5.701199714181443001e-01
2.610819664416860753e-01 1.076788583185385104e-02 -9.884054641031188027e-01
5.150349691110388956e-02 -3.364312787700146079e-01 -2.472973694144077195e-01
2.568073087752093531e-01 -2.067966934241269317e-01 -1.436190107670985141e-03
6.409765976396999410e-01 4.519423174678519062e-02 3.825635830319747410e-01
4.000881688362493138e-01 -1.543466883390573752e-01 3.772798116881938557e-01
3.466598170466752005e-01 -1.674346114708633870e-01 3.706863600122902169e-01
1.940628351547896424e-01 -9.082669377549240641e-02 -6.035398343541942268e-01
6.411847040752007842e-01 9.832846383752390229e-02 -1.731881653185682601e-01
1.509244134731015374e-01 4.557605106827453817e-02 -1.099842150952713427e+00
3.409562460126960848e-01 1.534338031909537325e-01 -9.713366073657515587e-01
4.229114096038493198e-01 2.152792548008055917e-01 -8.865910622795224461e-01
2.936820018642872232e-01 -1.700479642390329560e-01 3.792502902539154896e-01
2.440079665129098463e-01 -1.619351795053307064e-01 3.963139362296510537e-01
2.120215805838995271e-01 -1.494694417174451673e-01 4.059293778360030247e-01
6.194747906593955911e-01 -3.546613073953797796e-02 5.442816360231446104e-01
2.536511180042115288e-01 -1.828026886498737014e-01 4.829700576841164938e-01
3.081386666299337773e-01 -1.983711479209528672e-01 5.136759489440635429e-01
3.644486493568402929e-01 -1.978450209490516809e-01 5.204802677050709425e-01
4.189016638557009897e-01 -1.825977380745298639e-01 5.059587986475292398e-01
4.512747779051027308e-01 -1.603176058120573955e-01 4.816514149338597117e-01
7.149655286316835001e-01 2.698516509810366393e-01 6.322723830259412425e-01
4.363012734131599402e-01 -1.375621709541181015e-01 3.947721691910617836e-01
2.184121392194029732e-01 -2.063118228337302296e-01 -3.641063378860083799e-01
1.739292815066939280e-01 -3.063597417021632907e-01 -1.889865701277987642e-01
1.087659482623169194e-01 -2.662340237059208636e-01 -3.411684480018933319e-01
4.319510232499209623e-01 1.219538105016124696e-01 -8.019128728917552795e-01
3.501272567247735168e-01 6.988967627881914613e-02 -8.956424730964555048e-01
1.489825075231137608e-01 -4.175118831541462655e-02 -1.056503821802335041e+00
5.897553642765518411e-01 3.897654663011007048e-01 -6.150511763935049281e-01
2.141774538525370031e-01 -1.625836336280823691e-01 4.412140129303456226e-01
1.229807445169284058e-01 -3.348440962837143098e-01 1.806641876400055524e-01
2.530259871908112634e-01 8.806792090415935248e-02 -1.046441871290631820e+00
6.922587240759742189e-01 2.938907953988464383e-01 -1.835881972708756082e-01
9.533427017544267301e-02 -1.575337246347068010e-01 -5.789579545852949760e-01
1.072753099392917686e-01 -1.646191683556678942e-01 -6.082812226986287207e-01
1.167508208925240598e-01 -1.726990186427640184e-01 -6.442825400008884706e-01
1.255522968713772836e-01 -1.612107436762716672e-01 -6.851450665516752858e-01
1.752549185820163058e-01 -1.116053441779962102e-01 -7.522658502775251277e-01
1.703989005994753225e-01 -1.084681158482458663e-01 -5.678440248971851068e-01
1.801437336995865002e-01 -1.093392034630015774e-01 -5.640227142629172796e-01
1.892252237608174903e-01 -1.111436337348680886e-01 -5.582536062504366292e-01
3.003815888907233611e-01 -1.158010484596214140e-01 -4.855168416070179682e-01
5.565505662548628774e-01 -2.069989538716485167e-02 -2.398820022586693190e-01
1.226816891972815765e-01 -2.882454466554079664e-01 2.856800119043033659e-01
1.539479829779746012e-01 -2.043119194154999485e-01 4.801740369774216699e-01
1.888112510261759081e-01 -1.777802724610359209e-01 4.731493576741165885e-01
1.608183448964235207e-01 -9.973310255576174621e-02 -5.715877660254561343e-01
5.636743948097803214e-01 9.717875928922285744e-02 -4.443525982633353966e-01
9.953773789819517215e-02 -2.840522702926058241e-01 4.762652480779638875e-01
2.130728434861542397e-01 -7.184457026342830344e-02 -8.264584163631100155e-01
7.989584461541665572e-02 -3.837864078879096863e-01 2.240656203152721626e-01
1.658325165202652052e-01 -3.164765393323631937e-01 3.124641024475242543e-02
1.158950437367466529e-01 -1.030486465656039047e-01 -8.784822998820158713e-01
3.377893282703663957e-01 -2.480046718385556931e-02 -6.688457881422483764e-01
2.906087350758930765e-01 -1.730652671073084070e-01 -1.978066396783794700e-01
2.876853174197563368e-01 -4.426562929043633549e-02 -7.546507901986938549e-01
4.243311041843476628e-01 -1.512079847716532033e-01 -1.789092534719096406e-01
3.421386430798077916e-01 -1.510552447915288476e-01 -2.883403500318949542e-01
4.736758447615861400e-01 -8.530281375558172730e-02 -3.223881129378726729e-01
1.382199333912402517e-01 -8.530534412261005228e-02 -9.812326916374122243e-01
2.026589550047507293e-01 -2.651302136837510037e-01 -1.476525909604352316e-02
4.059810312641711216e-01 4.056040264429551512e-02 -7.183315744312445128e-01
3.294211935617297748e-01 1.041467554953067615e-02 -8.199042014294336544e-01
3.866960188875393500e-01 -3.325523561264633055e-02 -5.667715453087339705e-01
6.229093785194725896e-01 1.393142346533500497e-01 -3.229560015819741281e-01
4.774870995794162631e-01 2.671923047826507344e-02 -5.595022323644996964e-01
6.579299986267593825e-01 2.924208942743036777e-01 -3.717652857124397192e-01
3.779024859047724338e-01 -1.080054704892308981e-01 -4.094898205303456051e-01
1.614886403210099020e-01 -2.826027085829329599e-01 1.243207569800294371e-01
1.618726033067875714e-01 -3.848830123972150075e-01 -1.706425194357271136e-01
1.996640437156851078e-01 -3.148659814988105654e-01 -1.827351198678930089e-01
1.367061964841803368e-01 -4.375036861888170758e-01 -1.158213902203954343e-01
2.047482396240740132e-01 -2.359389580679578657e-01 5.710761225131413266e-01
3.079032695180269341e-01 -2.575339981740455975e-01 6.377566324331876979e-01
3.976368168894764965e-01 -2.554966650240699244e-01 6.489655435614379853e-01
4.690551945881822893e-01 -2.282966068883371114e-01 6.275430257162091241e-01
5.154703234344020224e-01 -1.853828598026774910e-01 5.820837052081025975e-01
5.413899739648813103e-01 -6.767814240797179193e-02 4.214509619768966875e-01
7.220500439587768104e-01 2.402396440667777799e-01 2.084502439231910031e-01
4.951995423618454351e-01 -9.844336073524856401e-02 2.808651313965987995e-01
4.329705485475703330e-01 -1.317977669586350431e-01 2.499437087616797337e-01
3.516641095814678208e-01 -1.557359881476356178e-01 2.522417070482275703e-01
2.743624270988848091e-01 -1.693266548303693497e-01 2.768217593784229602e-01
2.153903561062402439e-01 -1.741763402732765531e-01 3.089539077303474768e-01
1.747574092677218471e-01 -1.808172618855292402e-01 3.381365951544053061e-01
7.267038256254572115e-01 4.697211111371363268e-01 2.427330440931673716e-01
1.989632998275846498e-01 -2.809552356640412918e-01 -2.012962023269276590e-01
1.238455854511169574e-01 -3.726053756862535149e-01 8.658283969366506461e-02
1.191858903036185358e-01 -4.329934430836121506e-01 -1.837134363731895981e-01
8.666836559621954317e-02 -4.011326216086325003e-01 -2.222224366623676006e-01
1.191238626236264669e-01 -4.002174722106792704e-01 -1.936967536369557930e-01
1.831387345358473362e-01 -2.566546581908816793e-01 -2.240994527152394000e-01
7.388319464881576426e-02 -4.161459739414517522e-01 -2.329162724715297117e-01
7.182482284856174515e-02 -3.387819959836309014e-01 -2.417030330667048754e-01
1.745860009774760635e-01 -1.587947079234962033e-01 4.110364051217667569e-01
1.430028888928236153e-01 -1.939800239867744691e-01 3.860762145933436251e-01
1.238363883729449028e-01 -2.360001216433830484e-01 3.648523255010242550e-01
4.691422362168957139e-01 -1.372755887960445120e-01 4.635467830455984872e-01
5.069793764864487517e-01 -1.411059915198379644e-01 5.041137371416487545e-01
-3.254281516958164588e-01 -1.546019823978594387e-01 4.826620726598973565e-01
-2.610893000595749802e-01 -1.605975155800845322e-01 4.808076342224443245e-01
-3.246310114759499155e-01 -1.629184253070316557e-01 5.639319753028005922e-01
-3.906358567170178375e-01 -1.485540318812157978e-01 4.846674436917084439e-01
-3.268044072824120017e-01 -1.462880641768128376e-01 4.017906084524249799e-01
3.524616705826886243e-01 -1.609897739697035979e-01 4.529974237038221219e-01
4.154462674860012750e-01 -1.666967713661389183e-01 4.497033525676549237e-01
3.515530834155609630e-01 -1.694479300278341760e-01 5.347182976769608853e-01
2.889766444258969891e-01 -1.553078731754699016e-01 4.569008015195469841e-01
3.536078188801168865e-01 -1.525479682727678421e-01 3.712281444762521310e-01
