-1.520247862598783639e-02 -2.733382866218890261e-01 -4.731537993748148319e-01
2.190420819551397447e-02 -4.628835772713882912e-01 -2.009652091810927577e-01
2.443652656925413350e-02 -2.909817910787318995e-01 -2.618796294591082541e-01
-3.262463466547704805e-02 -4.198245978004530587e-01 1.282324477140764085e-01
2.170662150577661043e-02 -4.961579627165774720e-01 -1.087250433058416926e-01
2.069131086641489217e-02 -4.871382798779944623e-01 2.238685545554778764e-02
2.287296432173853075e-02 -3.580939085775876052e-01 3.562328447168930379e-01
-4.294599015140800335e-01 -1.132646130414014934e-01 4.477928664704661776e-01
2.332749269339777151e-02 -3.427320160519057302e-01 6.099558573035520626e-01
2.236734446352338021e-02 -3.698561094934998406e-01 7.323549550818914122e-01
2.100467834769937508e-02 -3.584864541061218435e-01 1.162852460919487907e+00
-1.413186295652528804e-02 -2.622610424105255578e-01 -4.995373807292612378e-01
-1.238882368863782578e-02 -2.397642354990519309e-01 -5.244536212040988854e-01
-9.711844890870202987e-03 -2.065357207876502565e-01 -5.411446653428363396e-01
-1.572174423478076358e-02 -1.910715215013733814e-01 -6.255842221663755476e-01
-1.662570512234693224e-02 -1.943063101708135398e-01 -6.649744917046538362e-01
-1.841933034500001926e-02 -2.035048247079435657e-01 -7.081806029143565828e-01
-1.818381533108844733e-02 -1.924423776104573214e-01 -7.486878636804156217e-01
1.176734713997988277e-02 -1.303723675075758592e-01 -8.094581520850302470e-01
2.086088399131794113e-02 -4.242567985031256428e-01 -2.408687962872155808e-01
-4.023501877406037569e-02 -3.359528593293177878e-01 -2.219211175503752742e-01
-6.663009943697595361e-01 1.377552704233416248e-01 8.538170705214472855e-01
-2.551405184481486121e-01 -1.705021862552351108e-01 3.411792322452328330e-01
-3.204791646581011677e-01 -1.635316581569236372e-01 3.345746178709141927e-01
-3.813197685743525689e-01 -1.454918432744685408e-01 3.466233269625891289e-01
-4.556752227090386520e-01 -9.996231179220507745e-02 4.213639123771741324e-01
-1.975643492609878427e-01 -1.661297118133151784e-01 3.656752576614221151e-01
-3.473386462374637995e-01 -2.218754592889207733e-01 6.401338325476781943e-01
-2.727182807703539824e-01 -2.212086290109325226e-01 6.259351255199521180e-01
-4.133469676922348346e-01 -1.981317853820334374e-01 6.251732217731420516e-01
-4.551780422951903216e-01 -1.676818059278153972e-01 5.884693666375839793e-01
-5.105183370769582618e-01 -5.941646751542643129e-02 3.683083403314748594e-01
-2.246262639912085246e-01 -2.624193824845969664e-02 -9.009814440741163999e-01
-4.503553743126498810e-01 -9.679928356999485672e-02 4.860131167919778394e-01
-6.874065754554972152e-01 2.132311024427941959e-01 4.635187127673747187e-01
-5.802729108537851843e-01 -3.898835359221592377e-03 4.527129239366960989e-01
-2.985303952979198039e-01 -1.787065914413300816e-01 -4.467229805578419588e-02
-8.681721989197495326e-02 -2.631654212668175785e-01 -4.529837930818575442e-01
-7.528491263497132102e-02 -2.277991597928005207e-01 -5.160212923562831344e-01
-1.491677902311619730e-01 -2.193303812635365724e-01 -4.705728195513000367e-01
-1.882312043863088313e-01 -1.699156269395213914e-01 -4.939619666421333211e-01
-1.264700389904349354e-01 -1.981303192750988595e-01 -5.152275445697562795e-01
-1.642789050759900504e-01 -1.514554612068424178e-01 -5.229314296623170932e-01
-2.847581241944512342e-01 -5.554026053084716585e-02 -6.156122701690699417e-01
-3.236570071322016767e-02 -4.560316018956419581e-01 -1.943180094283707693e-01
-4.192769866061612366e-02 -4.868789686381732040e-01 -1.044689547800823209e-01
-5.400828131185102521e-01 -1.586113628915770679e-01 6.720201778166575712e-01
-1.676603488885115845e-01 -2.195158437999223389e-01 1.800815552853047286e-01
-1.797950607770691378e-01 -3.033225094148785383e-01 -1.340960583838740061e-01
-1.848169812522935940e-01 -2.911195262283260976e-01 -7.963861743247439839e-02
-4.859925668149291389e-01 -9.847744283630915918e-02 -7.550365235156670900e-03
-3.784837854011119385e-02 -4.662932378598680372e-01 1.824873413832291472e-02
-3.945710850232493350e-01 -2.769510224203803883e-01 7.563414394209848624e-01
-4.806221678500197103e-01 -2.240938446350624891e-01 7.315393405558461293e-01
-6.026835231450812236e-01 -3.923478044614168471e-03 9.917419735587712504e-01
-1.143419570594833290e-01 -3.248549332721403227e-01 6.472560676796914603e-01
-2.066245204696179893e-01 -1.995960149420082097e-01 5.789423769068168246e-01
-3.296594142158610907e-01 -5.101531023062066267e-02 -5.161070500611283363e-01
-6.083617175740029248e-01 4.868556163115767554e-01 -3.669297766119181681e-01
-1.317736943111904035e-01 -2.724852899006781626e-01 -1.866542455168024861e-01
-8.154794532461440149e-02 -2.728713715624987990e-01 -2.160311459900426945e-01
-2.385648357683654852e-01 -6.174430477119512151e-02 -5.367032029552861738e-01
-2.257283011096566649e-01 -7.806377726438476494e-02 -5.436776859724551381e-01
-5.123006039815343193e-01 -2.017870886065795955e-01 7.965987382674917239e-01
-1.836451543884286830e-01 -2.630559806598269379e-01 -1.680719687672533047e-01
-2.760550974450098338e-01 -3.120614768007961559e-01 7.374042621062343317e-01
-2.858280077121625462e-01 -3.338354454095238122e-01 8.100404705617407775e-01
-3.461713114264888258e-01 -2.684908696897568281e-01 1.151475708088543826e+00
-5.564995893978247343e-01 -1.174087714084401379e-01 8.819636749888475347e-01
-3.084339943571478004e-01 -3.044898820788037308e-01 9.724432032365455392e-01
-5.747428942761898529e-01 -1.106868185435431057e-01 7.244882324850360211e-01
-6.197255931866626488e-01 7.270317383797529447e-03 7.722992004858568738e-01
-8.278710019628023054e-02 -2.520887953443715634e-01 -4.886351658925268682e-01
-1.381468018437198020e-01 -2.111567003520409824e-01 -4.943101964845792451e-01
-1.771446518343253451e-01 -1.656118194447331327e-01 -5.084671405225610341e-01
-1.170650994528375372e-01 -2.562936796807033235e-01 -2.019401110331280613e-01
-2.318106243489022056e-01 -7.015210228141176285e-02 -5.403001892482068858e-01
-2.121267321765562541e-01 -1.057415168198074795e-01 -5.794250127871622968e-01
-2.183634877701296495e-01 -8.011722969654937188e-02 -5.462966021036875786e-01
-1.027300976670395827e-01 -3.654678562201891800e-01 -1.726468056082518243e-01
-1.545488106511058168e-01 -1.388698187423011432e-01 -5.339466596659989683e-01
-1.157258744213164464e-01 -1.706872428607037473e-01 -5.302579129889578580e-01
-6.751871885215614266e-02 -1.977714461372157007e-01 -5.334208206309974942e-01
-7.501020201102585883e-02 -1.252162170104942907e-01 -8.010687094431231392e-01
-9.298269710719084258e-02 -1.887041590578471539e-01 -7.350795873712810957e-01
-9.002862309400422314e-02 -1.995955915948721959e-01 -6.935211339271015740e-01
-8.261520010517087176e-02 -1.892194967564185537e-01 -6.496313456305493617e-01
-7.407133125457882050e-02 -1.858352642758237805e-01 -6.126786679551001757e-01
-1.612394030189226168e-01 -1.369113363530192196e-01 -5.808121854955597962e-01
-1.748874100439454238e-01 -1.432781764465219654e-01 -5.972802340991391068e-01
-1.888261515657795320e-01 -1.497770974333591798e-01 -6.180001756286708225e-01
-1.987492931932138274e-01 -1.358912849592570637e-01 -6.407646878923671796e-01
-2.520490672327560522e-01 -1.593454885943673960e-01 -3.778239347252380087e-01
-6.804627002043318607e-01 5.169406550405928336e-01 1.056517540522927262e-01
2.451705698856233850e-02 -3.376579288983121430e-01 -2.483142576826709857e-01
-1.874604525575284952e-01 -1.045957458412693913e-01 -5.646081438844146039e-01
-1.998502140896004087e-01 -1.083552435603808983e-01 -5.718702731356938296e-01
-6.059375270958717447e-02 -2.731919711237106863e-01 -2.517334125976625203e-01
-1.608471607455743968e-01 -2.103754110962649526e-01 -2.163043805939484643e-01
-7.073698062263789055e-02 -2.741287525542223658e-01 -2.343567850553302800e-01
-2.339691437610843805e-01 -1.903420266246907133e-01 1.341148926136840336e-01
-3.382360700495534722e-01 -1.622723859968029370e-01 8.153265841224406618e-02
-1.952781488897191442e-01 -2.502952704130818606e-01 -1.140132195551417371e-01
-5.016523423412465599e-01 -1.464711706984938855e-01 1.094202752471447715e+00
-4.574609035738109730e-01 -2.184889006152646307e-01 9.533607955752185781e-01
-4.146536160368337054e-01 -2.752448508917583747e-01 8.299676963334134960e-01
-2.316567525282282047e-01 -8.293433804559875722e-02 -6.929988066141725689e-01
-1.323206201285978545e-01 -3.634149249077279209e-01 7.697495584627563892e-01
-1.538889275825186809e-01 -3.521771262461766416e-01 9.604412292342350277e-01
-1.781376729428309214e-01 -3.382112140235629671e-01 1.169987877305876056e+00
-4.302103139228387052e-01 -1.202032775112144153e-01 3.748077986913868065e-01
-5.817984120151773464e-01 -1.438608070220495465e-02 3.120716288403271865e-01
-1.592638485473370502e-01 -1.614524366093094410e-01 3.897637437801039217e-01
-5.134427234022875819e-01 -1.104417080905008841e-01 5.532454411306509945e-01
-1.232635783834809678e-01 -2.501293040323115946e-01 2.340070580906336295e-01
-1.425271332876979768e-01 -3.700559759000788262e-01 -1.118134794027083601e-01
-6.386164724096280443e-01 6.199746906977798150e-02 2.602253126903213976e-01
-5.419135941942966328e-01 -6.353987259811397226e-02 2.349054073714056945e-01
-4.627757807650016431e-01 -1.181643737253943172e-01 1.871299329368453779e-01
-3.401014698796109292e-01 -1.498021177573737872e-01 1.906504204662170521e-01
-2.489329623589622564e-01 -1.699772749015467932e-01 2.215517872117326037e-01
-1.807091785666434525e-01 -1.925466063949509143e-01 2.583894999911880985e-01
-3.768324023930200856e-02 -3.308483500258521670e-01 3.410659499305113140e-01
-6.265745363867554207e-01 6.860760293895244721e-02 6.402830258268962793e-02
-5.646266114861371310e-01 -8.189056748756574911e-02 5.743281089958434116e-01
-1.285672590206479206e-02 -4.204808287880658080e-01 -2.354695367917662985e-01
-1.628979942027720673e-01 -2.339219472587217297e-01 8.073915859119286387e-02
-7.047923773842097450e-01 4.154757815037529167e-01 5.066388332160316477e-01
-1.275604216282455183e-01 -2.085098350674871592e-01 3.011717357337898582e-01
-1.991865643210986303e-01 -1.879825009767500665e-01 -1.087775522299086750e-01
-4.758347774561743071e-01 -8.443230260001290122e-02 4.862078229343953506e-01
-1.459446721527844493e-01 -3.543216023487706923e-01 -4.580436117771145843e-02
-6.523434673125404482e-01 5.182462851865365927e-01 -1.223898083027199213e-01
-1.556560862158751501e-01 -1.509153682515551043e-01 4.250853819652637977e-01
-9.444910297917274988e-02 -4.235496775798880953e-01 -4.435488870102026471e-03
-4.872956814112547330e-01 1.855640395948945365e-01 -6.467669130670065103e-01
-4.811343217735011280e-01 3.103323958024360452e-01 -7.310078782612838832e-01
-6.761689564760615667e-01 2.945700453867030055e-01 8.033849107200692619e-02
-5.605938260837474152e-01 2.482131376561681202e-01 -5.070015987105542798e-01
-6.561525484810157849e-01 1.261779624043756209e-01 6.338933483191266927e-01
-2.351562793711229615e-01 2.157309978360214334e-02 -9.763448330553836652e-01
-1.891051997814020141e-03 -3.328683451142213645e-01 -2.431450227708102096e-01
-2.204836266480207363e-01 -2.006804264566366958e-01 2.015740003666029873e-02
-6.349089116364635688e-01 6.073102187311146122e-02 4.491372194099808590e-01
-3.709831955105819534e-01 -1.463471001976763275e-01 3.976146876203315306e-01
-3.172785470270652053e-01 -1.616458344597270225e-01 3.848683751643039441e-01
-2.222687071814092863e-01 -9.352237800049641170e-02 -5.876981194602619585e-01
-6.112416625227420353e-01 1.133459881666087771e-01 -1.177565969633481702e-01
-1.152732344910969153e-01 5.110363892168838518e-02 -1.093416583321686231e+00
-3.057390834876677066e-01 1.663451194644085529e-01 -9.576024313779498698e-01
-3.874007504123974099e-01 2.306072378327146399e-01 -8.663581634614396787e-01
2.155328340869295395e-02 -3.684221863170218381e-01 9.436986892793485238e-01
1.897373139514142021e-02 3.161506233910111457e-02 -1.113087821972675862e+00
-2.622571281064380866e-01 -1.659310732345260775e-01 3.913683781866445499e-01
-2.082976155154611098e-01 -1.606841158830298322e-01 4.079857037397119912e-01
-1.724997123342926764e-01 -1.503416432564637362e-01 4.174093493928912046e-01
-6.087000589976663267e-01 -2.099448354390913429e-02 6.071404827245989733e-01
-2.204800779262377775e-01 -1.810039770242945489e-01 5.097521983820592073e-01
-2.799993594584502810e-01 -1.932196357059271508e-01 5.470293095322598109e-01
-3.368957013612614571e-01 -1.901563850522629273e-01 5.561245523066837837e-01
-3.904842751981044691e-01 -1.725164227710428988e-01 5.429205333810959155e-01
-4.222571642283826643e-01 -1.494043315004681405e-01 5.191163573193448011e-01
-6.968785780730686330e-01 2.883016551020938789e-01 7.024132064916306373e-01
-4.061130256124626525e-01 -1.283725997642396199e-01 4.212115377016152351e-01
2.269540958279448600e-02 -2.721621532228693519e-01 -3.300930383322939199e-01
-1.882707098728994000e-01 -2.002384666666214286e-01 -3.406883834214908258e-01
-1.313491837441490839e-01 -2.980334572707320495e-01 -1.754559338872951624e-01
-6.764775411047044273e-02 -2.640427561134599532e-01 -3.298863319286856055e-01
2.319750204120910042e-02 -3.268586883312050162e-01 4.863991574954987795e-01
-4.045633969091016469e-01 1.386670992537654690e-01 -7.762296557810083319e-01
-3.243687197853240556e-01 8.489178305605954433e-02 -8.779913351092222262e-01
-1.228663231805866007e-01 -3.532494920188344878e-02 -1.048122813379192886e+00
-5.495863200003492377e-01 4.074881927371413193e-01 -5.730611295682694895e-01
-1.763816246536219767e-01 -1.638260373563049654e-01 4.574246069903070699e-01
-8.068981021598249648e-02 -3.321673964364269538e-01 1.893234922040158696e-01
1.395208605815640573e-02 -5.274179192008734973e-02 -1.066255209132568993e+00
-2.183880690013971226e-01 9.751187879306814910e-02 -1.037897205364709308e+00
-6.534471946545952203e-01 3.112785655277034991e-01 -1.243306986686989607e-01
-1.228001910920897277e-01 -1.643443773025422272e-01 -5.954445773488097338e-01
-1.364807279102197568e-01 -1.703100423932250029e-01 -6.233319732587316864e-01
-1.475113020001299902e-01 -1.780022998880915752e-01 -6.590459606078465926e-01
-1.541630345601218977e-01 -1.658584899596635687e-01 -6.973582671575783154e-01
-1.631660838542048075e-01 -1.117273176497082243e-01 -7.583389314127363390e-01
-1.945690230579475155e-01 -1.126278417565200890e-01 -5.340705709011891456e-01
-2.061185892773113870e-01 -1.143672715160943820e-01 -5.269385661665407783e-01
-2.159015155641388906e-01 -1.160767513738113765e-01 -5.189116310052450665e-01
-3.016680211210228113e-01 -1.076290930250651257e-01 -4.383753529677728578e-01
-5.330472400943537803e-01 -5.677350012735076293e-03 -1.911011236690364212e-01
-7.935105117997597046e-02 -2.865153816453671620e-01 2.942991285605875418e-01
-1.112824947037562157e-01 -2.016947319991643228e-01 4.954624948052371858e-01
-1.506965154347617297e-01 -1.784349719765906117e-01 4.904703932955458701e-01
-1.828342011442884441e-01 -1.060093289710953846e-01 -5.406712774642280506e-01
-5.372232920369103271e-01 1.150266566341106578e-01 -3.964631676474724142e-01
-5.922732055463688500e-02 -2.827612233102250183e-01 4.843629935324453850e-01
-1.966619297996461679e-01 -6.517095603142739058e-02 -8.254380351933360283e-01
2.141070752165788460e-02 -4.427058873935473815e-01 1.362271402726847325e-01
-3.643761643321168087e-02 -3.808923347683740301e-01 2.285248355526274533e-01
2.232948581610548489e-02 -3.983559091061193991e-01 2.421259331865469600e-01
-1.260356541688252563e-01 -3.112305368572321762e-01 4.450018958624093329e-02
1.217097668296265173e-02 -9.872581011239622839e-02 -9.893323218755704085e-01
1.214554014025050720e-02 -1.132539935264934294e-01 -8.924401593637840691e-01
-9.485381652987383283e-02 -9.793643433750245930e-02 -8.809703072373444854e-01
-3.414146465094224370e-01 -1.279260459951478933e-02 -6.362702964977435816e-01
-2.557077748870786316e-01 -1.630379815443293301e-01 -1.734872452415967548e-01
-2.771197250081118835e-01 -3.468903615784404287e-02 -7.448070616914125308e-01
-3.999057871411939025e-01 -1.382491566650707326e-01 -1.411886961821485764e-01
-3.162132217510914001e-01 -1.397937340777352933e-01 -2.561809713800402011e-01
-4.532665839495023108e-01 -6.876070707494806589e-02 -2.763168044463723549e-01
-1.154077892938353833e-01 -7.939632318900900765e-02 -9.731274424088345310e-01
-1.637814911651472860e-01 -2.589816728742573848e-01 8.801728432367615868e-04
-3.895928077826026348e-01 5.550402560309990185e-02 -6.908691252200697130e-01
-3.091625533275571547e-01 2.405447934809841135e-02 -8.021251088625346304e-01
-3.901277255854814774e-01 -2.004847203082887885e-02 -5.155579985934863885e-01
-5.927334463119529051e-01 1.559318832898021479e-01 -2.716132058124320903e-01
-4.647300031239287588e-01 4.486232650820713708e-02 -5.141495592326872366e-01
-6.201954020249021982e-01 3.083917454613947506e-01 -3.182635044907126121e-01
-3.677116665808097817e-01 -9.459695775535360840e-02 -3.627502189840813851e-01
-1.206177292843414045e-01 -2.803721399542691284e-01 1.367716968710113723e-01
-1.225467964773575974e-01 -3.792726807721100157e-01 -1.577291536948900175e-01
-1.596948759956276498e-01 -3.057677174947870391e-01 -1.672794340447173178e-01
-9.596693770363300124e-02 -4.312294109884487470e-01 -1.047916520603947299e-01
-1.637018470674102832e-01 -2.316975725087269122e-01 5.917088189884408544e-01
-2.709848874012194542e-01 -2.474571315032374763e-01 6.634216143001419042e-01
-3.634327134371718171e-01 -2.425996950313295542e-01 6.790333046644662085e-01
-4.385418142586971491e-01 -2.140240995129486790e-01 6.620743988527645341e-01
-4.891315534803163390e-01 -1.705320733804622790e-01 6.217153844548102271e-01
-5.205308833922746015e-01 -5.464539824708063154e-02 4.688589864450682931e-01
-6.913192733106316989e-01 2.557350266746102885e-01 2.751640601822104015e-01
-4.779010019974272439e-01 -8.738299148212004541e-02 3.197177817467382055e-01
-4.157825587691102442e-01 -1.221171316184436612e-01 2.805289295300639196e-01
-3.316119091760684201e-01 -1.490200812962705623e-01 2.708500470791517234e-01
-2.500272264429291846e-01 -1.653266225976682546e-01 2.871354034073808625e-01
-1.852763086337902154e-01 -1.706671344373503763e-01 3.157197551137638225e-01
-1.403598974504620123e-01 -1.788950779805880686e-01 3.426144572664507892e-01
-6.953673316928467019e-01 4.857134007013346744e-01 3.122941950875096073e-01
-1.593199289909022209e-01 -2.714724531288001397e-01 -1.864216211938073964e-01
-8.139073517540468261e-02 -3.700698413699988754e-01 9.545559711099510514e-02
-7.915831965073708010e-02 -4.271068024960096854e-01 -1.742480755622788369e-01
-4.695928453630864030e-02 -3.951368819475364336e-01 -2.152428364512634085e-01
-7.934022533251146314e-02 -3.946464662672598545e-01 -1.838608584271723689e-01
-1.422087661855846452e-01 -2.463341504519042102e-01 -2.107466940525326293e-01
-3.388366271251232187e-02 -4.110864038044365065e-01 -2.271573555241810927e-01
-2.439887946009839173e-02 -3.335415979914158058e-01 -2.361440387811210573e-01
-1.347772040659785397e-01 -1.585922566932855826e-01 4.203145386736835687e-01
-1.048859533789961718e-01 -1.926477075319917576e-01 3.918835942141283835e-01
-8.764549956624792526e-02 -2.337895514865482860e-01 3.689928864357648886e-01
-4.387252696987184453e-01 -1.260408350031582136e-01 5.007073001736590534e-01
-4.790186846504598805e-01 -1.269374787069910970e-01 5.452812299333694712e-01
7.557479194461586003e-02 -4.194419946823150225e-01 1.235273998239171112e-01
4.590966097661008383e-01 -1.230089837991940327e-01 4.138977900701333867e-01
8.616054469889659895e-02 -3.397537451898021144e-01 -2.275616866383033954e-01
6.754457958548346630e-01 1.183298968005226520e-01 7.827877247253814952e-01
2.801516101043968754e-01 -1.731103320571192872e-01 3.282754436205045367e-01
3.420888139721180998e-01 -1.684765698721065186e-01 3.180401489937199622e-01
4.010162226155642440e-01 -1.527745989956438011e-01 3.215794882814739797e-01
4.790840889405359460e-01 -1.094871110047418855e-01 3.826612346305344192e-01
2.289195821870776970e-01 -1.683059916503693854e-01 3.537354513460185257e-01
3.752066236376166986e-01 -2.298697262408286590e-01 6.093751362622801260e-01
3.020750442862794038e-01 -2.276011796374170504e-01 5.981049943219737264e-01
4.411769722719587339e-01 -2.094826939353511275e-01 5.914676043829932839e-01
4.819009654667017473e-01 -1.812813163697137298e-01 5.504091690533049475e-01
5.250165875140381244e-01 -7.163368344206087757e-02 3.214985917864209286e-01
2.453283327787182944e-01 -3.652131802995638166e-02 -9.118498332351674396e-01
4.813531146962559126e-01 -1.071550617469774203e-01 4.478148134214092746e-01
7.092939534261840651e-01 1.952539367246428903e-01 3.950599102187225542e-01
5.905209605286066976e-01 -1.908604689734339985e-02 3.954140176312795907e-01
3.295354427542266929e-01 -1.870117084532154084e-01 -7.354446480559999333e-02
5.829952234814359674e-02 -2.640301951555957816e-01 -4.598814843752739856e-01
5.307058715624482503e-02 -2.264211118779884402e-01 -5.233839684355894306e-01
1.291258871399215968e-01 -2.169761241050369160e-01 -4.843271838969082088e-01
1.768296827338879662e-01 -1.643303229862604631e-01 -5.095578704020187200e-01
1.100434734880915283e-01 -1.936716007783422788e-01 -5.266277543164004094e-01
1.558112391228596016e-01 -1.461880864496813703e-01 -5.349124628191916919e-01
2.895594791559105707e-01 -6.145716947907824829e-02 -6.394162919470479656e-01
7.421956953476807617e-02 -4.592133233791710345e-01 -1.992827166758578405e-01
8.229703679295073682e-02 -4.904040622229522417e-01 -1.103387084919520977e-01
5.567562952469700122e-01 -1.733350245426694691e-01 6.280467984667743586e-01
2.050404579120518322e-01 -2.214608428071878077e-01 1.629751227508907385e-01
2.187054774585938111e-01 -3.101119745552128881e-01 -1.501701445788971578e-01
2.224033204240067618e-01 -2.978695544237847104e-01 -9.629276558578274414e-02
5.088084221709282540e-01 -1.096754777559228039e-01 -5.375566005662023999e-02
7.912001741309633573e-02 -4.669619548000700227e-01 1.332413727536823495e-02
4.253286503123449025e-01 -2.910767319377955409e-01 7.230410727260427883e-01
5.048993179581054980e-01 -2.392775224490945041e-01 6.944069241208938870e-01
6.158669197542834262e-01 -2.293343915293013027e-02 9.251238708977128633e-01
1.588322820526998080e-01 -3.283888612276028018e-01 6.292244882275346285e-01
2.400940878234110176e-01 -2.027607560439637080e-01 5.537119279015045858e-01
3.381644266654880160e-01 -5.583853745879325398e-02 -5.458775415951864218e-01
6.491335062114935717e-01 4.675358594772770493e-01 -4.172786220105644261e-01
1.740934356985547882e-01 -2.795528061974919543e-01 -1.987941534520086539e-01
1.271973477967677790e-01 -2.814633150986945997e-01 -2.250253174257408895e-01
2.404835145775032768e-01 -5.501916991861937473e-02 -5.626353964244290573e-01
2.244897442751910832e-01 -7.368449615272665287e-02 -5.669907537571753364e-01
5.340556760211051524e-01 -2.175637772961100946e-01 7.510967108457756725e-01
2.209725267110421165e-01 -2.709363259883352248e-01 -1.841911774617727149e-01
3.148122303084232021e-01 -3.241893607689611545e-01 7.090077325129043873e-01
3.246754607856812136e-01 -3.466226130068221778e-01 7.763497617208289237e-01
3.743560683964335944e-01 -2.812725569825294536e-01 1.108693995306019531e+00
5.756076444045049589e-01 -1.333011304598842039e-01 8.261750860255344664e-01
3.416954898210830538e-01 -3.152635917827951717e-01 9.373163079425532729e-01
5.901702809330059418e-01 -1.255492605815596574e-01 6.683071451903657145e-01
6.371281654461637967e-01 -8.782203713262303965e-03 7.109454716446461653e-01
5.623602066375504860e-02 -2.518283424897049816e-01 -4.958704862405793889e-01
1.194952609343438166e-01 -2.077674627607082602e-01 -5.073172666199723402e-01
1.663793848391754981e-01 -1.604611025735915852e-01 -5.223827466601509428e-01
1.605918232582131400e-01 -2.642714496112464340e-01 -2.128811684821317329e-01
2.321940421367204022e-01 -6.524051645751190176e-02 -5.650994173847780910e-01
2.005150465777736646e-01 -1.026834876560822063e-01 -6.037052748840585625e-01
2.165659524891643817e-01 -7.542261856639730089e-02 -5.677948080539015896e-01
1.430466541779184808e-01 -3.676991966411915502e-01 -1.832887306751130319e-01
1.475386570600353275e-01 -1.335247096571920977e-01 -5.437825963855643652e-01
1.033139199639127453e-01 -1.651503394445101858e-01 -5.388268589004331366e-01
5.049293153254349326e-02 -1.942709360360169168e-01 -5.398371058309788806e-01
9.385371197542970167e-02 -1.277851022075724707e-01 -8.075464016847700988e-01
5.840848505478738600e-02 -1.877152936590741061e-01 -7.429710664289989053e-01
5.455857427550935002e-02 -1.972460929409264874e-01 -7.016174512618582604e-01
5.111470269521115051e-02 -1.861792289009605583e-01 -6.584717164905354858e-01
4.515844726858869729e-02 -1.821464630558626008e-01 -6.214682832992864947e-01
1.429722304797740595e-01 -1.324027313301008035e-01 -6.012726369501872892e-01
1.548234810975355480e-01 -1.407786694311168874e-01 -6.187523654157295327e-01
1.664599234216115331e-01 -1.481729134169179896e-01 -6.403663805429041789e-01
1.781168770097714404e-01 -1.346313100727620227e-01 -6.628549394067755340e-01
2.758494933890066614e-01 -1.653454838800189342e-01 -4.010036648579632379e-01
7.159318300344927888e-01 4.962177369670318083e-01 3.898727570646998847e-02
1.771512584943950586e-01 -9.854781997138221949e-02 -5.863250232847916354e-01
1.883137695710205284e-01 -1.043876360197722591e-01 -5.953287587425960536e-01
1.074033704888330554e-01 -2.780119528038507148e-01 -2.587408180277997460e-01
2.020724321757407793e-01 -2.204497582010630508e-01 -2.307509221097079899e-01
1.170621686194185801e-01 -2.812271874386584880e-01 -2.427186526900563801e-01
2.683817128045333789e-01 -1.935162609317534477e-01 1.108994723273485083e-01
3.682864065316713842e-01 -1.693963326748124110e-01 4.815192911549445731e-02
2.331099488048432034e-01 -2.577826541168992680e-01 -1.316086447190666642e-01
5.214892479028140349e-01 -1.646582949687166730e-01 1.035737546123347785e+00
4.826465863523778377e-01 -2.336967756208633284e-01 9.048686653710426020e-01
4.453937521607166383e-01 -2.899850432974854786e-01 7.904187515837548528e-01
2.395763761022121352e-01 -8.674070601371215716e-02 -7.083067972174016402e-01
1.790568817256804057e-01 -3.690121725435744904e-01 7.421942279437370171e-01
1.920274448689615610e-01 -3.584789673513054664e-01 9.411098765550487411e-01
2.129720158056173651e-01 -3.469278030801584145e-01 1.146015647747953281e+00
4.507303109938558539e-01 -1.292582529120020474e-01 3.416729582745497984e-01
5.887272538626712182e-01 -3.049682544182023836e-02 2.565969318360949991e-01
1.953173495379378899e-01 -1.610877418086923141e-01 3.783280151176148798e-01
5.346054434007839751e-01 -1.239386082451009036e-01 5.084736876941698958e-01
1.629170854275538982e-01 -2.508422826669881034e-01 2.210464745940879383e-01
1.815124774114253436e-01 -3.756337280263834510e-01 -1.262225834630814614e-01
6.617096970580655935e-01 4.518733574258555069e-02 1.977446902110056304e-01
5.484853477840666569e-01 -7.710674668865991066e-02 1.852716133001962029e-01
4.713223605932259086e-01 -1.292230651643648809e-01 1.461637282502819823e-01
3.554920815967686498e-01 -1.562714824882745768e-01 1.628693707290638781e-01
2.701358295109996810e-01 -1.738276230625701579e-01 2.038251864489727394e-01
2.067225220901648675e-01 -1.952725038765875387e-01 2.462885350843539711e-01
8.254216811914973084e-02 -3.312595824944080669e-01 3.353019146475126888e-01
6.520366900471832317e-01 5.366472615701191329e-02 4.521513382246212555e-03
5.778529521209663233e-01 -9.630469674752838161e-02 5.209799903998252324e-01
5.344486262831830981e-02 -4.212230162023569702e-01 -2.381460470490305570e-01
2.015295442408949755e-01 -2.362091209081166043e-01 6.466495216490525388e-02
7.275646298801580203e-01 3.970474276449145745e-01 4.343359886305596107e-01
1.598395200986807430e-01 -2.095648685562160884e-01 2.939025447050617745e-01
2.405152477288534651e-01 -1.955864085325301482e-01 -1.270231571291101091e-01
5.035829667792645070e-01 -9.508825472460473438e-02 4.440390532929624490e-01
1.835200207684271612e-01 -3.599634710433231022e-01 -6.001002923656587745e-02
6.925081699754780384e-01 4.966217222569254686e-01 -1.814420420221124763e-01
1.953367252594027659e-01 -1.489805212838206383e-01 4.122958348767364334e-01
1.324362305964729425e-01 -4.265945707107424156e-01 -1.437211801666825675e-02
5.137257532768723101e-01 1.673326835772163956e-01 -6.790625578549009944e-01
5.143213689475417683e-01 2.908842624449751169e-01 -7.596708292348628433e-01
7.119934376368282081e-01 2.764521713218839327e-01 1.658171561195904975e-02
5.904200390736814574e-01 2.294687356528615219e-01 -5.494852787573467623e-01
6.762998249502523151e-01 1.094140942721250620e-01 5.680563365114168484e-01
2.601369390364683953e-01 1.072890970062597392e-02 -9.851226517553322015e-01
5.141771742681902624e-02 -3.346147370248323538e-01 -2.455996737042024647e-01
2.558777541684304491e-01 -2.060481601368313320e-01 -1.430991318413451369e-03
6.386564816273671008e-01 4.503064408831696647e-02 3.811788315532577687e-01
3.986399865308734580e-01 -1.537880061275934407e-01 3.736564523941772187e-01
3.454050270975192460e-01 -1.668285554548984695e-01 3.668488990141393069e-01
2.128325644573974273e-01 -9.026088294951660485e-02 -6.127597560310695801e-01
6.388638347887624080e-01 9.797254789078453652e-02 -1.725612834059028489e-01
1.503781187259293217e-01 4.541108217159713079e-02 -1.095861098610302564e+00
3.397221010395536922e-01 1.528784253114378322e-01 -9.678207011307768948e-01
4.213806149744769858e-01 2.145000175431183154e-01 -8.833819059272303154e-01
2.926189734829572897e-01 -1.694324487800468459e-01 3.756909106799659614e-01
2.431247411466046504e-01 -1.613490295517850948e-01 3.933086427518987516e-01
2.112541349924625389e-01 -1.489284134702983931e-01 4.032363185104638204e-01
6.172325038327970415e-01 -3.533775520646565554e-02 5.425763142355680690e-01
2.527329877283251425e-01 -1.821410054517727806e-01 4.827786392974394158e-01
3.070233100676200144e-01 -1.976531122260913043e-01 5.144816034023506068e-01
3.631294699200876552e-01 -1.971288896538459789e-01 5.215068739844186396e-01
4.173853831342464460e-01 -1.819367967274003461e-01 5.065138636063024613e-01
4.496413175852796984e-01 -1.597373109219270282e-01 4.814171753665733577e-01
7.123775979999681374e-01 2.688748803178001023e-01 6.299837776508573350e-01
4.347220120573247470e-01 -1.370642429537867468e-01 3.917168116037189618e-01
2.218426604816936820e-01 -2.055362800426092096e-01 -3.581387572593284774e-01
1.732997170069552062e-01 -3.049489197122837170e-01 -1.881215617978957699e-01
1.095763012821804050e-01 -2.654182503938415372e-01 -3.372656685190816850e-01
4.303887191051938288e-01 1.215123783371777066e-01 -7.990102992500714985e-01
3.488569654784424712e-01 6.963240622270044922e-02 -8.925585781552327624e-01
1.484432418111755470e-01 -4.160006329634026445e-02 -1.052798263179398619e+00
5.876206516067667973e-01 3.883546464686353228e-01 -6.128249015372785324e-01
2.134022047373684283e-01 -1.619951364924415715e-01 4.396667020037331453e-01
1.225355962921522435e-01 -3.336320752016908586e-01 1.800102450840024293e-01
2.521101196746188267e-01 8.774914461281867195e-02 -1.042654109692942699e+00
6.897529843089993395e-01 2.928270090773650303e-01 -1.829236708002806022e-01
9.863399401571650016e-02 -1.596354752294537327e-01 -6.114071233789504234e-01
1.097731628419291727e-01 -1.668736878825496373e-01 -6.399888358109587783e-01
1.181400817428864408e-01 -1.749768119677678480e-01 -6.752449690124664450e-01
1.262912539434127568e-01 -1.633676405429693168e-01 -7.117472395453677825e-01
1.752153466350671041e-01 -1.129509525671245351e-01 -7.687459625882528957e-01
1.915277728708114913e-01 -1.071693121076479766e-01 -5.483116067355472412e-01
2.027864632534835398e-01 -1.074557161705850389e-01 -5.427630077347477267e-01
2.127463456626338956e-01 -1.088097966302452868e-01 -5.354563801731333506e-01
3.169321209440105203e-01 -1.114333545259489494e-01 -4.641990405112999540e-01
5.543332279885282432e-01 -2.015596959954607872e-02 -2.383686687962250084e-01
1.222376234504590070e-01 -2.872020967441477612e-01 2.845623394130522010e-01
1.533907439435249487e-01 -2.035723801601014016e-01 4.794010327815215189e-01
1.881278188877365809e-01 -1.771367686914246120e-01 4.725528035957803907e-01
1.806039796367092387e-01 -9.887292167561019529e-02 -5.537851753191577187e-01
5.617344902447350963e-01 9.812618185146368410e-02 -4.401499227824285376e-01
9.917744533778126426e-02 -2.830240982453389176e-01 4.746862002824738802e-01
2.123314946888380239e-01 -7.228661882427127316e-02 -8.358398564075366632e-01
7.960664898940832124e-02 -3.823972323805115425e-01 2.232545794201425404e-01
1.652322595399621508e-01 -3.153310025231622071e-01 3.113330906490991909e-02
1.156477748956827589e-01 -1.033688615050361304e-01 -8.867793310716139965e-01
3.514852186776580290e-01 -2.352424216154157602e-02 -6.641460152951428331e-01
2.895568308690058545e-01 -1.724388300441255795e-01 -1.970906473102437828e-01
2.888491108454147027e-01 -4.469559676789489067e-02 -7.623356209967139252e-01
4.227877297293360370e-01 -1.506434595944319554e-01 -1.782380028891561718e-01
3.412175729947494740e-01 -1.496259304914813737e-01 -2.854143753613037071e-01
4.719744273922178990e-01 -8.245989004164319680e-02 -3.165100949540538000e-01
1.377325064411752675e-01 -8.503664867853083509e-02 -9.794362412389586714e-01
2.019253989150580075e-01 -2.641705330083782832e-01 -1.471181295584566943e-02
4.083256875288733267e-01 4.044178383689765732e-02 -7.151380060960397245e-01
3.287392890114553823e-01 1.019705125087527059e-02 -8.185976213654511113e-01
4.019171677748855642e-01 -2.899989694130202661e-02 -5.507668718342794145e-01
6.206527131939495456e-01 1.388144746051235001e-01 -3.217808117657582900e-01
4.813243490746330067e-01 2.935481223410088547e-02 -5.501689661714579405e-01
6.555485171024274527e-01 2.913624328500206695e-01 -3.704196225550216437e-01
3.829978214790020763e-01 -1.039083398742882136e-01 -3.974072447174981648e-01
1.609041066865553593e-01 -2.815797834531758026e-01 1.238707605475228429e-01
1.612866798576740313e-01 -3.834094021002164565e-01 -1.699788034584962249e-01
1.989413281803321942e-01 -3.135761925977936238e-01 -1.819925315888296646e-01
1.362113668186106241e-01 -4.359200725100663143e-01 -1.154021564090355473e-01
2.040071210387808254e-01 -2.350849397519033657e-01 5.709764650565677391e-01
3.067887650127315569e-01 -2.566018132002353402e-01 6.374639696167980762e-01
3.961975076395668482e-01 -2.545718544993131882e-01 6.484626361568721631e-01
4.673573752424536321e-01 -2.274702512691875733e-01 6.271083435438645770e-01
5.136044972003607212e-01 -1.847118372676519182e-01 5.818608286655335693e-01
5.394303274627502143e-01 -6.743317068441138928e-02 4.194584875233522969e-01
7.194364698051133322e-01 2.393700587386253797e-01 2.076957253487504151e-01
4.934070894208732461e-01 -9.808702944579000826e-02 2.781497742423728048e-01
4.314033432763438314e-01 -1.313207041288274590e-01 2.469695849058088644e-01
3.503912058052502387e-01 -1.551722771461289119e-01 2.487205574347592096e-01
2.733693289691891959e-01 -1.687137502646904874e-01 2.728730442987692961e-01
2.146107166998338367e-01 -1.735458815053189385e-01 3.048439296133177434e-01
1.741248472287817428e-01 -1.801627652531224144e-01 3.342810260450385096e-01
7.240734063741681714e-01 4.680208814013034901e-01 2.418544335098845310e-01
1.982583681736623804e-01 -2.797186847077554606e-01 -2.004538741946473579e-01
1.233973067980117244e-01 -3.712566716905157937e-01 8.626943834353067997e-02
1.187544781529162735e-01 -4.313752866014435305e-01 -1.830158077993909171e-01
8.635465576106646224e-02 -3.993964366551963630e-01 -2.210842048911512425e-01
1.186926749919067769e-01 -3.985830832456139783e-01 -1.928347219903921717e-01
1.826261226406381555e-01 -2.553873560592747616e-01 -2.231122156084446584e-01
7.361576275882439346e-02 -4.143982780425025658e-01 -2.317640804637980112e-01
7.164201838779774012e-02 -3.369860043535347072e-01 -2.401078522360656220e-01
1.739540593779097533e-01 -1.582199254027557289e-01 4.085363905864279332e-01
1.424852673547646054e-01 -1.932778826583988474e-01 3.833033783732453514e-01
1.233881430101164411e-01 -2.351458819361088859e-01 3.625543796271981645e-01
4.674441018102470924e-01 -1.367786981250887490e-01 4.627246574699214743e-01
5.051442845756984878e-01 -1.405952361013611540e-01 5.043152146418570236e-01
-3.242502131121089426e-01 -1.540423761092358790e-01 4.816679287207893401e-01
-2.601442461091691971e-01 -1.600162075123480188e-01 4.799168325862318008e-01
-3.234559582671453493e-01 -1.623287163400416733e-01 5.670888660969291006e-01
-3.892218885479801771e-01 -1.480163171045244530e-01 4.839768935510661008e-01
-3.256214871242832376e-01 -1.457585514280484440e-01 3.971156593911197019e-01
3.511858799084836003e-01 -1.604070460607840143e-01 4.517700771612754851e-01
4.139424941173515671e-01 -1.660933860789459426e-01 4.484103093650475547e-01
3.502805815160828784e-01 -1.688345864874273294e-01 5.360414455358802899e-01
2.879306478288424787e-01 -1.547457118037090240e-01 4.558198324588572103e-01
3.523278795411599051e-01 -1.519957968126212644e-01 3.674395262332467160e-01
