-1.544911677860708044e-02 -3.052208433816969713e-01 -5.101868754563108066e-01
2.406130557614538645e-02 -5.084436890884012072e-01 -2.207373807069588079e-01
2.718565702297687237e-02 -3.189921211822170921e-01 -2.866472959613639571e-01
-3.583746543081695046e-02 -4.611683675526718762e-01 1.408606091434696506e-01
2.384426081117993479e-02 -5.450189410364667530e-01 -1.194321419197730827e-01
2.272896372623910144e-02 -5.351110117910029551e-01 2.459148405753949773e-02
2.512546352122124738e-02 -3.933585219029385183e-01 3.913141809164608631e-01
-4.717525432007114716e-01 -1.244187619578583925e-01 4.937097263672751701e-01
2.562475324426910506e-02 -3.764838105694314763e-01 6.700235013994362276e-01
2.457005088976289831e-02 -4.062790487697229835e-01 8.044763000398491570e-01
2.307319122159121050e-02 -3.937897247946524626e-01 1.277368629462112715e+00
-1.412104982598914871e-02 -2.939575135254137717e-01 -5.377375555371446403e-01
-1.197291613027881563e-02 -2.700467611520886990e-01 -5.641591758128887690e-01
-8.846894862943877058e-03 -2.335197989270745289e-01 -5.825053679284963870e-01
-1.650927065627781631e-02 -2.110915915983835323e-01 -7.133672540118740635e-01
-1.743568498881811757e-02 -2.146917092480404854e-01 -7.557720302686328218e-01
-1.943788344015481839e-02 -2.247318802336788490e-01 -8.006217496340783946e-01
-1.918075134981656049e-02 -2.124734234436818081e-01 -8.411347002570463971e-01
1.351825533291983739e-02 -1.440420344399357955e-01 -9.001228967078582777e-01
2.291523618764812475e-02 -4.658239858935022681e-01 -2.642917503184356587e-01
-4.416405727835209793e-02 -3.684865103385781548e-01 -2.432040014698564345e-01
-7.319174328567474852e-01 1.513212268069747957e-01 9.378998435630858665e-01
-2.802664184179159967e-01 -1.872930154913461376e-01 3.893756233017289237e-01
-3.520395278750885204e-01 -1.796360390280320463e-01 3.829652204715146002e-01
-4.188716337973636961e-01 -1.598196870946742010e-01 3.946064665207744682e-01
-5.005495144684464215e-01 -1.098064677189638516e-01 4.679273992059505005e-01
-2.170202244285872606e-01 -1.824899455637845058e-01 4.137008375678692396e-01
-3.815440955878011131e-01 -2.437254603383329776e-01 6.871052338902878809e-01
-2.995752154675193069e-01 -2.429929614987087483e-01 6.717924136549258129e-01
-4.540528290199894457e-01 -2.176435409064783055e-01 6.717973881495749033e-01
-5.000033723866463831e-01 -1.841948878487822405e-01 6.336253846460382366e-01
-5.607935060236517444e-01 -6.526772296302257859e-02 4.097560759101503969e-01
-2.452786600803870121e-01 -2.872750246076757885e-02 -9.909344879047563559e-01
-4.947057744554888004e-01 -1.063319481651576193e-01 5.303416805522327415e-01
-7.551014635842334677e-01 2.342298186914235636e-01 5.091654230524995661e-01
-6.374174177394720253e-01 -4.282787135170074491e-03 4.974830061180837149e-01
-3.279292728098623932e-01 -1.963053796220692870e-01 -4.907156673798440671e-02
-9.419346524244892604e-02 -2.922269551272145272e-01 -4.897676925908032164e-01
-8.103862673518713589e-02 -2.554090251653808874e-01 -5.561840045500288099e-01
-1.635425712404078302e-01 -2.420244387091199378e-01 -5.087292009552688565e-01
-2.093767494054032952e-01 -1.856738563094733063e-01 -5.343955105676272410e-01
-1.381741866379397887e-01 -2.202090798673328464e-01 -5.567193520953890307e-01
-1.823921539027814065e-01 -1.660837874419760496e-01 -5.673819039440815004e-01
-3.143325102159271189e-01 -5.969503165888878637e-02 -6.810970866011949454e-01
-3.555303175321614106e-02 -5.009175394668008430e-01 -2.134372415909957521e-01
-4.605668283340358382e-02 -5.348261639241009835e-01 -1.147569184269118803e-01
-5.932694524666781710e-01 -1.742311996087002601e-01 7.371648643570023474e-01
-1.841713177486973274e-01 -2.411334730445569008e-01 1.978157501066930557e-01
-1.975010399748066137e-01 -3.331825243196890884e-01 -1.473006431874221978e-01
-2.030175125199418229e-01 -3.197885911802558212e-01 -8.748132288556997871e-02
-5.338524704245708463e-01 -1.081753713431415354e-01 -8.293914939555974142e-03
-4.157563642309866636e-02 -5.122131776730616259e-01 2.004584452141369710e-02
-4.334279223204249298e-01 -3.042247919031113579e-01 8.308249415533346394e-01
-5.279532016901291591e-01 -2.461623093320386424e-01 8.035773890871502623e-01
-6.620349974153185713e-01 -4.309857023627357286e-03 1.089407412227631600e+00
-1.256022013864065423e-01 -3.568462163804719811e-01 7.109969870376255940e-01
-2.269726292850975380e-01 -2.192519658521192571e-01 6.234879947946967427e-01
-3.679655407685809010e-01 -5.233155729887234431e-02 -5.624353327665772007e-01
-6.682723729029671489e-01 5.348005139156823962e-01 -4.030645345059442608e-01
-1.447282513975223228e-01 -2.989638263559124542e-01 -2.048796012641738162e-01
-8.941922373193467166e-02 -2.991146491935718910e-01 -2.369192041043937103e-01
-2.679989946968234227e-01 -6.397201613269337672e-02 -5.896270563388146257e-01
-2.528962442720010806e-01 -8.241953845660743294e-02 -6.001459838400955427e-01
-5.627512882099092728e-01 -2.216588135460657583e-01 8.750467258136938042e-01
-2.017302857002312155e-01 -2.888463497894671050e-01 -1.845931872779487115e-01
-3.032406374240599334e-01 -3.427928772784829548e-01 8.100228561251485715e-01
-3.139759709365659290e-01 -3.667111174460180312e-01 8.898121861307655145e-01
-3.802618031923929998e-01 -2.949314945487662154e-01 1.264871509096644253e+00
-6.113029311072208927e-01 -1.289710315462052614e-01 9.688182883192730799e-01
-3.388081651734089483e-01 -3.344756419473331466e-01 1.068208120543348016e+00
-6.313428124614817172e-01 -1.215871096757101810e-01 7.958348730320254916e-01
-6.807553479187684609e-01 7.986289485796702059e-03 8.483542058183952683e-01
-8.954784310816210624e-02 -2.811391009103851868e-01 -5.271265187193989732e-01
-1.512362570257347327e-01 -2.337909219015674722e-01 -5.339538696681875862e-01
-1.967747244463173839e-01 -1.813916918037514758e-01 -5.506921439825145370e-01
-1.284897719289036511e-01 -2.810652337976291548e-01 -2.216400812357419703e-01
-2.601134450579736246e-01 -7.344927342338636311e-02 -5.949563461010756171e-01
-2.347314576826142751e-01 -1.146681614068377764e-01 -6.489850511640544717e-01
-2.442558924484401484e-01 -8.499443933230677040e-02 -6.042803431338636955e-01
-1.128468214769860478e-01 -4.012680627530977873e-01 -1.895213301375495707e-01
-1.714011454599756457e-01 -1.523220608418796029e-01 -5.801969482150282076e-01
-1.264339817521782372e-01 -1.901148335263300737e-01 -5.738595192983209081e-01
-7.239123749599146729e-02 -2.226368686718656065e-01 -5.753555662912899216e-01
-8.102338601767733461e-02 -1.381363922459388771e-01 -8.903603973391303050e-01
-1.007138838133034842e-01 -2.080835959774960386e-01 -8.263201843979661732e-01
-9.751742928237550068e-02 -2.201304444457825582e-01 -7.843255100073802666e-01
-8.938858269341609653e-02 -2.087728547440546034e-01 -7.378589344820865037e-01
-8.017502470976334283e-02 -2.050255630719453048e-01 -6.978959727709623806e-01
-1.767103435785091214e-01 -1.500673241295902294e-01 -6.578395155530700755e-01
-1.912411446183095443e-01 -1.571774034485413640e-01 -6.758593348678525459e-01
-2.059776453832998788e-01 -1.644799650180281958e-01 -6.978606230388599840e-01
-2.163462172795745930e-01 -1.493106352783066804e-01 -7.218830747156865790e-01
-2.783988921452698051e-01 -1.738599995033356382e-01 -4.107522909689884649e-01
-7.474737647051141742e-01 5.678482853450894652e-01 1.160561971910243906e-01
2.701342251110397386e-02 -3.703517599246526348e-01 -2.719831229895122160e-01
-2.076378246678634021e-01 -1.134805944487485285e-01 -6.337869167678320537e-01
-2.212161200938493888e-01 -1.175817224772092717e-01 -6.414764453433252633e-01
-6.623794875857774711e-02 -2.994592155344755202e-01 -2.757775179466745996e-01
-1.764956359916941553e-01 -2.307842021489110440e-01 -2.375401059731885312e-01
-7.746350040986138552e-02 -3.004689823036632568e-01 -2.568819793764813841e-01
-2.570101148224794851e-01 -2.090866570350373710e-01 1.473223484051754406e-01
-3.715451097658752921e-01 -1.782527554152328886e-01 8.956188549757737594e-02
-2.145088820759949444e-01 -2.749440167805978774e-01 -1.252410897424209302e-01
-5.510543998816572753e-01 -1.608954573849419312e-01 1.201958388747733864e+00
-5.025110468171738454e-01 -2.400053978566827340e-01 1.047246506725290072e+00
-4.554881543610989070e-01 -3.023505988645380782e-01 9.117018186752212650e-01
-2.517675774762671015e-01 -9.109009661733180607e-02 -7.728974507236281433e-01
-1.453513793569264356e-01 -3.992035448662147878e-01 8.455534743807149312e-01
-1.690437051318123274e-01 -3.868590626925034748e-01 1.055024212103205183e+00
-1.956804347841584191e-01 -3.715178059514014919e-01 1.285206732193490353e+00
-4.725768552285241064e-01 -1.320407369047867929e-01 4.220872220677498454e-01
-6.390931482325989954e-01 -1.580280184329907467e-02 3.428040290774065912e-01
-1.749479411867185252e-01 -1.773520584992176463e-01 4.375335221098695104e-01
-5.640058820368993864e-01 -1.213178605641559993e-01 5.996700721918502008e-01
-1.354024121493468957e-01 -2.747617062507017316e-01 2.570847523821225833e-01
-1.565630163992711710e-01 -4.064985977550219509e-01 -1.228247231085478064e-01
-7.015065758804768237e-01 6.810289661008128714e-02 2.858519564552051140e-01
-5.952805264354026349e-01 -6.979719551109192510e-02 2.580385804317673060e-01
-5.083493260672367065e-01 -1.298010450835758722e-01 2.055582385953416136e-01
-3.735942116978909766e-01 -1.645544316937272988e-01 2.104013066128694875e-01
-2.734475494234033244e-01 -1.867164115635187027e-01 2.474668849359102918e-01
-1.985051788722831390e-01 -2.115083408980533708e-01 2.896719709085533445e-01
-4.139423577442252755e-02 -3.634298568695075726e-01 3.746536744897528415e-01
-6.882787659642950473e-01 7.536398871058347382e-02 7.033372593903119974e-02
-6.202302915552930784e-01 -8.995504250234437338e-02 6.265970168350252223e-01
-1.412283915909851723e-02 -4.616812407285459940e-01 -2.583865932721529646e-01
-1.789399726878412311e-01 -2.569582704711412813e-01 8.869024489057719673e-02
-7.741993962353101999e-01 4.563912855931033796e-01 5.565319578149545698e-01
-1.401224028197355365e-01 -2.290436071648542793e-01 3.379636109151586965e-01
-2.188021930769469270e-01 -2.064947684297473440e-01 -1.194898208408920470e-01
-5.226943554378271628e-01 -9.274708330644737542e-02 5.306870944682064994e-01
-1.603171099605276151e-01 -3.892147239583521046e-01 -5.031511342908884243e-02
-7.165853870410101578e-01 5.692824922166903612e-01 -1.344425948556358663e-01
-1.709848912043324676e-01 -1.657773136205333842e-01 4.719458936041804886e-01
-1.037503254119053753e-01 -4.652602882497580694e-01 -4.872289426996523343e-03
-5.352839140185623457e-01 2.038381401776085955e-01 -7.104596611272460116e-01
-5.285157918529375110e-01 3.408935186759669556e-01 -8.029965648800172495e-01
-7.427571787874942544e-01 3.235789108660191982e-01 8.825011814100236496e-02
-6.158003627934860447e-01 2.726568363261134831e-01 -5.569304439257152239e-01
-7.207695814725529893e-01 1.386038008444809844e-01 6.963183247918625085e-01
-2.578978987634555908e-01 2.372642435441481290e-02 -1.072446600270933637e+00
-1.985475872726828739e-03 -3.650715180084675993e-01 -2.663437546837599257e-01
-2.421965618643672213e-01 -2.204431687749033308e-01 2.214247393935352137e-02
-6.974338994381703571e-01 6.671173289090442937e-02 4.933676572731384713e-01
-4.075171287233807504e-01 -1.607591685857070463e-01 4.456167784278755040e-01
-3.485237176633995126e-01 -1.775645019135210223e-01 4.334001603345103426e-01
-2.459144729130020579e-01 -1.011993771130864084e-01 -6.565206615977086102e-01
-6.714359310117821167e-01 1.245081513035866672e-01 -1.293531099944992824e-01
-1.266251897847185948e-01 5.613625676601699532e-02 -1.201094798702473376e+00
-3.358478042228445481e-01 1.827265697354458762e-01 -1.051905814542334561e+00
-4.255514626641359044e-01 2.533171348801233069e-01 -9.516759667077607787e-01
2.367582218160417529e-02 -4.047039147400428583e-01 1.036632889012245595e+00
2.084223930594761298e-02 3.472847226640102258e-02 -1.222703234854011001e+00
-2.880838623595471937e-01 -1.822717453211282201e-01 4.396300448254040205e-01
-2.288104885127234533e-01 -1.765080745665190687e-01 4.555568146646877814e-01
-1.894872552901791796e-01 -1.651470889486188476e-01 4.645888437304022123e-01
-6.686440337414309987e-01 -2.306199194095620575e-02 6.668988208099180248e-01
-2.421926636691682511e-01 -1.988290086911748134e-01 5.530942576592643434e-01
-3.075733251309458183e-01 -2.122476492432150419e-01 5.888222675491452396e-01
-3.700727433463351090e-01 -2.088827337266963013e-01 5.975395422623717145e-01
-4.289386488823399013e-01 -1.895056113485844573e-01 5.848842314129285569e-01
-4.638404898971204560e-01 -1.641174719736604448e-01 5.620692697482296829e-01
-7.655062564607963971e-01 3.166932178173469392e-01 7.715859277477372657e-01
-4.461064979155771049e-01 -1.410145631817074641e-01 4.682330314031522001e-01
2.570024927421712957e-02 -2.998249363713445526e-01 -3.601866069559254147e-01
-2.060855921495056142e-01 -2.198949703258674671e-01 -3.723173488705944223e-01
-1.442842772053500866e-01 -3.270832928398939021e-01 -1.925826254159248574e-01
-7.352815931676459638e-02 -2.906256578325157047e-01 -3.601319431256373438e-01
2.548196128500555824e-02 -3.590472985810044815e-01 5.342991016162705886e-01
-4.442153237760577689e-01 1.523359396767938190e-01 -8.525581292672659295e-01
-3.557123414151117657e-01 9.329335943364630568e-02 -9.642655853084578510e-01
-1.349502463638716510e-01 -3.880260927703588214e-02 -1.151377751550560546e+00
-6.037088521056825918e-01 4.476170896753806083e-01 -6.294954297949519884e-01
-1.937514531877464474e-01 -1.799594083006554879e-01 5.029412064604747989e-01
-8.863603574063710910e-02 -3.648788012216919174e-01 2.079678166707354947e-01
1.532606899430093150e-02 -5.793573365882265236e-02 -1.171335185075606411e+00
-2.398946364791727515e-01 1.071147183148951632e-01 -1.140107946016608587e+00
-7.177978079882949558e-01 3.419328639169278983e-01 -1.365746220375435582e-01
-1.333699442261443435e-01 -1.810529936673686002e-01 -6.768291164845994246e-01
-1.481339800770302695e-01 -1.876308294864998949e-01 -7.070038733402990161e-01
-1.601074331565566222e-01 -1.960773814727991837e-01 -7.460069089323320135e-01
-1.672446437774813832e-01 -1.826901326102015055e-01 -7.859499152732993821e-01
-1.769125245768146115e-01 -1.230215025363147197e-01 -8.453416930660901940e-01
-2.186187535096111301e-01 -1.211312252008520662e-01 -5.820688209006301683e-01
-2.319971417886267373e-01 -1.225342870839675191e-01 -5.734972279714716237e-01
-2.432491593103091043e-01 -1.240103526478556484e-01 -5.640522517857191609e-01
-3.367858852014893323e-01 -1.144235821204889758e-01 -4.747670796360221601e-01
-5.855410255394639663e-01 -6.236448420560203321e-03 -2.099205089498348276e-01
-8.716543748980531969e-02 -3.147310365433335644e-01 3.235947881571850093e-01
-1.222414472343829051e-01 -2.215573617824064812e-01 5.409633877498747356e-01
-1.655369084685158754e-01 -1.960070114325784818e-01 5.350320051925885334e-01
-2.050692261686661855e-01 -1.143009189018888150e-01 -5.900653837314813188e-01
-5.901283295403585427e-01 1.263543287612255983e-01 -4.355063347327974288e-01
-6.505994855423696821e-02 -3.106071736729292265e-01 5.316174803358313383e-01
-2.139525263456236726e-01 -7.158606933337430256e-02 -9.139227407576746565e-01
2.351920561025314105e-02 -4.863029762069337458e-01 1.496426104495447440e-01
-4.002594458746244754e-02 -4.184021068769003815e-01 2.510296583601807630e-01
2.452846397294350389e-02 -4.375854708607342936e-01 2.659701740555961980e-01
-1.384474782825779737e-01 -3.418801074710076104e-01 4.888250950759889801e-02
1.336863475664162859e-02 -1.084705669199670375e-01 -1.088410313440063781e+00
1.357339487160259123e-02 -1.247243061065146930e-01 -9.878417357911226659e-01
-1.032193794504680517e-01 -1.077527219892659982e-01 -9.745376596854482543e-01
-3.748453249149563682e-01 -1.353615797294623058e-02 -7.009269205614461207e-01
-2.808895375188349419e-01 -1.790937457971879532e-01 -1.905720391288394655e-01
-3.019586527447497559e-01 -3.795719988905651987e-02 -8.241712627334578656e-01
-4.392879788297427979e-01 -1.518637503109530051e-01 -1.550927717821810603e-01
-3.472446602224250611e-01 -1.535604356592845665e-01 -2.813968253869776337e-01
-4.979036761574491265e-01 -7.553217033889347842e-02 -3.035281169839232351e-01
-1.263000456605679611e-01 -8.720096823920625573e-02 -1.070141667929068507e+00
-1.799104752596557555e-01 -2.844858446389786355e-01 9.668510978306787962e-04
-4.271535164018920305e-01 6.102580937516366433e-02 -7.595088648237435791e-01
-3.379314539024664832e-01 2.653949571690247811e-02 -8.821283489648847898e-01
-4.310666153280027224e-01 -2.031274314741141063e-02 -5.643059045349216873e-01
-6.511050502083222113e-01 1.712878484084245923e-01 -2.983613141929437607e-01
-5.104973161774557511e-01 4.928490398310816922e-02 -5.648386286403974665e-01
-6.812714229084853024e-01 3.387617576867578695e-01 -3.496056724321263687e-01
-4.048269671521831370e-01 -1.026119272386691872e-01 -3.970910274915040450e-01
-1.324960033390158998e-01 -3.079828165557287889e-01 1.502407942596550861e-01
-1.346150425114789329e-01 -4.165582840068500214e-01 -1.732312961261064377e-01
-1.754214156466238350e-01 -3.357423886154142778e-01 -1.836929775795645980e-01
-1.054176344875560889e-01 -4.736963116219499170e-01 -1.151113955196992333e-01
-1.798229879167725365e-01 -2.545148422450322911e-01 6.409362014481256864e-01
-2.976711198176729134e-01 -2.718263817139581207e-01 7.181440547194708479e-01
-3.992230851864526642e-01 -2.664905913386992342e-01 7.360754815478345314e-01
-4.817288306708458201e-01 -2.351009090616238417e-01 7.179334863910971087e-01
-5.373005803348296361e-01 -1.873258458610387311e-01 6.737658606730865252e-01
-5.717920746246147878e-01 -6.002680511901964389e-02 5.142614501276721040e-01
-7.593994787363538279e-01 2.809194730262700723e-01 3.022618540173716006e-01
-5.249640590323263467e-01 -9.598835262347471531e-02 3.583793925591520768e-01
-4.567282738768017047e-01 -1.341430648269453796e-01 3.178494719535283064e-01
-3.642686103124455066e-01 -1.636953813188251061e-01 3.099639610854194594e-01
-2.746495751834908683e-01 -1.816077691869846245e-01 3.286251449671273583e-01
-2.035220738529528450e-01 -1.874742075517337181e-01 3.591729713049471862e-01
-1.541823540502899048e-01 -1.965124280658019362e-01 3.874310251330419508e-01
-7.638461845407893414e-01 5.335458124022518511e-01 3.430485133535141618e-01
-1.750006888889228396e-01 -2.979760371129676066e-01 -2.046902652897844010e-01
-8.940598686071726808e-02 -4.065138286780356491e-01 1.048559392695879722e-01
-8.695372601510681365e-02 -4.691224276330674403e-01 -1.913811800193423451e-01
-5.158377261482965936e-02 -4.337698952377724293e-01 -2.361306361442050417e-01
-8.715354552723630910e-02 -4.333393667492080326e-01 -2.018326144837871983e-01
-1.560812685531701716e-01 -2.702078040488038457e-01 -2.313646325312914698e-01
-3.722048063755542535e-02 -4.513429724860751335e-01 -2.492525650466914655e-01
-2.673184665524053205e-02 -3.658201672895600165e-01 -2.587231283402735560e-01
-1.480498844233123501e-01 -1.742102118573336522e-01 4.672076098139918976e-01
-1.152149841506681094e-01 -2.116193983410215029e-01 4.376511917901590998e-01
-9.627671215567196183e-02 -2.568128365388657741e-01 4.108390082311041969e-01
-4.819303525593596760e-01 -1.384531693186068502e-01 5.447711019955130407e-01
-5.261918095911108928e-01 -1.394381133055466737e-01 5.896872040393696945e-01
8.301729725183271125e-02 -4.607480861867474520e-01 1.356922153876095605e-01
5.043078351865220021e-01 -1.351227454279625428e-01 4.579618286236497582e-01
9.468322319561317535e-02 -3.727055941080015256e-01 -2.494037953978542888e-01
7.419628022671167500e-01 1.299828681455936774e-01 8.598756260184505784e-01
3.077405692186383490e-01 -1.901580080336982004e-01 3.750383160816967987e-01
3.757772668016383655e-01 -1.850679190925414996e-01 3.652090808181212012e-01
4.405077685173193203e-01 -1.678196389431736435e-01 3.684818004785874734e-01
5.262636548089552058e-01 -1.202692565291620941e-01 4.276748268201875369e-01
2.514632791198029294e-01 -1.848805425536947933e-01 3.998651240500321613e-01
4.121564744525856305e-01 -2.525069921001854567e-01 6.553657818069620333e-01
3.318229941307984099e-01 -2.500150420351019420e-01 6.424158383800993022e-01
4.846234955513368803e-01 -2.301122718841264181e-01 6.364278796605367106e-01
5.293579336005631575e-01 -1.991336600476107943e-01 5.926376665238430874e-01
5.767195249407612856e-01 -7.868807411548767172e-02 3.583496626341782232e-01
2.694543833627258689e-01 -4.019715274456070464e-02 -1.003706651953372386e+00
5.287561312126309865e-01 -1.177075501525223222e-01 4.905677376961010694e-01
7.791442815173255099e-01 2.144822855290045016e-01 4.339648863730223294e-01
6.486746817585338221e-01 -2.096561523684667416e-02 4.356313661285298178e-01
3.619876562305366363e-01 -2.054283735456543525e-01 -8.078702568206236334e-02
6.593619994145005769e-02 -2.936492171401849927e-01 -4.963671227409969244e-01
6.084649803013814084e-02 -2.541034858658253182e-01 -5.628986552652870401e-01
1.457704803583941278e-01 -2.400827949966211072e-01 -5.220478441281537485e-01
2.012936650925296611e-01 -1.811769243237200122e-01 -5.493552423241956362e-01
1.250783212942601641e-01 -2.156919241306307633e-01 -5.669143804108727203e-01
1.780391968034734651e-01 -1.616893257190010758e-01 -5.776594596778812374e-01
3.283706700385926602e-01 -6.667257647037899693e-02 -7.040855677348623054e-01
8.152861433593228124e-02 -5.044100622402147849e-01 -2.188882693991951456e-01
9.040153985990745378e-02 -5.386984040512401428e-01 -1.212047187138770021e-01
6.115849170080274178e-01 -1.904048279373089514e-01 6.880599762143821962e-01
2.252325703471470542e-01 -2.432700129752127793e-01 1.790246967531150535e-01
2.402433029003869791e-01 -3.406344084602830335e-01 -1.649551323997691110e-01
2.443053045381190502e-01 -3.272033532026414893e-01 -1.057755484553603020e-01
5.589152009648263864e-01 -1.204761733882466768e-01 -5.904944517299937079e-02
8.691165182388754795e-02 -5.129477489708929028e-01 1.463628153361982986e-02
4.672144518581937689e-01 -3.197415825647340615e-01 7.942451988987340172e-01
5.546211333521480213e-01 -2.628412556053847382e-01 7.627462002031712984e-01
6.765166774429260954e-01 -2.519189282143663444e-02 1.016228847144460712e+00
1.744738745958969162e-01 -3.607281608754060453e-01 6.911896815488223211e-01
2.637382352550921016e-01 -2.227283664617123460e-01 5.951884591201936914e-01
3.830315358984610619e-01 -5.921192406279285336e-02 -5.910470898567830034e-01
7.130593132267719625e-01 5.135781710197795391e-01 -4.583716674426663307e-01
1.912658541932107381e-01 -3.067691266594039234e-01 -2.182010177529458694e-01
1.398878561190988190e-01 -3.086442342598219035e-01 -2.467783601474702326e-01
2.782633497694347868e-01 -5.876919276900938183e-02 -6.128214377096177223e-01
2.603219216773486888e-01 -7.954212628477869140e-02 -6.200372943600034326e-01
5.866487708992118577e-01 -2.389891696196650983e-01 8.250637231106234815e-01
2.427336081573696625e-01 -2.975080590149254967e-01 -2.022874903426403748e-01
3.458145213443581945e-01 -3.561150991796524501e-01 7.788298779966793539e-01
3.566490696815063366e-01 -3.807575483539835659e-01 8.528036569045314153e-01
4.112221576589893957e-01 -3.089719054590827074e-01 1.217876709962931514e+00
6.322927220358738332e-01 -1.464284490455938226e-01 9.075357171327875783e-01
3.753452086097119889e-01 -3.463103322982727938e-01 1.029621975175029291e+00
6.482894677013191220e-01 -1.379131847936558297e-01 7.341211467502413157e-01
6.998717024205745041e-01 -9.647063427490935872e-03 7.809584390602184456e-01
6.402459746727526269e-02 -2.812549828568917665e-01 -5.338115681345456665e-01
1.353775893594417190e-01 -2.306164573435611764e-01 -5.462583161402911891e-01
1.896578748769692790e-01 -1.771904746298254008e-01 -5.634915585295940943e-01
1.765155083698548566e-01 -2.899072834138649579e-01 -2.336436943108268771e-01
2.690720882069242981e-01 -7.011804573275681740e-02 -6.166891835219803220e-01
2.283911184691739260e-01 -1.128756802065076226e-01 -6.750454382912365325e-01
2.512111439560763548e-01 -8.160440210103098169e-02 -6.218754082510944414e-01
1.571336990179356130e-01 -4.037141445283232155e-01 -2.011909122601993616e-01
1.687971336733085082e-01 -1.478581016363242906e-01 -5.878941793357146395e-01
1.178661430342073935e-01 -1.843555345702911907e-01 -5.805088264832338751e-01
5.815909179261560813e-02 -2.187914684410448007e-01 -5.809094866339892249e-01
1.032878271512946977e-01 -1.412399808469175788e-01 -8.983659133433294919e-01
6.452772407987483749e-02 -2.074506491748022707e-01 -8.350929755828504497e-01
6.032815219305098786e-02 -2.180302676139773688e-01 -7.936013900112537378e-01
5.671100532559422702e-02 -2.059211605153834501e-01 -7.484752563407779391e-01
5.036178045153830163e-02 -2.014207069872433475e-01 -7.085213722121261881e-01
1.604908569518171957e-01 -1.463152895529875597e-01 -6.819188476984057168e-01
1.732394972816062584e-01 -1.555618760282744262e-01 -7.009365853677960168e-01
1.855763512563860518e-01 -1.637194715832446246e-01 -7.238087316059385046e-01
1.981075685320484725e-01 -1.488125503064425814e-01 -7.471750921506927767e-01
3.073580519740670702e-01 -1.810014101935473185e-01 -4.344983043726036165e-01
7.864358474129589105e-01 5.450846017758519402e-01 4.282669092539603817e-02
2.019560887129909776e-01 -1.084929494206702261e-01 -6.575973023422001518e-01
2.144375040576513847e-01 -1.148710017332646438e-01 -6.672032712307558455e-01
1.183296445262920216e-01 -3.048562718837952712e-01 -2.834385004994119939e-01
2.221617749366049388e-01 -2.419385746233815304e-01 -2.533773462787003439e-01
1.288464014260263801e-01 -3.083695470369542946e-01 -2.660353038074860788e-01
2.948115880382156107e-01 -2.125734857279897305e-01 1.218207053221902481e-01
4.045547635414594723e-01 -1.860782589165581591e-01 5.289386750390637215e-02
2.560663074861414534e-01 -2.831687481041569310e-01 -1.445692895530621414e-01
5.728448176014708793e-01 -1.808736255392595638e-01 1.137735606396617527e+00
5.301769822424531320e-01 -2.567109242289382642e-01 9.939789358335988645e-01
4.892555383325740692e-01 -3.185423858745799475e-01 8.682581422352946277e-01
2.656974351349528085e-01 -9.580902984754113838e-02 -7.892768759366592946e-01
1.966901660291777709e-01 -4.053520020279324232e-01 8.152845314473839977e-01
2.109380530333331283e-01 -3.937815007541483059e-01 1.033789129394647510e+00
2.339452175457367167e-01 -3.810927931410950098e-01 1.258873749253124785e+00
4.951176344039369681e-01 -1.419874342771871856e-01 3.877970109914319341e-01
6.467043332383859422e-01 -3.350011161691793249e-02 2.818662574652706088e-01
2.145519431520747089e-01 -1.769514490381791649e-01 4.237913037459164478e-01
5.872526786415130928e-01 -1.361439185628117721e-01 5.515398099261612508e-01
1.789609439911268307e-01 -2.755448980759935829e-01 2.429603530185895366e-01
1.993875855222171367e-01 -4.126256395152667622e-01 -1.386528161258857583e-01
7.268739906733303613e-01 4.963732389417421786e-02 2.172183251162513873e-01
6.024994576053033235e-01 -8.470011686787426441e-02 2.035169181534706162e-01
5.177375617451618339e-01 -1.419487812868176491e-01 1.605577363877248587e-01
3.905004704507719637e-01 -1.716608908856931404e-01 1.794059808268015921e-01
2.967384478321775099e-01 -1.909459369063204459e-01 2.272906280773272503e-01
2.270802819752969492e-01 -2.145026811494548102e-01 2.755329254864749000e-01
9.067081139409455259e-02 -3.638815869663198921e-01 3.683220006058558482e-01
7.162483987573118327e-01 5.894955748873711987e-02 4.966786657728497478e-03
6.347591446792324454e-01 -1.057886561003492099e-01 5.679139251815041867e-01
5.870804209125154993e-02 -4.624921188876225386e-01 -2.613107339593614409e-01
2.213759065527227676e-01 -2.594706819489991378e-01 7.103307142189457801e-02
7.992142299636695313e-01 4.361481298557874364e-01 4.771088188869523350e-01
1.755803041091641425e-01 -2.302025389527000421e-01 3.288192362991806394e-01
2.642008704296129329e-01 -2.148474987197130925e-01 -1.395322292250762430e-01
5.531751496545451730e-01 -1.044524199737857373e-01 4.869760206281072978e-01
2.015928290872447404e-01 -3.954121964014745139e-01 -6.591973684329593963e-02
7.607054563684139126e-01 5.455283710014562359e-01 -1.993102137491540304e-01
2.145732269688994664e-01 -1.636519254888011421e-01 4.565508641307227666e-01
1.454783749903916235e-01 -4.686050384189606177e-01 -1.578746476360944062e-02
5.643279000677758894e-01 1.838113843919924051e-01 -7.459258544511371269e-01
5.649710554304672172e-01 3.195301589314532009e-01 -8.344822052616951424e-01
7.821096073538282845e-01 3.036768166341927699e-01 1.821466173910243902e-02
6.485638216925377897e-01 2.520665124907828236e-01 -6.035978604550384929e-01
7.429009350155069136e-01 1.201890497116136491e-01 6.239977754023180445e-01
2.857548798810940482e-01 1.178547843938176215e-02 -1.082410174031157801e+00
5.657476874545330769e-02 -3.670108725238894198e-01 -2.690403985383327257e-01
2.810762561344413157e-01 -2.263395097509255383e-01 -1.571913193078450233e-03
7.015505251529310371e-01 4.946520221267536321e-02 4.187168154609590687e-01
4.378975238536240155e-01 -1.689328450658162950e-01 4.195455433501442677e-01
3.794200561987115528e-01 -1.832576104006045092e-01 4.130258859294193563e-01
2.426447491345263829e-01 -9.904260451049318181e-02 -6.829586898055453048e-01
7.017782981787341612e-01 1.076207540006450247e-01 -1.895548897992853643e-01
1.651871564739550990e-01 4.988310609310672716e-02 -1.203780046615566590e+00
3.731774831174643481e-01 1.679336899368852887e-01 -1.063130400559109567e+00
4.628776192348937890e-01 2.356236948683920751e-01 -9.703761847600564927e-01
3.214357020124283260e-01 -1.861179316879502110e-01 4.214939624424109965e-01
2.670673432992557439e-01 -1.772384680517742339e-01 4.383666382119830729e-01
2.320581621078149359e-01 -1.635946861668922114e-01 4.478744767375482105e-01
6.780167424308842783e-01 -3.881777023235374879e-02 5.949422177878012086e-01
2.776217972649133170e-01 -2.000780101706221004e-01 5.240529434301379741e-01
3.372585585654537255e-01 -2.171177286528045425e-01 5.544151869770903573e-01
3.988899786498723010e-01 -2.165418813367034900e-01 5.611433646455190605e-01
4.584889422602556053e-01 -1.998536912418307221e-01 5.467844050868473360e-01
4.939213983683643505e-01 -1.754680295082013952e-01 5.227490551836311283e-01
7.825315993201775733e-01 2.953533220343054211e-01 6.920237488365006406e-01
4.775328594133010363e-01 -1.505621478684411318e-01 4.368421268601885288e-01
2.459988214007486906e-01 -2.257861036392228016e-01 -3.904127566962802831e-01
1.903660433622913484e-01 -3.346994068160447089e-01 -2.064794237132616672e-01
1.213291587292791851e-01 -2.916936938078378283e-01 -3.681263380034878185e-01
4.727733763063635131e-01 1.334787552322044268e-01 -8.776958087313264656e-01
3.832106045272789530e-01 7.648777440906384673e-02 -9.806083267042868812e-01
1.630617354460608404e-01 -4.569678237286067812e-02 -1.156586645239703337e+00
6.454887542595475480e-01 4.265992951148971368e-01 -6.731750853052771433e-01
2.344177709131055609e-01 -1.779482027472829575e-01 4.827642110948762166e-01
1.346027393468847144e-01 -3.664877196097631185e-01 1.977374153469770857e-01
2.769375899911294958e-01 9.639056352292291185e-02 -1.145333303975977657e+00
7.576789436705602121e-01 3.216642226520034509e-01 -2.009377513649266422e-01
1.099933169010953171e-01 -1.765628157720551261e-01 -6.955716432710095098e-01
1.218868536425616877e-01 -1.845944098906513453e-01 -7.265659429110855605e-01
1.305925887014338649e-01 -1.935192367591100915e-01 -7.647942737719430895e-01
1.392671900004972541e-01 -1.806934341577819403e-01 -8.020309844238209251e-01
1.927389268909585063e-01 -1.248643167687062405e-01 -8.577161885040185396e-01
2.207994569317265343e-01 -1.175335605559907348e-01 -5.936777528396417480e-01
2.338524292022096107e-01 -1.175628992169200915e-01 -5.867159980353924276e-01
2.451918729702891042e-01 -1.188327220401539375e-01 -5.777692508674774352e-01
3.563143458697268784e-01 -1.206308750917583494e-01 -5.001499963939899374e-01
6.088316385681489251e-01 -2.192910402460193642e-02 -2.615516005134519428e-01
1.342754225348192776e-01 -3.154853784345368339e-01 3.129223633753590583e-01
1.684964610285847320e-01 -2.236199182446869660e-01 5.227255241006720787e-01
2.066543970559330257e-01 -1.945809628091577093e-01 5.145947208661971750e-01
2.081654407773616544e-01 -1.085911528551668503e-01 -6.006908736559655182e-01
6.170987000629954977e-01 1.083762213633662763e-01 -4.823237409671929932e-01
1.089443086567510877e-01 -3.108959361831111767e-01 5.208492901202341763e-01
2.332551223870837909e-01 -7.972237540193150007e-02 -9.264171058971286676e-01
8.744620623261722958e-02 -4.200552048105599123e-01 2.452403943915226758e-01
1.815041133804702334e-01 -3.463843815589722208e-01 3.419927618895347854e-02
1.271143935320586116e-01 -1.138615434555861894e-01 -9.818190506138138041e-01
3.928361855512623180e-01 -2.530507903712567175e-02 -7.299060830841201941e-01
3.180720036539042006e-01 -1.894203773927993772e-01 -2.164998729378082576e-01
3.182904099546655097e-01 -4.936368912717176149e-02 -8.444309618898477865e-01
4.644199444511500907e-01 -1.654708585010808974e-01 -1.957799601974816728e-01
3.749729811022115555e-01 -1.639623394406692913e-01 -3.126720700432168432e-01
5.184597713869774083e-01 -8.943601547298296595e-02 -3.455520827508873349e-01
1.513020384848399180e-01 -9.342904538698104666e-02 -1.077582314907872263e+00
2.218107444703395492e-01 -2.901856968392755309e-01 -1.616061190391594737e-02
4.502595234417139380e-01 4.443717027941901376e-02 -7.856742383363037874e-01
3.613436324614740514e-01 1.111998864368512335e-02 -9.009483006062568577e-01
4.490033508772719451e-01 -2.998843377856971748e-02 -5.991104828219038225e-01
6.817728904588125083e-01 1.524867766306841066e-01 -3.534665597625317179e-01
5.312379311080062116e-01 3.347952919788166337e-02 -6.010485855533125310e-01
7.201060658846776263e-01 3.200554209483270629e-01 -4.068980558503898504e-01
4.236506060235707416e-01 -1.124673955923044533e-01 -4.317447972729442363e-01
1.767497297726932093e-01 -3.093093871852112819e-01 1.360693908321883860e-01
1.771699782424556169e-01 -4.210922968874228900e-01 -1.866753103036700168e-01
2.185328064061927700e-01 -3.443173299109483221e-01 -1.998395243813859690e-01
1.496252816222886084e-01 -4.788489032709382087e-01 -1.267668077622001732e-01
2.240974718286823375e-01 -2.582357929230569837e-01 6.192826107981406203e-01
3.370009158245395042e-01 -2.818716195396793189e-01 6.921229686273058235e-01
4.352145128795479323e-01 -2.796417531973822701e-01 7.048880597326800945e-01
5.133821098941604433e-01 -2.498712200147652496e-01 6.814683440186857233e-01
5.641835871041132044e-01 -2.029020140951014461e-01 6.315746043883989636e-01
5.925527108886599059e-01 -7.407389992477741991e-02 4.626466841082401693e-01
7.902856194614407137e-01 2.629429047460161151e-01 2.281493250004322793e-01
5.419971653859434468e-01 -1.077465100534826803e-01 3.123823371557679085e-01
4.738873725309424856e-01 -1.442529929552722745e-01 2.796243482376090661e-01
3.848972671744799179e-01 -1.704534372588728530e-01 2.837171275160499384e-01
3.002903780297607739e-01 -1.853284566957131840e-01 3.116116357755980282e-01
2.357452955312865361e-01 -1.906364498140680208e-01 3.469120076502725247e-01
1.912724313143354671e-01 -1.979049555001277660e-01 3.777981497939832956e-01
7.953791953957711769e-01 5.141109572598008270e-01 2.656719374507534592e-01
2.177967547127560577e-01 -3.070610051589286460e-01 -2.200886708989584495e-01
1.355493099608321428e-01 -4.078175364749165865e-01 9.476513723607127293e-02
1.304492617066249083e-01 -4.738092946879151057e-01 -2.010086302165401406e-01
9.485874776406677533e-02 -4.384644175084606577e-01 -2.425461161126225562e-01
1.303813722522630947e-01 -4.376624601639922396e-01 -2.116753343560600076e-01
2.007505227249137825e-01 -2.802232735602430136e-01 -2.449204330898593351e-01
8.086534546927204303e-02 -4.549834127681973150e-01 -2.543007230967169185e-01
7.876892891137160513e-02 -3.696426556943017694e-01 -2.630841766520168878e-01
1.910848245023546443e-01 -1.738012138749809310e-01 4.528446608012060004e-01
1.565170275647719267e-01 -2.123116322783373811e-01 4.265892147041259186e-01
1.355392437352550550e-01 -2.583027366127608193e-01 4.021938679442826903e-01
5.134773771793605945e-01 -1.502484829636125951e-01 5.048470467324077671e-01
5.548902239574440287e-01 -1.544408685394975667e-01 5.458200466779188353e-01
-3.561819441808702358e-01 -1.692122650659855232e-01 5.270723237935914796e-01
-2.857629065446261052e-01 -1.757743914650622408e-01 5.248883103292292240e-01
-3.553094721718652593e-01 -1.783146330959861636e-01 6.089227360423867808e-01
-4.275519440686910144e-01 -1.625927677603518084e-01 5.287707329002906409e-01
-3.576882594396115778e-01 -1.601126603135942794e-01 4.449046740717435000e-01
3.857701997297531271e-01 -1.762037192755412374e-01 4.945992675504624625e-01
4.547070020978520866e-01 -1.824500425192583375e-01 4.912211990735295686e-01
3.847757487519904984e-01 -1.854611927094502732e-01 5.757075718277664400e-01
3.162856762640773312e-01 -1.699848643271080206e-01 4.984014682980300037e-01
3.870246619720951742e-01 -1.669641413537692465e-01 4.134700797936379235e-01
