-1.810698102170445190e-02 -3.638229677550673946e-01 -6.052932790995106949e-01
2.861081242413643366e-02 -6.045742962858606795e-01 -2.624698524011080947e-01
3.240889473381755592e-02 -3.791508491650993351e-01 -3.405990417254821656e-01
-4.261360622983437207e-02 -5.483659902925533958e-01 1.674945049594035451e-01
2.835272887840299683e-02 -6.480710134472216222e-01 -1.420143475595953275e-01
2.702655164361222190e-02 -6.362896949208229902e-01 2.924123713063385421e-02
2.987618114072032593e-02 -4.677346725839418573e-01 4.653037875222203468e-01
-5.609514197561313864e-01 -1.479438365949980461e-01 5.864982267613032541e-01
3.046987646478385714e-02 -4.476692942050948254e-01 7.967114110926560855e-01
2.921575119994416353e-02 -4.830982100876206609e-01 9.565865180201371665e-01
2.743586560496739934e-02 -4.682474072322148073e-01 1.518893234548725157e+00
-1.660267143442657745e-02 -3.503908414949447603e-01 -6.385634628557361747e-01
-1.428945853209899822e-02 -3.218749692901299864e-01 -6.708169559732384268e-01
-1.093266633850171685e-02 -2.782639927926557344e-01 -6.934691900283229682e-01
-2.067396960392347757e-02 -2.493543455370404449e-01 -8.400462673244637468e-01
-2.186682884633858737e-02 -2.535710389336729986e-01 -8.910417388136959715e-01
-2.420380660079440166e-02 -2.655976373148896119e-01 -9.453737130048891490e-01
-2.389589480330281401e-02 -2.511675187144047361e-01 -9.950867273655155110e-01
1.526241786017276669e-02 -1.701383052823878805e-01 -1.067973668705854529e+00
2.724804446478479303e-02 -5.538502962026154997e-01 -3.141919406872065723e-01
-5.250653569879368265e-02 -4.380265436415181624e-01 -2.890505400329433927e-01
-8.703082347360544535e-01 1.799330141194330768e-01 1.115237758478655472e+00
-3.332591367813930727e-01 -2.227063414167499422e-01 4.584878800166403146e-01
-4.186030914258169755e-01 -2.136015853745384385e-01 4.506044012559254908e-01
-4.980717985747726839e-01 -1.900383615793148628e-01 4.649393370763665878e-01
-5.951933165940668236e-01 -1.305686526827094518e-01 5.548369070151035753e-01
-2.580543650767682662e-01 -2.169951079875167554e-01 4.882107245397162565e-01
-4.536863769030834437e-01 -2.898090216534064956e-01 8.219882019550237562e-01
-3.562188373169123956e-01 -2.889380220796275989e-01 8.036922266775867740e-01
-5.399050471566528842e-01 -2.587955381096852525e-01 8.034379838030580867e-01
-5.945439100766249929e-01 -2.190224204189090695e-01 7.573851624886962508e-01
-6.668282300285257591e-01 -7.760853109507628855e-02 4.856328488329366699e-01
-2.936695393937452381e-01 -3.429464131040915048e-02 -1.180035841878285918e+00
-5.882446433877421832e-01 -1.264371715437404287e-01 6.317104302637086555e-01
-8.978758973585321268e-01 2.785179459822721970e-01 6.054383199409227867e-01
-7.579401756528880707e-01 -5.092575642497730593e-03 5.914890494736008142e-01
-3.899340741529904175e-01 -2.334227615555545254e-01 -5.835000876639384604e-02
-1.116954460800337889e-01 -3.481368486794045314e-01 -5.807733907951532215e-01
-9.644742261234565128e-02 -3.044184391147398694e-01 -6.607553317553234162e-01
-1.928910728250672890e-01 -2.887021738805293225e-01 -6.046796641459667443e-01
-2.432267535285583260e-01 -2.234634099895171366e-01 -6.391440401669681304e-01
-1.631386398828494899e-01 -2.629613627538601173e-01 -6.624847834260365609e-01
-2.120899696645036636e-01 -1.998776867465301699e-01 -6.784894793931448564e-01
-3.715957912004497210e-01 -7.278498339800834604e-02 -8.106915400258853932e-01
-4.227539182805863105e-02 -5.956252489053903698e-01 -2.537898083869233323e-01
-5.476507121587176341e-02 -6.359509880761941014e-01 -1.364551334982635200e-01
-7.054447219323944918e-01 -2.071747999983372113e-01 8.768676675887383531e-01
-2.189943936890122456e-01 -2.867269419203144487e-01 2.352187130796832282e-01
-2.348444971287504957e-01 -3.961779979731675505e-01 -1.751519730142335751e-01
-2.414040231998643149e-01 -3.802541540683463950e-01 -1.040222739274699881e-01
-6.347931888044340276e-01 -1.286291490527926851e-01 -9.862126656925915280e-03
-4.943674938488083759e-02 -6.090623429056061244e-01 2.383610861211395149e-02
-5.153803872216748960e-01 -3.617475547354008780e-01 9.879171554033607805e-01
-6.277784875170684398e-01 -2.927066295676661323e-01 9.555185629505558165e-01
-7.872124423722866027e-01 -5.124763943345923140e-03 1.295392348917287828e+00
-1.493510405141023623e-01 -4.243186276328431150e-01 8.454321552038774890e-01
-2.698885686538584627e-01 -2.607080837224909908e-01 7.452297012379609509e-01
-4.291525933780241386e-01 -6.731043807828017422e-02 -6.755677016594285877e-01
-7.946291795701609928e-01 6.359204886595378747e-01 -4.792758961094937264e-01
-1.720880298563248756e-01 -3.554057680582306533e-01 -2.435803915192168434e-01
-1.062879780519576656e-01 -3.555189293833879161e-01 -2.816222662123304410e-01
-3.095281953578943313e-01 -8.139325170953773392e-02 -7.067386454303201671e-01
-2.928348355080383492e-01 -1.026328729441906701e-01 -7.175650627512728530e-01
-6.691561892791602073e-01 -2.635700176972308739e-01 1.040500385790830595e+00
-2.398734077904257633e-01 -3.434335022681014316e-01 -2.194886959505384372e-01
-3.605773165242029954e-01 -4.076080859829995795e-01 9.631818158211751246e-01
-3.733424847510411482e-01 -4.360487822196673635e-01 1.058057697373189443e+00
-4.521616289179080095e-01 -3.506970825752161458e-01 1.504033161162983578e+00
-7.268879671090302530e-01 -1.533568484070178539e-01 1.152002256588113838e+00
-4.028699453097235317e-01 -3.977182294582212174e-01 1.270184698419059011e+00
-7.507169852233730456e-01 -1.445767760654463885e-01 9.463111717212719931e-01
-8.094724330063483020e-01 9.496335719622682470e-03 1.008760850431653422e+00
-1.062915270955418212e-01 -3.350144221954786672e-01 -6.254915062046815244e-01
-1.784055642929765484e-01 -2.790435732105437938e-01 -6.349784471538058028e-01
-2.287940582565983205e-01 -2.181844612220599222e-01 -6.584158212473127936e-01
-1.527594692058865111e-01 -3.340956806424371095e-01 -2.635025010008933410e-01
-3.007195767480648207e-01 -9.235238918292769383e-02 -7.122918165128333534e-01
-2.764300348973428578e-01 -1.383881066394840875e-01 -7.695729083673281679e-01
-2.833166647433630336e-01 -1.052477709672308276e-01 -7.216281530442596459e-01
-1.341838759214696586e-01 -4.770935950022194838e-01 -2.253251082093042923e-01
-1.994973241610485948e-01 -1.833445270050459985e-01 -6.938230511519087873e-01
-1.491889785223016740e-01 -2.272487266161442032e-01 -6.835781919907675253e-01
-8.642495656915538671e-02 -2.653585715082311114e-01 -6.842501442455646288e-01
-9.822694751294862303e-02 -1.634474782060639786e-01 -1.056536984356388764e+00
-1.217116936482450784e-01 -2.463363692925250037e-01 -9.771067825530257434e-01
-1.178443049579546154e-01 -2.605474386114047247e-01 -9.256808740295472404e-01
-1.081583823610714479e-01 -2.469870578614365431e-01 -8.697251217169454929e-01
-9.696728832444792556e-02 -2.425720701215797748e-01 -8.217101449047943262e-01
-2.106775463881679911e-01 -1.788902199449725616e-01 -7.758968624472268871e-01
-2.285924988754080012e-01 -1.871852791513465286e-01 -7.973065389243367829e-01
-2.469037024881139963e-01 -1.956442271672509392e-01 -8.236742295623098453e-01
-2.599619603370577625e-01 -1.774915844589181058e-01 -8.526157292823770550e-01
-3.275870207182112193e-01 -2.084269293436745163e-01 -4.904202039154043069e-01
-8.888059547002817862e-01 6.752169256136664188e-01 1.380000793862289632e-01
3.214096255082769804e-02 -4.402426015823938110e-01 -3.232195871116440022e-01
-2.441855944929195998e-01 -1.368785850831472084e-01 -7.509280631202484013e-01
-2.603772856919223111e-01 -1.417943705662956522e-01 -7.602500677573333920e-01
-7.868398809300977681e-02 -3.559268044793612029e-01 -3.277407552483972974e-01
-2.098210110934964345e-01 -2.743460761555586158e-01 -2.824382451569307229e-01
-9.205226923346310208e-02 -3.571228317745511749e-01 -3.053190244911226925e-01
-3.056055359515416070e-01 -2.486207203465281568e-01 1.751780283437658903e-01
-4.417967848409494191e-01 -2.119567507727778688e-01 1.064962286570956818e-01
-2.550681786142164342e-01 -3.269303765065476597e-01 -1.489216498301089986e-01
-6.552476556442492495e-01 -1.913175383009979580e-01 1.429224440596119194e+00
-5.975257350871412410e-01 -2.853855705014423094e-01 1.245259667831389860e+00
-5.416117635263084651e-01 -3.595189896517836381e-01 1.084086217262966167e+00
-3.030773633641781206e-01 -1.083291698828511840e-01 -9.157288258605653652e-01
-1.728343891070240335e-01 -4.746848713205749082e-01 1.005430556273207543e+00
-2.010064551028454272e-01 -4.600062969253724265e-01 1.254507980187238969e+00
-2.326796522726307104e-01 -4.417643184266935030e-01 1.528213364177554823e+00
-5.619315925373660203e-01 -1.570069730411031705e-01 4.986912906467223516e-01
-7.599327529326427300e-01 -1.879079221141405354e-02 4.076213463618342248e-01
-2.080270629306358865e-01 -2.108857502639501780e-01 5.173617742303530109e-01
-6.706480014561386760e-01 -1.442566172631513932e-01 7.155456669712625395e-01
-1.610042731688371420e-01 -3.267135947381063499e-01 3.056840929361157588e-01
-1.861659202399000290e-01 -4.833592713511676298e-01 -1.460483973212972908e-01
-8.341472990024620948e-01 8.097977844084208732e-02 3.399007872341096581e-01
-7.078360493650706076e-01 -8.299443540700049415e-02 3.068284636326222836e-01
-6.044679150106146981e-01 -1.543438008606543843e-01 2.444251487634314657e-01
-4.442333305566132928e-01 -1.956683507405847511e-01 2.498823832269611023e-01
-3.251509571555160627e-01 -2.220207133335238003e-01 2.929918616630426964e-01
-2.360384984082140036e-01 -2.515002957102191461e-01 3.426395047688614026e-01
-4.922104959909698318e-02 -4.321471015493413281e-01 4.454931168515783302e-01
-8.184183774318380955e-01 8.961379662917967615e-02 8.363241302354768036e-02
-7.375033110858622010e-01 -1.069637240773935460e-01 7.463995697184413469e-01
-1.679318274853723938e-02 -5.489254710973643370e-01 -3.071764890915040791e-01
-2.127739069499022251e-01 -3.055438888806171205e-01 1.054597789086088588e-01
-9.205848632972075674e-01 5.426856586311059605e-01 6.617609101169510399e-01
-1.666167187315603093e-01 -2.723511266170888234e-01 3.996615564829514300e-01
-2.601732680009078424e-01 -2.455387579619213723e-01 -1.420829321544751778e-01
-6.215252996667319785e-01 -1.102836831534372564e-01 6.320805106941859153e-01
-1.906298370611988480e-01 -4.628073661524229054e-01 -5.982868489468537443e-02
-8.520772087626666824e-01 6.769223120338223598e-01 -1.598629739356748625e-01
-2.033146802498749239e-01 -1.971224549376322521e-01 5.596366816866062965e-01
-1.233674161989789242e-01 -5.532316105369861070e-01 -5.793540815226289054e-03
-6.364952894670026229e-01 2.423798149709824878e-01 -8.447932318177857614e-01
-6.284474521153873283e-01 4.053495970356404410e-01 -9.548269948321135292e-01
-8.831975576603001699e-01 3.847611461523053888e-01 1.049364325909885598e-01
-7.322357722794059498e-01 3.242107359387572663e-01 -6.622347409214164315e-01
-8.570525498408196885e-01 1.648109797984241842e-01 8.279780544352499660e-01
-3.072319654130367117e-01 2.817307513905598082e-02 -1.275616876751531459e+00
-2.338657335393162090e-03 -4.339593747489218778e-01 -3.165233547334045383e-01
-2.879910393616413322e-01 -2.621245190557692784e-01 2.632916845443446924e-02
-8.293045617126555413e-01 7.932557413143495606e-02 5.866535152760700145e-01
-4.845703859513985634e-01 -1.911554800428506562e-01 5.271405353949196737e-01
-4.144225125221840944e-01 -2.111383624365582579e-01 5.120624365144464951e-01
-2.896880850064245672e-01 -1.224361643061062377e-01 -7.792589452081308821e-01
-7.983909026137308018e-01 1.480501277829024132e-01 -1.538111700493734746e-01
-1.505674553542509786e-01 6.675048878871615854e-02 -1.428197563117750146e+00
-3.993499205738825220e-01 2.172764682648722356e-01 -1.250800003112314096e+00
-5.060146481482399317e-01 3.012142885902130418e-01 -1.131618668233397074e+00
2.815244190642137573e-02 -4.812252500305100877e-01 1.232639229403041936e+00
2.478308574712677348e-02 4.129492498215761587e-02 -1.453891718056852689e+00
-3.425547014606411533e-01 -2.167356504866017053e-01 5.197515384151195628e-01
-2.720739299368182817e-01 -2.098821860179865828e-01 5.394088132896543986e-01
-2.253154676380729748e-01 -1.963730675107469015e-01 5.505564004819087920e-01
-7.950711139656589932e-01 -2.742254864403234627e-02 7.930058208692725152e-01
-2.879864040964734695e-01 -2.364235579045215196e-01 6.597923114871082628e-01
-3.657292279565140802e-01 -2.523793923294811448e-01 7.038888406403251974e-01
-4.400460236731587038e-01 -2.483782392598143929e-01 7.146479508030505468e-01
-5.100422828594142199e-01 -2.253372944563317715e-01 6.990284039045722153e-01
-5.515433569956784687e-01 -1.951487707640048308e-01 6.708695275189433538e-01
-9.102480263920649239e-01 3.765735076385808844e-01 9.174772407104900829e-01
-5.304562253556521778e-01 -1.676775685964128071e-01 5.550541615198569811e-01
3.074607299557947926e-02 -3.567241872188653407e-01 -4.277061371053801908e-01
-2.447796638750849296e-01 -2.614938783436318026e-01 -4.423224786144347442e-01
-1.715655194939631478e-01 -3.888554614077378568e-01 -2.289593062425311354e-01
-8.724160684327958437e-02 -3.457176332348080861e-01 -4.276828865817076109e-01
3.030008543040978858e-02 -4.269358900158110037e-01 6.353242689325696579e-01
-5.284665470242571050e-01 1.811216416776707527e-01 -1.013915412180211861e+00
-4.237927907011558304e-01 1.108762810483844563e-01 -1.147124701592978857e+00
-1.604882627524158445e-01 -4.614089829847375923e-02 -1.369104354522750810e+00
-7.178580011680926187e-01 5.322524395034011757e-01 -7.485202998115854101e-01
-2.303859392216119906e-01 -2.139860972445813969e-01 5.978919829782713968e-01
-1.053953196583225227e-01 -4.338700120099631130e-01 2.472903293795969404e-01
1.822391905574907017e-02 -6.889021059649613754e-02 -1.392829551972051494e+00
-2.852538663848162015e-01 1.273679475943420569e-01 -1.355679328518559768e+00
-8.535188740202763746e-01 4.065854609767497463e-01 -1.623981245134584195e-01
-1.606764894653794074e-01 -2.145676633028155700e-01 -7.970127300478910826e-01
-1.785937550504909099e-01 -2.223553933431137164e-01 -8.332483333611286902e-01
-1.930277757114657877e-01 -2.324034451276602020e-01 -8.798275746818275955e-01
-2.017470145656089509e-01 -2.165501156880671463e-01 -9.283030585452738404e-01
-2.135470014855258558e-01 -1.458827730196110561e-01 -1.002016327054082945e+00
-2.514762838755141283e-01 -1.485056232894218509e-01 -6.997053444293691582e-01
-2.664297972929651204e-01 -1.508151207229939950e-01 -6.900420415654533457e-01
-2.791066654103847577e-01 -1.530572958629514702e-01 -6.791562475797964238e-01
-3.920249596679730164e-01 -1.413312427993725640e-01 -5.709993365562398004e-01
-6.962550055868530485e-01 -7.415634963682832259e-03 -2.496122368146714843e-01
-1.036466609842260911e-01 -3.742403180117833683e-01 3.846831595026177775e-01
-1.453548356388975060e-01 -2.634493834543811808e-01 6.442657788309116285e-01
-1.968365940275331738e-01 -2.330679779684446951e-01 6.373512256786324492e-01
-2.363326673556085389e-01 -1.397591326296090952e-01 -7.086859936299464424e-01
-7.017096761111409897e-01 1.502453798600300316e-01 -5.178517854374616869e-01
-7.736147062005929720e-02 -3.693367159742874106e-01 6.322730986186001489e-01
-2.572538443326061186e-01 -8.512543784836762439e-02 -1.084941569865392585e+00
2.796621230507014000e-02 -5.782530457262413659e-01 1.779370058069560390e-01
-4.759404218805585174e-02 -4.975134935980561890e-01 2.984942959769668613e-01
2.916630103720663225e-02 -5.203240442088070683e-01 3.162597613931571461e-01
-1.646250997977686259e-01 -4.065227298428081282e-01 5.812520469396172118e-02
1.589763996641559152e-02 -1.289494859068003318e-01 -1.294712253203409436e+00
1.582203066374862285e-02 -1.478721894077542343e-01 -1.172200250495331719e+00
-1.240737262916412065e-01 -1.278912321864229817e-01 -1.156857346005592424e+00
-4.459834328835756700e-01 -1.680345990215237686e-02 -8.340390942470661262e-01
-3.340000751173395344e-01 -2.129567554480218394e-01 -2.266053621880766977e-01
-3.624144223254691655e-01 -4.533703414608887539e-02 -9.786448650655528159e-01
-5.223484620442295778e-01 -1.805781178590819547e-01 -1.844176820645424542e-01
-4.128752585571002776e-01 -1.825956121338739857e-01 -3.346002517665672693e-01
-5.920472037041832891e-01 -8.981377800614759321e-02 -3.609191526617722134e-01
-1.508293517716315091e-01 -1.037083814738811172e-01 -1.273317753629493287e+00
-2.139279119539721497e-01 -3.382763712687847368e-01 1.149663110115217712e-03
-5.090246502450704869e-01 7.248801355483376618e-02 -9.040445662360019341e-01
-4.041270281860329661e-01 3.139829248223079128e-02 -1.050792515845613950e+00
-5.091172247676467588e-01 -2.649836502297458346e-02 -6.739353920044878210e-01
-7.742158629325111008e-01 2.036749205415494535e-01 -3.547754118320237682e-01
-6.070202386725750410e-01 5.859738172986585225e-02 -6.716554674186110407e-01
-8.100860873519468708e-01 4.028147635950004579e-01 -4.157090430822769633e-01
-4.798877791283354677e-01 -1.237974731422557262e-01 -4.735648620482367788e-01
-1.575483211616992563e-01 -3.662161459380293138e-01 1.786482940922928808e-01
-1.600680278372523802e-01 -4.953053807928279317e-01 -2.059783724970322139e-01
-2.085900618467628753e-01 -3.991913329435758939e-01 -2.184111000770021516e-01
-1.253499797413245298e-01 -5.632627155218585813e-01 -1.368766352940009867e-01
-2.138238825217870787e-01 -3.026384577340066606e-01 7.649187865151210186e-01
-3.539547156422606644e-01 -3.232232596247865963e-01 8.572093429058971203e-01
-4.747081063206568530e-01 -3.168785790721072582e-01 8.782894946838482042e-01
-5.728140216666550710e-01 -2.795537419455211836e-01 8.565667254705386924e-01
-6.388932666471769384e-01 -2.227453793461805498e-01 8.039966338556474579e-01
-6.799064057817203466e-01 -7.137666155289582037e-02 6.117358860880934834e-01
-9.029865803563543736e-01 3.340356708245357797e-01 3.594134654368830173e-01
-6.242241583631189528e-01 -1.141378111474887214e-01 4.239241557233400792e-01
-5.430863645921151228e-01 -1.595068087064852036e-01 3.749526923837905867e-01
-4.331444463255860189e-01 -1.946468712925377709e-01 3.647274771650375058e-01
-3.265802617060114543e-01 -2.159461298777566318e-01 3.866785381172797020e-01
-2.420039868888489432e-01 -2.229217932356916121e-01 4.232654549707812741e-01
-1.833351227299164221e-01 -2.336689586776349303e-01 4.572636813810893042e-01
-9.082740684053052238e-01 6.344285479445621601e-01 4.079120576759908134e-01
-2.080876396633749570e-01 -3.542614278159736951e-01 -2.433712865780525147e-01
-1.063108529822584802e-01 -4.833773821340597854e-01 1.246820796715069901e-01
-1.033949191462170403e-01 -5.578130356127536382e-01 -2.275610500276055159e-01
-6.133722202819172353e-02 -5.157193244855519110e-01 -2.807033331600661263e-01
-1.036325204917519782e-01 -5.152335899340720893e-01 -2.399624850836320489e-01
-1.855611108103751294e-01 -3.212054059901140457e-01 -2.750780481870136462e-01
-4.425812161409169165e-02 -5.366279184138322833e-01 -2.963146076943945495e-01
-3.176939517296170634e-02 -4.348517810726687527e-01 -3.074787263539985327e-01
-1.760431269718759073e-01 -2.071498438871380854e-01 5.538472397600217034e-01
-1.369998099647982415e-01 -2.516323518723010411e-01 5.181848990890980389e-01
-1.144806936423848620e-01 -3.053709563295021745e-01 4.868182693623543944e-01
-5.730536472735607845e-01 -1.646318668937520879e-01 6.493971407945362539e-01
-6.256840517521060629e-01 -1.658030438928320693e-01 7.040566697345933544e-01
9.871419121935559593e-02 -5.478662422099828122e-01 1.613488725905660170e-01
5.996622598421510464e-01 -1.606717271196845265e-01 5.436615271867255572e-01
1.125950383259389787e-01 -4.430540000107580090e-01 -2.964234976562789559e-01
8.822529805862617813e-01 1.545600028683318250e-01 1.022460738459767926e+00
3.659280945228720050e-01 -2.261130461762393962e-01 4.420549853639452742e-01
4.468291572829399261e-01 -2.200605242357015490e-01 4.299856397536352404e-01
5.237988893220721920e-01 -1.995509427239747779e-01 4.340431800852448951e-01
6.257694814493770519e-01 -1.430097435094147551e-01 5.065614559415581031e-01
2.990099056631287389e-01 -2.198377185783501053e-01 4.724235603327111566e-01
4.900869382435815158e-01 -3.002509636851824482e-01 7.830657347122853551e-01
3.945640195228545810e-01 -2.972878361999846675e-01 7.678210261790838764e-01
5.762560092040467374e-01 -2.736218542478330296e-01 7.603492056149976364e-01
6.294488258562926930e-01 -2.367858126785263861e-01 7.079251859684401182e-01
6.857655374185458452e-01 -9.356639956044712769e-02 4.247056351969789034e-01
3.204487802262596663e-01 -4.768893422034620189e-02 -1.194322072930731116e+00
6.287332347931628984e-01 -1.399636702032173718e-01 5.836877777741142914e-01
9.264647264997627474e-01 2.550365531974382316e-01 5.160188803299873284e-01
7.713259609021170249e-01 -2.492978951309658686e-02 5.176556991172510669e-01
4.304322099018791370e-01 -2.442707293463382001e-01 -9.606222022449337206e-02
7.771971855520061478e-02 -3.498462942118465424e-01 -5.896059389126760975e-01
7.104582278175979038e-02 -3.025887545480127616e-01 -6.705303305184067142e-01
1.699748157069402854e-01 -2.856202351017583796e-01 -6.223530914776237433e-01
2.317690088993847319e-01 -2.156294616304818001e-01 -6.579211154218911339e-01
1.451623720088979774e-01 -2.564894415696332697e-01 -6.766736580625616337e-01
2.044540314243606383e-01 -1.922084149528953678e-01 -6.915928129348727360e-01
3.763465151038301038e-01 -8.042647052787300910e-02 -8.430815212452005269e-01
9.694402843533483916e-02 -5.997775244038416886e-01 -2.602708864831280167e-01
1.074946449435041640e-01 -6.405553905924328273e-01 -1.441220828195541037e-01
7.272232708475865337e-01 -2.264065347378805271e-01 8.186537100517141674e-01
2.678194997197936300e-01 -2.892674583939207622e-01 2.128746506244999503e-01
2.856684585832480749e-01 -4.050373818046981711e-01 -1.961439515872499539e-01
2.904985026785654179e-01 -3.890708978115623440e-01 -1.257755677654937565e-01
6.645947754246892547e-01 -1.432557841668481435e-01 -7.021450221600661346e-02
1.033448895753335262e-01 -6.099358067975755304e-01 1.740370693437894717e-02
5.555552670098276025e-01 -3.801982570731997635e-01 9.444209223206661008e-01
6.594887863662775018e-01 -3.125392276679144210e-01 9.069782426033095035e-01
8.044323155643304801e-01 -2.995517063462677099e-02 1.208377195378081082e+00
2.074633599235973236e-01 -4.289345694167993051e-01 8.218796883531362951e-01
3.136058080504638967e-01 -2.648418014643424412e-01 7.112489903003593739e-01
4.397451643131715660e-01 -7.332225918700946421e-02 -7.161345594379521229e-01
8.478844256165665172e-01 6.106854289214314058e-01 -5.450404906848654862e-01
2.274371268265799606e-01 -3.646970117413821377e-01 -2.594172251836868170e-01
1.663776075584811887e-01 -3.668725291244696596e-01 -2.933405646905739017e-01
3.123777880948317431e-01 -7.216872134416342510e-02 -7.408789155271988669e-01
2.917336340829917996e-01 -9.649989626560377676e-02 -7.477096988669446054e-01
6.975722032177611442e-01 -2.841771940325341639e-01 9.810666079097394299e-01
2.886296302603581498e-01 -3.537342535664487198e-01 -2.405256547064880124e-01
4.112010619047621329e-01 -4.234492709378578912e-01 9.260908766047408758e-01
4.240842044754506990e-01 -4.527511094755425347e-01 1.014051601859167651e+00
4.889759610174411186e-01 -3.673922515734903138e-01 1.448152594804288817e+00
7.518465035101848937e-01 -1.741151109170964162e-01 1.079132390073777925e+00
4.463154056144613691e-01 -4.117906206947201664e-01 1.224302692398657300e+00
7.708679106479763288e-01 -1.639897820802207196e-01 8.729286264119626715e-01
8.322033039956060474e-01 -1.147112823639629894e-02 9.286219045881787260e-01
7.514056012456839240e-02 -3.350189518926691701e-01 -6.349314970777479861e-01
1.574758868658443500e-01 -2.743116197401171408e-01 -6.515980217904815408e-01
2.182155350187779952e-01 -2.107405307608699041e-01 -6.745921442229889653e-01
2.099173767766850940e-01 -3.446286270490700465e-01 -2.777721453010368879e-01
3.016703670789120384e-01 -8.549760182971952172e-02 -7.446927312784206165e-01
2.606175115163126277e-01 -1.341084128743683379e-01 -8.026720947574617071e-01
2.814988415482043704e-01 -9.874234216758207006e-02 -7.490245200979154250e-01
1.868445074140104301e-01 -4.800009710620284364e-01 -2.391962455684297773e-01
1.936477105411824606e-01 -1.756732128474630672e-01 -7.038181474281348660e-01
1.362580302740530880e-01 -2.191234447801846397e-01 -6.933581664444767867e-01
6.755180569464357132e-02 -2.604230225873123139e-01 -6.927276209071044910e-01
1.225548442399508053e-01 -1.667515881363225705e-01 -1.065540502550279989e+00
7.622503377584416429e-02 -2.449621693751553031e-01 -9.879393790950214971e-01
7.119099366777054128e-02 -2.573910183224489279e-01 -9.371155407545213034e-01
6.666246972636838408e-02 -2.429270438873319393e-01 -8.826653096866701187e-01
5.884727351323154609e-02 -2.376723800285322485e-01 -8.347888194684800478e-01
1.861209282619585847e-01 -1.727825016269045055e-01 -8.052386947590939315e-01
2.016499052157402772e-01 -1.837146328696716013e-01 -8.278823792519136582e-01
2.169303289880064600e-01 -1.933664305705245501e-01 -8.553128831088101514e-01
2.322062463731349724e-01 -1.756844599292877729e-01 -8.834188797116007130e-01
3.604921019706623930e-01 -2.162016574496711807e-01 -5.213445790891084730e-01
9.351349802172095327e-01 6.481490893060828373e-01 5.092435308363951751e-02
2.302505259878531718e-01 -1.286773101573394085e-01 -7.807792521824838960e-01
2.447693167476362452e-01 -1.363118688383329336e-01 -7.924664338187208390e-01
1.407879865514601869e-01 -3.623691352167756063e-01 -3.368414350920250211e-01
2.642139736574047326e-01 -2.876308056707932437e-01 -3.012622438352663412e-01
1.532706733567164858e-01 -3.665421974962219664e-01 -3.161953062191448227e-01
3.505545041656223937e-01 -2.527668379116556618e-01 1.448545399300623648e-01
4.810478973531169267e-01 -2.212618989116557078e-01 6.289502945825860281e-02
3.044832737127351474e-01 -3.367102383844734481e-01 -1.719044219194008072e-01
6.811582011901755607e-01 -2.150731744958900293e-01 1.352858427397499952e+00
6.304227400516466684e-01 -3.052497744603879237e-01 1.181920275284773281e+00
5.817638777083202761e-01 -3.787723165126152258e-01 1.032428218186604241e+00
3.124691492636900714e-01 -1.132030260361722163e-01 -9.357586578302972136e-01
2.338803032995924180e-01 -4.819958775332279233e-01 9.694383676614224399e-01
2.508221779300497944e-01 -4.682376281917762784e-01 1.229257771305021674e+00
2.781795325088564641e-01 -4.531497422799787289e-01 1.496901346087326168e+00
5.887343777329037131e-01 -1.688343899641290280e-01 4.577545487323894102e-01
7.689830592776925045e-01 -3.983430584025328403e-02 3.351614730759809868e-01
2.551193816699525718e-01 -2.104093936461085557e-01 5.017071162379391769e-01
6.982902977152432022e-01 -1.618859835892742238e-01 6.577160128328729538e-01
2.127988435030204739e-01 -3.276448723171483390e-01 2.888599769526156713e-01
2.370877503311064061e-01 -4.906448129425187155e-01 -1.648692628794378168e-01
8.643111795128839425e-01 5.902273898873479363e-02 2.582899226028515516e-01
7.164199345973643052e-01 -1.007151980319682671e-01 2.419978568409655306e-01
6.156312764136218085e-01 -1.687884284740679419e-01 1.909159605949182215e-01
4.643362213345825218e-01 -2.041184978158411267e-01 2.131937820567975095e-01
3.528456942242079730e-01 -2.270499564825739780e-01 2.693510246721163570e-01
2.700165762931988067e-01 -2.550608052177257834e-01 3.262839262315665456e-01
1.078148302855424789e-01 -4.326842446825488464e-01 4.379642503550926769e-01
8.516765028016575201e-01 7.009572809476501132e-02 5.905905839205367880e-03
7.547792768538614805e-01 -1.257911541690463209e-01 6.764747097447105784e-01
6.980854701420673158e-02 -5.498886046751447765e-01 -3.106496634682444080e-01
2.632336187061454780e-01 -3.085313466184259612e-01 8.446399048794087094e-02
9.503294967859488018e-01 5.186149305637725027e-01 5.673204584880715551e-01
2.087789929080352547e-01 -2.737291889956863233e-01 3.893802292710738522e-01
3.141559181912929044e-01 -2.554708208252324253e-01 -1.659149552316105947e-01
6.577693963602135874e-01 -1.242022626602565794e-01 5.792669268015665507e-01
2.397099609085361904e-01 -4.701766554460895531e-01 -7.838382738436774910e-02
9.045394919779927712e-01 6.486767663281458596e-01 -2.369957491186607257e-01
2.551446898266074848e-01 -1.945951988428605839e-01 5.418896620244725293e-01
1.729853970494757975e-01 -5.572087853994975859e-01 -1.877255535295858230e-02
6.710156644390117275e-01 2.185664042051795874e-01 -8.869789186834138306e-01
6.717956696420044338e-01 3.799468575016060612e-01 -9.922659338025363596e-01
9.299907355526022545e-01 3.610959689024128005e-01 2.165868652308376718e-02
7.711941394370056546e-01 2.997271982792948375e-01 -7.177260232383342320e-01
8.833684952871656559e-01 1.429143713253957781e-01 7.419831510059380353e-01
3.397853554407732624e-01 1.401387433122259704e-02 -1.287138414670425224e+00
6.729455788927479754e-02 -4.362705027325995966e-01 -3.197299429531769155e-01
3.342220984514558957e-01 -2.691357390047387499e-01 -1.869130164089891077e-03
8.341995581945655935e-01 5.881807275794359580e-02 4.978877067280458313e-01
5.206951001192066109e-01 -2.008746336377340569e-01 4.964195038010819072e-01
4.511607245709436942e-01 -2.179079227382108019e-01 4.884084961306534023e-01
2.765706684967667028e-01 -1.179163503228471133e-01 -8.133497073693134460e-01
8.344703984985510914e-01 1.279696645289431778e-01 -2.253958904666394369e-01
1.964207109957634145e-01 5.931499400437421909e-02 -1.431390537169415111e+00
4.437378070195121538e-01 1.996865584567762975e-01 -1.264146884155340711e+00
5.503984269411354990e-01 2.801753759881175920e-01 -1.153854719776465254e+00
3.822127002873749735e-01 -2.213090730027311714e-01 4.988136154822235824e-01
3.175643831780612936e-01 -2.107506821574132161e-01 5.195458576101890102e-01
2.759356730059933649e-01 -1.945271367214084224e-01 5.312285817489266204e-01
8.062160125403181610e-01 -4.615742640614366177e-02 7.077215354912629319e-01
3.301144711894944406e-01 -2.379087203340017886e-01 6.248326083071199522e-01
4.010273393941341524e-01 -2.581703053802074654e-01 6.621401096307506506e-01
4.743120160667346763e-01 -2.574855769687016682e-01 6.704073347096966007e-01
5.451799398015189091e-01 -2.376419872270004729e-01 6.527638123752348420e-01
5.873119576268770459e-01 -2.086454894479684574e-01 6.232304593383894975e-01
9.304925176755840521e-01 3.511986691173891728e-01 8.228714618972741146e-01
5.678246770025940915e-01 -1.790304086869568545e-01 5.176726192257854464e-01
2.906112455837024933e-01 -2.685341842417179326e-01 -4.655281012459671075e-01
2.263604167831724245e-01 -3.979163814347602690e-01 -2.454798037320993220e-01
1.442639111964965359e-01 -3.468803542003542351e-01 -4.373536806224803675e-01
5.621645220116513464e-01 1.587168913412665971e-01 -1.043650309323147285e+00
4.556698159900508527e-01 9.095272610067053898e-02 -1.166065864955783793e+00
1.938934157848299922e-01 -5.433712084820085941e-02 -1.375300504809919833e+00
7.675376388685544171e-01 5.072606040590817988e-01 -8.004588958533473964e-01
2.787414361724543377e-01 -2.115946133472582646e-01 5.740992213698867808e-01
1.600533983927563408e-01 -4.357831443651951631e-01 2.351255663090346948e-01
3.293008941411705859e-01 1.146160718808378609e-01 -1.361892696116230539e+00
9.009407268642906086e-01 3.824844290735688324e-01 -2.389310212214456053e-01
1.285338312099392755e-01 -2.082926926301087445e-01 -8.204700272372287273e-01
1.431459795803253221e-01 -2.177324170773063949e-01 -8.575145819068228370e-01
1.541630370946060757e-01 -2.283122259803047061e-01 -9.029591328387156501e-01
1.648607952964912804e-01 -2.131619370561672611e-01 -9.481510674582624976e-01
2.288136474259843123e-01 -1.473902291475802651e-01 -1.016123470652984917e+00
2.501257471807205590e-01 -1.407062104521432377e-01 -7.154471636026834558e-01
2.646626659015091088e-01 -1.410611460110402227e-01 -7.081049873816412932e-01
2.775592498756453974e-01 -1.428155192626497372e-01 -6.980482500807863033e-01
4.131284503982834977e-01 -1.458969389515511750e-01 -6.051874822908253071e-01
7.240749942347257662e-01 -2.636587594329458523e-02 -3.114051598918141095e-01
1.596641925833028886e-01 -3.751372907169669979e-01 3.719987966315005945e-01
2.003557381939848336e-01 -2.659019276802024878e-01 6.226111537742162749e-01
2.457285691368332192e-01 -2.313722923564037748e-01 6.131071064154867134e-01
2.359345778017438722e-01 -1.297983045994761109e-01 -7.230837811535546500e-01
7.337174249627411715e-01 1.280634764649166701e-01 -5.751278891488618150e-01
1.295434767573767076e-01 -3.696800776421650392e-01 6.194888067928647768e-01
2.773404378321107089e-01 -9.436149826662384998e-02 -1.098656149227403844e+00
1.039805174247974695e-01 -4.994791589585240166e-01 2.916103991345070368e-01
2.158228748520694129e-01 -4.118786711748286811e-01 4.066566852426598683e-02
1.510425052864095841e-01 -1.349611956560925752e-01 -1.164824371929277236e+00
4.578754236879616357e-01 -3.082445612483202674e-02 -8.717765900840857007e-01
3.782129945156931239e-01 -2.252359444812268574e-01 -2.574356256301416623e-01
3.771072051362891475e-01 -5.833189500285733409e-02 -1.001743516195769068e+00
5.522369824626046642e-01 -1.967687087182089511e-01 -2.328126472845983286e-01
4.456929674872479596e-01 -1.955108119612501971e-01 -3.729585003783301156e-01
6.164819124782706661e-01 -1.079158059497778432e-01 -4.138062840540421838e-01
1.799022206934120516e-01 -1.110697710990989073e-01 -1.281835520735292500e+00
2.637506756902922578e-01 -3.450539503835968747e-01 -1.921625695739796053e-02
5.330326252800496878e-01 5.282188152818641236e-02 -9.352659422356968122e-01
4.293503009174050034e-01 1.333397051287315421e-02 -1.072014384098372464e+00
5.236085462026720538e-01 -3.821916943021920476e-02 -7.217484215928530178e-01
8.106835776123508808e-01 1.813161532160649236e-01 -4.203037852277367037e-01
6.282378675151933933e-01 3.811788932109376471e-02 -7.192201613116391279e-01
8.562635768582391727e-01 3.805714364458460119e-01 -4.838342589033478580e-01
4.997820020164828181e-01 -1.360277211746670212e-01 -5.199228248243847883e-01
2.101695333422323175e-01 -3.677935442769257879e-01 1.617973645379138237e-01
2.106692423086411470e-01 -5.006942411253305636e-01 -2.219614807056813355e-01
2.598529457523033881e-01 -4.093870165053971055e-01 -2.376068846957787306e-01
1.779163999582805133e-01 -5.693895581697292485e-01 -1.507358504306024471e-01
2.664697770003869870e-01 -3.070629650223382079e-01 7.385145848307981264e-01
4.007209816152759174e-01 -3.351678490103469077e-01 8.251801374742369077e-01
5.175047859665409256e-01 -3.325163599858441676e-01 8.401744521330896109e-01
6.104522965973768756e-01 -2.971168203407956732e-01 8.123164159257265649e-01
6.708593069619344096e-01 -2.412666863559456143e-01 7.530401367432231208e-01
7.045924590000958165e-01 -8.807977811366851650e-02 5.496163428695781672e-01
9.397126663949701975e-01 3.126600966077346389e-01 2.712877537598031852e-01
6.444778810608120523e-01 -1.281191986336667199e-01 3.696014180348631273e-01
5.634899021893264859e-01 -1.715283200241349837e-01 3.302466989534222908e-01
4.576735655030039762e-01 -2.026827390986563060e-01 3.345278919978247334e-01
3.570692226734468733e-01 -2.203703242367941462e-01 3.673287165095284745e-01
2.803199688800416811e-01 -2.266819516327912565e-01 4.092548194656242533e-01
2.274381843879835774e-01 -2.353247849208484066e-01 4.463721860112761508e-01
9.457693346486539809e-01 6.113189542772010654e-01 3.159051342706943322e-01
2.589811519095632231e-01 -3.650706355924439039e-01 -2.616774115643368814e-01
1.611789463891501462e-01 -4.849275947405371490e-01 1.126833101940676873e-01
1.551145820306412404e-01 -5.633856170730258128e-01 -2.390079565280871510e-01
1.127946208270950157e-01 -5.213052377896559841e-01 -2.883315750460966331e-01
1.550338560518211839e-01 -5.203738032637728050e-01 -2.516626615442359993e-01
2.387422030630297343e-01 -3.331317235458509662e-01 -2.911903266417815717e-01
9.615534882396747918e-02 -5.409572777467663851e-01 -3.023143085126702712e-01
9.367990544115759044e-02 -4.394064405951489949e-01 -3.126660278228107215e-01
2.272151049174998549e-01 -2.066635126480491635e-01 5.373684108908298729e-01
1.861112358457677751e-01 -2.524554732640929000e-01 5.057539113353393123e-01
1.611669768436533867e-01 -3.071425664115078336e-01 4.771785022299106505e-01
6.105655770018167949e-01 -1.786574360846313603e-01 6.012334291724877877e-01
6.598087565694261691e-01 -1.836425170870611412e-01 6.512255855247033320e-01
-4.235287549785422545e-01 -2.012068863156735166e-01 6.273582316323539354e-01
-3.397948997842412666e-01 -2.090097782623845379e-01 6.248417553476370845e-01
-4.224913161364995950e-01 -2.120303282730373606e-01 7.283876937134812213e-01
-5.083933801768312222e-01 -1.933357757828633172e-01 6.296367101105169173e-01
-4.253198840252632174e-01 -1.903867301158970182e-01 5.263444436024600215e-01
4.587115519713111933e-01 -2.095202832894375033e-01 5.885661243223613281e-01
5.406829111492952311e-01 -2.169476600833090130e-01 5.844649785284139476e-01
4.575290704014842724e-01 -2.205281579494720035e-01 6.881036182524009615e-01
3.760889087001211273e-01 -2.021255684906306804e-01 5.932616788212348169e-01
4.602032076836426455e-01 -1.985336878213972422e-01 4.889918917223107231e-01
