-1.207412248206378436e-02 -2.339557097189658430e-01 -3.943661039533081780e-01
1.851048226957363596e-02 -3.911513968291768784e-01 -1.698167923258583345e-01
2.086941652127718982e-02 -2.454862885751761814e-01 -2.206523369723890626e-01
-2.756994072263749262e-02 -3.547791230138014340e-01 1.083647684777561127e-01
1.834350865042057299e-02 -4.192857869956656547e-01 -9.187974180538024949e-02
1.748550504580437953e-02 -4.116635676590651993e-01 1.891835111811331072e-02
1.932914427908161148e-02 -3.026126708805337850e-01 3.010399494370887830e-01
-3.629215820774245316e-01 -9.571597351336197379e-02 3.796306078571460851e-01
1.971325035082446830e-02 -2.896308713703388271e-01 5.154524181409270156e-01
1.890186257425593291e-02 -3.125524965780335229e-01 6.188876260705966637e-01
1.775032097315505653e-02 -3.029443974136764028e-01 9.826860513674540165e-01
-1.114593598952456910e-02 -2.250024853381240031e-01 -4.163128153817494681e-01
-9.720172650725295710e-03 -2.063198332237530797e-01 -4.374659046160431775e-01
-7.606845011770318327e-03 -1.781099151778861578e-01 -4.521288119186166465e-01
-1.360967272541081449e-02 -1.609556123639093728e-01 -5.357897266183002660e-01
-1.440191036605026342e-02 -1.636693130595950341e-01 -5.690407207929886191e-01
-1.590404671806740916e-02 -1.714699815057607601e-01 -6.049625767889856842e-01
-1.570435037700715353e-02 -1.621668611706872931e-01 -6.383010584657822228e-01
9.692180777864906061e-03 -1.098195556214116020e-01 -6.877455185515839453e-01
1.762880537850286533e-02 -3.583884732677997675e-01 -2.033597202700053730e-01
-3.397996187825261249e-02 -2.835502393136520860e-01 -1.871725265474434297e-01
-5.630677280088425274e-01 1.164121737682266566e-01 7.215310229101712380e-01
-2.156103521674668233e-01 -1.440854500391136606e-01 2.980819257499718322e-01
-2.708257628954824359e-01 -1.381948998936038953e-01 2.930655073433113822e-01
-3.222400349846499257e-01 -1.229500816126827267e-01 3.021813331433458316e-01
-3.850752355598563437e-01 -8.447466274695836219e-02 3.594696608403815663e-01
-1.669547399957754807e-01 -1.403904244116682687e-01 3.170549753677405214e-01
-2.935237738487639358e-01 -1.874992110448531202e-01 5.302079212785277829e-01
-2.304647059473308168e-01 -1.869356960377210886e-01 5.183991419260611799e-01
-3.493051037661398794e-01 -1.674342604680051361e-01 5.183183780599762702e-01
-3.846550857350750086e-01 -1.417020450067030257e-01 4.887368066980641856e-01
-4.314212384399551681e-01 -5.021078441785239987e-02 3.147072111953090889e-01
-1.904488301111696980e-01 -2.221815690133856908e-02 -7.631206172273117261e-01
-3.805796172503872477e-01 -8.180169760772618148e-02 4.083495112608273026e-01
-5.809033183661604927e-01 1.801941666121187335e-01 3.917034967001506995e-01
-4.903683955155557772e-01 -3.294769526652844074e-03 3.826973150163758275e-01
-2.522776235400592260e-01 -1.510187066706275560e-01 -3.775100079956572596e-02
-7.260058679941333581e-02 -2.243318816147532591e-01 -3.779953292700152234e-01
-6.288180627652942278e-02 -1.954587314321222236e-01 -4.305753171252366673e-01
-1.248668154192821844e-01 -1.864773577611007482e-01 -3.935839559459343162e-01
-1.565308664878645728e-01 -1.448926307653325973e-01 -4.159400072745131904e-01
-1.057493549375162489e-01 -1.693991214149260238e-01 -4.313000887632405522e-01
-1.365937704936195374e-01 -1.294299063208068645e-01 -4.410594179107218960e-01
-2.399408691919662218e-01 -4.749471311873124102e-02 -5.230978182578709390e-01
-2.735112451018577306e-02 -3.853614143536197023e-01 -1.642005415962032311e-01
-3.543163558956258230e-02 -4.114444327757510456e-01 -8.828306920904518962e-02
-4.564051458559037489e-01 -1.340369299977134387e-01 5.672085915163957992e-01
-1.416839124112653781e-01 -1.855051823047015880e-01 1.521806419463909155e-01
-1.519385341375842358e-01 -2.563203811205337912e-01 -1.133192512929043216e-01
-1.561823839533876823e-01 -2.460149565999714127e-01 -6.729981758752112686e-02
-4.106953655149570004e-01 -8.321985211186441744e-02 -6.380550121914088657e-03
-3.198434429145298463e-02 -3.940481497794967591e-01 1.542136817130905502e-02
-3.334382602748042768e-01 -2.340416482665946818e-01 6.391577672738346649e-01
-4.061570286833682264e-01 -1.893738911177555995e-01 6.181963882666929866e-01
-5.093068222217667085e-01 -3.315594474683155463e-03 8.380865498704010985e-01
-9.662639936244693528e-02 -2.745235723128763849e-01 5.469735248002538519e-01
-1.746111746415618393e-01 -1.686716297929574671e-01 4.809051260284376017e-01
-2.758482586682305948e-01 -4.468928549802013428e-02 -4.384675791173717752e-01
-5.141052662632761283e-01 4.114246998327145688e-01 -3.100795547380047479e-01
-1.113430758583792146e-01 -2.300406738592836176e-01 -1.576352375084860702e-01
-6.881143002000245090e-02 -2.301923086469891411e-01 -1.823134692187913242e-01
-1.984158139267747645e-01 -5.384572283159280714e-02 -4.572944949760830990e-01
-1.879226333998464948e-01 -6.742713831821824100e-02 -4.634482751943356238e-01
-4.329273700308500228e-01 -1.705232297164682720e-01 6.731778062484372605e-01
-1.551921139471418298e-01 -2.222259242194559725e-01 -1.420124047689077518e-01
-2.332845333221311712e-01 -2.637122685183901361e-01 6.231546193037451609e-01
-2.415432788840599088e-01 -2.821126898562703600e-01 6.845369479144520763e-01
-2.925372999197206614e-01 -2.268922683063473444e-01 9.730719544011168232e-01
-4.702783908291707782e-01 -9.921805719019100023e-02 7.453167365178980930e-01
-2.606468096414016333e-01 -2.573137779359940813e-01 8.217778296758515566e-01
-4.856951714073687310e-01 -9.353756930348122722e-02 6.122397332159912331e-01
-5.237084811416325980e-01 6.143892179175387824e-03 6.526431170881947796e-01
-6.916935429650430955e-02 -2.155296215293522333e-01 -4.074538058567882537e-01
-1.155549727780746383e-01 -1.800140372930214006e-01 -4.134371139282579932e-01
-1.473232975922046939e-01 -1.413456419353212867e-01 -4.283016944103781309e-01
-9.886133864443075181e-02 -2.162858492313559644e-01 -1.705331604691571190e-01
-1.928594176912736824e-01 -6.086196519237511982e-02 -4.604773865475153549e-01
-1.783112920271322510e-01 -8.999119754438533736e-02 -4.942412838469034675e-01
-1.819339857942360306e-01 -6.902054584303342344e-02 -4.657011969640432181e-01
-8.681362204212214606e-02 -3.087223514712191808e-01 -1.458163162902649246e-01
-1.285405995076334129e-01 -1.187128080565742483e-01 -4.507736592083373406e-01
-9.670641120845141492e-02 -1.462799553018815923e-01 -4.447735351448711683e-01
-5.643463648502361485e-02 -1.701251090637129759e-01 -4.457678937751381465e-01
-6.397317601106426721e-02 -1.055651517376685611e-01 -6.805071257442922850e-01
-7.918319593681732993e-02 -1.591284727642597874e-01 -6.266249463998769809e-01
-7.666615495234208044e-02 -1.682971839735810660e-01 -5.922737590847058087e-01
-7.039509864085935487e-02 -1.595115436210989279e-01 -5.555563861430810046e-01
-6.310189581130357106e-02 -1.566643233976753313e-01 -5.243031015743637724e-01
-1.364285438219025592e-01 -1.158381093465546963e-01 -4.961519546345978249e-01
-1.481610825229440209e-01 -1.211690302626683424e-01 -5.100235588028236844e-01
-1.601849145781343298e-01 -1.265913966398004575e-01 -5.273056729392908704e-01
-1.687969500493436970e-01 -1.148212554734736601e-01 -5.463203743201840989e-01
-2.114527680917066554e-01 -1.352104782064811883e-01 -3.185568335914154003e-01
-5.750352916120526903e-01 4.368485153236623120e-01 8.928261096804754327e-02
2.077088206872866605e-02 -2.849861926552507141e-01 -2.093402236900435698e-01
-1.574490752838741403e-01 -8.899271135449143832e-02 -4.818584632927656042e-01
-1.679344539924166879e-01 -9.218190422746938562e-02 -4.879753477215913460e-01
-5.099926772136989528e-02 -2.304583761744808390e-01 -2.122542509985914094e-01
-1.358039282179101526e-01 -1.775836577040456055e-01 -1.827493398698836202e-01
-5.962427004214165827e-02 -2.312377051939422667e-01 -1.976927618485414540e-01
-1.977191619327217653e-01 -1.608514070694705422e-01 1.133358168204582905e-01
-2.858315042341852408e-01 -1.371307329178145240e-01 6.890040490359833347e-02
-1.650227518107047486e-01 -2.115158020680407702e-01 -9.634859444136270601e-02
-4.239288955580455820e-01 -1.237776770572074359e-01 9.246725774405994969e-01
-3.865842521694251577e-01 -1.846373484418295519e-01 8.056519551930458878e-01
-3.504093067028257735e-01 -2.325998222235114987e-01 7.013767512999897757e-01
-1.969152224798556006e-01 -7.008981280165155203e-02 -5.890306414796060430e-01
-1.118195403790503417e-01 -3.071092761700755513e-01 6.504885009655403394e-01
-1.300461646490058687e-01 -2.976126045252047714e-01 8.116353826941120619e-01
-1.505379334929210500e-01 -2.858104992736643091e-01 9.887159428534797456e-01
-3.635557294277058649e-01 -1.015795968179147857e-01 3.236719956074468607e-01
-4.916575433335512724e-01 -1.215717433027047045e-02 2.637208476528679624e-01
-1.345883228649785712e-01 -1.364378222924372830e-01 3.356536262996278053e-01
-4.338925353131961593e-01 -9.333043468631832540e-02 4.621388246893851637e-01
-1.041657503337151125e-01 -2.113755496689961877e-01 1.977732663093739740e-01
-1.204447086197532601e-01 -3.127213967063668942e-01 -9.448967141805938996e-02
-5.396725042093541980e-01 5.239189782912029303e-02 2.199073344105156869e-01
-4.579522750805864462e-01 -5.369533021800551587e-02 1.985103656504644265e-01
-3.910756694867900674e-01 -9.985659067424554336e-02 1.581369774465781752e-01
-2.874078885605091394e-01 -1.265925442244630883e-01 1.617647216852602376e-01
-2.103645624056064700e-01 -1.436418657644017438e-01 1.899658653799045638e-01
-1.527110231947181873e-01 -1.627144205317704317e-01 2.222596580670924693e-01
-3.184479183559532633e-02 -2.795883997452813796e-01 2.882229383015009194e-01
-5.294962841308592516e-01 5.797789202987568835e-02 5.410808568364139370e-02
-4.771462537040749297e-01 -6.920286234852643381e-02 4.824752601091091275e-01
-1.086477054295961406e-02 -3.552007772748546621e-01 -1.988134901370819385e-01
-1.376594125898175647e-01 -1.976792778149133456e-01 6.822984717777053065e-02
-5.955954531135676522e-01 3.511040900596229530e-01 4.281428076415545458e-01
-1.077968626746597658e-01 -1.762043882434838338e-01 2.592804153006366130e-01
-1.683256173559424806e-01 -1.588574542508630616e-01 -9.192411461866992206e-02
-4.021113720583113782e-01 -7.135079338285268968e-02 4.086020240643907231e-01
-1.233327515018839415e-01 -2.994248264745341670e-01 -3.870766753116919312e-02
-5.512727087680802107e-01 4.379518578161822884e-01 -1.034273580412598814e-01
-1.315395287669093860e-01 -1.275333133839873234e-01 3.625680876383898799e-01
-7.981564229430429536e-02 -3.579270579948112818e-01 -3.748276599197991610e-03
-4.117965822042435331e-01 1.568136968993577574e-01 -5.465601573000744562e-01
-4.065898320988248216e-01 2.622510824815738051e-01 -6.177492584390875674e-01
-5.714067985643778158e-01 2.489308686839427631e-01 6.789125574006499297e-02
-4.737382874346884876e-01 2.097562630118662286e-01 -4.284493655196008888e-01
-5.544916303927782675e-01 1.066285946083850300e-01 5.356811567954755660e-01
-1.988995333181044489e-01 1.821840284547572575e-02 -8.253111154504619851e-01
-1.539397821887469181e-03 -2.809265499901036911e-01 -2.049967578235278864e-01
-1.863230218308156716e-01 -1.695880281368411513e-01 1.703431554694557343e-02
-5.365393739294344044e-01 5.132166845041483128e-02 3.795501970345921405e-01
-3.135049576553416983e-01 -1.236728294048722310e-01 3.419264562915340644e-01
-2.681210325814642470e-01 -1.366012560695989420e-01 3.323488102291610735e-01
-1.868761485896031638e-01 -7.968494478000190395e-02 -5.009675468763123973e-01
-5.165390072793929477e-01 9.578474111649090683e-02 -9.951199211017772162e-02
-9.741338943449473486e-02 4.318590213814603451e-02 -9.240082133157856425e-01
-2.583694595106510450e-01 1.405724564307118118e-01 -8.092364257924444804e-01
-3.273788606153238412e-01 1.948781337983666040e-01 -7.321290630874166538e-01
1.821392797341173792e-02 -3.113407381206079183e-01 7.974868462021140747e-01
1.603403854832548270e-02 2.671678668955299041e-02 -9.406316909151390959e-01
-2.216243507436044258e-01 -1.402225618777702687e-01 3.372329465636286772e-01
-1.760250489028433729e-01 -1.357885412477083387e-01 3.497192954389236608e-01
-1.457734896495560539e-01 -1.270484784036740589e-01 3.568002714983864454e-01
-5.143911867981743047e-01 -1.774170537669864101e-02 5.130518061761746296e-01
-1.863200229298256350e-01 -1.529601470879327074e-01 4.261871900081171116e-01
-2.366176915634454758e-01 -1.632831741254420210e-01 4.541974144621017118e-01
-2.846988054112986610e-01 -1.606945278522786680e-01 4.610316275550847553e-01
-3.299846398502614964e-01 -1.457876110567496442e-01 4.511100539208161564e-01
-3.568348000477228332e-01 -1.262563889345841295e-01 4.332234658783766790e-01
-5.889077773698792040e-01 2.436336707123772927e-01 5.935848987839942303e-01
-3.431919516534709391e-01 -1.084832060864765468e-01 3.596572593963516251e-01
1.967102801982288651e-02 -2.305446866002804907e-01 -2.774078173958031135e-01
-1.585733625774022326e-01 -1.691984857878237047e-01 -2.867239819543364598e-01
-1.109986133768114946e-01 -2.516659079681516920e-01 -1.481745745260353297e-01
-5.666739643377943780e-02 -2.235041557188078842e-01 -2.773433021389378750e-01
1.960339978507603248e-02 -2.762168758170396865e-01 4.110389611161530121e-01
-3.419628294544920788e-01 1.171771579623727133e-01 -6.560129519453858915e-01
-2.743679631342681446e-01 7.172140265748258581e-02 -7.422228677704258981e-01
-1.038367639683193677e-01 -2.985234745925782751e-02 -8.857659050853161631e-01
-4.644362280144032074e-01 3.443540574210868233e-01 -4.842739707170862218e-01
-1.490539583392985756e-01 -1.384436694862795081e-01 3.868679499724181348e-01
-6.818814394049174665e-02 -2.807030798550463890e-01 1.599906778661410733e-01
1.179042124225069404e-02 -4.457024857909552829e-02 -9.011040169756472373e-01
-1.845521391622223506e-01 8.240388665015291325e-02 -8.770907236664293727e-01
-5.522054302439349804e-01 2.630506562179265595e-01 -1.050675371095773358e-01
-1.044225536168605084e-01 -1.386585952205302008e-01 -5.089485463029985723e-01
-1.160957496008668821e-01 -1.436894666369783469e-01 -5.325297981835803718e-01
-1.254783344638190634e-01 -1.501912993441909538e-01 -5.627341499039539841e-01
-1.311716549187234016e-01 -1.399492195927274363e-01 -5.947306589948346822e-01
-1.388742084912932828e-01 -9.429282436341102080e-02 -6.446641621613713458e-01
-1.611713609358017552e-01 -9.688785162795732209e-02 -4.541229775777470001e-01
-1.706330261970161466e-01 -9.853757394183518259e-02 -4.480917474668792977e-01
-1.786788905611840228e-01 -1.001110317220746948e-01 -4.412354073494387796e-01
-2.519521617036557526e-01 -9.260947125978322148e-02 -3.714721590596354872e-01
-4.504596285125006538e-01 -4.797730778240499872e-03 -1.614928935023435264e-01
-6.705680537860275736e-02 -2.421241546175983972e-01 2.489115869160464234e-01
-9.404095444772442303e-02 -1.704451823691832679e-01 4.164965520567356361e-01
-1.273483685026777223e-01 -1.507891705357783385e-01 4.119784889820035101e-01
-1.515774890189927060e-01 -9.109339911225189379e-02 -4.597100702554223206e-01
-4.539886643374679842e-01 9.720501476544565755e-02 -3.350371932997114888e-01
-5.005094259583828253e-02 -2.389516463634971943e-01 4.090206815976339394e-01
-1.670758794984251727e-01 -5.507490865689484982e-02 -6.998194461768438845e-01
1.809344206470074601e-02 -3.741153026892984901e-01 1.151208055766892446e-01
-3.079215860770645463e-02 -3.218788255852339519e-01 1.931183669775599077e-01
1.886986955193237225e-02 -3.366366830826084122e-01 2.046121801458883338e-01
-1.065083348826073584e-01 -2.630100701574572541e-01 3.760555809724873411e-02
1.028566092176254332e-02 -8.342021742324701172e-02 -8.371744585045770570e-01
1.016512502371343454e-02 -9.557199204056812669e-02 -7.561730049151011990e-01
-8.057284156780764039e-02 -8.268961359373674935e-02 -7.464570974734907605e-01
-2.885990631604622436e-01 -1.103030441348655868e-02 -5.390305168054394525e-01
-2.160897207966083755e-01 -1.377777110090405710e-01 -1.466080192617708056e-01
-2.352275792627419593e-01 -2.937747033408803776e-02 -6.313959347975146574e-01
-3.379464309462232308e-01 -1.168295398030594345e-01 -1.193136421100637889e-01
-2.671512256903398885e-01 -1.181348082955752110e-01 -2.164816096184932759e-01
-3.830397789638340100e-01 -5.810727499453022249e-02 -2.335056927799533666e-01
-9.772838959397681102e-02 -6.710110721323281346e-02 -8.234727266670953671e-01
-1.384060250540206094e-01 -2.188563777833912871e-01 7.438033670731369895e-04
-3.295742808879792429e-01 4.688075737405202059e-02 -5.847310832258916236e-01
-2.619762465926966932e-01 2.027816083750873244e-02 -6.795674019390103293e-01
-3.286106790568459335e-01 -1.767009142446820252e-02 -4.366441966843624956e-01
-5.008983593749682939e-01 1.317725952535570011e-01 -2.295308456483152737e-01
-3.927265534554061910e-01 3.790963070720358707e-02 -4.345282305029132264e-01
-5.241055002026595577e-01 2.606111078669329784e-01 -2.689533857760828539e-01
-3.101941874911969821e-01 -8.049422971773420588e-02 -3.068036115385696094e-01
-1.019298355542153089e-01 -2.369327153568967503e-01 1.155809913623671026e-01
-1.035600229480904133e-01 -3.204687890923835214e-01 -1.332717142648259800e-01
-1.349525691261566074e-01 -2.583061330581162274e-01 -1.413237291372335669e-01
-8.109831147387405736e-02 -3.644169328090640647e-01 -8.855577007089618369e-02
-1.383387206052189011e-01 -1.957995363057407623e-01 4.939840383115432498e-01
-2.289998756764000110e-01 -2.091173898770892770e-01 5.535378809538444855e-01
-3.071243086357977603e-01 -2.050125397548535622e-01 5.672540137634212165e-01
-3.705963897368713678e-01 -1.808643007742805064e-01 5.532483551676938838e-01
-4.133480136497558188e-01 -1.441107066061014796e-01 5.192533126612837169e-01
-4.398824920670507677e-01 -4.617892020663158514e-02 3.957012764386378390e-01
-5.842098028383313491e-01 2.161127503316373488e-01 2.325315501066447244e-01
-4.038574663427718647e-01 -7.384431795271900745e-02 2.749820227053701993e-01
-3.513633368253776812e-01 -1.031969281636638258e-01 2.435491375362311972e-01
-2.802336569481755912e-01 -1.259316724906756058e-01 2.372068173642185585e-01
-2.112892868121544754e-01 -1.397117617293913705e-01 2.514853857210159749e-01
-1.565705455009419600e-01 -1.442248419939923254e-01 2.750715325346582141e-01
-1.186132532125974692e-01 -1.511779900700477297e-01 2.969397244699352179e-01
-5.876306757702065564e-01 4.104594519704074518e-01 2.639089306246650279e-01
-1.346300557279044297e-01 -2.292645035445228796e-01 -1.574809555054178523e-01
-6.878047117359134544e-02 -3.127331139313321851e-01 8.066619634612662293e-02
-6.689393468622614747e-02 -3.609041215116545187e-01 -1.472339630890129314e-01
-3.968365329814690923e-02 -3.337377638267821078e-01 -1.816967388762673608e-01
-6.704765683254454434e-02 -3.333924608265648182e-01 -1.552883755133426247e-01
-1.200912997828549877e-01 -2.079223731640204020e-01 -1.780076994559487424e-01
-2.863390124527627478e-02 -3.472499315099963901e-01 -1.917870633337082076e-01
-2.057403745251384919e-02 -2.815013045646607148e-01 -1.991250769698725831e-01
-1.138955137724148581e-01 -1.340207840160118069e-01 3.588724252789398106e-01
-8.863546127127966412e-02 -1.627998575760097877e-01 3.359662939598182518e-01
-7.406615437764232923e-02 -1.975673947661626961e-01 3.155070618727302545e-01
-3.707514215298246540e-01 -1.065127130249809984e-01 4.196221322086506333e-01
-4.048019809651359768e-01 -1.072704353417969214e-01 4.545829756880848116e-01
6.386562042466487066e-02 -3.544557984648671889e-01 1.043886972770309840e-01
3.879665304147905669e-01 -1.039506013314636657e-01 3.513784862697888478e-01
7.283536309052107693e-02 -2.867902827610261385e-01 -1.919415704350582175e-01
5.707956807491254558e-01 9.999646812776097349e-02 6.615066030556755461e-01
2.367463532734315201e-01 -1.462895030772931593e-01 2.844389812999361666e-01
2.890873237292923559e-01 -1.423736722925644793e-01 2.764776409403659763e-01
3.388848212307005170e-01 -1.291044844309530149e-01 2.791692330675816791e-01
4.048572518492055128e-01 -9.252373831139804050e-02 3.269407171215477081e-01
1.934519535885317887e-01 -1.422295225875919167e-01 3.044259968695659513e-01
3.170740294412055515e-01 -1.942548871848304159e-01 5.081387478510093203e-01
2.552730827534321900e-01 -1.923378175831658154e-01 4.983373787803020427e-01
3.728232698526290356e-01 -1.770265173368368306e-01 4.933625093248048543e-01
4.072376959413981368e-01 -1.531945168944198743e-01 4.593037662861547687e-01
4.436732041471824761e-01 -6.053512742879194053e-02 2.742131797146343253e-01
2.073326991358208637e-01 -3.082915638985656015e-02 -7.721100554854751774e-01
4.067747263657717216e-01 -9.055300483167966208e-02 3.777770038489860482e-01
5.993995779998151363e-01 1.650022909545828531e-01 3.338513493959888168e-01
4.990286648167918671e-01 -1.612895229967849231e-02 3.347723053940768745e-01
2.784789076076932268e-01 -1.580370713530232507e-01 -6.214986145924408789e-02
4.972406389327817255e-02 -2.253010688334935452e-01 -3.840060451702421718e-01
4.520843345073764785e-02 -1.942109941729860956e-01 -4.373209068943588740e-01
1.087865696940697458e-01 -1.842865006402772954e-01 -4.055612301703180878e-01
1.478058269855320739e-01 -1.393169134746149451e-01 -4.287311405705129808e-01
9.265268865029396839e-02 -1.650873348932142548e-01 -4.411818654002896967e-01
1.301862558473185216e-01 -1.240328677755460629e-01 -4.503847574480328575e-01
2.403181558449118960e-01 -5.229146718710493691e-02 -5.450351096332926026e-01
6.272036923982843293e-02 -3.880485592181024401e-01 -1.683943828464440351e-01
6.954635505639281123e-02 -4.144233663997021200e-01 -9.324339396527167589e-02
4.704953239877074367e-01 -1.464793828589661118e-01 5.298469095185951439e-01
1.732725386304354021e-01 -1.871488331190551690e-01 1.377245912353858293e-01
1.848203699773565134e-01 -2.620539603356584202e-01 -1.269012702728590236e-01
1.879452880769280632e-01 -2.517191699691972984e-01 -8.137365660455458949e-02
4.299762489992031700e-01 -9.268292048209281209e-02 -4.542703252809959791e-02
6.686156680127883223e-02 -3.946132591390538735e-01 1.125976419636438158e-02
3.594304057957575793e-01 -2.459787926378215195e-01 6.110167889844086986e-01
4.266728013887943760e-01 -2.022050875917336121e-01 5.867971704069274708e-01
5.204476508246180799e-01 -1.938024880261052241e-02 7.817899151263658641e-01
1.342236210745362257e-01 -2.775099715553258628e-01 5.317356659942040764e-01
2.028951385056182444e-01 -1.713460421037177328e-01 4.615705706143637954e-01
2.809466730865215478e-01 -4.809184424311102601e-02 -4.659843270915436930e-01
5.485600826134806596e-01 3.950982459624552412e-01 -3.526276076841056151e-01
1.471381358947599360e-01 -2.360398861234278556e-01 -1.678852954282106236e-01
1.075950201518441895e-01 -2.375115418572366632e-01 -1.899008705684342990e-01
1.977726186123801577e-01 -4.720478268441254122e-02 -4.810020184407557409e-01
1.845333487999801791e-01 -6.286351125368704051e-02 -4.846934291459347177e-01
4.513118225372980685e-01 -1.838555589955492842e-01 6.347256326920265312e-01
1.867361742199535879e-01 -2.288887274028359453e-01 -1.556263233797614554e-01
2.660368343541608116e-01 -2.739611202073610752e-01 5.991577052773007228e-01
2.743719063750427178e-01 -2.929186791426729997e-01 6.560661025064695728e-01
3.163552548764880790e-01 -2.376936263785628389e-01 9.369186212673907832e-01
4.864259415760463501e-01 -1.126481354572383964e-01 6.981717486250345051e-01
2.887549392094346246e-01 -2.664182641914758509e-01 7.920933157814946668e-01
4.987323177231772764e-01 -1.060973003053033159e-01 5.647630560875138706e-01
5.384147879105960488e-01 -7.421533971264718949e-03 6.007952184369336202e-01
4.794845201168317084e-02 -2.154142225585151671e-01 -4.139467923569204455e-01
1.006442578041987779e-01 -1.767811126121058840e-01 -4.247906101918028643e-01
1.390860673291314242e-01 -1.360754519952152575e-01 -4.395010402124046589e-01
1.357800823976860194e-01 -2.230778359984256776e-01 -1.797695418402660561e-01
1.908728320477751650e-01 -5.579101992468224469e-02 -4.831225226833475439e-01
1.661134269474180414e-01 -8.674015962927425494e-02 -5.158600892089419965e-01
1.780373803796515553e-01 -6.426723368544426385e-02 -4.852558572063278008e-01
1.208837376018220833e-01 -3.106047855780952327e-01 -1.547964348247368171e-01
1.232421064484083839e-01 -1.133108772438756739e-01 -4.581525054440322986e-01
8.683532305695457199e-02 -1.409129731613323333e-01 -4.519267519666585464e-01
4.290224296060231313e-02 -1.669272984029008811e-01 -4.517102266443346892e-01
7.923098253117513701e-02 -1.076161226069324850e-01 -6.860673750859160869e-01
4.920266812961066050e-02 -1.580998873321736720e-01 -6.336083188231778074e-01
4.593669879192846528e-02 -1.661071145525364612e-01 -5.995660380455893890e-01
4.295580611122462589e-02 -1.567346317151788182e-01 -5.636698102289299239e-01
3.783998639377592066e-02 -1.533567072316563418e-01 -5.324889625823636674e-01
1.193572065315366970e-01 -1.115170679303059686e-01 -5.146792452707562582e-01
1.294870747491016494e-01 -1.185757892977915562e-01 -5.293827264357373608e-01
1.395102486071239101e-01 -1.248094355716174442e-01 -5.473850822872754485e-01
1.494776221835891206e-01 -1.133794158420665110e-01 -5.659609108113419218e-01
2.319052390754787751e-01 -1.400715817699786370e-01 -3.390967153753028374e-01
6.050090159748833241e-01 4.193363001296412929e-01 3.294678672070838754e-02
1.467039811615567513e-01 -8.317706315819495266e-02 -5.012043743942389273e-01
1.560294032862753477e-01 -8.812777701069104963e-02 -5.088516191278256162e-01
9.098607005804448811e-02 -2.345970154540616415e-01 -2.181526390645842639e-01
1.708854678829714313e-01 -1.861533171819778065e-01 -1.949371741422436521e-01
9.908881021533891276e-02 -2.373022178535930671e-01 -2.047386304230031095e-01
2.268000236303246986e-01 -1.635338417567189229e-01 9.371727559825127063e-02
3.112259953603646601e-01 -1.431509317533830039e-01 4.069151579113115813e-02
1.969930862461846677e-01 -2.178431288564791624e-01 -1.112178747960324010e-01
4.406923724846301127e-01 -1.391469813631918129e-01 8.752656709761552634e-01
4.078677941426633868e-01 -1.974889931183387848e-01 7.646729474906772683e-01
3.763867234442330734e-01 -2.450562446488696589e-01 6.679553150762185254e-01
2.013817384417012635e-01 -7.307758240143663597e-02 -6.021230797770615872e-01
1.513147247708845899e-01 -3.118393149003945153e-01 6.272024523463981538e-01
1.622756952358778149e-01 -3.029380706183387728e-01 7.952991282862531541e-01
1.799752215326647087e-01 -2.931765846278161503e-01 9.684578478685645919e-01
3.808964631608957596e-01 -1.092316406677368290e-01 2.948077755977139836e-01
4.975128658826211137e-01 -2.577180288622098192e-02 2.168411163180866685e-01
1.650558789110925795e-01 -1.361296314379506489e-01 3.237053886728882279e-01
4.517764117725309170e-01 -1.047361948463460812e-01 4.262829923802489152e-01
1.376755459179285213e-01 -2.119780630425893708e-01 1.868694813075570949e-01
1.533898630272645391e-01 -3.174349604616266696e-01 -1.066663023085973050e-01
5.591877828072688850e-01 3.818624069771862917e-02 1.671071398418683129e-01
4.635058347992326855e-01 -6.516022194024140290e-02 1.565665789318868573e-01
3.982980859724150058e-01 -1.092019047296499679e-01 1.235178668750460673e-01
3.004139576576192461e-01 -1.320595786900718993e-01 1.378773149258143427e-01
2.282823664707500644e-01 -1.468956606850008173e-01 1.738968064327249818e-01
1.746939923925314164e-01 -1.650179814070201756e-01 2.105584063826132502e-01
6.975350698933749372e-02 -2.799359179595867220e-01 2.833519505614070511e-01
5.510134620023254826e-01 4.535018827004165531e-02 3.820973641288048783e-03
4.883233728049829470e-01 -8.138374018334013082e-02 4.381345777359870741e-01
4.516438927136147419e-02 -3.558251630208806304e-01 -2.010651241253654797e-01
1.703055879568537989e-01 -1.996120884833779696e-01 5.464609571416320644e-02
6.148394893417674645e-01 3.355309297494432075e-01 3.670421919152246915e-01
1.350748028120796196e-01 -1.770959602424626578e-01 2.512738986088013382e-01
2.032510460505412841e-01 -1.652832512819363275e-01 -1.073428391876407595e-01
4.255603989253509134e-01 -8.035576713907310875e-02 3.748567647510184786e-01
1.550863678898686815e-01 -3.041925729050654059e-01 -5.071238207660191954e-02
5.852144979379469980e-01 4.196776940060598093e-01 -1.533303405367281158e-01
1.650722526574263660e-01 -1.258982417041115687e-01 3.501944534305886370e-01
1.119172387526540247e-01 -3.605001909658067660e-01 -1.214537535602224633e-02
4.341269830022993492e-01 1.414070138865186621e-01 -5.738562867825249825e-01
4.346350480140204198e-01 2.458161433832817266e-01 -6.419713184676600903e-01
6.016808179411137214e-01 2.336200878980746465e-01 1.401262993485903607e-02
4.989433796156406142e-01 1.939160240265469515e-01 -4.643508415845265525e-01
5.715173909468795888e-01 9.246203474107436704e-02 4.800445972722584553e-01
2.198326529183503020e-01 9.066627294955279665e-03 -8.326678468585106963e-01
4.351106888080452650e-02 -2.824157715333649454e-01 -2.070712652212004512e-01
2.162333643579539277e-01 -1.741241126292897290e-01 -1.209280684748806345e-03
5.397063146036384929e-01 3.805382653160604978e-02 3.221209327307974490e-01
3.368767470048994461e-01 -1.299608794478546159e-01 3.201887252118884586e-01
2.918897397633235524e-01 -1.409809927956640063e-01 3.149022659635629662e-01
1.762121215091787541e-01 -7.632188551893129280e-02 -5.233743132264296882e-01
5.398815415273094942e-01 8.279318235867685893e-02 -1.458255212144127233e-01
1.270793025505589924e-01 3.837532197019639935e-02 -9.260739879150658993e-01
2.870872971871607504e-01 1.291922244286952681e-01 -8.178715143913106722e-01
3.560940588495931092e-01 1.812664825003029723e-01 -7.465152340122960251e-01
2.472820871701919554e-01 -1.431814522140917312e-01 3.217685989247862643e-01
2.054562379118815563e-01 -1.363504365952339370e-01 3.354497921913526248e-01
1.785235003816734722e-01 -1.258542072085616637e-01 3.431592129332565744e-01
5.216016582942017976e-01 -2.986270408934145471e-02 4.579933921560261911e-01
2.135758319371544589e-01 -1.539210101494492555e-01 4.049284501392252933e-01
2.594546895567040323e-01 -1.670297504812984224e-01 4.295476460486442605e-01
3.068680481174423935e-01 -1.665867482717575676e-01 4.350031810095946749e-01
3.527178277856202193e-01 -1.537484404798200588e-01 4.233602333791930405e-01
3.799761928182654458e-01 -1.349884294021302944e-01 4.038711935365633110e-01
6.020054584634781936e-01 2.272167822928050640e-01 5.323773175869990215e-01
3.673684081412498248e-01 -1.158282105585634048e-01 3.342136432598148410e-01
1.873237890332282718e-01 -1.737330731285533503e-01 -3.020706139304190074e-01
1.464495456921538485e-01 -2.575224653016084941e-01 -1.588675515017983209e-01
9.305602901021717277e-02 -2.243835092188535274e-01 -2.836345781450867465e-01
3.637062607043821671e-01 1.026858716142629580e-01 -6.752157175841244641e-01
2.948074195464717162e-01 5.884474273464104788e-02 -7.543720869262215967e-01
1.254442055635018871e-01 -3.515476237199721687e-02 -8.897535103076470442e-01
4.965777149173566940e-01 3.281849636044650298e-01 -5.178769473430322456e-01
1.803387591927649303e-01 -1.368964390328714087e-01 3.714495216271203049e-01
1.035505580622653188e-01 -2.819408287877189778e-01 1.521203788891783981e-01
2.130494678722449908e-01 7.415374086769224715e-02 -8.811106175808713914e-01
5.828861866393364455e-01 2.474578895006170898e-01 -1.545824133340450990e-01
8.265160144269434461e-02 -1.343888078619142057e-01 -5.237894996534797620e-01
9.221073990991673908e-02 -1.404712766098398236e-01 -5.478754964448544484e-01
9.948781507154522141e-02 -1.473088495311931090e-01 -5.774218140631925955e-01
1.064949542051594755e-01 -1.375295730806977978e-01 -6.075013905501001066e-01
1.479540561305434654e-01 -9.511463298228706176e-02 -6.535098676740491719e-01
1.586450341117499052e-01 -9.110066527865398611e-02 -4.655029071469626301e-01
1.678385008047649229e-01 -9.141718029347509211e-02 -4.610162010490767015e-01
1.760590353339341885e-01 -9.261849312520681332e-02 -4.547842910751067613e-01
2.647773051742943196e-01 -9.493864742579352645e-02 -3.945082724003595720e-01
4.684866563914715787e-01 -1.712324960631041865e-02 -2.015610270145950511e-01
1.032987516078276435e-01 -2.427044735931471742e-01 2.406375675147554016e-01
1.296251670336492912e-01 -1.720319173326795292e-01 4.032337782461581366e-01
1.589802573483664605e-01 -1.496921042242332911e-01 3.971506050239475005e-01
1.496584758812842253e-01 -8.399037521053615007e-02 -4.701443087064514081e-01
4.746829248684509839e-01 8.267330658428501122e-02 -3.724539760753362572e-01
8.381139948453325550e-02 -2.391737928013920600e-01 4.008568414603626007e-01
1.794281921873515095e-01 -6.095195316373511196e-02 -7.083678397389747694e-01
6.727280217142944663e-02 -3.231505620624602892e-01 1.886646573604072730e-01
1.396320188009558816e-01 -2.664752306566958717e-01 2.630967355981050221e-02
9.769679682607237958e-02 -8.722018006126699974e-02 -7.513414850420898627e-01
2.941604846343119917e-01 -2.010755745356520435e-02 -5.639642601859442550e-01
2.446943772627385716e-01 -1.457220401498704465e-01 -1.665544310011729534e-01
2.436724751243664056e-01 -3.765725195187040464e-02 -6.460358730075448364e-01
3.572845926401110317e-01 -1.273068395444071355e-01 -1.506272664386451576e-01
2.883056062322869595e-01 -1.266132835990571026e-01 -2.415563318712700136e-01
3.988466017845869738e-01 -7.017105233822779065e-02 -2.683771307585531840e-01
1.163904607602179175e-01 -7.185380181148762202e-02 -8.288311479249645952e-01
1.706401109335356492e-01 -2.232413024816332081e-01 -1.243243937627230150e-02
3.443286956294973056e-01 3.417052141853484104e-02 -6.050750878576023339e-01
2.777079879901050985e-01 8.651754192228980345e-03 -6.930721221746112271e-01
3.364515794086277989e-01 -2.530155914291963570e-02 -4.687840276925731020e-01
5.244923320383985121e-01 1.173064034672217093e-01 -2.719269310450120880e-01
4.056806876124707806e-01 2.428156847834432586e-02 -4.663332420448806914e-01
5.539811845449382766e-01 2.462202298063224104e-01 -3.130287018095062601e-01
3.224436682386887520e-01 -8.852165845882123407e-02 -3.378534990394579385e-01
1.359744478019092595e-01 -2.379532527520378249e-01 1.046788600940138370e-01
1.362977470436621541e-01 -3.239581420801869172e-01 -1.436158202781419035e-01
1.681183768478630713e-01 -2.649032041231845769e-01 -1.537473645778085762e-01
1.151074746872912669e-01 -3.683808472383587329e-01 -9.752233685020872400e-02
1.723993016843450299e-01 -1.986620822026607946e-01 4.786565312561068541e-01
2.592564837123667587e-01 -2.168452413886468033e-01 5.347480248194935726e-01
3.348126932939510247e-01 -2.151297941008017967e-01 5.443751470772226764e-01
3.949474151616061413e-01 -1.922271745863013415e-01 5.263476385510099664e-01
4.340292447068516690e-01 -1.560935304396660062e-01 4.880179254914296383e-01
4.558537529886386164e-01 -5.698542029885234061e-02 3.553848968274591069e-01
6.079706647939719932e-01 2.022832867821067193e-01 1.755164125184699442e-01
4.169611199311695771e-01 -8.288992705078879197e-02 2.383838078271071081e-01
3.645639169183478856e-01 -1.109745462473471500e-01 2.127610006211029248e-01
2.961033854581851532e-01 -1.311306785986010581e-01 2.152964402119430520e-01
2.310148840698911243e-01 -1.425741051688605987e-01 2.363704374380659612e-01
1.813600304961651699e-01 -1.466575707228551240e-01 2.634760209971711564e-01
1.471468344599047295e-01 -1.522492683637965971e-01 2.876466811015625513e-01
6.118891781399238283e-01 3.955081210716082651e-01 2.043827452397645184e-01
1.675502829925004655e-01 -2.362501413505898595e-01 -1.693290745086301063e-01
1.042787595520358601e-01 -3.137360628354346481e-01 7.290329239217280266e-02
1.003552670181533102e-01 -3.645100085867203354e-01 -1.546408927489753005e-01
7.297530730591417214e-02 -3.373472646899612348e-01 -1.866323479440139543e-01
1.003030393226411743e-01 -3.367183940098985584e-01 -1.628623674158017343e-01
1.544201858848339715e-01 -2.156181100372297488e-01 -1.884398223276507744e-01
6.221011319584857091e-02 -3.500502254356632204e-01 -1.956722300779027979e-01
6.058798764762493572e-02 -2.844368980135481006e-01 -2.024791562696218739e-01
1.470025076046627133e-01 -1.337061398302807902e-01 3.472235637802107977e-01
1.204093291802252330e-01 -1.633323965931687827e-01 3.266117601585938335e-01
1.042710155545426010e-01 -1.987135823167091031e-01 3.082973773827186736e-01
3.950207047587972475e-01 -1.155869065843861954e-01 3.893553670439994230e-01
4.268798141322416306e-01 -1.188121296972405316e-01 4.222082883310440682e-01
-2.740125443998653321e-01 -1.301758386462459338e-01 4.056832908862101350e-01
-2.198388278705998289e-01 -1.352241151820476883e-01 4.040292892151822191e-01
-2.733413473360868373e-01 -1.371783357259348524e-01 4.698551761078093580e-01
-3.289178409276116710e-01 -1.250834263861688722e-01 4.070740771790335444e-01
-2.751713602339056486e-01 -1.231754673697904590e-01 3.413951019381951113e-01
2.967749368225025552e-01 -1.355543992058533265e-01 3.809670157789294409e-01
3.498083623744763226e-01 -1.403597268006900878e-01 3.782799066352593442e-01
2.960099007302763319e-01 -1.426762196456099474e-01 4.466036801293997716e-01
2.433201467010426278e-01 -1.307702031074442495e-01 3.840747584692851824e-01
2.977400008761232897e-01 -1.284463458727513885e-01 3.153018140561537619e-01
