-1.604007269623826393e-02 -2.712862023447076831e-01 -4.811378888654739838e-01
2.199047210323674256e-02 -4.647212764525595619e-01 -2.017680788524446600e-01
2.432253141521752149e-02 -2.925235840438905055e-01 -2.635379450613226648e-01
-3.275311812624184804e-02 -4.214779655022732885e-01 1.287374571596558437e-01
2.179210727078732812e-02 -4.981119491072140693e-01 -1.091532277084844849e-01
2.077279810006934374e-02 -4.890567446427804277e-01 2.247501967559108194e-02
2.296304341822926615e-02 -3.595041663513405261e-01 3.576357744268151562e-01
-4.311512153011007875e-01 -1.137106756445528666e-01 4.493036580060554286e-01
2.341936182918872428e-02 -3.440817750910112327e-01 6.123580064851041893e-01
2.245543231046048804e-02 -3.713126895723264376e-01 7.352391406092386728e-01
2.108739969596996194e-02 -3.598982578162057688e-01 1.167432046562967507e+00
-1.508814874424399891e-02 -2.595416780939928669e-01 -5.087308059097968016e-01
-1.356045523145473462e-02 -2.363906903984880625e-01 -5.346098453466043843e-01
-1.109422802687747012e-02 -2.030019302935630598e-01 -5.515810370411200481e-01
-1.657611883370872785e-02 -1.905702061316004725e-01 -6.081281092317083470e-01
-1.755298355415743985e-02 -1.937690121367835749e-01 -6.484115501367114787e-01
-1.932040096832784645e-02 -2.030706313499348603e-01 -6.938236931903836169e-01
-1.908231657387056759e-02 -1.920756581647889982e-01 -7.375991280910085823e-01
1.119691994385823425e-02 -1.300203856535221414e-01 -8.046016021961621689e-01
2.094303904369784058e-02 -4.260583419456524523e-01 -2.419999135787592182e-01
-4.041387564913723196e-02 -3.376136997352546798e-01 -2.231458029614619143e-01
-6.689250439122434999e-01 1.382977829775530187e-01 8.571796023384468111e-01
-2.561453216322353565e-01 -1.711736638421157419e-01 3.404945624189014142e-01
-3.217412867508230301e-01 -1.641756841697831204e-01 3.337465764567412174e-01
-3.828214952305074581e-01 -1.460648242665509855e-01 3.460642229298690475e-01
-4.574697785775945214e-01 -1.003559868140652400e-01 4.223191283909234484e-01
-1.983424039910123837e-01 -1.667839695706355707e-01 3.654459855069680518e-01
-3.487065472663501975e-01 -2.227492568704269038e-01 6.448874836121027965e-01
-2.737923093038987510e-01 -2.220798004584531860e-01 6.305933772944253279e-01
-4.149748249678880674e-01 -1.989120748085485002e-01 6.297114883079080183e-01
-4.569706401507032112e-01 -1.683421761956759855e-01 5.925648441346786921e-01
-5.125288779888826918e-01 -5.965046318529421826e-02 3.690394548433856281e-01
-2.270406437589870541e-01 -2.644810889080730434e-02 -9.041596254989791026e-01
-4.521289793708833105e-01 -9.718050215558857174e-02 4.884181098640592023e-01
-6.901137437248925366e-01 2.140708565202101288e-01 4.653441568968187392e-01
-5.825581616324994050e-01 -3.914190057247989886e-03 4.544697586782789345e-01
-2.997060779906043360e-01 -1.794103798995088650e-01 -4.484822803977865646e-02
-8.787270031561961181e-02 -2.622438919671337132e-01 -4.596473499861318257e-01
-7.672955898321984214e-02 -2.253778193003476149e-01 -5.251180614638747413e-01
-1.495510615148335498e-01 -2.196952046202485520e-01 -4.779102248243030093e-01
-1.856812322980358754e-01 -1.719574067375194693e-01 -5.024561853989334415e-01
-1.271685288301317995e-01 -1.974665245936259583e-01 -5.236573678419977895e-01
-1.623432395677763262e-01 -1.528808113840464666e-01 -5.307831039316281974e-01
-2.842652585012154232e-01 -5.712858728352318560e-02 -6.149581502746932493e-01
-3.249316458662080548e-02 -4.578419487551685374e-01 -1.950936774492854631e-01
-4.209281976867008251e-02 -4.887964121744964308e-01 -1.048803783291983871e-01
-5.422097858690275718e-01 -1.592360116280269189e-01 6.748105591699946615e-01
-1.683206346535203179e-01 -2.203803486623771846e-01 1.807907574314732424e-01
-1.805031358827038912e-01 -3.045236807832936154e-01 -1.346247842149650431e-01
-1.855448338582424139e-01 -2.922660231809984799e-01 -7.995225298067795694e-02
-4.879065194930390370e-01 -9.886526978556248180e-02 -7.580100499027924224e-03
-3.799743448430985965e-02 -4.681296099616790163e-01 1.832060239786973896e-02
-3.961249984705974558e-01 -2.780417204829880307e-01 7.593200893477365376e-01
-4.825149706378161762e-01 -2.249763787382034752e-01 7.344207255644501497e-01
-6.050570321695836196e-01 -3.938929582273303226e-03 9.956476834989615998e-01
-1.147922624959811788e-01 -3.261342881676446703e-01 6.498051138354328238e-01
-2.074382562781877937e-01 -2.003820708478463164e-01 5.829547865721607103e-01
-3.247721495004918246e-01 -5.507853338352926287e-02 -5.229890923242770384e-01
-6.107575886595244530e-01 4.887729666389488137e-01 -3.683748321057239150e-01
-1.323063574998788183e-01 -2.737764860391511679e-01 -1.874851115831760728e-01
-8.196693242728966822e-02 -2.743317562984030067e-01 -2.171190009988295810e-01
-2.330510973624750903e-01 -6.601219803858027202e-02 -5.402621891724623815e-01
-2.211789493519453753e-01 -8.185815482002703480e-02 -5.448810078206833829e-01
-5.143181638784146692e-01 -2.025817734742467180e-01 7.997359308761733399e-01
-1.843683920654309860e-01 -2.641625354579639762e-01 -1.687524573541422379e-01
-2.771422671449982333e-01 -3.132904480650526846e-01 7.403083329885475905e-01
-2.869536654242234586e-01 -3.351501676674732977e-01 8.132305973798339416e-01
-3.475346152171860936e-01 -2.695482496872711464e-01 1.156010489411884112e+00
-5.586912152625483907e-01 -1.178711546789158598e-01 8.854370547337344632e-01
-3.096486797450104245e-01 -3.056890346277438830e-01 9.762729125782794171e-01
-5.770063665530064112e-01 -1.111227291875500622e-01 7.273414370142976537e-01
-6.221662178788187614e-01 7.298949054935027769e-03 7.753406933332486206e-01
-8.400676413440480439e-02 -2.504083258924302280e-01 -4.967399343362133290e-01
-1.386614192349281127e-01 -2.110192544105717882e-01 -5.023982940409356113e-01
-1.749847175375137676e-01 -1.672850457211364772e-01 -5.167442454620804204e-01
-1.175897799783400949e-01 -2.575901045622298602e-01 -2.028500227371545228e-01
-2.267369944708601537e-01 -7.420714680162238119e-02 -5.427312674580174745e-01
-2.110874581410159267e-01 -1.077065963587608699e-01 -5.726718129988863648e-01
-2.143587061572312102e-01 -8.358472882848409780e-02 -5.464314997790454820e-01
-1.031346728786336764e-01 -3.670240849462388377e-01 -1.734049580600288964e-01
-1.529064693518076279e-01 -1.401577281931126739e-01 -5.413823828447790198e-01
-1.163427607558628063e-01 -1.698996008684577896e-01 -5.385092176899026750e-01
-6.908066269091012179e-02 -1.950635240262070802e-01 -5.427317435203231621e-01
-7.673662625681683391e-02 -1.250957315667038383e-01 -7.965953645108627690e-01
-9.483397088892105142e-02 -1.886180148935971967e-01 -7.237498302864430189e-01
-9.181770605736122581e-02 -1.994660431665860045e-01 -6.791537155450633190e-01
-8.435983617863346273e-02 -1.890070735821571812e-01 -6.337213784922668403e-01
-7.560345856255945574e-02 -1.856405399167527226e-01 -5.960654052401237468e-01
-1.622979926061817735e-01 -1.377910170552985036e-01 -5.679797913967745693e-01
-1.764813453969573676e-01 -1.440618418057225958e-01 -5.845555303803748881e-01
-1.910738688545794706e-01 -1.504158966885811299e-01 -6.059263892226238735e-01
-2.015900575306514564e-01 -1.363879585546540207e-01 -6.295474545154905455e-01
-2.510897889926507753e-01 -1.612206616598934883e-01 -3.827439496037314814e-01
-6.831425218648676800e-01 5.189764885464900335e-01 1.060678363632788779e-01
2.456332619926413635e-02 -3.393302287601575040e-01 -2.497736800629009046e-01
-1.863154342271991226e-01 -1.064823119630777526e-01 -5.569139179207498458e-01
-1.987876152792590334e-01 -1.102864083593548539e-01 -5.644470788984750076e-01
-6.103055646676117801e-02 -2.746582847011576067e-01 -2.531826630287656310e-01
-1.615981320471705507e-01 -2.113933190428317621e-01 -2.171965127380869054e-01
-7.116254181783651656e-02 -2.756105768825525826e-01 -2.356196084716890016e-01
-2.348905691076311752e-01 -1.910916381547656528e-01 1.346430691275334601e-01
-3.395681229991436290e-01 -1.629114527006362001e-01 8.185375375892586791e-02
-1.960472000266393899e-01 -2.512809918743480475e-01 -1.144622306567723291e-01
-5.036279668871044279e-01 -1.470480085115936641e-01 1.098511979466858524e+00
-4.592624918722982286e-01 -2.193493611346723771e-01 9.571153514373296201e-01
-4.162866192000361787e-01 -2.763288296508427666e-01 8.332363012389041312e-01
-2.353842089313475938e-01 -8.327293784640488195e-02 -6.869516097837493618e-01
-1.328417297556937771e-01 -3.648461380914000962e-01 7.727810127060772416e-01
-1.544949782614587486e-01 -3.535640823438088720e-01 9.642236695042343264e-01
-1.788392208665690597e-01 -3.395431690842948269e-01 1.174595563892116390e+00
-4.319045830098731664e-01 -1.206766662019467667e-01 3.748431351573325854e-01
-5.840896705751474904e-01 -1.444273708210114943e-02 3.133006400856958029e-01
-1.598910669252867345e-01 -1.620882741602022725e-01 3.899944961316841874e-01
-5.154647812332380230e-01 -1.108766537425764365e-01 5.565439374190170874e-01
-1.237490192565927488e-01 -2.511143718790563861e-01 2.349240479262142967e-01
-1.430884385567211259e-01 -3.715133430996767627e-01 -1.122538267908418097e-01
-6.411314938134822228e-01 6.224163026044084862e-02 2.612501409863583479e-01
-5.440477769899509930e-01 -6.379010720400637990e-02 2.358305199435743182e-01
-4.645983002960398234e-01 -1.186297324244557916e-01 1.878668957308562149e-01
-3.414408692111094989e-01 -1.503920736209938824e-01 1.912656478844358965e-01
-2.499133193526998364e-01 -1.706466852644413223e-01 2.218550376949612601e-01
-1.814208536824655216e-01 -1.933049000770658832e-01 2.585961046058432578e-01
-3.783164567490063246e-02 -3.321513084018005157e-01 3.424091463685767778e-01
-6.290421338230955950e-01 6.887779576565407347e-02 6.428046042987936581e-02
-5.668502434693760694e-01 -8.221307143259438954e-02 5.771860610819254944e-01
-1.290735874197846030e-02 -4.222643866062627538e-01 -2.365635523753373270e-01
-1.635395246984058248e-01 -2.348431867343760970e-01 8.105712770751494212e-02
-7.075680150180247985e-01 4.171120225473360366e-01 5.086340932481028254e-01
-1.280627844775300006e-01 -2.093309956869902622e-01 3.013667114743913134e-01
-1.999710077143882492e-01 -1.887228201415887541e-01 -1.092059440460129149e-01
-4.777087263781066295e-01 -8.476481711487823811e-02 4.885953053704387150e-01
-1.465194364911638625e-01 -3.557170038961071645e-01 -4.598474980221675668e-02
-6.549125488408713558e-01 5.202872605700776809e-01 -1.228718077538786257e-01
-1.562690963798565869e-01 -1.515097083566435687e-01 4.260649054999616769e-01
-9.482106569205286939e-02 -4.252177155192940483e-01 -4.452957175758732664e-03
-4.892147660601843251e-01 1.862948342917582489e-01 -6.493140328171913556e-01
-4.830291415435318259e-01 3.115545575403057543e-01 -7.338867586842645618e-01
-6.788318683670472309e-01 2.957301325348732357e-01 8.065488350770816384e-02
-5.628015760125104627e-01 2.491906604324565511e-01 -5.089982898822273949e-01
-6.587366310640976330e-01 1.266748808050932040e-01 6.363897689528881241e-01
-2.365160005108914998e-01 2.162802315730923824e-02 -9.803261276753739706e-01
-1.954825130743171810e-03 -3.345334313181840269e-01 -2.445602048113707516e-01
-2.213519428662460431e-01 -2.014707530292798865e-01 2.023678468190772545e-02
-6.374093317966861294e-01 6.097019456626152911e-02 4.509060270885887345e-01
-3.724442143184100162e-01 -1.469234493920532347e-01 3.979515088766603648e-01
-3.185280643371120046e-01 -1.622824336567005588e-01 3.849069820659345442e-01
-2.212302536391779206e-01 -9.548758876148005781e-02 -5.822221694716585016e-01
-6.136488755067284195e-01 1.137923709335796618e-01 -1.182203503629167263e-01
-1.157272075164757913e-01 5.130489749971536839e-02 -1.097722714198653193e+00
-3.069432169702148716e-01 1.670002219425322787e-01 -9.613737303307392512e-01
-3.889264254008296673e-01 2.315154219634404376e-01 -8.697700850429290753e-01
2.163816529232438779e-02 -3.698731192701695258e-01 9.474151935014061277e-01
1.904845439811956448e-02 3.173956955682820380e-02 -1.117471422799738212e+00
-2.632899581679806200e-01 -1.665845487065487629e-01 3.915590595021603004e-01
-2.091179403646095114e-01 -1.613169276067555891e-01 4.085651632075827377e-01
-1.731790566472296566e-01 -1.509337238980010265e-01 4.182092870575794263e-01
-6.110972625510446843e-01 -2.107716505315545066e-02 6.095359978569148129e-01
-2.213483801687646246e-01 -1.817168131255638142e-01 5.127125875881506367e-01
-2.811020625870530587e-01 -1.939805799352729565e-01 5.508618343818239005e-01
-3.382224756246826614e-01 -1.909052654822985251e-01 5.601698699346540078e-01
-3.920220938301325342e-01 -1.731958328935979674e-01 5.466569319909901914e-01
-4.239201119471567303e-01 -1.499927207885401459e-01 5.222958332918187230e-01
-6.996230493096591285e-01 2.894370558595826814e-01 7.051794743926300679e-01
-4.077123939280735132e-01 -1.288781611614538969e-01 4.221004288542118399e-01
2.231247010922092835e-02 -2.727059693627253978e-01 -3.328738364915899139e-01
-1.894317641356172421e-01 -2.010751904907225329e-01 -3.432283728019115410e-01
-1.318664676269916403e-01 -2.993913089452086007e-01 -1.762401640479574483e-01
-6.839362166899951023e-02 -2.647265678583914372e-01 -3.325605424208359917e-01
2.328885924333302243e-02 -3.281459344839496306e-01 4.883147114230416141e-01
-4.063534828031820090e-01 1.391995685690405604e-01 -7.794049617689220444e-01
-3.262709553309813826e-01 8.518282807096808074e-02 -8.817195318726476216e-01
-1.233666475324587397e-01 -3.546520663535125684e-02 -1.052231813177681552e+00
-5.517507197892408399e-01 4.090929767833228481e-01 -5.753179786613453750e-01
-1.770762568474590626e-01 -1.644712227034743068e-01 4.591607428589223883e-01
-8.100758560783918871e-02 -3.334755495264153935e-01 1.900690937487415078e-01
1.400703264437939272e-02 -5.294950146296234506e-02 -1.070407389256966102e+00
-2.192481324222676498e-01 9.789590405623493918e-02 -1.041984687913731555e+00
-6.560206229199885275e-01 3.125044547458121214e-01 -1.248203414906932651e-01
-1.248707939193858529e-01 -1.644455406384816576e-01 -5.803045682998455579e-01
-1.388799501650390678e-01 -1.704089906244776742e-01 -6.087071930691384525e-01
-1.501033433878891099e-01 -1.781349055287063110e-01 -6.447698628246070207e-01
-1.569579204480232582e-01 -1.659927855571834698e-01 -6.849451752488091572e-01
-1.662274525960693583e-01 -1.118637443948374416e-01 -7.521338789253853019e-01
-1.897714392457363897e-01 -1.160121155968976969e-01 -5.413006457020863582e-01
-2.006445317065629064e-01 -1.182726442857120336e-01 -5.347806484414088235e-01
-2.099367508043265829e-01 -1.203904197268569759e-01 -5.272390328357007272e-01
-2.969491921410994939e-01 -1.120310343951163023e-01 -4.464118477362994941e-01
-5.351465051086808922e-01 -5.699708437742074738e-03 -1.918537247012564173e-01
-7.966355422485194016e-02 -2.876437463971445174e-01 2.954145908608043491e-01
-1.117207512601494090e-01 -2.024890531448567954e-01 4.978711083855172359e-01
-1.512899936461435946e-01 -1.791376907336310609e-01 4.929215496322486012e-01
-1.786939822040536363e-01 -1.089035212378217238e-01 -5.472817230317593706e-01
-5.393390033229401581e-01 1.154796588885773911e-01 -3.980245325598286699e-01
-5.946057162992746808e-02 -2.838748033062463705e-01 4.863323524878581106e-01
-1.995994431579160011e-01 -6.543056886133452599e-02 -8.233370081853869094e-01
2.149502790801661317e-02 -4.444493669787290546e-01 1.367636334500506035e-01
-3.658111631020227739e-02 -3.823923780899810554e-01 2.294248199369300634e-01
2.241742456681239393e-02 -3.999247280781282887e-01 2.430794818823620584e-01
-1.265320121263444064e-01 -3.124562356851615652e-01 4.467544161147662951e-02
1.221987093602389454e-02 -9.909131256764830420e-02 -9.922444206125028421e-01
1.195192707021142109e-02 -1.133695748731059355e-01 -8.902180353114936828e-01
-9.624357511258113673e-02 -9.814333486285517494e-02 -8.793071647966612669e-01
-3.429585829713019951e-01 -1.338076216063034674e-02 -6.375763128044260597e-01
-2.567148120600257766e-01 -1.636800633429368323e-01 -1.741704786906682068e-01
-2.807647882660267991e-01 -3.497978756159472735e-02 -7.433011324347498228e-01
-4.014807098963026344e-01 -1.387936142591028599e-01 -1.417447303720286156e-01
-3.175253092464297433e-01 -1.403442745797733315e-01 -2.571975465140977635e-01
-4.550516540338731541e-01 -6.903150286163534100e-02 -2.774050048098941623e-01
-1.163549677486431511e-01 -7.972379656667298586e-02 -9.763800359761826142e-01
-1.644265010789712211e-01 -2.600016034251043662e-01 8.836391702663150185e-04
-3.919666016078328097e-01 5.566446414805836795e-02 -6.934268806998988843e-01
-3.121270708749604994e-01 2.402820334409368902e-02 -8.050954572334887427e-01
-3.890393134135191611e-01 -2.190882738997775372e-02 -5.197377181919946576e-01
-5.950677696009059048e-01 1.565459796073264409e-01 -2.726828823016873571e-01
-4.665588453232613064e-01 4.503421785078334794e-02 -5.161408200173502880e-01
-6.226378769344185216e-01 3.096062632211862842e-01 -3.195169007941927042e-01
-3.681535984736200029e-01 -9.632457065642804905e-02 -3.654851826551808736e-01
-1.210927501833322234e-01 -2.814763111798698203e-01 1.373103346399428548e-01
-1.230294144952601837e-01 -3.808060216427163192e-01 -1.583692346375293325e-01
-1.603237918607310075e-01 -3.070559135048148702e-01 -1.679749789348855549e-01
-9.634487800554265846e-02 -4.329276935186739950e-01 -1.052043458460562297e-01
-1.643465433241033113e-01 -2.326100518750698343e-01 5.952956680403453937e-01
-2.720520894252503319e-01 -2.484316757080222982e-01 6.675086377722388997e-01
-3.648639966762436959e-01 -2.435551095123717202e-01 6.830731080861390803e-01
-4.402688947475295045e-01 -2.148669765987598068e-01 6.659797456346641109e-01
-4.910578682239081227e-01 -1.712036686698495958e-01 6.254387356233206408e-01
-5.225808560592165586e-01 -5.486060432750379523e-02 4.708124755270061690e-01
-6.940418507015853056e-01 2.567421711714864552e-01 2.762477195265240493e-01
-4.797830881960678528e-01 -8.772712619114356181e-02 3.199797733215896667e-01
-4.174200079734939894e-01 -1.225980575153889640e-01 2.802866843168026478e-01
-3.329178746269809697e-01 -1.496069573169438449e-01 2.701880559070894972e-01
-2.510118929051998737e-01 -1.659777176013581823e-01 2.864302676377135093e-01
-1.860059701786652142e-01 -1.713392616288472170e-01 3.152455049455831215e-01
-1.409126676366094233e-01 -1.795996087429526655e-01 3.424247009063349223e-01
-6.981058512868520971e-01 4.876262539578335997e-01 3.135240828509442412e-01
-1.599528014155195410e-01 -2.726830965468524104e-01 -1.872109566635434819e-01
-8.171127097409648654e-02 -3.715272631750683452e-01 9.583152270224734592e-02
-7.947006367366141188e-02 -4.288166343148353543e-01 -1.749506347140671325e-01
-4.714422120928993265e-02 -3.968645345434040905e-01 -2.162801152873554678e-01
-7.965268574266176627e-02 -3.963058130394788159e-01 -1.846675388842757282e-01
-1.428498224018690255e-01 -2.475404894289497670e-01 -2.116601769453238524e-01
-3.401710467618057621e-02 -4.128444329284364223e-01 -2.282206447460611298e-01
-2.453779438438659366e-02 -3.352037552557156630e-01 -2.374888209483695389e-01
-1.353079882966116143e-01 -1.592168301850467871e-01 4.212054682960925112e-01
-1.052990186961242358e-01 -1.934063993740893772e-01 3.924299047392261208e-01
-8.799066809365665986e-02 -2.347102695566091191e-01 3.696807064493491390e-01
-4.404530726780881977e-01 -1.265372133640177421e-01 5.034080174888119208e-01
-4.809051725454497328e-01 -1.274373882609910469e-01 5.487198736735223736e-01
7.587242319520878797e-02 -4.210938556033478886e-01 1.240138790667122959e-01
4.609046398590951332e-01 -1.234934220191384185e-01 4.140031095135384143e-01
8.647673324255328309e-02 -3.414026250353880965e-01 -2.288062857237064818e-01
6.781058597697353640e-01 1.187959076787673818e-01 7.858705238404583016e-01
2.812549128317415326e-01 -1.737920811336959304e-01 3.229068880507849348e-01
3.434360399306228273e-01 -1.691400701067268530e-01 3.119787399842762210e-01
4.025955185259333380e-01 -1.533762611873337178e-01 3.158159078093483174e-01
4.809708344129554058e-01 -1.099182969191672549e-01 3.807857517273430803e-01
2.298211211761824191e-01 -1.689688201079573293e-01 3.499164336155436983e-01
3.766842752956701679e-01 -2.307750071199959618e-01 6.182448960425099838e-01
3.032646866377889383e-01 -2.284975264481571844e-01 6.071933837056382455e-01
4.429144306309090728e-01 -2.103076859011807076e-01 5.999285089130592663e-01
4.837988044593501957e-01 -1.819952446983525984e-01 5.581030941891582664e-01
5.270842259355683623e-01 -7.191579337280115669e-02 3.203694887653805723e-01
2.463294512796307401e-01 -3.658257786847812082e-02 -9.142668021230041520e-01
4.832487961241165864e-01 -1.075770635046334189e-01 4.502001618866704469e-01
7.120873193219303676e-01 1.960228925083800089e-01 3.966157487743046106e-01
5.928465705297861765e-01 -1.916121238035538299e-02 3.963817066434890402e-01
3.308332305935040574e-01 -1.877482044094760938e-01 -7.383410046237495750e-02
5.706295177820614600e-02 -2.627967717637116341e-01 -4.674962705362838422e-01
5.120499622666942197e-02 -2.237796237961423573e-01 -5.339156605778843101e-01
1.260805456447919304e-01 -2.166896706610663692e-01 -4.934195678812286490e-01
1.707345178649137540e-01 -1.645796421967916090e-01 -5.198481332391795551e-01
1.066851843919482540e-01 -1.924401397147513793e-01 -5.372286442305928000e-01
1.498352067770250540e-01 -1.460008561893906265e-01 -5.449998815645350492e-01
2.799760777761870489e-01 -6.257091766848560388e-02 -6.423390816521736824e-01
7.451186360175393597e-02 -4.610377531209819413e-01 -2.000795303814998927e-01
8.262114181991168926e-02 -4.923353884043360496e-01 -1.107732478864515008e-01
5.589489320795169025e-01 -1.740176585109375895e-01 6.313674936267996696e-01
2.058479553108568116e-01 -2.223330075317744292e-01 1.636169569968312365e-01
2.195667909083910130e-01 -3.113436874750772354e-01 -1.507637394885041338e-01
2.232791968464298560e-01 -2.990426345701605038e-01 -9.667198969529552932e-02
5.108122290370313845e-01 -1.101074055027804199e-01 -5.396736307094392171e-02
7.943161059282813352e-02 -4.688009604659846841e-01 1.337661030866936149e-02
4.270036942634844457e-01 -2.922230603565180163e-01 7.258885780008599298e-01
5.068877298552564303e-01 -2.402198534355627357e-01 6.971624267817300158e-01
6.182923480857251963e-01 -2.302375703449238004e-02 9.287672231297714465e-01
1.594578008206047892e-01 -3.296821335599908753e-01 6.317025217955540839e-01
2.410396346357822350e-01 -2.035592754422937412e-01 5.619159771833568406e-01
3.274881094612965837e-01 -5.827261249962235878e-02 -5.573863856659811988e-01
6.516899461603736787e-01 4.693771253143730338e-01 -4.189219630627727953e-01
1.747619216474002313e-01 -2.808461994684089413e-01 -1.996814271617819436e-01
1.275974870210601075e-01 -2.829013867274768890e-01 -2.261613242304513771e-01
2.269658270907721764e-01 -5.697361763832917841e-02 -5.716241827192305447e-01
2.113446475754733322e-01 -7.543174336739291719e-02 -5.738842673731046062e-01
5.361589124925586480e-01 -2.184205944629745710e-01 7.540547033176466796e-01
2.218427683323472843e-01 -2.720706526641989420e-01 -1.849426962309411171e-01
3.160520346849581275e-01 -3.254660944838921877e-01 7.117999687195575298e-01
3.259541088764532635e-01 -3.479876941289589132e-01 7.794072091121205803e-01
3.758303703685189623e-01 -2.823802742615069694e-01 1.113060292213454039e+00
5.778745222700836237e-01 -1.338261015665635767e-01 8.294287547423844220e-01
3.430411667768586970e-01 -3.165051737266463272e-01 9.410076793344652746e-01
5.924945098757146145e-01 -1.260437033175916266e-01 6.709390954251603922e-01
6.396373255482343811e-01 -8.816790129448994623e-03 7.137453416063661571e-01
5.466939031162772189e-02 -2.498390136780724302e-01 -5.052553517937001804e-01
1.162484138072767959e-01 -2.069908220287615119e-01 -5.173287939034680871e-01
1.604239937578185726e-01 -1.604769048876928395e-01 -5.326539975938606730e-01
1.611575089309628672e-01 -2.655510443168576096e-01 -2.138433135822650211e-01
2.187604710019578347e-01 -6.710925283707777633e-02 -5.731025336428561268e-01
1.928863917210094092e-01 -1.030044813752191285e-01 -5.980221192264816299e-01
2.038241602831234456e-01 -7.701734802813318959e-02 -5.738131571605411541e-01
1.436100054420186845e-01 -3.692672794407114156e-01 -1.841012763812356900e-01
1.416836017528697311e-01 -1.332103496290341360e-01 -5.535868106769414876e-01
9.971988499751364976e-02 -1.637831473291346818e-01 -5.494822048246266188e-01
4.844031054655554419e-02 -1.914529889066206580e-01 -5.506832760559332574e-01
9.402381565841269606e-02 -1.273812605201166681e-01 -8.023585271209872083e-01
5.825594526586560379e-02 -1.871530480658641360e-01 -7.317082125578621143e-01
5.436017037202708901e-02 -1.966065453474449831e-01 -6.871302828996159739e-01
5.072994528091515076e-02 -1.854465047661035260e-01 -6.420669060942603146e-01
4.454856357489033608e-02 -1.814713455404993181e-01 -6.043499218128502992e-01
1.399529475629874842e-01 -1.320140106708001526e-01 -5.876219556168661429e-01
1.521318258233582132e-01 -1.403752279762378874e-01 -6.053027956927562458e-01
1.642782071293302504e-01 -1.477619488710216755e-01 -6.276539071700427685e-01
1.762661815783631014e-01 -1.342000989053162008e-01 -6.512224814925803296e-01
2.726700363675437222e-01 -1.666808486332593542e-01 -4.078918509374460655e-01
7.187513374446963255e-01 4.981719587626816659e-01 3.914081673949368345e-02
1.702357780433495504e-01 -9.868563236173352737e-02 -5.791552794386050085e-01
1.812077643584039111e-01 -1.045868456730764673e-01 -5.884575760674679579e-01
1.076120205057210233e-01 -2.794344163705185236e-01 -2.602400612547219882e-01
2.027519640959554725e-01 -2.214534006356295437e-01 -2.317195675902898322e-01
1.173660557028624596e-01 -2.826737200065929656e-01 -2.440340458216617159e-01
2.694386629166399816e-01 -1.942783733407877911e-01 1.113362204518167087e-01
3.697368047521882306e-01 -1.700634551510053771e-01 4.834156254721456991e-02
2.340279904401980637e-01 -2.587978626507474456e-01 -1.321269504200639489e-01
5.235429948339049844e-01 -1.653067579415020139e-01 1.039816523427904871e+00
4.845473617748987660e-01 -2.346171283178120903e-01 9.084322478545279189e-01
4.471478171875714058e-01 -2.911270723903756075e-01 7.935316059558630286e-01
2.378865552713923526e-01 -8.653414976730830488e-02 -7.027623229820261219e-01
1.797620497091310665e-01 -3.704654290008154716e-01 7.451171628346144882e-01
1.927836939712600506e-01 -3.598907415767933493e-01 9.448161879096295124e-01
2.138107495391085022e-01 -3.482940861123614562e-01 1.150528926073459468e+00
4.525053926406507054e-01 -1.297673022189699543e-01 3.372608351053557052e-01
5.910457998264326829e-01 -3.061692955671296151e-02 2.576074707175868839e-01
1.960865550562020942e-01 -1.617221431059508718e-01 3.760310116058900309e-01
5.367108449850814811e-01 -1.244267072335776131e-01 5.137101034116972054e-01
1.635586911089071949e-01 -2.518301583907674446e-01 2.218498552578633820e-01
1.822273161064464353e-01 -3.771130617216624792e-01 -1.267196775919904317e-01
6.643156649952211001e-01 4.536529453150594388e-02 1.985234551659755819e-01
5.506454116862273818e-01 -7.741041113623015057e-02 1.860012551117329327e-01
4.731785385595322913e-01 -1.297319758937322265e-01 1.467393565249487386e-01
3.568920927658244535e-01 -1.568869162270678519e-01 1.632812235057186090e-01
2.711996877459814659e-01 -1.745121969993085609e-01 2.030620840669308813e-01
2.075366438520945822e-01 -1.960415327821224962e-01 2.449555767061253053e-01
8.286723853074884349e-02 -3.325641604002388396e-01 3.366224134471759166e-01
6.546045634147135139e-01 5.387607027605927079e-02 4.539319773969104077e-03
5.801286725347865048e-01 -9.668396691324332437e-02 5.250490946787849111e-01
5.365534087323858836e-02 -4.230121958242822888e-01 -2.392603885621296667e-01
2.023232148384640494e-01 -2.371393678098726865e-01 6.491961759792747033e-02
7.304299499836798271e-01 3.986110947521449566e-01 4.360465068339481332e-01
1.604690056061764403e-01 -2.103901841449699883e-01 2.923033087545772180e-01
2.414624531676811126e-01 -1.963566736682010316e-01 -1.275234041048253220e-01
5.055661945768303855e-01 -9.546273456691939385e-02 4.461530050505915224e-01
1.842427656398940572e-01 -3.613810915924197120e-01 -6.024636311266995392e-02
6.952354295202569645e-01 4.985775350413689799e-01 -1.821566033260556272e-01
1.961060070838011038e-01 -1.495672415078893036e-01 4.122339035025243126e-01
1.329577955246983301e-01 -4.282746001532296565e-01 -1.442871902010572395e-02
5.157373463799537205e-01 1.679916789194021154e-01 -6.817471614007171166e-01
5.163468870906642305e-01 2.920298328737067073e-01 -7.626625910793390917e-01
7.147974347343404311e-01 2.775409035498870303e-01 1.664701783017532785e-02
5.927452516225084622e-01 2.303724373370738543e-01 -5.516492806221326983e-01
6.789632522319740682e-01 1.098449923190338851e-01 5.702934730719405598e-01
2.611614192963357395e-01 1.077116270143231233e-02 -9.888342165144227147e-01
5.156284477469230687e-02 -3.362738287000973103e-01 -2.470243618949088948e-01
2.568854607596423589e-01 -2.068596261032720207e-01 -1.436627052999589309e-03
6.411716605969013383e-01 4.520798532300844552e-02 3.826800044083918384e-01
4.002099242663882395e-01 -1.543936593541811453e-01 3.709322461045893582e-01
3.467653130808595607e-01 -1.674855654223362800e-01 3.636556466607923088e-01
2.044980937097103102e-01 -9.072786685581345212e-02 -6.088267163826412975e-01
6.413798303636641940e-01 9.835838706636720885e-02 -1.732408702001563827e-01
1.509703430164177074e-01 4.558992119490622857e-02 -1.100176856561638106e+00
3.410600063276099658e-01 1.534804963955033186e-01 -9.716322059753865759e-01
4.230401106367657760e-01 2.153447689057201575e-01 -8.868608709980831950e-01
2.937713756104917695e-01 -1.700997134899303320e-01 3.731068811429736343e-01
2.440822233823555787e-01 -1.619844598614397224e-01 3.919384852472497238e-01
2.120861033085224001e-01 -1.495149284815797674e-01 4.025501804957524743e-01
6.196633101545265809e-01 -3.547692372731412608e-02 5.452051817340122231e-01
2.537283094919469129e-01 -1.828583194375869303e-01 4.875730132491798430e-01
3.082324398499894924e-01 -1.984315165254845192e-01 5.214603291164896515e-01
3.645595589150883997e-01 -1.979052294418359448e-01 5.289696412192286257e-01
4.190291446367920281e-01 -1.826533064913773430e-01 5.129436068866541909e-01
4.514121105206969076e-01 -1.603663939057198839e-01 4.861177443405121923e-01
7.151831080110637728e-01 2.699337726392062042e-01 6.324647989946283744e-01
4.364340492694644413e-01 -1.376040340797987094e-01 3.902369755234577076e-01
2.206465159132207643e-01 -2.063547003279203873e-01 -3.619232312906056626e-01
1.739822119258692124e-01 -3.063219647769329645e-01 -1.889655648097203211e-01
1.093542063792603269e-01 -2.663792255353060190e-01 -3.400883578825989462e-01
4.320831211984588749e-01 1.219909231949125317e-01 -8.021569531010080967e-01
3.502322339421887198e-01 6.990865468473511646e-02 -8.959825765443144574e-01
1.490278461027058077e-01 -4.176389409950950760e-02 -1.056876814364571704e+00
5.899348395113810373e-01 3.898840793654094750e-01 -6.152383496877238400e-01
2.142426326557386185e-01 -1.626331113227202918e-01 4.414906408003987925e-01
1.230181702010994388e-01 -3.349459965400778394e-01 1.807191676358919086e-01
2.531029884378021566e-01 8.809472162922568628e-02 -1.046760326046554113e+00
6.924693932866192725e-01 2.939802317398617637e-01 -1.836440671057475715e-01
9.730780932913561665e-02 -1.590071795021397449e-01 -5.958219282901251468e-01
1.088477387684903541e-01 -1.661899655563547906e-01 -6.248391355303425376e-01
1.177529900176038785e-01 -1.743002945507375057e-01 -6.605696893758374877e-01
1.262271995193962604e-01 -1.627218391982778178e-01 -6.993971145167346970e-01
1.756255775141632725e-01 -1.125727220360912412e-01 -7.617818785585157570e-01
1.819291696453270990e-01 -1.079718748114161797e-01 -5.588466900805516557e-01
1.925063680768556440e-01 -1.085377011258532587e-01 -5.541120949983510124e-01
2.020794565976531676e-01 -1.101094829068611780e-01 -5.475550264189120719e-01
3.098399354713147758e-01 -1.137282895983049436e-01 -4.754227979685961003e-01
5.566117330164743748e-01 -2.045598055182551445e-02 -2.396108687460131170e-01
1.227190238724903404e-01 -2.883331659409973380e-01 2.855276301874929423e-01
1.539948326584862359e-01 -2.043740959245011202e-01 4.830824796645014629e-01
1.888687103485813257e-01 -1.778343748195401197e-01 4.764879401661103464e-01
1.716131150729010568e-01 -9.945401303035214524e-02 -5.634772094270282805e-01
5.638994992345336410e-01 9.790145249804169114e-02 -4.431037626087399595e-01
9.956802937151737476e-02 -2.841387135044907142e-01 4.768248441983785058e-01
2.131536390613679444e-01 -7.224101006185693064e-02 -8.327526428336675668e-01
7.992015863838747292e-02 -3.839032023417663364e-01 2.241338083000859183e-01
1.658829829198057437e-01 -3.165728499463144607e-01 3.125591925816481598e-02
1.160221998331516791e-01 -1.034498419378287876e-01 -8.843454196317130922e-01
3.458512870699389508e-01 -2.417503216200969987e-02 -6.675447670125327360e-01
2.906971735609503726e-01 -1.731179345883289700e-01 -1.978668364909180466e-01
2.889493109248282288e-01 -4.459397283838077708e-02 -7.599543659879006707e-01
4.244562674264607538e-01 -1.512448221584763719e-01 -1.789510764750201210e-01
3.424101060090843918e-01 -1.506303697145432163e-01 -2.874237845526318447e-01
4.738269979290023470e-01 -8.397678297086585975e-02 -3.199728267990294417e-01
1.382688692850768120e-01 -8.535268771579594682e-02 -9.822801028262795331e-01
2.027206284811493564e-01 -2.652108985070581459e-01 -1.476975206810481923e-02
4.081394656095511664e-01 4.058778879581758509e-02 -7.181546552647347648e-01
3.297937921397969818e-01 1.032185289337653362e-02 -8.208343320777332641e-01
3.956810414051730729e-01 -3.105932269526790607e-02 -5.594152501474565220e-01
6.230979047804475757e-01 1.393590369918541183e-01 -3.230509765216527107e-01
4.806016899267669396e-01 2.818506084831969710e-02 -5.557736002426518773e-01
6.581302208683145194e-01 2.925098851839096348e-01 -3.718784218804104258e-01
3.814621336153408704e-01 -1.060610618780930131e-01 -4.039614687467237841e-01
1.615377847856462878e-01 -2.826887106620296075e-01 1.243585914043480456e-01
1.619218646196142197e-01 -3.849652233033847848e-01 -1.706744673157680470e-01
1.997248057761993323e-01 -3.148966753424963239e-01 -1.827555159222817305e-01
1.367477991184296027e-01 -4.376368279651764448e-01 -1.158566371591554234e-01
2.048105489146939129e-01 -2.360107593646810498e-01 5.768813650277901939e-01
3.079969711016812273e-01 -2.576123713056835962e-01 6.437205864009905021e-01
3.977578263205231446e-01 -2.555744181514356672e-01 6.544472410265459450e-01
4.691979381667840676e-01 -2.283660824533150779e-01 6.329915356898718759e-01
5.156271921344587339e-01 -1.854392757919362256e-01 5.876536499926278134e-01
5.415547305717678395e-01 -6.769873832152714654e-02 4.202426039761241738e-01
7.222697793084617013e-01 2.403127541546986601e-01 2.085136798132979918e-01
4.953502422274779216e-01 -9.847331916607512947e-02 2.760883102433264735e-01
4.331023107927002291e-01 -1.318378758522672500e-01 2.440964318805020072e-01
3.517711285294438661e-01 -1.557833819565556666e-01 2.448531722313845860e-01
2.744459214831914129e-01 -1.693781845713081824e-01 2.684715381759137376e-01
2.154559040216703081e-01 -1.742293458777452730e-01 3.004847873025545679e-01
1.748105917039763924e-01 -1.808722884651990104e-01 3.307069084775391965e-01
7.269249772209416260e-01 4.698640573684587651e-01 2.428069129763149037e-01
1.990304651223429311e-01 -2.809454476414312563e-01 -2.013081199288918322e-01
1.238832743249750207e-01 -3.727187675116619969e-01 8.660918824020805151e-02
1.192221611320777169e-01 -4.331031384328013489e-01 -1.837551766735565084e-01
8.669474064290805249e-02 -4.011313592457364519e-01 -2.221451870384576477e-01
1.191601145757292673e-01 -4.002586673685766261e-01 -1.936858718056506945e-01
1.832596835869121366e-01 -2.565859614197002481e-01 -2.240912453606802024e-01
7.390567889315284578e-02 -4.161678671394789530e-01 -2.328530162951234772e-01
7.188017088288504997e-02 -3.386378711414307352e-01 -2.414640213626572107e-01
1.746391312505032878e-01 -1.588430325665948217e-01 4.082642311392105094e-01
1.430464077459276118e-01 -1.940390562779005512e-01 3.822569365465726676e-01
1.238740744479343986e-01 -2.360719415534969778e-01 3.621659864242828819e-01
4.692850062841359415e-01 -1.373173647086140536e-01 4.661373005924864255e-01
5.071336612088266360e-01 -1.411489331062952823e-01 5.100667747421636644e-01
-3.255271864778351842e-01 -1.546490311044530497e-01 4.838468648427105556e-01
-2.611687551460021850e-01 -1.606463888563064990e-01 4.821250638890501872e-01
-3.247298036710642988e-01 -1.629680048859742381e-01 5.712691913592384818e-01
-3.907547356053900911e-01 -1.485992400664594704e-01 4.862813530918278504e-01
-3.269038608885900254e-01 -1.463325827793743594e-01 3.974732936667256245e-01
3.525689322456216912e-01 -1.610387666185855993e-01 4.543155582594266551e-01
4.155726967156992968e-01 -1.667475007770071738e-01 4.507983160183529070e-01
3.516600685758879408e-01 -1.694994966754225785e-01 5.442083178886331085e-01
2.890645862306859271e-01 -1.553551366998010275e-01 4.586795508023409074e-01
3.537154293406147287e-01 -1.525943918987097692e-01 3.643430184106036807e-01
