-1.460418981355944557e-02 -2.759225162504714834e-01 -4.684585831118423527e-01
2.191367676665842423e-02 -4.630723556927470175e-01 -2.010433236022473591e-01
2.460827939423633481e-02 -2.908040759469567860e-01 -2.615121187573310468e-01
-3.263873737449236173e-02 -4.200060761281325106e-01 1.282878789829618171e-01
2.171600466577027627e-02 -4.963724378040553775e-01 -1.087720423123007402e-01
2.070025513626759864e-02 -4.873488560110845191e-01 2.239653301858922363e-02
2.288285165882151043e-02 -3.582487024701355716e-01 3.563868331717662818e-01
-4.296455449116810543e-01 -1.133135741376967431e-01 4.488654646684094307e-01
2.333757651027066476e-02 -3.428801694317724080e-01 6.102195240098902129e-01
2.237701323540844736e-02 -3.700159878536163904e-01 7.326715314645342314e-01
2.101375807747212984e-02 -3.586414176850253877e-01 1.163355129226802731e+00
-1.341471025683600021e-02 -2.653745293264553329e-01 -4.938206245020440588e-01
-1.143614724299703116e-02 -2.433618328021511235e-01 -5.178540772484254706e-01
-8.500666820795494544e-03 -2.101785200609844750e-01 -5.342074048666056729e-01
-1.485538069651535023e-02 -1.925355982646171638e-01 -6.442743747488303141e-01
-1.568332681175526461e-02 -1.958254689241398505e-01 -6.829465550397871842e-01
-1.751438713630298211e-02 -2.049542702759286905e-01 -7.242567449519148326e-01
-1.728057938448811920e-02 -1.937646928456302209e-01 -7.618561376060559720e-01
1.245201304295657889e-02 -1.313822735057380564e-01 -8.170568822067607595e-01
2.086990156284779935e-02 -4.243399662126580152e-01 -2.408329752181709860e-01
-4.023676860751294881e-02 -3.358390992092909477e-01 -2.217481519657299172e-01
-6.665890174889929076e-01 1.378148181397842453e-01 8.541861515493676116e-01
-2.552508084951201628e-01 -1.705758895393910124e-01 3.483816766220270145e-01
-3.206176987582060600e-01 -1.636023482784658978e-01 3.421824136915317394e-01
-3.814846023508264294e-01 -1.455547352930563476e-01 3.534659507325926819e-01
-4.558721982502895731e-01 -1.000055226790136920e-01 4.239954766257126306e-01
-1.976497507546135790e-01 -1.662015250001453726e-01 3.716398586817652450e-01
-3.474887909335771519e-01 -2.219713697894388493e-01 6.326448344201729412e-01
-2.728361691879958029e-01 -2.213042512595370381e-01 6.185773223408922439e-01
-4.135256459231940185e-01 -1.982174321622832414e-01 6.182219831566069246e-01
-4.553748029193769864e-01 -1.677542900411367333e-01 5.825396141311180997e-01
-5.107390197490737638e-01 -5.944215181588303337e-02 3.709696938360553808e-01
-2.230378310187200730e-01 -2.613998709455582145e-02 -9.013433445873588745e-01
-4.505500502335461066e-01 -9.684112693088228752e-02 4.845155357449437150e-01
-6.877037219219099828e-01 2.133232762317605613e-01 4.637190797803428244e-01
-5.805237464599197761e-01 -3.900520544612313782e-03 4.529992441189260033e-01
-2.986594415643462619e-01 -1.787838412583489245e-01 -4.469160862974110721e-02
-8.631281581526967228e-02 -2.648033139996927021e-01 -4.493743550857370317e-01
-7.433153117794524811e-02 -2.305581334526950466e-01 -5.103975878842879066e-01
-1.497129055146738941e-01 -2.196669550052187669e-01 -4.661944329025362044e-01
-1.922144918028191873e-01 -1.683051955547709977e-01 -4.879223861059333589e-01
-1.265830325663886424e-01 -1.992163902764416128e-01 -5.099497324383082120e-01
-1.674676567499723545e-01 -1.503530776030390925e-01 -5.175190994083699314e-01
-2.866688724135635358e-01 -5.405519846719306770e-02 -6.183175768221960134e-01
-3.237969137335906800e-02 -4.562177002763082578e-01 -1.943940351314756843e-01
-4.194582282169731502e-02 -4.870894326783309913e-01 -1.045141135234231855e-01
-5.403162756794147592e-01 -1.586799261083092771e-01 6.718104735044224674e-01
-1.677328237265602318e-01 -2.196107343052444705e-01 1.801594004126768067e-01
-1.798727811086689998e-01 -3.034485543806652030e-01 -1.341535458054267660e-01
-1.848968724184142931e-01 -2.912453689851620675e-01 -7.967304295967331251e-02
-4.862026476885900061e-01 -9.852001209423588701e-02 -7.553628925968484779e-03
-3.786473920717309261e-02 -4.664948032694661850e-01 1.825662219407180042e-02
-3.947416469699190911e-01 -2.770707405328046713e-01 7.566683844839942052e-01
-4.808299272517416179e-01 -2.241907140809707710e-01 7.318541261232891504e-01
-6.029440462265618361e-01 -3.925174083225081365e-03 9.921706775350870311e-01
-1.143913838611987643e-01 -3.249953588935485804e-01 6.475358582144964403e-01
-2.067138384196115786e-01 -1.996822946673814381e-01 5.731669340513095845e-01
-3.366654801265606678e-01 -4.678172683457695880e-02 -5.109077316880050734e-01
-6.086246951787166459e-01 4.870660712094628808e-01 -3.670883900009007106e-01
-1.318201465211890078e-01 -2.724358667314984439e-01 -1.866614957966984123e-01
-8.150818604529427858e-02 -2.726935603221917193e-01 -2.159427603523196293e-01
-2.459055941602419360e-01 -5.733099950347290974e-02 -5.346136200409548067e-01
-2.319591130778615451e-01 -7.424773893781411171e-02 -5.439318632676281018e-01
-5.125220570773433293e-01 -2.018743154712737686e-01 7.969430854248753526e-01
-1.837245390068608653e-01 -2.631155780659937271e-01 -1.681303744736450945e-01
-2.761744282743470724e-01 -3.121963721719576701e-01 7.377230211618304168e-01
-2.859515630948517573e-01 -3.339797530529312053e-01 8.103906301052780092e-01
-3.463209515167013364e-01 -2.686069307168709175e-01 1.151973458546621476e+00
-5.567401484678919932e-01 -1.174595239074641140e-01 8.823449229996828125e-01
-3.085673216700034471e-01 -3.046215044632101243e-01 9.728635629944332175e-01
-5.749913394121952681e-01 -1.107346653320130936e-01 7.248014083054706846e-01
-6.199934830741560265e-01 7.273460553482739496e-03 7.726330455432640631e-01
-8.210546102342525243e-02 -2.543135210707245797e-01 -4.838853478556399135e-01
-1.385107356461278971e-01 -2.118607050882717890e-01 -4.893277031904734176e-01
-1.806489573771373203e-01 -1.643329383998326787e-01 -5.026860981735138401e-01
-1.170669009390730708e-01 -2.561843572207125330e-01 -2.019395190623864966e-01
-2.386433164470259660e-01 -6.601075944629904158e-02 -5.393296105031100129e-01
-2.143264637154722319e-01 -1.040808732723209201e-01 -5.877169906435575353e-01
-2.239589568400627562e-01 -7.667231994474167645e-02 -5.476294594721904385e-01
-1.027745049895848473e-01 -3.655361842952858931e-01 -1.726614561094869660e-01
-1.573601068298717542e-01 -1.378693358593494900e-01 -5.289080828650770671e-01
-1.158653530236732482e-01 -1.717606941572090429e-01 -5.250477092889076491e-01
-6.638624678663035406e-02 -2.006773648278461775e-01 -5.275449563615838278e-01
-7.346588115009233810e-02 -1.259464490157298500e-01 -8.082788615382771047e-01
-9.138656937031863770e-02 -1.896994891753918666e-01 -7.484715247980424646e-01
-8.848692390367782212e-02 -2.006907152308645692e-01 -7.096128360737666840e-01
-8.108710050530738844e-02 -1.903564246140532212e-01 -6.669978827964029300e-01
-7.273661389962642054e-02 -1.869365428685345332e-01 -6.305971127683706046e-01
-1.608429100529318867e-01 -1.365953531413365840e-01 -5.950638970435375708e-01
-1.739656404003642742e-01 -1.430983661728236767e-01 -6.115063036371717331e-01
-1.872505309205672042e-01 -1.497879158627019314e-01 -6.317142571026391762e-01
-1.965675807600328617e-01 -1.359924455764627838e-01 -6.537675087071117552e-01
-2.544814749656144626e-01 -1.580296479449442570e-01 -3.746982187583788870e-01
-6.807568450294052553e-01 5.171641138995490827e-01 1.056974236102445619e-01
2.456620945126816724e-02 -3.375412681215781419e-01 -2.480524179136658902e-01
-1.896622563805612505e-01 -1.030161442011963413e-01 -5.737509529990363344e-01
-2.020199804388938813e-01 -1.067444401586145758e-01 -5.807766340406934624e-01
-6.046800319147792313e-02 -2.730107207530261260e-01 -2.514911741525151512e-01
-1.608265871153115034e-01 -2.103211329651885619e-01 -2.163670032859363601e-01
-7.065486348596951294e-02 -2.739388433252552546e-01 -2.341975037031611973e-01
-2.340702820201593093e-01 -1.904243061120288738e-01 1.341728662213779177e-01
-3.383822799588229180e-01 -1.623425317705226023e-01 8.156790220377536926e-02
-1.953625621234327259e-01 -2.504034659960434617e-01 -1.140625040148398467e-01
-5.018691924940045235e-01 -1.465344860526938964e-01 1.094675745446850312e+00
-4.576586510145141395e-01 -2.185833472020247414e-01 9.537729084512717170e-01
-4.148328590950034478e-01 -2.753638314743729332e-01 8.303264698543768585e-01
-2.286550706887260642e-01 -8.295698278870992926e-02 -7.013537583496712857e-01
-1.323778185990645562e-01 -3.635720189254952328e-01 7.700822994772984487e-01
-1.539554494237171112e-01 -3.523293624806729807e-01 9.608564027819744835e-01
-1.782146768324355535e-01 -3.383574131882737812e-01 1.170493630052358958e+00
-4.303962817025501209e-01 -1.202552379963756218e-01 3.799810707944761279e-01
-5.820499070524196572e-01 -1.439229892282866373e-02 3.122065285999289230e-01
-1.593326938152075101e-01 -1.615222279420449603e-01 3.944686461533098432e-01
-5.136646702040958967e-01 -1.104894486865680980e-01 5.495900516107692368e-01
-1.233168617503585390e-01 -2.502374278726897661e-01 2.341241564918619400e-01
-1.425887437458119578e-01 -3.702159406568034661e-01 -1.118618134529474201e-01
-6.388925282911764869e-01 6.202426835016976864e-02 2.603378007503691083e-01
-5.421478481502020053e-01 -6.356733933024007188e-02 2.350069503508213364e-01
-4.629758256771477898e-01 -1.182154530880495519e-01 1.872108229744359753e-01
-3.402484861485919887e-01 -1.498668729859999327e-01 1.912044776883713715e-01
-2.490405685784514989e-01 -1.700507512813355659e-01 2.236276196894686208e-01
-1.807872940455707012e-01 -1.926298388599184119e-01 2.613220245172075407e-01
-3.769952964077109836e-02 -3.309913664322103877e-01 3.412133840692843090e-01
-6.268453868791415973e-01 6.863726006984158245e-02 6.405598068738635464e-02
-5.648706836385377628e-01 -8.192596670730153963e-02 5.725029436802762106e-01
-1.286228347214263962e-02 -4.205647525710496382e-01 -2.354435252516554611e-01
-1.629684104092667674e-01 -2.340230651160804531e-01 8.077406032742140418e-02
-7.050970392422311050e-01 4.156553799608554423e-01 5.068578407926540574e-01
-1.276155623992162313e-01 -2.085999679857844791e-01 3.047492379798040218e-01
-1.992726670525216959e-01 -1.880637605077279395e-01 -1.088245734583538349e-01
-4.760404674041118778e-01 -8.446880006397905483e-02 4.847738959642718948e-01
-1.460077599165190421e-01 -3.544747655797768071e-01 -4.582416087254318621e-02
-6.526254569866586364e-01 5.184703084325650302e-01 -1.224427142015162978e-01
-1.557233719498878621e-01 -1.509806047069578994e-01 4.276849846759770424e-01
-9.448993066137451047e-02 -4.237327661544477708e-01 -4.437405968716893329e-03
-4.875063255845861754e-01 1.856442536932574605e-01 -6.470464921540745040e-01
-4.813423025649126719e-01 3.104665437406702311e-01 -7.313238723406265684e-01
-6.764612452368747864e-01 2.946973787533296307e-01 8.037321865869222204e-02
-5.608361549768094978e-01 2.483204322396090624e-01 -5.072207611959038687e-01
-6.564361847134442263e-01 1.262325055772319515e-01 6.341673625274005799e-01
-2.347801519819454619e-01 2.161552040126269586e-02 -9.765750744381189730e-01
-1.848683228989250792e-03 -3.327406825000406299e-01 -2.428992598824038784e-01
-2.205789354985607520e-01 -2.007671749425095353e-01 2.016611345240885630e-02
-6.351833648441037594e-01 6.075727441832485393e-02 4.493313687568846193e-01
-3.711435610781812500e-01 -1.464103619196996386e-01 4.020615973058151438e-01
-3.174156975904785516e-01 -1.617157093928962563e-01 3.901724317914024853e-01
-2.245135679883901447e-01 -9.180328540015486594e-02 -5.948010274663588781e-01
-6.115058850463955809e-01 1.133949846771445669e-01 -1.178074995794751029e-01
-1.153230638577687484e-01 5.112572922572714701e-02 -1.093889236458347680e+00
-3.058711783399509221e-01 1.664170297380437868e-01 -9.580163361673612599e-01
-3.875682128257360581e-01 2.307069237869977807e-01 -8.667326656499730886e-01
2.156260028495390890e-02 -3.685814448326093506e-01 9.441066254994804341e-01
1.898193320385266336e-02 3.162872887655626686e-02 -1.113568978430754530e+00
-2.623704944629595692e-01 -1.660028005555035657e-01 3.962353312971266805e-01
-2.083876566972341915e-01 -1.607535750923946571e-01 4.117351996023472793e-01
-1.725742790926093895e-01 -1.504066317067396519e-01 4.205251360077568723e-01
-6.089631828578309092e-01 -2.100355862868584500e-02 6.073874418935172326e-01
-2.205753852427654871e-01 -1.810822199362768226e-01 5.066582494490664557e-01
-2.801203952809629971e-01 -1.933031591024753360e-01 5.414286048705102550e-01
-3.370413318669673308e-01 -1.902385842919874781e-01 5.499122229197993539e-01
-3.906530705322018848e-01 -1.725909967528099775e-01 5.375961268413367300e-01
-4.224396940858905491e-01 -1.494689147773194948e-01 5.153926982951160252e-01
-6.971798190189469890e-01 2.884262788204720596e-01 7.027168399012067024e-01
-4.062885768143768006e-01 -1.284280916169017739e-01 4.240716425306523818e-01
2.306735814364418991e-02 -2.726846479113226307e-01 -3.291003541372088947e-01
-1.880513205948981803e-01 -2.002802401946933986e-01 -3.399011583599855224e-01
-1.314059622900771718e-01 -2.980211150972749135e-01 -1.754602865806950407e-01
-6.730938738163053103e-02 -2.644298864015894868e-01 -3.289746574146229507e-01
2.320752966679091867e-02 -3.269999801193866351e-01 4.866094141268383910e-01
-4.045214144460194672e-01 1.387420638203609169e-01 -7.764348159251077686e-01
-3.238205130082347227e-01 8.497616534394129839e-02 -8.780376163135631407e-01
-1.229013118655668396e-01 -3.533896374145678587e-02 -1.048586951091683428e+00
-5.498238906591237374e-01 4.076643383850011015e-01 -5.733088477248449166e-01
-1.764578694531007130e-01 -1.638968547296688338e-01 4.578495040838991281e-01
-8.072469014416082389e-02 -3.323109830293298206e-01 1.894053304553831862e-01
1.395811715128134241e-02 -5.276459070854955941e-02 -1.066752144027059535e+00
-2.184824720014957034e-01 9.755402995069360761e-02 -1.038345859040838981e+00
-6.537296614388998783e-01 3.114131215161324295e-01 -1.243844437977055656e-01
-1.211046746747994479e-01 -1.650170910707015048e-01 -6.119857303114426550e-01
-1.344884042496419518e-01 -1.710136623773552134e-01 -6.394734020066691338e-01
-1.453591563082506921e-01 -1.787055389969636476e-01 -6.749877737549550005e-01
-1.518191266166694087e-01 -1.665019220857232030e-01 -7.116796121527552144e-01
-1.605715140727894397e-01 -1.121101114212562505e-01 -7.670440513878571398e-01
-2.010097974582348290e-01 -1.093188233497578571e-01 -5.284898890548562767e-01
-2.133606450654199904e-01 -1.104993932248139604e-01 -5.207109349921426045e-01
-2.237321123466499417e-01 -1.117752969432832116e-01 -5.121766483067211606e-01
-3.084370692623735755e-01 -1.032853721535556824e-01 -4.319730864565029527e-01
-5.332776613755585426e-01 -5.679804409021094007e-03 -1.911837312926079058e-01
-7.938535240039805430e-02 -2.866392341604123706e-01 2.945778462688293242e-01
-1.113305989862223705e-01 -2.017819189407030755e-01 4.940858441732277062e-01
-1.507616572862670867e-01 -1.785121043801789764e-01 4.888752284581892038e-01
-1.884865032502417159e-01 -1.032114453042332763e-01 -5.357417662008823189e-01
-5.374555185075365893e-01 1.150763791740623959e-01 -3.966345474880728084e-01
-5.925292285412935012e-02 -2.828834530085508892e-01 4.843573316442714161e-01
-1.943636558190341701e-01 -6.519587241535773625e-02 -8.306616114527580752e-01
2.141996276638586522e-02 -4.428972566570897329e-01 1.362860283738617506e-01
-3.645336738665645726e-02 -3.810569837772739832e-01 2.286236203908828257e-01
2.233913822276550540e-02 -3.985281071254459517e-01 2.422305973955350689e-01
-1.260901358258467719e-01 -3.113650730365021824e-01 4.451942588159777531e-02
1.217517778374968551e-02 -9.879416250787279030e-02 -9.904915980665720543e-01
1.241682319795869155e-02 -1.136670400338392756e-01 -8.981423626203390853e-01
-9.377513107113157054e-02 -9.817577351418828313e-02 -8.860642659476534178e-01
-3.413425622815582927e-01 -1.220559188643931259e-02 -6.374441708983077381e-01
-2.558183101430028250e-01 -1.631084582634018121e-01 -1.735622388825247275e-01
-2.744257562490639568e-01 -3.453419665474166678e-02 -7.491422572854934403e-01
-4.000786551290630433e-01 -1.383089178745999792e-01 -1.412497280716676906e-01
-3.162987210327332654e-01 -1.398541629644974860e-01 -2.562858270464128951e-01
-4.534625183041807173e-01 -6.879043038843518643e-02 -2.764362484042618973e-01
-1.149148291382208475e-01 -7.941434547006576139e-02 -9.738741474084358085e-01
-1.638522892824496313e-01 -2.590936233439037339e-01 8.805533171215609552e-04
-3.888362417590853215e-01 5.559208955466217461e-02 -6.911236486674858792e-01
-3.073713287194755894e-01 2.419820866091572723e-02 -8.022644889478280916e-01
-3.931885480344107786e-01 -1.809432779556776477e-02 -5.133927829213287275e-01
-5.929896682559742116e-01 1.559992882431078809e-01 -2.717306165373509774e-01
-4.649324061825228505e-01 4.488699389156320524e-02 -5.143967734296178707e-01
-6.204634949974998648e-01 3.085250554635249887e-01 -3.184010808234453149e-01
-3.690104893778939910e-01 -9.314478658672281641e-02 -3.615317952664807155e-01
-1.206698689253097728e-01 -2.804933369192716963e-01 1.368308203686404156e-01
-1.225997699996421719e-01 -3.794062090609139903e-01 -1.577828394729042516e-01
-1.597639075845019019e-01 -3.058354790697986325e-01 -1.673235600645837651e-01
-9.600842150295835209e-02 -4.314158192950664494e-01 -1.048369507728045963e-01
-1.637726107568165390e-01 -2.317977288316450668e-01 5.875939723173173590e-01
-2.711020265218179182e-01 -2.475641002388304646e-01 6.585803782150220220e-01
-3.635898151444183490e-01 -2.427045640341952693e-01 6.745769104726809795e-01
-4.387313835109183380e-01 -2.141166160921729178e-01 6.578460409687252319e-01
-4.893429912493415523e-01 -1.706057895839790672e-01 6.175497553526082539e-01
-5.207558942056440543e-01 -5.466902014891505956e-02 4.686894494486377738e-01
-6.916181111259247505e-01 2.558455737107133698e-01 2.752830067935610470e-01
-4.781075851159325429e-01 -8.742076468370203746e-02 3.233242498117723795e-01
-4.159622898373683264e-01 -1.221699194087333268e-01 2.853354996640211083e-01
-3.317552556475023562e-01 -1.490844984726008293e-01 2.769798307959600026e-01
-2.501353056819057286e-01 -1.653980886316907817e-01 2.936453660481177508e-01
-1.853563983541773874e-01 -1.707409090239510596e-01 3.218305573390854990e-01
-1.404205710736752266e-01 -1.789724092750193951e-01 3.481157480614140431e-01
-6.956679193695567420e-01 4.859233608993617226e-01 3.124291910562198571e-01
-1.593846327512521699e-01 -2.714812954486757191e-01 -1.864599109537996013e-01
-8.142591809366536704e-02 -3.702298121203747572e-01 9.549686058642049835e-02
-7.919253755875721446e-02 -4.272701252560777707e-01 -1.743108779854214974e-01
-4.697958370999050920e-02 -3.951761871541333848e-01 -2.151905076253023685e-01
-7.937452187322514841e-02 -3.947364502844630252e-01 -1.838770101345754693e-01
-1.422081308350960638e-01 -2.462595205451305613e-01 -2.107737625846037577e-01
-3.389830954479207403e-02 -4.111574732876768223e-01 -2.271262105495065464e-01
-2.437659041878390692e-02 -3.334185050001687300e-01 -2.359280870412723830e-01
-1.348354644483652498e-01 -1.586608116509473920e-01 4.231548816389751333e-01
-1.049312931727495873e-01 -1.927309837001280612e-01 3.955208676412466096e-01
-8.768338624266765191e-02 -2.338906121129503690e-01 3.718144947055961325e-01
-4.389149182535501681e-01 -1.260953188997082086e-01 4.983887474621386260e-01
-4.792257509116390479e-01 -1.269923501973141411e-01 5.410258367140380331e-01
7.560746079472303871e-02 -4.196233076214622715e-01 1.235807977094993404e-01
4.592950642764371261e-01 -1.230621571120165403e-01 4.156366884911777970e-01
8.621552521287081938e-02 -3.396622754236859332e-01 -2.273929229353549575e-01
6.757377720137163202e-01 1.183810474760628034e-01 7.831261036758686567e-01
2.802727117405678925e-01 -1.731851627691126938e-01 3.352328429238043417e-01
3.422366893138745203e-01 -1.685493975394555533e-01 3.256607651765050515e-01
4.011895706133565276e-01 -1.528406391440364220e-01 3.289111767353991578e-01
4.792911834741442889e-01 -1.095344391934942735e-01 3.862873957592205532e-01
2.290185376631647118e-01 -1.683787455815662359e-01 3.592210558864560310e-01
3.753688148740253472e-01 -2.299690924373804513e-01 6.030189708336024523e-01
3.022056228044462389e-01 -2.276995652052824226e-01 5.914748581356821244e-01
4.413676806286346288e-01 -2.095732473930864703e-01 5.854498566425717643e-01
4.821092776565500948e-01 -1.813596791676695130e-01 5.449929579752053055e-01
5.252435373707289301e-01 -7.166464890023638290e-02 3.240882214977282016e-01
2.453958633023524682e-01 -3.662808341588352085e-02 -9.130714870031427788e-01
4.815611900656744937e-01 -1.072013818566377730e-01 4.473722583279769460e-01
7.096005611885096709e-01 1.953383394921206495e-01 3.952306834707314254e-01
5.907762260774522822e-01 -1.909429713784207769e-02 3.961881273777174139e-01
3.296778916278169658e-01 -1.870925483379776710e-01 -7.357625576450349536e-02
5.969611297701789276e-02 -2.659310065723533012e-01 -4.553021158876355834e-01
5.510023673270152827e-02 -2.294150294672505364e-01 -5.162260784962763305e-01
1.328389351109560412e-01 -2.180049797353627861e-01 -4.781595234876542255e-01
1.841239939146527560e-01 -1.646988391718354205e-01 -5.018673071648369621e-01
1.139896813129564618e-01 -1.954356206351664516e-01 -5.191556529222923766e-01
1.628601548034551427e-01 -1.469056321074230231e-01 -5.274852640483607136e-01
3.014997862984409860e-01 -6.052324811082950701e-02 -6.382019833493433048e-01
7.425165256046700746e-02 -4.593996067780710679e-01 -1.993596667063877725e-01
8.233261147982808004e-02 -4.906160500616014164e-01 -1.103864050403391972e-01
5.569969652837323260e-01 -1.734099523828843414e-01 6.274513831739875203e-01
2.051290911164982966e-01 -2.215565740806998973e-01 1.630455722978804700e-01
2.188000176654122386e-01 -3.102380385333878277e-01 -1.502333800252304008e-01
2.224994591039992364e-01 -2.979983150273479153e-01 -9.633438975516768477e-02
5.090283656950773672e-01 -1.097228873703067348e-01 -5.377889663553003102e-02
7.915421876413986091e-02 -4.671638092771326356e-01 1.332989734057541016e-02
4.255125078866204280e-01 -2.912025561958671016e-01 7.233536229801472706e-01
5.051175716868047116e-01 -2.393809553704927540e-01 6.946858508487421258e-01
6.161331416461297561e-01 -2.294335215543618148e-02 9.255237777479730088e-01
1.589009407665518681e-01 -3.285308144663514618e-01 6.294964842193290222e-01
2.401978737229800986e-01 -2.028484037976176491e-01 5.477885264161450607e-01
3.515226329293961172e-01 -5.342302262591831080e-02 -5.356029877634295167e-01
6.494141083100014589e-01 4.677379620371380775e-01 -4.174589997847481526e-01
1.741818290354546495e-01 -2.795260941307522451e-01 -1.988000593122255799e-01
1.273296124882745406e-01 -2.813322695464210432e-01 -2.249310588430142310e-01
2.564193685455885552e-01 -5.312821602814192523e-02 -5.547754495532707386e-01
2.399159757839622320e-01 -7.211090558612075208e-02 -5.612582731882993503e-01
5.342865332207067386e-01 -2.176578239781629676e-01 7.514213906651698860e-01
2.210680468992843595e-01 -2.710018314853850363e-01 -1.842507630885083514e-01
3.149483147527096794e-01 -3.243294986821566028e-01 7.093142184545657702e-01
3.248158088261977050e-01 -3.467724481819737248e-01 7.766853558170052629e-01
3.745178919618112334e-01 -2.813941431724067410e-01 1.109173252436808088e+00
5.758564633475902195e-01 -1.333587527773005821e-01 8.265322201080754771e-01
3.418431951399071855e-01 -3.153998713379110308e-01 9.377214833347604639e-01
5.904253948929572005e-01 -1.256035317462876333e-01 6.685960355119924259e-01
6.374035779746066721e-01 -8.785999982366392291e-03 7.112527933116977730e-01
5.796339324854199448e-02 -2.543388760179948749e-01 -4.897754010687440651e-01
1.233698164108586875e-01 -2.091857196978211542e-01 -5.003707240319803518e-01
1.734611577517648218e-01 -1.610413081168339255e-01 -5.147834666071728904e-01
1.607124309630940939e-01 -2.642025689430582691e-01 -2.128782943830673513e-01
2.479843366861175236e-01 -6.349277429822117180e-02 -5.582344527492928421e-01
2.098531627378876774e-01 -1.028197656838156504e-01 -6.107717976886193334e-01
2.315047713943961250e-01 -7.402536956546679203e-02 -5.629745700428856470e-01
1.431084892102542638e-01 -3.677661380821028447e-01 -1.832984104886354049e-01
1.544185043523981227e-01 -1.343193761997655833e-01 -5.366168909334276815e-01
1.074981617596759698e-01 -1.669422596317685914e-01 -5.312528461522249001e-01
5.272921560575655198e-02 -1.973276776287222756e-01 -5.323226316151765669e-01
9.411411428436572413e-02 -1.288398039499142611e-01 -8.154849669019309522e-01
5.885525854142407282e-02 -1.892304910983842181e-01 -7.562576306383609337e-01
5.503751241706116709e-02 -1.988919413047065265e-01 -7.177613345435237546e-01
5.178253917220392716e-02 -1.878749363294630048e-01 -6.762271266515945678e-01
4.604591537786820871e-02 -1.837594548426589036e-01 -6.397590570820185230e-01
1.469811861545535503e-01 -1.334628054754340987e-01 -6.161528838522313256e-01
1.585279937631730307e-01 -1.418949297785807862e-01 -6.335226361122096028e-01
1.696580908878322358e-01 -1.493327450624732100e-01 -6.545499384817144994e-01
1.810059355963033467e-01 -1.357488355938342162e-01 -6.761484339531538268e-01
2.805447879299103331e-01 -1.646482181136973422e-01 -3.957772752776863578e-01
7.162413071635792550e-01 4.964322378932315982e-01 3.900412880567630247e-02
1.855908202667116702e-01 -9.886620021466945019e-02 -5.948053582038830278e-01
1.970192532540233354e-01 -1.046662314740217925e-01 -6.035390344272977270e-01
1.076141293496969409e-01 -2.778809608757246696e-01 -2.584844371706409016e-01
2.022489343778604287e-01 -2.204411924528688893e-01 -2.308047469405825336e-01
1.172332473484547222e-01 -2.810888396248500953e-01 -2.425479284836006277e-01
2.684977266462060808e-01 -1.935999125510170227e-01 1.109474110400488905e-01
3.684456063534889414e-01 -1.694695579296686960e-01 4.817274395481076915e-02
2.332107156581819107e-01 -2.578940862845688353e-01 -1.316655354226531349e-01
5.217146729901198654e-01 -1.647294721035630904e-01 1.036185266239725067e+00
4.828552208530963452e-01 -2.337977961428764073e-01 9.052598164674832137e-01
4.455862833123560018e-01 -2.901103956493614189e-01 7.907604273072722512e-01
2.425814349781705015e-01 -8.738218569899973420e-02 -7.161865537198160991e-01
1.791342829633051359e-01 -3.691716860935604361e-01 7.425150575664086761e-01
1.921104529150502449e-01 -3.586339276938962373e-01 9.415166917999263640e-01
2.130640775987410473e-01 -3.470777701803672288e-01 1.146511037976009062e+00
4.509251489892999176e-01 -1.293141276075299717e-01 3.477115720418912925e-01
5.889817440427370654e-01 -3.051000800184226064e-02 2.567078514494794406e-01
1.954017797169856352e-01 -1.611573754941558467e-01 3.823661157176034830e-01
5.348365382493113218e-01 -1.239921836464107363e-01 5.053847406623825922e-01
1.629875098866463978e-01 -2.509507147079124145e-01 2.212107328387499794e-01
1.815909401337768569e-01 -3.757961038879678584e-01 -1.262771459243623440e-01
6.619957354890211310e-01 4.520686859569690574e-02 1.978301696609354177e-01
5.487224425236176817e-01 -7.714007775957662516e-02 1.853517019432032731e-01
4.715260999506779016e-01 -1.292789246492224153e-01 1.462269097535063844e-01
3.556457507929269846e-01 -1.563390342407316447e-01 1.631746503086273781e-01
2.702526016078297122e-01 -1.739027638392258435e-01 2.055153337672825098e-01
2.068118824034937964e-01 -1.953569146701212844e-01 2.487511775030606942e-01
8.257784876938266405e-02 -3.314027766649589313e-01 3.354468552519130897e-01
6.523185471101453636e-01 5.368792402293783711e-02 4.523468202487956197e-03
5.781027416472233060e-01 -9.634632678862802002e-02 5.191411593465100616e-01
5.346796545344455892e-02 -4.213051915072532627e-01 -2.381136899496248960e-01
2.016166597764269264e-01 -2.363112274461079687e-01 6.469290523718232433e-02
7.278791355403815277e-01 3.972190590923459497e-01 4.345237388707552939e-01
1.599086142131193600e-01 -2.096554575357213179e-01 2.968500606860602353e-01
2.406192156839659646e-01 -1.956709550181893464e-01 -1.270780656557975452e-01
5.038006514864918906e-01 -9.512935869407147804e-02 4.438573274503490595e-01
1.835993512951263062e-01 -3.601190730949724306e-01 -6.003596964086627824e-02
6.928075217172529054e-01 4.968363978145670101e-01 -1.815204742972326701e-01
1.954211638140281870e-01 -1.490449213594737810e-01 4.141987058935326371e-01
1.324934790420826958e-01 -4.267789755066866975e-01 -1.437833049920453007e-02
5.139605809881254705e-01 1.674050167747965778e-01 -6.793447529617016034e-01
5.145436955630270370e-01 2.910100035039159261e-01 -7.599992134991451209e-01
7.123012123100086468e-01 2.765716747473342951e-01 1.658888377684640536e-02
5.906752609970296053e-01 2.295679285124966607e-01 -5.497228057388431344e-01
6.765921702818143979e-01 1.094613911358742614e-01 5.683018931417314068e-01
2.602493888950792034e-01 1.073354747579931441e-02 -9.856773626491108775e-01
5.148392896113163086e-02 -3.344976987580665639e-01 -2.453550952124124440e-01
2.559883629016017070e-01 -2.061372289425158488e-01 -1.431609776547922023e-03
6.389325548037710911e-01 4.505010956515252685e-02 3.813436034543538633e-01
3.988123073488550330e-01 -1.538544843432945453e-01 3.781107965354822409e-01
3.455543359446381357e-01 -1.669006707321160354e-01 3.717527680666491419e-01
2.230076597932255655e-01 -9.017702850180817076e-02 -6.181347743456832022e-01
6.391399975980875947e-01 9.801489842073253522e-02 -1.726358767796564719e-01
1.504431229435215234e-01 4.543071245818652154e-02 -1.096334808441948416e+00
3.398689533180895284e-01 1.529445103410171924e-01 -9.682390627114345616e-01
4.215627659244756131e-01 2.145927398482784243e-01 -8.837637669992828293e-01
2.927454644085322744e-01 -1.695056896468763175e-01 3.800109126415054384e-01
2.432298371120909797e-01 -1.614187761845674030e-01 3.964652929036098228e-01
2.113454541941831299e-01 -1.489927910212140438e-01 4.057374169941418973e-01
6.174993160281089244e-01 -3.535303060190124469e-02 5.423073949410524008e-01
2.528422370676983721e-01 -1.822197398690614534e-01 4.800273199589746853e-01
3.071560275814618213e-01 -1.977385520894422155e-01 5.096368430496056590e-01
3.632864405437183364e-01 -1.972141029105707044e-01 5.161982170722951846e-01
4.175658070582516923e-01 -1.820154428710194228e-01 5.021952375829932258e-01
4.498356848396007912e-01 -1.598063608542225622e-01 4.787557572044490173e-01
7.126855387348337567e-01 2.689911073418734810e-01 6.302561037666055688e-01
4.349099301168355414e-01 -1.371234919585525569e-01 3.949785756420101657e-01
2.240578541203304408e-01 -2.056064927254733776e-01 -3.560359520299520297e-01
1.733746295847187202e-01 -3.049487992541592973e-01 -1.881238045734722197e-01
1.101765541368511514e-01 -2.655976211340368431e-01 -3.362241113608459564e-01
4.305753916050080177e-01 1.215649042335477936e-01 -7.993557285787779021e-01
3.490062372212365815e-01 6.966028094698779871e-02 -8.930126237642166398e-01
1.485074096360728124e-01 -4.161804582989816342e-02 -1.053305200293702892e+00
5.878746634339019339e-01 3.885225202720434812e-01 -6.130898084504849965e-01
2.134944524890289297e-01 -1.620651624190234397e-01 4.397621912338381955e-01
1.225885649729127752e-01 -3.337762949338956564e-01 1.800880584337065105e-01
2.522190997657076661e-01 8.778707585399748992e-02 -1.043104819644590453e+00
6.900511450617523579e-01 2.929535889785774283e-01 -1.830027435417153348e-01
1.005658703085153677e-01 -1.610894645320214980e-01 -6.281546503520346603e-01
1.113166178352432562e-01 -1.684232857856514387e-01 -6.564389682967214368e-01
1.191303059704012790e-01 -1.765571357908104211e-01 -6.914294556246325385e-01
1.269644378166185916e-01 -1.648587264207932723e-01 -7.259272307025329551e-01
1.755993901103868049e-01 -1.139066529654254450e-01 -7.782497250918253284e-01
2.027816855182691946e-01 -1.067085311341703369e-01 -5.396153565452226353e-01
2.148506071189903999e-01 -1.066974874544995427e-01 -5.331755715756179015e-01
2.252893174725921210e-01 -1.078250308795955514e-01 -5.250949289466089187e-01
3.261763890102451491e-01 -1.094336810547941602e-01 -4.544190723700827217e-01
5.544677235329834586e-01 -1.992158233697462200e-02 -2.381373586109152840e-01
1.222904633259677964e-01 -2.873262461067533913e-01 2.848443246342888813e-01
1.534570504339931862e-01 -2.036603787559596035e-01 4.777733185830181917e-01
1.882091412355470783e-01 -1.772133399183634384e-01 4.706349763166076672e-01
1.911410217031015990e-01 -9.862170084180724161e-02 -5.459586388621837649e-01
5.620293553967022904e-01 9.884201170853211538e-02 -4.389954774687099825e-01
9.922031694896776832e-02 -2.831464415770818532e-01 4.746159465872037408e-01
2.124387789536997251e-01 -7.268179220199993962e-02 -8.421585828028476106e-01
7.964106069755136352e-02 -3.825625319141864877e-01 2.233510860753795957e-01
1.653036847834974954e-01 -3.154673112180390593e-01 3.114676717546548124e-02
1.157870403615175597e-01 -1.037728651448893841e-01 -8.926810216042869728e-01
3.593700211295642322e-01 -2.291942578940019820e-02 -6.630160692642820264e-01
2.896819981167317315e-01 -1.725133704847462146e-01 -1.971758440358823139e-01
2.901169678686458808e-01 -4.502083744133927867e-02 -7.676696965850520193e-01
4.229666319723034973e-01 -1.506996610221920385e-01 -1.783027861183149876e-01
3.415279615254795398e-01 -1.492331522936213573e-01 -2.845620092328491335e-01
4.721852529221997052e-01 -8.118198499369200238e-02 -3.142049790769027573e-01
1.377987215108648633e-01 -8.509418298887290455e-02 -9.806162092240117145e-01
2.020126855673959332e-01 -2.642847264758495518e-01 -1.471817204084913296e-02
4.104792244051639893e-01 4.047388072874272963e-02 -7.150750891862610592e-01
3.291459988719971919e-01 1.010819633781223637e-02 -8.196446046232510607e-01
4.107061292799205621e-01 -2.686912207391683322e-02 -5.437033557684225471e-01
6.209199949217532044e-01 1.388768177991862030e-01 -3.219166950573428276e-01
4.844172694184579187e-01 3.078375494206312540e-02 -5.466187425545282474e-01
6.558318922291348496e-01 2.914883815608152462e-01 -3.705797445059342277e-01
3.865106317288362070e-01 -1.020321979654016248e-01 -3.920864192515939872e-01
1.609736609917371275e-01 -2.817015024483874308e-01 1.239243073343975210e-01
1.613563995384428296e-01 -3.835399733649422771e-01 -1.700321559626385703e-01
1.990273249030912461e-01 -3.136461525380002113e-01 -1.820357370077307080e-01
1.362702471490883083e-01 -4.361085084573059767e-01 -1.154520415050147852e-01
2.040953075608541445e-01 -2.351865603381012582e-01 5.674824317037439059e-01
3.069213811393640690e-01 -2.567127349236957290e-01 6.339067248870117188e-01
3.963687726428417046e-01 -2.546818987289053426e-01 6.452327676587578109e-01
4.675594006486162302e-01 -2.275685802404137370e-01 6.238869592777359641e-01
5.138265139324171837e-01 -1.847916829829948926e-01 5.785300288190367013e-01
5.396635079725164985e-01 -6.746232014137518163e-02 4.205276937885764621e-01
7.197474618910844057e-01 2.394735316608505582e-01 2.077855063503876165e-01
4.936203753834453312e-01 -9.812942970095403505e-02 2.814999292335875758e-01
4.315898267689816103e-01 -1.313774703638214136e-01 2.510110932146901730e-01
3.505426700367323400e-01 -1.552393537431321635e-01 2.537871120254149293e-01
2.734874988165971743e-01 -1.687866804584308156e-01 2.785938360841647699e-01
2.147034868571157940e-01 -1.736209004930491795e-01 3.106640193861756605e-01
1.742001164870579100e-01 -1.802406445329920448e-01 3.394292663368495000e-01
7.243864028769801955e-01 4.682231936224567903e-01 2.419589803572231856e-01
1.983507332524270528e-01 -2.797436322181514612e-01 -2.004908323894709354e-01
1.234506479719095634e-01 -3.714171554741513281e-01 8.630672971137132166e-02
1.188058123629948670e-01 -4.315395269858834371e-01 -1.830806518794312332e-01
8.639198444213223860e-02 -3.994448709470879710e-01 -2.210338654663602243e-01
1.187439824862227128e-01 -3.986742061536913684e-01 -1.928477540628449061e-01
1.827707469507273974e-01 -2.553499056002969669e-01 -2.231317112502060607e-01
7.364758477589132546e-02 -4.144719161780252570e-01 -2.317291731696665691e-01
7.170671578340856445e-02 -3.368826907267996051e-01 -2.398968521695770961e-01
1.740292548094169722e-01 -1.582883194121064985e-01 4.106375798553179579e-01
1.425468597154170292e-01 -1.933614312334610008e-01 3.860841832518607242e-01
1.234414802227673108e-01 -2.352475288658935348e-01 3.645693375596778529e-01
4.676461647058577364e-01 -1.368378236968821882e-01 4.612975625962635884e-01
5.053626441965544114e-01 -1.406560114548327245e-01 5.006806516486599357e-01
-3.243903773300552129e-01 -1.541089642819025995e-01 4.808952251162154079e-01
-2.602566991264214091e-01 -1.600853780037701235e-01 4.790174863108762615e-01
-3.235957791511332449e-01 -1.623988864637792295e-01 5.605618779822676423e-01
-3.893901381879488754e-01 -1.480803003819172459e-01 4.828002127502316609e-01
-3.257622441052923090e-01 -1.458215587370454425e-01 4.014831249649045697e-01
3.513376876551576600e-01 -1.604763855006825501e-01 4.511813312673289555e-01
4.141214297775807074e-01 -1.661651835631861585e-01 4.479676914612821803e-01
3.504319979278062158e-01 -1.689075689152572668e-01 5.300772414889258766e-01
2.880551121235250811e-01 -1.548126040085508193e-01 4.549276481065838151e-01
3.524801809420520238e-01 -1.520615003068052362e-01 3.722470480062538556e-01
