-2.095197744898379122e-02 -4.418103542537040740e-01 -7.236177538960077982e-01
3.448476975027237046e-02 -7.286791032170527593e-01 -3.163427152624761485e-01
3.931374102538878756e-02 -4.565197776648511896e-01 -4.097769829020344590e-01
-5.136241422578077809e-02 -6.609485474857000886e-01 2.018820490776477294e-01
3.417370023155281988e-02 -7.811235608849600442e-01 -1.711706754369541617e-01
3.257525150832705357e-02 -7.669234727953699871e-01 3.524462467657137055e-02
3.600992563168248228e-02 -5.637631762832794324e-01 5.608332156499820087e-01
-6.761178349154288725e-01 -1.783175208490926367e-01 7.074483955033010751e-01
3.672550987475250994e-02 -5.395782652402467683e-01 9.602806506035141965e-01
3.521390578763782669e-02 -5.822809326304247968e-01 1.152978997279727746e+00
3.306859987969303083e-02 -5.643811781780373460e-01 1.830730378857467588e+00
-1.915152967530266148e-02 -4.259966463348692778e-01 -7.636218408061792307e-01
-1.652307300161943646e-02 -3.919045665470861084e-01 -8.029865223177969913e-01
-1.279153422140709775e-02 -3.391306258008735530e-01 -8.312250345810279217e-01
-2.572492290360848047e-02 -2.992721920858960050e-01 -1.015533883119491110e+00
-2.723325290167241675e-02 -3.043050121734831026e-01 -1.077234631192935943e+00
-3.001616511680072624e-02 -3.188687989587342120e-01 -1.142623928172224579e+00
-2.964336642785944664e-02 -3.015891017545026531e-01 -1.202407319421802345e+00
1.776819879435745375e-02 -2.041879122191901375e-01 -1.289707477344311570e+00
3.284221802525932876e-02 -6.674026659004659301e-01 -3.784792568044869077e-01
-6.326204649978320327e-02 -5.275523279972699209e-01 -3.479752871993943009e-01
-1.048987307376145095e+00 2.168742526565441420e-01 1.344202210962106570e+00
-4.016790725378271976e-01 -2.684291795644099254e-01 5.569427291729902585e-01
-5.045446109874742735e-01 -2.574551669745684945e-01 5.476909644205806282e-01
-6.003286812808321660e-01 -2.290542835915112541e-01 5.644966895741361235e-01
-7.173897817152556922e-01 -1.573751160092204948e-01 6.702494996970538299e-01
-3.110343471133948379e-01 -2.615453984652400532e-01 5.920025356060896193e-01
-5.468306881470998970e-01 -3.493084095311590476e-01 9.859864482346052394e-01
-4.293525260128725485e-01 -3.482585889490279474e-01 9.640183930068566553e-01
-6.507505261367665383e-01 -3.119276870509805066e-01 9.639613845873269415e-01
-7.166070484640525429e-01 -2.639889293014860971e-01 9.090895729303360984e-01
-8.037317373104775342e-01 -9.354199022410222830e-02 5.868697856776319277e-01
-3.555183156687122259e-01 -4.144016151511604323e-02 -1.424800947756222680e+00
-7.090145076392269097e-01 -1.523954186729651605e-01 7.603572393733686319e-01
-1.082214762926737572e+00 3.356992138543704041e-01 7.297381421433428716e-01
-9.135494670476751455e-01 -6.138109245015323234e-03 7.129805623054182862e-01
-4.699896866125909956e-01 -2.813457397639412827e-01 -7.032958685010848310e-02
-1.337405743766999500e-01 -4.217985838436433266e-01 -6.946028378732004294e-01
-1.155742821047281710e-01 -3.701143293845835514e-01 -7.908133804321180182e-01
-2.305972241287556623e-01 -3.494997382253544060e-01 -7.247612900119143609e-01
-2.879945452514792170e-01 -2.718706054395668148e-01 -7.706735441293306454e-01
-1.949930777116807290e-01 -3.193786339775787630e-01 -7.947650619520154613e-01
-2.512086940484993258e-01 -2.434376469783061658e-01 -8.187722119278288968e-01
-4.461845101976602557e-01 -8.912195907640960146e-02 -9.802880863240022169e-01
-5.095476235961286793e-02 -7.178932062753251575e-01 -3.058818328914753026e-01
-6.600864188125582510e-02 -7.665152275705676699e-01 -1.644701233771656279e-01
-8.502764076304558660e-01 -2.497089271737807925e-01 1.056586800410294291e+00
-2.639551485296220412e-01 -3.455935618584660141e-01 2.835104115083380005e-01
-2.830593654786054958e-01 -4.775076193229120802e-01 -2.111108919865253286e-01
-2.909655983698616888e-01 -4.583224256354654358e-01 -1.253786195271536785e-01
-7.651197257332973400e-01 -1.550374219757773842e-01 -1.188687537650591486e-02
-5.958638605436857028e-02 -7.341061954935106382e-01 2.872979239905641691e-02
-6.211908184806504973e-01 -4.360163195593310670e-01 1.190741987028955506e+00
-7.566648676476293023e-01 -3.528009123048836404e-01 1.151690905292968248e+00
-9.488314913020943209e-01 -6.176906245002247026e-03 1.561343533743381640e+00
-1.800136314810666938e-01 -5.114335782484097370e-01 1.019004031744555672e+00
-3.252981778457765261e-01 -3.142328888088606886e-01 8.945356464731715196e-01
-5.106474539619619835e-01 -8.506026046803639995e-02 -8.197227031534015662e-01
-9.577709254843691511e-01 7.664784679393211730e-01 -5.776738765463494962e-01
-2.074022763575472661e-01 -4.281120267046117922e-01 -2.934743805350755741e-01
-1.279926247828289121e-01 -4.280481413303039995e-01 -3.391576838979255548e-01
-3.656689914988797696e-01 -1.022353092759356874e-01 -8.581197097910513438e-01
-3.464895247423052105e-01 -1.273036865118782612e-01 -8.706254385123106676e-01
-8.065376394133629834e-01 -3.176823935868560156e-01 1.254120844146192848e+00
-2.891207391890654455e-01 -4.138579851558028544e-01 -2.645287378720879712e-01
-4.346058249998656642e-01 -4.912922703870834518e-01 1.160928346034026060e+00
-4.499917525506207383e-01 -5.255719981599143997e-01 1.275282771436790474e+00
-5.449929010050749145e-01 -4.226971246190892595e-01 1.812819450583821546e+00
-8.761220691116062831e-01 -1.848418537909818915e-01 1.388514662964324131e+00
-4.855813633446646183e-01 -4.793719718627221793e-01 1.530960610833562718e+00
-9.048433158510016394e-01 -1.742591842532794644e-01 1.140594065808094637e+00
-9.756615805802042463e-01 1.144598638018990561e-02 1.215865010382261469e+00
-1.272592826134770483e-01 -4.065515146184704443e-01 -7.479938720035943511e-01
-2.132091368334846915e-01 -3.383500811273199571e-01 -7.612247943889567381e-01
-2.710158410085071190e-01 -2.655065031282132226e-01 -7.939522309549598145e-01
-1.840457986554734915e-01 -4.023444464502015094e-01 -3.174640968891153658e-01
-3.554668757569854343e-01 -1.152118011338023190e-01 -8.645810195539982423e-01
-3.309946095807124733e-01 -1.683759797236321631e-01 -9.310084946233585512e-01
-3.356020892755539053e-01 -1.301068645938034674e-01 -8.751579265102595873e-01
-1.617325644848641442e-01 -5.749038635389376317e-01 -2.714921493405327846e-01
-2.364199228922200247e-01 -2.233512848543262042e-01 -8.376915413969789892e-01
-1.782197752649168909e-01 -2.764376483763809067e-01 -8.212727423202168531e-01
-1.037290846135909828e-01 -3.230325632466646835e-01 -8.199349963702216026e-01
-1.198498050426535927e-01 -1.963796772316508399e-01 -1.275859989144105811e+00
-1.482111247408569588e-01 -2.960666104208441451e-01 -1.180393221166252227e+00
-1.434982887633792226e-01 -3.131074670520180847e-01 -1.118448066792570472e+00
-1.318082721140281244e-01 -2.967203112378674068e-01 -1.051032142201516750e+00
-1.181375606452963190e-01 -2.914304776365493899e-01 -9.928999888552167974e-01
-2.543583528923756831e-01 -2.159638805331062228e-01 -9.373575581417412650e-01
-2.764449937483690611e-01 -2.258387301201690844e-01 -9.631110500242388017e-01
-2.991250676668839592e-01 -2.358608717286392320e-01 -9.947695123629867187e-01
-3.154280221895247038e-01 -2.138924050478591132e-01 -1.029615436258038086e+00
-3.917154877075026409e-01 -2.525540602960980041e-01 -5.913476237215503639e-01
-1.071282711100272289e+00 8.138426782886742927e-01 1.663322544208442888e-01
3.879974415241684016e-02 -5.302176875457974559e-01 -3.890031938140162682e-01
-2.920999589930933227e-01 -1.664812345635846569e-01 -9.083987759603078249e-01
-3.116523793277775622e-01 -1.724365776616242074e-01 -9.196996074331049709e-01
-9.460152867907914431e-02 -4.285341816055127095e-01 -3.944808174858007721e-01
-2.527580455172037666e-01 -3.304445978336888468e-01 -3.403762638681828712e-01
-1.107755367039728878e-01 -4.299616391406890781e-01 -3.675967253609592200e-01
-3.683480351926983198e-01 -2.996639231769616663e-01 2.111430413776697601e-01
-5.325000973687175065e-01 -2.554726387723583736e-01 1.283604900429486384e-01
-3.074350801276867773e-01 -3.940509829314446932e-01 -1.794960841544635255e-01
-7.897736072407148811e-01 -2.305960823374963997e-01 1.722652087776449292e+00
-7.202010585676072996e-01 -3.439767995015055035e-01 1.500918337192423957e+00
-6.528076407745508902e-01 -4.333302177932307764e-01 1.306655089776905809e+00
-3.681657390359982518e-01 -1.305819418250822594e-01 -1.105460871700103986e+00
-2.083182408429845034e-01 -5.721402890893887427e-01 1.211850985528815983e+00
-2.422741871074045594e-01 -5.544481225484003684e-01 1.512065378997535570e+00
-2.804500660535610979e-01 -5.324609654208498632e-01 1.841963982417139434e+00
-6.772992425656305659e-01 -1.892413691105832574e-01 6.041473078416251807e-01
-9.159511314143953253e-01 -2.264864457556964306e-02 4.913082531947065013e-01
-2.507361643787689998e-01 -2.541817559619775624e-01 6.263598659556469661e-01
-8.083357288444186217e-01 -1.738732947151346020e-01 8.600637401950408378e-01
-1.940593369642801269e-01 -3.937896946723091762e-01 3.684524949416678741e-01
-2.243868087228668151e-01 -5.825955912088207622e-01 -1.760329378268216949e-01
-1.005402332428864565e+00 9.760537209986380747e-02 4.096842903984184714e-01
-8.531586877520709322e-01 -1.000336503468682581e-01 3.698220366603296450e-01
-7.285685062540625534e-01 -1.860314333885554061e-01 2.946069761628198336e-01
-5.354368793357964229e-01 -2.358401405271617346e-01 3.014737352357111932e-01
-3.919062382481023898e-01 -2.676027882605255259e-01 3.543585031510831929e-01
-2.844985017950945050e-01 -3.031346912181959175e-01 4.147144793004727825e-01
-5.932640210033560124e-02 -5.208692809647265110e-01 5.369553081772753256e-01
-9.864441766539702172e-01 1.080120025042690113e-01 1.008026086517897491e-01
-8.889168016565713870e-01 -1.289239659598218901e-01 8.983684785303680531e-01
-2.024091558625420659e-02 -6.614704679120801956e-01 -3.700424130268109568e-01
-2.564575616120318702e-01 -3.682737316386749393e-01 1.271112529378320422e-01
-1.109586004611624377e+00 6.541020124573921901e-01 7.976240716867939451e-01
-2.008240485040045376e-01 -3.282663125180746988e-01 4.838275133862642852e-01
-3.135882724748602635e-01 -2.959492169450440580e-01 -1.712533400850081711e-01
-7.491278659006206375e-01 -1.329255301725823790e-01 7.608422692574311474e-01
-2.297671922465794880e-01 -5.578242667108751496e-01 -7.211184295845676773e-02
-1.027013351387634277e+00 8.158981899310038255e-01 -1.926837230852793403e-01
-2.450563035865560013e-01 -2.375927803223807366e-01 6.760141156471808355e-01
-1.486954260242827897e-01 -6.668131063571558492e-01 -6.982986273808361455e-03
-7.671712770339149667e-01 2.921417255644475075e-01 -1.018233933869290508e+00
-7.574711743614033210e-01 4.885701012232497309e-01 -1.150858234293002047e+00
-1.064522879267300048e+00 4.637547265268576746e-01 1.264804592559966578e-01
-8.825678081292842592e-01 3.907729836967509529e-01 -7.981951795972328512e-01
-1.033010157384112615e+00 1.986475814252238736e-01 9.979665079832100716e-01
-3.707496688368409621e-01 3.392659603729555884e-02 -1.537922034837863938e+00
-2.751515557819054353e-03 -5.226305651159210974e-01 -3.809607158881478384e-01
-3.471171854648090194e-01 -3.159401261151681961e-01 3.173469161778980779e-02
-9.995653545086167213e-01 9.561155165012399926e-02 7.070967121652363963e-01
-5.840553543050592822e-01 -2.304007526266341754e-01 6.379860271841986119e-01
-4.995057362160257863e-01 -2.544862308045429122e-01 6.203411299043511962e-01
-3.469503748380850516e-01 -1.491981229048774671e-01 -9.427696646988508178e-01
-9.623049509813998981e-01 1.784456345740250416e-01 -1.853894497971808886e-01
-1.814797829856619193e-01 8.045473111898331087e-02 -1.721414386697628363e+00
-4.813387205181770545e-01 2.618845198879600211e-01 -1.507596167533167053e+00
-6.099022416062633845e-01 3.630552420528004864e-01 -1.363946211685263421e+00
3.393229324141300990e-02 -5.800234435607880545e-01 1.485706853264693317e+00
2.987118971043058180e-02 4.977300082799349101e-02 -1.752383693121632113e+00
-4.128830678285100308e-01 -2.612326729107748990e-01 6.293391754331442156e-01
-3.279322058330577661e-01 -2.529721544505411090e-01 6.523427819114828718e-01
-2.715739737652141939e-01 -2.366895395305153027e-01 6.653880609600926199e-01
-9.583035914446205172e-01 -3.305254850245689657e-02 9.558047864506113989e-01
-3.471115985541797233e-01 -2.849626161261897828e-01 7.932196077930770972e-01
-4.408154522164338118e-01 -3.041942712138313576e-01 8.448228524088341462e-01
-5.303898952932235566e-01 -2.993716593880080268e-01 8.574135248144723054e-01
-6.147567719004076725e-01 -2.716002817494432842e-01 8.391350017879357637e-01
-6.647782450680383981e-01 -2.352138879205040167e-01 8.061825353815028627e-01
-1.097126958173668454e+00 4.538861207438894541e-01 1.105840369996813788e+00
-6.393618091933783720e-01 -2.021026966873110675e-01 6.706514958315790143e-01
3.762259586959047775e-02 -4.305923488855911696e-01 -5.137477312676604901e-01
-2.943948104168610524e-01 -3.151744998614809390e-01 -5.318063307952497487e-01
-2.067888653117742059e-01 -4.684696904221244962e-01 -2.758545331976262061e-01
-1.045800809246548169e-01 -4.171206688048899602e-01 -5.138460537182231169e-01
3.652085980612632815e-02 -5.145881790096434871e-01 7.657598395359467291e-01
-6.371639401403974556e-01 2.182930366378713627e-01 -1.222198253397198675e+00
-5.114356292301467377e-01 1.335957486101051195e-01 -1.383143632362349829e+00
-1.934541256172028212e-01 -5.561503774429191194e-02 -1.650233301531905283e+00
-8.652382014426358570e-01 6.415267959958870225e-01 -9.021956388288918660e-01
-2.776854410836372411e-01 -2.579186212487117880e-01 7.207817529392905875e-01
-1.270335591067477121e-01 -5.229459144295195427e-01 2.980603941356019249e-01
2.196538998154912853e-02 -8.303375015187630659e-02 -1.678841249124580326e+00
-3.438180558045532687e-01 1.535172878008531083e-01 -1.634007759238855773e+00
-1.028750998460658206e+00 4.900596933527389121e-01 -1.957393544065003099e-01
-1.952793105877590196e-01 -2.580638654038502344e-01 -9.625337225807921726e-01
-2.171546906014921730e-01 -2.674242953342533813e-01 -1.006390833574197341e+00
-2.347041151142967852e-01 -2.795386904562446873e-01 -1.062651261506903477e+00
-2.453932342020280766e-01 -2.604809760065431856e-01 -1.121174740246826618e+00
-2.598509359073115643e-01 -1.755243590308319668e-01 -1.209935870833516836e+00
-2.959501281537163520e-01 -1.827631158407628797e-01 -8.496500151927010025e-01
-3.132336150273503650e-01 -1.860238607239248221e-01 -8.382487898979853469e-01
-3.279667152300295152e-01 -1.890812853131544902e-01 -8.252205027311757535e-01
-4.656387258920104966e-01 -1.744423669097744656e-01 -6.922679059996386108e-01
-8.391999919192065782e-01 -8.938106024230590974e-03 -3.008590034354544640e-01
-1.249258911784801307e-01 -4.510739159233990714e-01 4.637536016230087155e-01
-1.751969837412737929e-01 -3.175369924697188928e-01 7.755618977482310328e-01
-2.372482305934449087e-01 -2.809181171529057108e-01 7.670951201670859199e-01
-2.784674021291326795e-01 -1.717307061429132475e-01 -8.602336434840872625e-01
-8.457745363363717850e-01 1.810915832481851118e-01 -6.241696083580307031e-01
-9.324420650231599050e-02 -4.451635773876306823e-01 7.619504264590156728e-01
-3.122707410170105780e-01 -1.026051655246254524e-01 -1.309039201224482030e+00
3.370782967749601233e-02 -6.969715799625719743e-01 2.144684543307755487e-01
-5.736536110925882781e-02 -5.996557532182841266e-01 3.597768184957804705e-01
3.515430323421020464e-02 -6.271494354677640271e-01 3.811896317812543122e-01
-1.984235392369503304e-01 -4.899840846551756224e-01 7.005862944924877433e-02
1.916249209435171019e-02 -1.553998103278007026e-01 -1.561850739692995926e+00
1.882466560887706766e-02 -1.778948814515522170e-01 -1.413652505881678234e+00
-1.505809192576135769e-01 -1.539660481744302423e-01 -1.395362596145322209e+00
-5.377491786670502982e-01 -2.080059177794931977e-02 -1.006844018928867213e+00
-4.025721295938620159e-01 -2.566779499136069287e-01 -2.731286907686881760e-01
-4.394189623544385581e-01 -5.480184035609246551e-02 -1.180844217800336216e+00
-6.295894774315495823e-01 -2.176517997459817000e-01 -2.222796476240445074e-01
-4.975610709695659217e-01 -2.200834967040171675e-01 -4.032863587504386116e-01
-7.135977545261056321e-01 -1.082530411590561514e-01 -4.350178419786793205e-01
-1.822968367855364036e-01 -1.250153375531931066e-01 -1.536211765659849293e+00
-2.578484901975634513e-01 -4.077263728911323382e-01 1.385695276840848145e-03
-6.143845462195195450e-01 8.731102347418011334e-02 -1.090961154876315398e+00
-4.888743906394648064e-01 3.772138622665084651e-02 -1.269074732937553796e+00
-6.109702007787609634e-01 -3.375152952455474226e-02 -8.146165226953775429e-01
-9.331666425422007194e-01 2.454905031936488458e-01 -4.276127573282172412e-01
-7.316434382087567689e-01 7.062287413713545792e-02 -8.095953290026123295e-01
-9.764012215418278462e-01 4.855148540036536842e-01 -5.010563985839375789e-01
-5.771814191751433176e-01 -1.505928086286241474e-01 -5.716961799907546160e-01
-1.898938589810823530e-01 -4.414023371405981777e-01 2.153257740175529289e-01
-1.929308753110126062e-01 -5.969469096160971988e-01 -2.482442826665668401e-01
-2.514147500723340478e-01 -4.810471605227784053e-01 -2.632081926437337405e-01
-1.510850207781666843e-01 -6.789036524282039409e-01 -1.649781625542124652e-01
-2.577231029501489967e-01 -3.647717994799219987e-01 9.192815888225205345e-01
-4.266235676918184172e-01 -3.895827745419118138e-01 1.030055615728949103e+00
-5.721682943629229356e-01 -3.819354961369966217e-01 1.055695413847303143e+00
-6.904158943154634631e-01 -3.369476644321236503e-01 1.029657122977476469e+00
-7.700615721328041285e-01 -2.684762321957013809e-01 9.663432518923811276e-01
-8.194949345562168030e-01 -8.603068355129581124e-02 7.371004614631888607e-01
-1.088374697284206327e+00 4.026150332957409983e-01 4.332030303595624243e-01
-7.523808151477000550e-01 -1.375709322361202136e-01 5.130841997253784426e-01
-6.545849855585441635e-01 -1.922544348025415073e-01 4.548046846611170091e-01
-5.220713861150654278e-01 -2.346089457240103648e-01 4.432938837545057353e-01
-3.936289868927815294e-01 -2.602810593737140410e-01 4.699803583351156444e-01
-2.916887379076856801e-01 -2.686888648280906233e-01 5.138265049850461175e-01
-2.209748328972843123e-01 -2.816424825107833874e-01 5.544239928073395607e-01
-1.094747735743315742e+00 7.646802220971260500e-01 4.916586491423599048e-01
-2.508026879115875518e-01 -4.268242026240891551e-01 -2.932708591254199471e-01
-1.281370564631526821e-01 -5.826174202351613873e-01 1.502799982591445371e-01
-1.246224653549991845e-01 -6.723019339770636149e-01 -2.742610811677368421e-01
-7.393009144260151433e-02 -6.213944718806111434e-01 -3.381067936228965287e-01
-1.249088475650413921e-01 -6.208882975452634234e-01 -2.891294469698092451e-01
-2.235610685195515424e-01 -3.868684831537726465e-01 -3.314533299362207863e-01
-5.334455748792861496e-02 -6.466344605389684475e-01 -3.569481278751518438e-01
-3.824067083200802242e-02 -5.237128531130169629e-01 -3.701103339165151551e-01
-2.121857502592864875e-01 -2.496788474355403631e-01 6.691849089582225796e-01
-1.651266256328441651e-01 -3.032938592374744280e-01 6.266969528163333081e-01
-1.379842103951814114e-01 -3.680652950826233116e-01 5.883966377779745738e-01
-6.907047163788817556e-01 -1.984316956549998512e-01 7.811679729915612658e-01
-7.541404326878400344e-01 -1.998433217406686557e-01 8.458502905917202330e-01
1.189807582119571383e-01 -6.603461983700892324e-01 1.944746852864983055e-01
7.227762236188490785e-01 -1.936585173801876336e-01 6.555268625237040681e-01
1.357390506633385785e-01 -5.336441159018462388e-01 -3.568647012163486121e-01
1.063384375318977337e+00 1.862920224879540676e-01 1.232377560856203536e+00
4.410551471838544124e-01 -2.725352995688542501e-01 5.338975676277284421e-01
5.385656435820525001e-01 -2.652401615478227059e-01 5.194567283115931744e-01
6.313376854158052609e-01 -2.405198500228804548e-01 5.243010105504244400e-01
7.542434015723495921e-01 -1.723704312851762621e-01 6.111128911082304160e-01
3.603982856895363018e-01 -2.649716126622153611e-01 5.702646505610660110e-01
5.907044851577987199e-01 -3.618941397569708229e-01 9.427784056341943497e-01
4.755701852600677793e-01 -3.583226658836338174e-01 9.243609852069285537e-01
6.945645408463856363e-01 -3.297979275282292289e-01 9.154532191711441946e-01
7.586781356450318370e-01 -2.853992437999274268e-01 8.523649619691391344e-01
8.265569781793475901e-01 -1.127760969518511736e-01 5.122906273355392059e-01
3.862742554915119531e-01 -5.739570505875629669e-02 -1.441405553623628544e+00
7.578156297964888655e-01 -1.686989823570761993e-01 7.034207035492938687e-01
1.116673036105080286e+00 3.073969618387096814e-01 6.219603977397391015e-01
9.296834277127290491e-01 -3.004801238187916612e-02 6.240294004718826004e-01
5.188023126195875356e-01 -2.944208550727243079e-01 -1.157843225988003655e-01
9.379520041004900388e-02 -4.240983235621860192e-01 -7.058904183557587197e-01
8.536342520047641991e-02 -3.676973954718961157e-01 -8.039485777218438045e-01
2.029616356367192065e-01 -3.452246801386421593e-01 -7.472739072646866765e-01
2.741922161115594725e-01 -2.604245267318917589e-01 -7.933972191001603669e-01
1.729490732079104753e-01 -3.105313195638494950e-01 -8.130836501361813351e-01
2.415661655616593850e-01 -2.321232154246232748e-01 -8.342093325549577720e-01
4.427036179607672928e-01 -9.782559971077363359e-02 -1.023480186970735062e+00
1.168471712615928859e-01 -7.228961123170973835e-01 -3.136916085687984079e-01
1.295638874321796974e-01 -7.720649392759268981e-01 -1.737111403512916208e-01
8.765262125539212690e-01 -2.728890429481927171e-01 9.865896565331611079e-01
3.228043176669416758e-01 -3.486556603525716724e-01 2.565789885177344187e-01
3.443177660641305593e-01 -4.881813407030133334e-01 -2.364107692883946621e-01
3.501394448071699084e-01 -4.689492954154882431e-01 -1.515979836252580593e-01
8.010397421787345262e-01 -1.726669854443177998e-01 -8.462992539083041832e-02
1.245621644377429005e-01 -7.351589863319256679e-01 2.097678444451756691e-02
6.696138222982757071e-01 -4.582550526794378909e-01 1.138315737797545246e+00
7.948854654522827801e-01 -3.767052519963978163e-01 1.093182483591576215e+00
9.695866992756911884e-01 -3.610513136182419425e-02 1.456463690063978911e+00
2.500567300405514004e-01 -5.169971982966857782e-01 9.906161137659124094e-01
3.779908072042376110e-01 -3.192152815639893726e-01 8.562900975219771560e-01
5.179316961409543563e-01 -9.062905063387943772e-02 -8.739950712750613748e-01
1.021959766775541567e+00 7.360625100053419523e-01 -6.569403044978500139e-01
2.741516887873952091e-01 -4.393414365251193665e-01 -3.125523332430146795e-01
2.006562444966134562e-01 -4.417997689463024624e-01 -3.532666068440178941e-01
3.624891920866784023e-01 -8.875386009107587293e-02 -9.041058616494246358e-01
3.382002937811651178e-01 -1.177946886014497735e-01 -9.115224748726685755e-01
8.407876174764294941e-01 -3.425203366900269053e-01 1.182484987381910324e+00
3.478868825912104779e-01 -4.262774347874558334e-01 -2.898756828718589418e-01
4.956229040490527371e-01 -5.103857378371345899e-01 1.116222435735303664e+00
5.111510267260352958e-01 -5.457034051669609198e-01 1.222241979242354670e+00
5.893654181899230515e-01 -4.428199037388348414e-01 1.745466296264836181e+00
9.062047304613944920e-01 -2.098619018925127477e-01 1.300684214589255427e+00
5.379464158672409013e-01 -4.963335025047890259e-01 1.475658776343907519e+00
9.291313372193192865e-01 -1.976577869229384776e-01 1.052145679891390184e+00
1.003059224543170425e+00 -1.382621397873360150e-02 1.119273094732796903e+00
9.051101831812617682e-02 -4.065952938860266652e-01 -7.604432449308597963e-01
1.878262886407849885e-01 -3.318371829241131832e-01 -7.825465924178176547e-01
2.580974770836954590e-01 -2.544889295275804542e-01 -8.133598139464328636e-01
2.530943178797369075e-01 -4.150974975243376663e-01 -3.346524541084503479e-01
3.497902566389980983e-01 -1.046910393165223774e-01 -9.083684552871975626e-01
3.057161378348526304e-01 -1.615567356149348044e-01 -9.729661499768971211e-01
3.263409501541144619e-01 -1.203353500402632725e-01 -9.125822648348690391e-01
2.252047135802257016e-01 -5.784044769442348022e-01 -2.881961968185478007e-01
2.286730841401933834e-01 -2.121313298290677940e-01 -8.492339341961503418e-01
1.619350822959974567e-01 -2.653747474577976551e-01 -8.338610188990864813e-01
8.088718439411286820e-02 -3.166801622429602503e-01 -8.315419882237891080e-01
1.475129858701445806e-01 -2.000634758650992606e-01 -1.286551582788838743e+00
9.148512104525735600e-02 -2.939297215537380326e-01 -1.193943813819634325e+00
8.538631954468361984e-02 -3.087934141910398944e-01 -1.132857582843886712e+00
7.975221846409089044e-02 -2.913094364699326255e-01 -1.067400654965105611e+00
7.012728372044008118e-02 -2.850507494483801030e-01 -1.009607394173148487e+00
2.206868839989190034e-01 -2.073294506319084962e-01 -9.742558453423777465e-01
2.396899688153944497e-01 -2.204574576957155640e-01 -1.001496790251271474e+00
2.585798675992467821e-01 -2.320535312046826948e-01 -1.034415001494905173e+00
2.772821702721632309e-01 -2.107750231063480473e-01 -1.068028682291747966e+00
4.309815972291510811e-01 -2.613834963468993355e-01 -6.308127308684177148e-01
1.127123340650447281e+00 7.812176661475429551e-01 6.137940316890133641e-02
2.699424617997422948e-01 -1.548407519436366675e-01 -9.460676903630653722e-01
2.871853715932296547e-01 -1.640818060340612783e-01 -9.603168164897792902e-01
1.699485518582378729e-01 -4.363742113292620184e-01 -4.054231650305875068e-01
3.185974496113126442e-01 -3.465211875042450984e-01 -3.630414976937668126e-01
1.849256795181353497e-01 -4.413904010399081201e-01 -3.806825091894520119e-01
4.225252740769476212e-01 -3.046612615073602814e-01 1.745939745687109523e-01
5.798096794021954103e-01 -2.666881850597009329e-01 7.580772550103241636e-02
3.669953663369192598e-01 -4.058387043023073959e-01 -2.071973462712022318e-01
8.210037304546027315e-01 -2.592288814453258539e-01 1.630607711585334130e+00
7.598519997872108522e-01 -3.679192339085342045e-01 1.424575018599711251e+00
7.012032050817436080e-01 -4.565363586703209409e-01 1.244391416086243041e+00
3.739408862851781867e-01 -1.358863747422374701e-01 -1.130015705949177995e+00
2.818972173473242027e-01 -5.809522851330054527e-01 1.168469402416596914e+00
3.023173521239387318e-01 -5.643693914467519113e-01 1.481631160233162436e+00
3.352913222315066499e-01 -5.461838794810803810e-01 1.804223434604279142e+00
7.096047871420014808e-01 -2.034970198514528539e-01 5.526729790513050800e-01
9.268595154844394557e-01 -4.801250760662649497e-02 4.039719689482453857e-01
3.074967954526973135e-01 -2.536076007076014660e-01 6.053278826405052992e-01
8.416531407281815369e-01 -1.951220677597597930e-01 7.922213828728212892e-01
2.564876177768097287e-01 -3.949121686660836961e-01 3.481754698479759824e-01
2.857631709150965094e-01 -5.913768946041702002e-01 -1.987178303436850646e-01
1.041759023694964537e+00 7.114043173490651462e-02 3.113182658965983896e-01
8.635048918867249679e-01 -1.213925827410453628e-01 2.916813508108024866e-01
7.420237672202634194e-01 -2.034416222144113107e-01 2.301120570336272486e-01
5.596670042800400147e-01 -2.460251493247561649e-01 2.570010754759712857e-01
4.252868580701998358e-01 -2.736645627198491804e-01 3.249056079270878916e-01
3.254524661583028666e-01 -3.074261929322975595e-01 3.936473432209833812e-01
1.299498085879274012e-01 -5.215167025407728696e-01 5.278807209668161526e-01
1.026530378286482303e+00 8.448676721574942261e-02 7.118421290424968573e-03
9.097396183208215081e-01 -1.516167711159688014e-01 8.150297267702721893e-01
8.414062627809006101e-02 -6.626281142892569420e-01 -3.742169608130977432e-01
3.172769300306370610e-01 -3.718745308994501064e-01 1.018049131775182470e-01
1.145437375134055191e+00 6.250894298971819696e-01 6.837944708843433084e-01
2.516424697207686467e-01 -3.299272986908181604e-01 4.697716639596979382e-01
3.786538579859684561e-01 -3.079203870016332667e-01 -1.999782090934991707e-01
7.928130752107525048e-01 -1.497016710608516377e-01 6.981340602485121005e-01
2.889237357623606894e-01 -5.667065116729530505e-01 -9.447645836869203451e-02
1.090246430212333362e+00 7.818536781677050129e-01 -2.856522813471631395e-01
3.075272995132640186e-01 -2.345466646358981277e-01 6.534174695195721361e-01
2.085002515474941864e-01 -6.716068171178672941e-01 -2.262666405327825453e-02
8.087670909123405583e-01 2.634392904481837050e-01 -1.069091052590121826e+00
8.097190196280772412e-01 4.579520393915519350e-01 -1.195983593578513471e+00
1.120922954231206914e+00 4.352309610506840398e-01 2.610533467862070911e-02
9.295245425750013890e-01 3.612628424293229390e-01 -8.650791277172076299e-01
1.064728911330169447e+00 1.722554790375404321e-01 8.943163803460822958e-01
4.095451598223251999e-01 1.689099984757233899e-02 -1.551595788789853270e+00
8.117902677426974689e-02 -5.254315562610630819e-01 -3.848258264494824887e-01
4.028397355409665259e-01 -3.243907881244986191e-01 -2.252872693042987096e-03
1.005465320720853928e+00 7.089374695635453083e-02 6.001067928807510832e-01
6.275966711996585623e-01 -2.421153019696768993e-01 5.990213574596168211e-01
5.437865054845480994e-01 -2.626456191103476723e-01 5.894377605906011564e-01
3.241735206957935267e-01 -1.422387138716656174e-01 -9.863024866030358773e-01
1.005791766030535328e+00 1.542425409061682073e-01 -2.716709078433056090e-01
2.367469644853379407e-01 7.149268942714477604e-02 -1.725262895903098226e+00
5.348396220881008745e-01 2.406833084123468636e-01 -1.523683200056384468e+00
6.633982545691397004e-01 3.376969233664761649e-01 -1.390747447045186602e+00
4.606830721773123027e-01 -2.667450442514218700e-01 6.018854390178089986e-01
3.827620996020441591e-01 -2.540189576294631379e-01 6.266874945324087953e-01
3.325867860176759394e-01 -2.344646289861515021e-01 6.406635824071760243e-01
9.717365990621544825e-01 -5.563380001164831834e-02 8.529404242501066324e-01
3.978887897849073818e-01 -2.867526905799713255e-01 7.526424134299672941e-01
4.833604602889378654e-01 -3.111740905995149520e-01 7.972735110665807312e-01
5.716908845989376875e-01 -3.103487836749088125e-01 8.071636252835971970e-01
6.571083832859803131e-01 -2.864311956974298079e-01 7.860566131683701663e-01
7.078903363561472872e-01 -2.514815572652598918e-01 7.507257554718589354e-01
1.121527754986925141e+00 4.233016896401817775e-01 9.918115068466841766e-01
6.844022097197843824e-01 -2.157863373588985167e-01 6.244465328305408569e-01
3.492336888894475577e-01 -3.237326285974624351e-01 -5.611551278407258536e-01
2.728334567234506070e-01 -4.794052505650209239e-01 -2.957549630423528253e-01
1.743213538338437008e-01 -4.181975021010992943e-01 -5.256337080117418070e-01
6.775794140748954142e-01 1.913023423110472021e-01 -1.257917427635761198e+00
5.492227506834393980e-01 1.096278770075508058e-01 -1.405585232385468730e+00
2.337008016519301901e-01 -6.549283094674263062e-02 -1.657738037354146154e+00
9.251173423066019197e-01 6.114039976424391343e-01 -9.647975146197933505e-01
3.359685878111677293e-01 -2.550361525393961548e-01 6.919498791851999009e-01
1.929132423610095959e-01 -5.252518233912768508e-01 2.833981397092114607e-01
3.969081808888843543e-01 1.381473821605059549e-01 -1.641496765416070147e+00
1.085908818805443099e+00 4.610105868959079034e-01 -2.879848754685506718e-01
1.531775823860319075e-01 -2.497771217081401485e-01 -9.926684397408784832e-01
1.711528889479936866e-01 -2.610694568192059029e-01 -1.037342967722421516e+00
1.849461282837601417e-01 -2.737962146997266477e-01 -1.091872444488117377e+00
1.981362764962447121e-01 -2.556132755349880270e-01 -1.146032423269069289e+00
2.755055924107543408e-01 -1.768126409027822588e-01 -1.226701704838254248e+00
2.925002756663086512e-01 -1.705611502527921985e-01 -8.689063234374528877e-01
3.092459549230875959e-01 -1.712123432004608869e-01 -8.606949104178959198e-01
3.243229256068753674e-01 -1.734976521773711755e-01 -8.487929712522097603e-01
4.900022289982208790e-01 -1.777573951711776401e-01 -7.365431103723448780e-01
8.728286755829006704e-01 -3.200346802344745251e-02 -3.756471686586473901e-01
1.924441304558492938e-01 -4.521550420638242862e-01 4.483975371141533106e-01
2.414898744342091619e-01 -3.204930575291807804e-01 7.501441975038984911e-01
2.961779973992943460e-01 -2.788742979480113293e-01 7.386431501661456789e-01
2.760256256127473495e-01 -1.571878439760994728e-01 -8.777940138756687993e-01
8.843055837953757159e-01 1.537336319959102804e-01 -6.944468212922587647e-01
1.561394658216432307e-01 -4.455774330965248664e-01 7.466293700902959518e-01
3.342656411834026287e-01 -1.133983017478321920e-01 -1.324795447771776047e+00
1.253282901845648722e-01 -6.020249805005067900e-01 3.514796197277864076e-01
2.601324994125924217e-01 -4.964396302332830802e-01 4.901455427634354017e-02
1.819699072554883668e-01 -1.623375945200895287e-01 -1.404614737219466170e+00
5.447374885967173341e-01 -3.772090228311420629e-02 -1.055211889742173614e+00
4.558622047877192163e-01 -2.714781240664010387e-01 -3.102885770515028119e-01
4.534736894347897174e-01 -7.002519833154770279e-02 -1.208049033918203286e+00
6.656178380564915509e-01 -2.371746444872676607e-01 -2.806216930593091186e-01
5.370671767592963830e-01 -2.360727779041457142e-01 -4.504312832857858551e-01
7.430427589174385394e-01 -1.312847450579765485e-01 -5.010184282818412882e-01
2.168309699365735255e-01 -1.338538179898911273e-01 -1.546348583441649494e+00
3.179001416606231367e-01 -4.158954263165911547e-01 -2.316145966930126948e-02
6.406411212910050335e-01 6.365300580126691254e-02 -1.128484359664865266e+00
5.172538853951006432e-01 1.615764699033727519e-02 -1.293704584929741497e+00
6.231510130232205125e-01 -4.804539400769806956e-02 -8.775935665830835175e-01
9.771223117149290260e-01 2.185391987432572791e-01 -5.065974346413741891e-01
7.545540296204755748e-01 4.463561181916471388e-02 -8.703787610378728168e-01
1.032059203904003741e+00 4.587048493156541396e-01 -5.831680963208168977e-01
5.993367894334750146e-01 -1.657293022520327230e-01 -6.317128362658819274e-01
2.533184957626323230e-01 -4.433035840438639408e-01 1.950152558418929427e-01
2.539207977313180375e-01 -6.034347399493924513e-01 -2.675000422746731665e-01
3.132021863048745636e-01 -4.933342403494204165e-01 -2.863336348008084231e-01
2.144436165043243636e-01 -6.862883696070047890e-01 -1.816827504983971053e-01
3.211774894414634041e-01 -3.701046824765543697e-01 8.895394773009146494e-01
4.829912055712277663e-01 -4.039796538970434892e-01 9.939832870136875442e-01
6.237513679850983372e-01 -4.007837995763107175e-01 1.012107439515663954e+00
7.357815143314971884e-01 -3.581165395269141349e-01 9.785328185348538543e-01
8.085904165340342953e-01 -2.908000655156890435e-01 9.070724714474398542e-01
8.492491704254676588e-01 -1.061630415409854367e-01 6.625971179385408139e-01
1.132640851005934701e+00 3.768509359950857895e-01 3.269846233580965267e-01
7.767927386352901920e-01 -1.544227755568448046e-01 4.459974122204787284e-01
6.791774817694271604e-01 -2.067440285859644122e-01 3.986752907887980424e-01
5.516364685206476270e-01 -2.442946214374286384e-01 4.039986887032236407e-01
4.303775001654539523e-01 -2.656135651949452781e-01 4.436363121261981401e-01
3.378712019752626028e-01 -2.732210044481157007e-01 4.941836984281964273e-01
2.741324959518809390e-01 -2.836382589989583369e-01 5.388123564960005663e-01
1.139940986601031270e+00 7.368261016049375556e-01 3.807621977579193073e-01
3.121617897626132732e-01 -4.398721375873474448e-01 -3.153238078898535912e-01
1.942698715585005620e-01 -5.844859000254536419e-01 1.358178134864677644e-01
1.869604598058823564e-01 -6.790171520841266073e-01 -2.880553767415763300e-01
1.359519775471406122e-01 -6.281385578086390309e-01 -3.473003210545770880e-01
1.868631603391210927e-01 -6.270829481764039759e-01 -3.032208304826479184e-01
2.878596168925753318e-01 -4.012951653996125190e-01 -3.508534223203300106e-01
1.158965713834225753e-01 -6.518544325799446870e-01 -3.641706364942394192e-01
1.129654525225180783e-01 -5.292311045053581520e-01 -3.763676618651580208e-01
2.738636170377976020e-01 -2.490926697152531233e-01 6.479998491562086738e-01
2.243208973215186641e-01 -3.042859719832320398e-01 6.100047751009867181e-01
1.942554445994071899e-01 -3.702006264692178084e-01 5.754420451619000065e-01
7.359180518267076643e-01 -2.153367914276720363e-01 7.244106308632828339e-01
7.952711272999422043e-01 -2.213453370085106675e-01 7.843117607329397334e-01
-5.104815403890226033e-01 -2.425157679518308296e-01 7.555570199815625498e-01
-4.095566636720597842e-01 -2.519206365791049063e-01 7.524467289284177962e-01
-5.092311096404134041e-01 -2.555613221385499845e-01 8.737783181878977512e-01
-6.127693404179828107e-01 -2.330286750871095602e-01 7.580550295501902180e-01
-5.126403980912628278e-01 -2.294741741068235807e-01 6.369779255487375558e-01
5.528875593262088106e-01 -2.525359510991297407e-01 7.092770302849246145e-01
6.516880898901351582e-01 -2.614882092450431239e-01 7.043574168597972474e-01
5.514623077791740435e-01 -2.658038030378921945e-01 8.283875700819580690e-01
4.533020324586725103e-01 -2.436230606357097095e-01 7.148879652791881867e-01
5.546854601695638820e-01 -2.392937470876443928e-01 5.901255325508366623e-01
