-1.924161033486549571e-02 -2.570779301280370355e-01 -5.035595743602151453e-01
2.188648532887873394e-02 -4.625871958854818056e-01 -2.008630938448163761e-01
2.330339187811340459e-02 -2.928426680695371820e-01 -2.649881098064808538e-01
-3.259823781770979090e-02 -4.194849144258888662e-01 1.281286938349650850e-01
2.168905850808162256e-02 -4.957565174178135692e-01 -1.086370713762357526e-01
2.067456936452080965e-02 -4.867441324753523091e-01 2.236873960864637842e-02
2.285445762692406985e-02 -3.578041719877980698e-01 3.559446205060229351e-01
-4.291124221397161209e-01 -1.131729697547094737e-01 4.480789369884058404e-01
2.330861823611315997e-02 -3.424547088898347025e-01 6.094623372358154434e-01
2.234924686970154312e-02 -3.695568560147037829e-01 7.317624009442245114e-01
2.098768329771859287e-02 -3.581963999046666181e-01 1.161911587873661444e+00
-1.863284529397521080e-02 -2.431459938426167589e-01 -5.343190022474345602e-01
-1.756189119862935216e-02 -2.181451890931849213e-01 -5.619819390425774275e-01
-1.536996020669751696e-02 -1.850790352654005655e-01 -5.783760777696167477e-01
-1.781859879837197763e-02 -1.875792295897322770e-01 -5.443170216720603083e-01
-1.890642592773544850e-02 -1.906816998654140283e-01 -5.862538545494031528e-01
-2.061002900931151183e-02 -2.000508073263821407e-01 -6.374272917096189817e-01
-2.037033379808802711e-02 -1.892929075719117782e-01 -6.901056849748889999e-01
1.011594594510494341e-02 -1.279630825928920190e-01 -7.746972936237849217e-01
2.084400528647861045e-02 -4.246058100265076574e-01 -2.416405086777315137e-01
-4.031051050268488756e-02 -3.374698755166895547e-01 -2.235988667671650054e-01
-6.657618850097348773e-01 1.376438115536933460e-01 8.531262404336086291e-01
-2.549340822537269902e-01 -1.703642315991688583e-01 3.461069565333463327e-01
-3.202198624526111370e-01 -1.633993434098081343e-01 3.398087733895714391e-01
-3.810112397590903477e-01 -1.453741246830521638e-01 3.512795054760104452e-01
-4.553065323127015729e-01 -9.988143150177733465e-02 4.228296784310827672e-01
-1.974044983965979605e-01 -1.659952949606110506e-01 3.696623134652279874e-01
-3.470576118147818967e-01 -2.216959381147469155e-01 6.338878625925803423e-01
-2.724976222705834394e-01 -2.210296473743662005e-01 6.198019555103312372e-01
-4.130125254189921380e-01 -1.979714754006278166e-01 6.193407802110366678e-01
-4.548097541714253289e-01 -1.675461332635908573e-01 5.834317774670706447e-01
-5.101052726866780462e-01 -5.936839154119610829e-02 3.698559378199234859e-01
-2.285168053948387068e-01 -2.649442980008202136e-02 -8.958455968991955176e-01
-4.499909882473712708e-01 -9.672096415489642163e-02 4.843603023660029150e-01
-6.868503894042945479e-01 2.130585754855380265e-01 4.631436695641643064e-01
-5.798034074908100521e-01 -3.895681564729104422e-03 4.524134758323056782e-01
-2.982888520138529675e-01 -1.785619985366844742e-01 -4.463615334908376669e-02
-9.056669333297551194e-02 -2.527637879334738158e-01 -4.779564478214602397e-01
-8.047448165869705572e-02 -2.109535886089602963e-01 -5.496355887085843106e-01
-1.505128491344518427e-01 -2.154039689046883255e-01 -4.962729415771294228e-01
-1.814824586754262559e-01 -1.720843260677555886e-01 -5.185620501594807585e-01
-1.290952609515003124e-01 -1.894830881443251847e-01 -5.440479975713882199e-01
-1.594094035445334512e-01 -1.515387460119933527e-01 -5.437729731867347871e-01
-2.803006735892118462e-01 -5.914127415835460089e-02 -5.994299271998201339e-01
-3.233951419313867148e-02 -4.557388175406372754e-01 -1.942158524886941351e-01
-4.189377463081091213e-02 -4.864850310462888738e-01 -1.043844297738582283e-01
-5.396458278788045515e-01 -1.584830291939482994e-01 6.711074917800419204e-01
-1.675246935853458019e-01 -2.193382318091459116e-01 1.799358433090753051e-01
-1.796495871833475588e-01 -3.031121274261505683e-01 -1.339908654324857840e-01
-1.846674443833311308e-01 -2.908839791365432914e-01 -7.957418120254214355e-02
-4.855993464177116303e-01 -9.839776232061017702e-02 -7.544256997625299263e-03
-3.781775594240192884e-02 -4.659159563442004659e-01 1.823397141099840357e-02
-3.942518344639244221e-01 -2.767269391761454922e-01 7.557294776307246220e-01
-4.802332926847223127e-01 -2.239125285479071636e-01 7.309463709209642612e-01
-6.021958871799455437e-01 -3.920303322209731968e-03 9.909395341950968383e-01
-1.142494420852971232e-01 -3.245920905979476911e-01 6.467323677192118314e-01
-2.064573389496486833e-01 -1.994345202409823492e-01 5.740293531385791681e-01
-3.133045119694615743e-01 -6.125575462535617910e-02 -5.279776546919350277e-01
-6.078694873372233465e-01 4.864616910366885150e-01 -3.666328908520064545e-01
-1.317396683611613828e-01 -2.734197726981634768e-01 -1.870104502128510371e-01
-8.200007162747560696e-02 -2.746934920937874058e-01 -2.171118672190251730e-01
-2.221925088255935210e-01 -7.236596737189444906e-02 -5.343863426102188896e-01
-2.121774407948537888e-01 -8.722223196353674768e-02 -5.327705944845865238e-01
-5.118860975451238193e-01 -2.016238210906683426e-01 7.959542039810160174e-01
-1.834965656537717871e-01 -2.632169161109410571e-01 -1.680343872110557080e-01
-2.758317391006989139e-01 -3.118089854125675187e-01 7.368076225346547048e-01
-2.855967420295101311e-01 -3.335653365325310649e-01 8.093850473091399600e-01
-3.458912215035572779e-01 -2.682736316214450745e-01 1.150544040062655649e+00
-5.560493212156824017e-01 -1.173137750507126931e-01 8.812500712625943589e-01
-3.081844379934129408e-01 -3.042435169272450501e-01 9.716563918143996670e-01
-5.742778652929971805e-01 -1.105972609705957177e-01 7.239020433743171834e-01
-6.192241683490034010e-01 7.264432035304607682e-03 7.716743139908609495e-01
-8.719912026735214539e-02 -2.382471862909692206e-01 -5.192227049436594077e-01
-1.400927271929039153e-01 -2.048302850267449404e-01 -5.226033703662673613e-01
-1.715883026925753563e-01 -1.664236015864106188e-01 -5.319332752371168649e-01
-1.173074676722576648e-01 -2.576066529631897417e-01 -2.023837556264416193e-01
-2.167576062760976918e-01 -8.009113338391672665e-02 -5.338325186338654937e-01
-2.072981905968064031e-01 -1.097785505672347894e-01 -5.398634484063580263e-01
-2.063441089942671391e-01 -8.839147185318882438e-02 -5.316429700714841999e-01
-1.026469779393540810e-01 -3.657914037509798488e-01 -1.729214062784530659e-01
-1.505084783198169240e-01 -1.388120124513002596e-01 -5.524788580319180964e-01
-1.181596070915072877e-01 -1.618777206444773076e-01 -5.568551544284353616e-01
-7.300771274484667284e-02 -1.803013317280918737e-01 -5.666288961000981450e-01
-7.875896707639210015e-02 -1.234814182686626988e-01 -7.680018085472449796e-01
-9.686085727819408742e-02 -1.863438136357440100e-01 -6.761904756092157465e-01
-9.377458754424250476e-02 -1.969967050129499686e-01 -6.234864464075638990e-01
-8.632656344248293423e-02 -1.865171689445808134e-01 -5.742931806593815081e-01
-7.731346818803806753e-02 -1.832182697543957017e-01 -5.355186554451899505e-01
-1.622407791068726790e-01 -1.377069709183582069e-01 -5.191951780323676990e-01
-1.771555742625734731e-01 -1.437463117693406067e-01 -5.358773986775045017e-01
-1.926773153261014948e-01 -1.497861981164473055e-01 -5.589319872876019613e-01
-2.040671243005404700e-01 -1.356788497519977044e-01 -5.846933945410047739e-01
-2.480069381769183789e-01 -1.624589780277884143e-01 -3.905255674689756540e-01
-6.799121324970530678e-01 5.165223943024809250e-01 1.055662753226786210e-01
2.423091829910919287e-02 -3.391986917584495220e-01 -2.506633243935738609e-01
-1.826545585960027696e-01 -1.084367118426780296e-01 -5.218024337842197546e-01
-1.951211121725356379e-01 -1.122724782904348934e-01 -5.299204480974117892e-01
-6.159421739261056877e-02 -2.750385441273767162e-01 -2.539545321163577674e-01
-1.613393763802846437e-01 -2.112082355754309193e-01 -2.163426573807677167e-01
-7.145814772331737785e-02 -2.760371727637593309e-01 -2.359670833136054968e-01
-2.337798374919591027e-01 -1.901880193981870804e-01 1.340063824910484591e-01
-3.379624005926524788e-01 -1.621410901366681090e-01 8.146669298767822420e-02
-1.951201478079791496e-01 -2.500927545468443758e-01 -1.139209722094371019e-01
-5.012464514968385521e-01 -1.463526597255782880e-01 1.093317424443113417e+00
-4.570907683690820233e-01 -2.183121195322726416e-01 9.525894107236564379e-01
-4.143181165441680025e-01 -2.750221481242880461e-01 8.292961498061610648e-01
-2.389633921397536775e-01 -8.289913986969049686e-02 -6.563836695877530714e-01
-1.322135584771244321e-01 -3.631208830418953815e-01 7.691267480582258953e-01
-1.537644148443343406e-01 -3.518921769713738712e-01 9.596641155482710239e-01
-1.779935403546041295e-01 -3.379375646778675635e-01 1.169041230938691944e+00
-4.298622273839096675e-01 -1.201060200966832109e-01 3.782008588237411595e-01
-5.813276743572488581e-01 -1.437444410026286062e-02 3.118191292380037560e-01
-1.591349869184471022e-01 -1.613218041766544819e-01 3.927944629567829415e-01
-5.130272928680968958e-01 -1.103523504827319396e-01 5.499251619576388528e-01
-1.231638448555135434e-01 -2.499269224507743858e-01 2.338294740393987992e-01
-1.424118134663826529e-01 -3.697565607078056593e-01 -1.117230085952352903e-01
-6.380997628134374988e-01 6.194730972011429360e-02 2.600147623490008386e-01
-5.414751276552645098e-01 -6.348846034449336095e-02 2.347153435640506325e-01
-4.624013452514552647e-01 -1.180687643595177694e-01 1.869785312180899939e-01
-3.398262911130779385e-01 -1.496809116890698288e-01 1.908440504931692427e-01
-2.487315520356325194e-01 -1.698397449553734062e-01 2.228330220592203426e-01
-1.805629653530494150e-01 -1.923908154256656622e-01 2.602610903167663636e-01
-3.765275043409273270e-02 -3.305806580311606568e-01 3.407899842180506789e-01
-6.260675700154402223e-01 6.855209198935786896e-02 6.397649349214937220e-02
-5.641697676666871386e-01 -8.182430754279433616e-02 5.723340301103686523e-01
-1.284632362985684527e-02 -4.208163989716448006e-01 -2.361617407913813582e-01
-1.627661921581314286e-01 -2.337326791766565770e-01 8.067382861600083666e-02
-7.042221243443181899e-01 4.151396167905602175e-01 5.062288946076413110e-01
-1.274572114907106535e-01 -2.083411281246910773e-01 3.034708077949846428e-01
-1.990254009097812693e-01 -1.878304028609527887e-01 -1.086895411036976344e-01
-4.754497758059895718e-01 -8.436398940620562503e-02 4.846017331057920208e-01
-1.458265871739712893e-01 -3.540349179615350783e-01 -4.576730215424947013e-02
-6.518156510971198081e-01 5.178269680528341246e-01 -1.222907801045887699e-01
-1.555301436557815220e-01 -1.507932614435456009e-01 4.265233754199851401e-01
-9.437268346923310958e-02 -4.232069802140603909e-01 -4.431901725660415681e-03
-4.869014066537976637e-01 1.854138982751681874e-01 -6.462436088853599214e-01
-4.807450322204473991e-01 3.100813034272034141e-01 -7.304164140540368999e-01
-6.756218628705065177e-01 2.943317130303628182e-01 8.027349185760138117e-02
-5.601402452225936468e-01 2.480123130374278506e-01 -5.065913797408660990e-01
-6.556216503081485625e-01 1.260758708254407501e-01 6.333804602396790884e-01
-2.361203379838325012e-01 2.147568418802493426e-02 -9.755896471508089807e-01
-2.187816184511827671e-03 -3.344746741471680274e-01 -2.453717921560689685e-01
-2.203052316165520497e-01 -2.005180543497498691e-01 2.014109093730293357e-02
-6.343952018567711182e-01 6.068188228264091016e-02 4.487738189633876384e-01
-3.706830300976503567e-01 -1.462286896111759382e-01 4.004462621615187956e-01
-3.170218344664016419e-01 -1.615150455473546021e-01 3.883465546149600933e-01
-2.173092708507921023e-01 -9.769775021810389593e-02 -5.528483213362765936e-01
-6.107471020999184486e-01 1.132542773942761399e-01 -1.176613208216249762e-01
-1.151799660130372605e-01 5.106229303323831653e-02 -1.092531891388976550e+00
-3.054918707434911007e-01 1.662105187268587969e-01 -9.568277237089617415e-01
-3.870873014270395096e-01 2.304206451304872671e-01 -8.656571862769495418e-01
2.153584447805487537e-02 -3.681240930367135622e-01 9.429351221137655115e-01
1.895837960026769756e-02 3.158948069983210510e-02 -1.112187213886501658e+00
-2.620449338073296830e-01 -1.657968171018539549e-01 3.945168166700989132e-01
-2.081290802811687768e-01 -1.605541051047001122e-01 4.102911505294629113e-01
-1.723601414642101093e-01 -1.502200006538472188e-01 4.192367548849954551e-01
-6.082075550061873948e-01 -2.097749838701265870e-02 6.066378147225232054e-01
-2.203016857660676786e-01 -1.808575252869564498e-01 5.068950983301915292e-01
-2.797728097808112047e-01 -1.930633001833482187e-01 5.422811697876085413e-01
-3.366231164071781246e-01 -1.900025280298114350e-01 5.509150167580453283e-01
-3.901683313086599658e-01 -1.723768383804149540e-01 5.383808412818776867e-01
-4.219155126452441840e-01 -1.492834472841442495e-01 5.157842328616039085e-01
-6.963147281502640729e-01 2.880683945494930676e-01 7.018448784575670452e-01
-4.057844363784889885e-01 -1.282687324870054324e-01 4.228460480554258050e-01
2.017570043997530399e-02 -2.691456026648468836e-01 -3.376681717099524471e-01
-1.905051350767105189e-01 -2.002694862300394285e-01 -3.466349016378953429e-01
-1.312429080894727540e-01 -2.987674253523874834e-01 -1.758077777252899931e-01
-7.013215476342675447e-02 -2.619435163649219689e-01 -3.369014682861204424e-01
2.317873276038063396e-02 -3.265942244030796138e-01 4.860056081225729852e-01
-4.047600097940095565e-01 1.385186074210306151e-01 -7.759166084894382198e-01
-3.257695155857636693e-01 8.470788491033671985e-02 -8.777239150261777478e-01
-1.228106965926960004e-01 -3.529940174979336043e-02 -1.047149397965601469e+00
-5.491416453986939228e-01 4.071584908446624351e-01 -5.725974613140911718e-01
-1.762389128978378572e-01 -1.636934844246705767e-01 4.572220664811246227e-01
-8.062452345772509743e-02 -3.318986371909400934e-01 1.891703156592542678e-01
1.394079731590720447e-02 -5.269911812261612871e-02 -1.065143677951718715e+00
-2.182113695020548028e-01 9.743298445597479984e-02 -1.037057434596116989e+00
-6.529184854047260789e-01 3.110267141766802634e-01 -1.242300984365626026e-01
-1.269254919725321673e-01 -1.627577497798716744e-01 -5.249807660398658760e-01
-1.413263410539418174e-01 -1.686501482408506725e-01 -5.541991551390804682e-01
-1.527456442942798642e-01 -1.763451357083360149e-01 -5.905493614428084515e-01
-1.598622441485931800e-01 -1.643429638343153476e-01 -6.353489920556183446e-01
-1.694730167887668892e-01 -1.108287647005587323e-01 -7.195004390453121346e-01
-1.813783086907843622e-01 -1.194414963205997493e-01 -5.460077258043281034e-01
-1.910029864540915834e-01 -1.226035441970809159e-01 -5.410681423060105244e-01
-1.993784331326188541e-01 -1.254446179528859451e-01 -5.349401118216766671e-01
-2.867231364888180312e-01 -1.180763902522794229e-01 -4.576549436469661836e-01
-5.326159473919583887e-01 -5.672754779926420660e-03 -1.909465022511609988e-01
-7.928684762215386372e-02 -2.862835598030744610e-01 2.941727561898191956e-01
-1.111924551645559478e-01 -2.015315392097083713e-01 4.938882206713957057e-01
-1.505745857022826317e-01 -1.782905988413840959e-01 4.887405730838350615e-01
-1.714617382711189353e-01 -1.116145211520819525e-01 -5.503888196893608198e-01
-5.367886204581375775e-01 1.149335893085175198e-01 -3.961423861892576781e-01
-5.917939926508453130e-02 -2.825324389868835162e-01 4.838124785104699899e-01
-2.022608853847057131e-01 -6.512609029855230547e-02 -8.024277799480282747e-01
2.139338395028816259e-02 -4.423476905881263410e-01 1.361169112475713039e-01
-3.640813447199274522e-02 -3.805841517931562445e-01 2.283399343159707995e-01
2.231141885401218342e-02 -3.980335962159465835e-01 2.419300271951276837e-01
-1.259336777325998358e-01 -3.109787177890284138e-01 4.446418331165866156e-02
1.216369020316643811e-02 -9.858389640311282509e-02 -9.831397908881343017e-01
1.149297107778901941e-02 -1.122827073352156146e-01 -8.685512485235258318e-01
-9.748226361000410234e-02 -9.738122662813060437e-02 -8.591893273321156155e-01
-3.416691289025488576e-01 -1.421384992971515965e-02 -6.292361941833846117e-01
-2.555008797210235327e-01 -1.629060662348327804e-01 -1.733468753508941862e-01
-2.836936183640237363e-01 -3.507129409254600844e-02 -7.254866287494103894e-01
-3.995822202325478578e-01 -1.381372981881908990e-01 -1.410744593007920988e-01
-3.163109541694489324e-01 -1.396806258711574822e-01 -2.560143360558199133e-01
-4.528998424016754121e-01 -6.870507224759633824e-02 -2.760932343528740840e-01
-1.166259453518632833e-01 -7.937145953238226859e-02 -9.683380881686434183e-01
-1.636489742761855493e-01 -2.587721287716652774e-01 8.794606884865236373e-04
-3.915123500296270875e-01 5.530432050509744013e-02 -6.881173499975637986e-01
-3.135629333022822984e-01 2.371288564871663201e-02 -7.977109844545846595e-01
-3.828250278194282319e-01 -2.477444955490207268e-02 -5.207063764450721166e-01
-5.922538610320166041e-01 1.558057175801330629e-01 -2.713934414374765680e-01
-4.643503300431106595e-01 4.481328592989737569e-02 -5.135495455445032720e-01
-6.196935970612275080e-01 3.081422167040183124e-01 -3.180059949932405039e-01
-3.649807941271304701e-01 -9.812769509480301355e-02 -3.664387187821411818e-01
-1.205201365336302233e-01 -2.801452886570073852e-01 1.366610272408835258e-01
-1.224476429032517605e-01 -3.791759282479368331e-01 -1.577016606219649453e-01
-1.595656656190488909e-01 -3.059652307958301010e-01 -1.673387595324522248e-01
-9.588929010171418077e-02 -4.308804998900916949e-01 -1.047068626684931614e-01
-1.635693946191126291e-01 -2.315101041857167696e-01 5.880062575285712745e-01
-2.707656314036181455e-01 -2.472569119974501184e-01 6.591023910425621857e-01
-3.631386571785005235e-01 -2.424034057154861865e-01 6.749803330403828516e-01
-4.381869866375065481e-01 -2.138509309355438870e-01 6.582087565556873354e-01
-4.887357933043700031e-01 -1.703940945424885223e-01 6.179415196729376447e-01
-5.201097177722469045e-01 -5.460118258241253991e-02 4.682050915750545217e-01
-6.907599214649092767e-01 2.555281094589202384e-01 2.749414162055823230e-01
-4.775143285487618572e-01 -8.731228921840879231e-02 3.220173000375866623e-01
-4.154461458400261487e-01 -1.220183256895448348e-01 2.837578510046208091e-01
-3.313435993796803314e-01 -1.488995079798004495e-01 2.750659006878485857e-01
-2.498249307419472542e-01 -1.651928555307466961e-01 2.916132948014510395e-01
-1.851264001194409536e-01 -1.705290463204162665e-01 3.198709969689082500e-01
-1.402463311566592152e-01 -1.787503325700053602e-01 3.462857705749451398e-01
-6.948047045313404668e-01 4.853204061796091429e-01 3.120415154050900086e-01
-1.592197954987433772e-01 -2.720022820775699901e-01 -1.865629247893534903e-01
-8.132488129326560788e-02 -3.697704149590652634e-01 9.537835830559411587e-02
-7.909427203350677393e-02 -4.269083735026883430e-01 -1.741935684746768187e-01
-4.692128941091107397e-02 -3.957254746663957379e-01 -2.160727915109967312e-01
-7.927603053396742316e-02 -3.948839446989522717e-01 -1.841494992455614821e-01
-1.425226953463468449e-01 -2.473858180585445099e-01 -2.110184520095205740e-01
-3.385624799747255498e-02 -4.114903122285602510e-01 -2.278669241691400615e-01
-2.460594166738925767e-02 -3.351178293381216755e-01 -2.381496589079916681e-01
-1.346681547731755357e-01 -1.584639384546317475e-01 4.219354916521879106e-01
-1.048010897413701459e-01 -1.924918347609836378e-01 3.941244422813320325e-01
-8.757458490518708893e-02 -2.336003905269407599e-01 3.706579017716095104e-01
-4.383702936422924634e-01 -1.259388543750790401e-01 4.984323449173527765e-01
-4.786311068759945830e-01 -1.268347725974592333e-01 5.415273689362745113e-01
7.551364378775647646e-02 -4.191026208749342730e-01 1.234274495471759936e-01
4.587251510986636305e-01 -1.229094562657013917e-01 4.125094814311279223e-01
8.596832786396700621e-02 -3.411250715154456881e-01 -2.292226903956018913e-01
6.748992873642098989e-01 1.182341551530165236e-01 7.821543518831671760e-01
2.799249372395660740e-01 -1.729702671298301853e-01 3.234074633914567620e-01
3.418120272298940665e-01 -1.683402541581416889e-01 3.127296045759314636e-01
4.006917572448673304e-01 -1.526509878694581879e-01 3.164622207803560183e-01
4.786964582469465102e-01 -1.093985241245727935e-01 3.800146366692808142e-01
2.287343615578231459e-01 -1.681698139525815705e-01 3.498481666420618086e-01
3.749030410158651905e-01 -2.296837368425687365e-01 6.133521649500524031e-01
3.018306329989171033e-01 -2.274170257380050963e-01 6.022728592698829431e-01
4.408200125237533573e-01 -2.093131998448153896e-01 5.952253677830243728e-01
4.815110556162235378e-01 -1.811346402349362228e-01 5.537819615729612233e-01
5.245917924756259287e-01 -7.157572242261049655e-02 3.195835893988421272e-01
2.452228961205931146e-01 -3.627196264667378878e-02 -9.043224882552802768e-01
4.809636481161326804e-01 -1.070683617461519882e-01 4.478820574208080552e-01
7.087200581258131793e-01 1.950959552331555380e-01 3.947402641470984519e-01
5.900431653882691752e-01 -1.907060504931031367e-02 3.946867666025624666e-01
3.292688130431051241e-01 -1.868603958132624143e-01 -7.348496104674027973e-02
5.243092234773208404e-02 -2.521215288874003591e-01 -4.876641610881992106e-01
4.531092725317201197e-02 -2.089968256638319866e-01 -5.608271905752589825e-01
1.175287064810401905e-01 -2.112318579336442959e-01 -5.151631337852963233e-01
1.565218024980500333e-01 -1.620309559900848240e-01 -5.407557584014833774e-01
9.766676459029816071e-02 -1.841431831664421537e-01 -5.622266098080723751e-01
1.359490804041796896e-01 -1.425745795805960225e-01 -5.646464982931999055e-01
2.607725263938928673e-01 -6.372800566684617973e-02 -6.317637884143412208e-01
7.415951789898887758e-02 -4.589261866113999444e-01 -1.991849817549461998e-01
8.223044961506521811e-02 -4.900072724502028132e-01 -1.102494309331888134e-01
5.563058193621118752e-01 -1.731947778149282025e-01 6.281240436646889913e-01
2.048745580695207902e-01 -2.212816571024609213e-01 1.628432583009369605e-01
2.185285211415794182e-01 -3.099162396286606613e-01 -1.500602369656672264e-01
2.222233721532487216e-01 -2.976285458312518672e-01 -9.621485764274635699e-02
5.083967412862081536e-01 -1.095867384667381234e-01 -5.371216921926567217e-02
7.905600078650687479e-02 -4.665841322202817221e-01 1.331335373372382475e-02
4.249845135657276396e-01 -2.908412194712088339e-01 7.224560545236343723e-01
5.044907999602613602e-01 -2.390839211291415911e-01 6.938594209171422555e-01
6.153686169995601363e-01 -2.291488681623269838e-02 9.243753327633558170e-01
1.587037696076452620e-01 -3.281231592245865136e-01 6.287153777594024495e-01
2.398998258140098705e-01 -2.025967007260927044e-01 5.574255083884421813e-01
3.057758410361858803e-01 -6.168761811172088216e-02 -5.687910763123283919e-01
6.486082872007741251e-01 4.671575725467136397e-01 -4.169409986049786299e-01
1.738618313934712223e-01 -2.803458033111068115e-01 -1.991860687738870039e-01
1.265606398616120343e-01 -2.829811191628204825e-01 -2.261661813329942650e-01
2.009504589433665500e-01 -5.960070454816816105e-02 -5.751768906714957996e-01
1.859501798793445349e-01 -7.750366030245683935e-02 -5.723179935691538045e-01
5.336235673852929295e-01 -2.173877447376509897e-01 7.504889794514288948e-01
2.207937361066982795e-01 -2.710736061547525111e-01 -1.841805321032359832e-01
3.145575132639587546e-01 -3.239270566147006702e-01 7.084340556410104739e-01
3.244127633240849740e-01 -3.463421579322427113e-01 7.757216110400803055e-01
3.740531739655982291e-01 -2.810449771507885774e-01 1.107796942299460241e+00
5.751419157452013486e-01 -1.331932754698119947e-01 8.255066081290258762e-01
3.414190213205141600e-01 -3.150085095382219036e-01 9.365579179668727106e-01
5.896927695302792705e-01 -1.254476793345888630e-01 6.677664126379783127e-01
6.366126600508095201e-01 -8.775098168911850058e-03 7.103702400879325918e-01
4.933097209223426260e-02 -2.367488613647098505e-01 -5.300250381235009911e-01
1.073559398872774989e-01 -1.999831621463277753e-01 -5.413162769942033714e-01
1.464934937956720307e-01 -1.573704420734771403e-01 -5.534570328514043513e-01
1.601083205824703759e-01 -2.653224497605402576e-01 -2.133643911133322746e-01
1.928738081600056553e-01 -6.947845387101821146e-02 -5.741810435833776260e-01
1.777526303116110373e-01 -1.023783950717460228e-01 -5.654424742534265302e-01
1.791484014276647219e-01 -7.881613003472770496e-02 -5.703440218197627365e-01
1.429309140081765350e-01 -3.680371787588381793e-01 -1.836208285910905791e-01
1.281210613539669751e-01 -1.296958880027832273e-01 -5.719325972495125088e-01
9.046730591825183354e-02 -1.556961602503943720e-01 -5.736460366691535917e-01
4.236554805287449932e-02 -1.769113235403798612e-01 -5.772354279671488841e-01
9.324665467078641079e-02 -1.252669809599487871e-01 -7.717985218986205265e-01
5.734281113607137687e-02 -1.840987033080523638e-01 -6.836261849706197768e-01
5.341428398275238631e-02 -1.933160890575663371e-01 -6.302420214062125492e-01
4.951321858368644413e-02 -1.821261605697760411e-01 -5.801559493190194816e-01
4.302492637717723195e-02 -1.782922889613701156e-01 -5.410870056882552959e-01
1.333201319328537471e-01 -1.298727166205984052e-01 -5.343326406360376923e-01
1.459097126337898509e-01 -1.381148780899979778e-01 -5.523720612567681876e-01
1.587722351764248863e-01 -1.454055923990136001e-01 -5.766655123062568444e-01
1.711787459935863731e-01 -1.319630157428193229e-01 -6.032891588979399922e-01
2.632944470079420229e-01 -1.669162131947066474e-01 -4.183475235687174054e-01
7.153525639761003641e-01 4.958162433044529527e-01 3.895573079593730309e-02
1.565412114155458334e-01 -9.780179093634822074e-02 -5.431910831356510094e-01
1.670919500131499424e-01 -1.037391008895445499e-01 -5.530132431900900425e-01
1.061814056771516468e-01 -2.795218740214354680e-01 -2.610748742613031026e-01
2.012931464290692585e-01 -2.209887682580455870e-01 -2.308814124250566369e-01
1.161353049126250536e-01 -2.827949154445776325e-01 -2.444261895863109879e-01
2.681645630559137961e-01 -1.933596854073779403e-01 1.108097426945568592e-01
3.679884231118523141e-01 -1.692592727735506841e-01 4.811296818982023493e-02
2.329213377170952781e-01 -2.575740801497869992e-01 -1.315021591324807004e-01
5.210673068625448767e-01 -1.645250686509211191e-01 1.034899522751984602e+00
4.822560732141935591e-01 -2.335076897269362517e-01 9.041365158823293502e-01
4.450333805828328715e-01 -2.897504141247392861e-01 7.897792175729718700e-01
2.323724451901102994e-01 -8.521128287746612684e-02 -6.729017066470263098e-01
1.789120053984185610e-01 -3.687136019007833387e-01 7.415937127732329381e-01
1.918720739573385459e-01 -3.581889192074421691e-01 9.403484171732526820e-01
2.127996984773912748e-01 -3.466471010738971792e-01 1.145088397499707256e+00
4.503656215643681571e-01 -1.291536690458601755e-01 3.374184815080344957e-01
5.882509100244642797e-01 -3.047215268776613459e-02 2.563893172461793046e-01
1.951593167386460603e-01 -1.609574044534606840e-01 3.754054833156981741e-01
5.341728899438733524e-01 -1.238383269007898718e-01 5.102965997598265524e-01
1.627852679360535793e-01 -2.506393242088461037e-01 2.208212341587098004e-01
1.813656142424360240e-01 -3.753297998311214689e-01 -1.261204557808980609e-01
6.611743025527028195e-01 4.515077678143643997e-02 1.975846934313387759e-01
5.480415639876659029e-01 -7.704435901520273466e-02 1.851217020073238628e-01
4.709410099749139489e-01 -1.291185097689055983e-01 1.460454726090167354e-01
3.552044501655940989e-01 -1.561450420062307498e-01 1.625789787259655506e-01
2.699172604927961294e-01 -1.736869777695032313e-01 2.025784427231402673e-01
2.065552612763157658e-01 -1.951145073622720660e-01 2.444981777511621990e-01
8.247538260358572293e-02 -3.309915577683011367e-01 3.350306258163131545e-01
6.515091220476536549e-01 5.362130478401714445e-02 4.517852934822806123e-03
5.773854067655805888e-01 -9.622677421772957151e-02 5.219522543113953583e-01
5.340161914862889825e-02 -4.215722789020567296e-01 -2.388879067257894673e-01
2.013664851061497119e-01 -2.360180022559145441e-01 6.461262960058367089e-02
7.269759516321802062e-01 3.967261800349082268e-01 4.339845705534233211e-01
1.597101926894238244e-01 -2.093953079775500159e-01 2.917601352549528126e-01
2.403206449556699320e-01 -1.954281580354956527e-01 -1.269203816964950271e-01
5.031755138514827363e-01 -9.501131807197525647e-02 4.439321110936094161e-01
1.833715332803635689e-01 -3.596722217758802631e-01 -5.996147629566919712e-02
6.919478561841398978e-01 4.962199017266802903e-01 -1.812952358429490984e-01
1.951786767830626657e-01 -1.488599799756668007e-01 4.107976212223743429e-01
1.323290754036632322e-01 -4.262494096980031233e-01 -1.436049065655876748e-02
5.132792687364754469e-01 1.671972933906237524e-01 -6.785405315483021838e-01
5.139052274943495258e-01 2.906489057069645554e-01 -7.590561736091934186e-01
7.114173581626119791e-01 2.762284851244306005e-01 1.656829674923202336e-02
5.899423255896844021e-01 2.292830706992310674e-01 -5.490406859089538294e-01
6.757526254579886427e-01 1.093255648259784246e-01 5.675967045194419969e-01
2.599264601989642598e-01 1.072022906119406323e-02 -9.834354540059296879e-01
5.107230264240847362e-02 -3.361514832642664707e-01 -2.478236052188414751e-01
2.556707214708057729e-01 -2.058814449545273428e-01 -1.429834314309445711e-03
6.381397396594047366e-01 4.499420944103128817e-02 3.808704233487988922e-01
3.983174437914280830e-01 -1.536635750457497618e-01 3.704552552859551318e-01
3.451255571812480438e-01 -1.666935731623231387e-01 3.633476670555150778e-01
1.880561443017366441e-01 -9.048471317336201358e-02 -5.805754739743874682e-01
6.383469250497310066e-01 9.789327917832282844e-02 -1.724216627181833772e-01
1.502564466107243757e-01 4.537433724229173598e-02 -1.094974428801101851e+00
3.394472292233244870e-01 1.527547301785658618e-01 -9.670376298113363411e-01
4.210396726142143220e-01 2.143264638967030677e-01 -8.826671546992022055e-01
2.923822131766413701e-01 -1.692953596569611308e-01 3.725793919659440290e-01
2.429280270118316376e-01 -1.612184807865913727e-01 3.909736017414750520e-01
2.110832076150747916e-01 -1.488079143229851242e-01 4.013388127476928968e-01
6.167330961732864214e-01 -3.530916397378527916e-02 5.424772765197147795e-01
2.525284994858899568e-01 -1.819936337358168676e-01 4.843868591386035760e-01
3.067748950996072588e-01 -1.974931895428902462e-01 5.174870878099713245e-01
3.628356590181244234e-01 -1.969693911232393568e-01 5.248219736737911312e-01
4.170476733473983399e-01 -1.817895902383248052e-01 5.091681803128206285e-01
4.492775092688992555e-01 -1.596080662109166659e-01 4.829653967180310148e-01
7.118012076985890113e-01 2.686573315434777620e-01 6.294740396805893479e-01
4.343702750680520364e-01 -1.369533431998834205e-01 3.893116124579412141e-01
2.148854794015683800e-01 -2.053250789646400842e-01 -3.669839683012371401e-01
1.731594988468180274e-01 -3.056135230488357113e-01 -1.885155479980595017e-01
1.064326684278584928e-01 -2.647570337437953336e-01 -3.445809869056244978e-01
4.300389719187540094e-01 1.214140650076787342e-01 -7.983637177824337572e-01
3.485783973496936472e-01 6.958144271839428185e-02 -8.913410563952539611e-01
1.483231352200566899e-01 -4.156640435887776902e-02 -1.051588353784850050e+00
5.871452031291236606e-01 3.880404322560521146e-01 -6.123290601033518632e-01
2.132295393399039063e-01 -1.618640649570550760e-01 4.393748289952413844e-01
1.224364517802041530e-01 -3.333621308731281041e-01 1.798645973829706146e-01
2.519061353996108199e-01 8.767814773612639390e-02 -1.041810490075752327e+00
6.891948997599919302e-01 2.925900870253726471e-01 -1.827756658236530940e-01
9.398973898631518553e-02 -1.561601588674340069e-01 -5.367460522291809255e-01
1.060699639848183967e-01 -1.631690817273035166e-01 -5.665263944255304329e-01
1.157754705640905574e-01 -1.711998776655587751e-01 -6.033457223371975209e-01
1.246945378217295120e-01 -1.598035760117278992e-01 -6.486377943625702969e-01
1.743287112915900550e-01 -1.106685309576250636e-01 -7.270828789732124431e-01
1.619574522699923358e-01 -1.074050475507578317e-01 -5.724861731608503757e-01
1.713189728767909870e-01 -1.085032889523274424e-01 -5.694201483370896488e-01
1.801769518984440155e-01 -1.104756312861918943e-01 -5.648731395139233724e-01
2.938254099633887950e-01 -1.162626552883047892e-01 -4.917575282310079343e-01
5.541387022183869027e-01 -2.072699927209150847e-02 -2.389836012545503707e-01
1.221387200306739557e-01 -2.869697192752832526e-01 2.842247377064313074e-01
1.532666342896298883e-01 -2.034076681507929196e-01 4.802522441317274571e-01
1.879756031940778838e-01 -1.769934459426773243e-01 4.736034647881912640e-01
1.528132245613291196e-01 -9.865303118079168931e-02 -5.749832193301788186e-01
5.611542488514468241e-01 9.641980447384033981e-02 -4.430426458581577243e-01
9.909720008895714360e-02 -2.827951012278257514e-01 4.744881263087082912e-01
2.121222487969443016e-01 -7.134887717060603429e-02 -8.097638281419862194e-01
7.954223862539408496e-02 -3.820878317808335534e-01 2.230739423890546747e-01
1.650985688229306692e-01 -3.150758657360302473e-01 3.110811844928467254e-02
1.153385147138733524e-01 -1.024170984845861332e-01 -8.623366658514582950e-01
3.325180358343038378e-01 -2.499103016153134127e-02 -6.613386766529163463e-01
2.893225481662937693e-01 -1.722993084343815151e-01 -1.969311797218172566e-01
2.858538949428758857e-01 -4.392032287352467396e-02 -7.401001906692602494e-01
4.224549673793552840e-01 -1.505431176638019619e-01 -1.781234193228839469e-01
3.405091460697987626e-01 -1.506100950193783872e-01 -2.875388227704308020e-01
4.715761098189254485e-01 -8.556674062795646685e-02 -3.221537775819197091e-01
1.376049337258500316e-01 -8.491765106096921256e-02 -9.731166398047267352e-01
2.017620194911913800e-01 -2.639567905583579122e-01 -1.469991239028543319e-02
4.032187566749634855e-01 4.037375175144999884e-02 -7.139026750679348110e-01
3.278340109229671562e-01 1.041412799315541253e-02 -8.122068223827028088e-01
3.807773795469703848e-01 -3.415472498029760440e-02 -5.662929481986728186e-01
6.201529758099784129e-01 1.386965109930732853e-01 -3.215282202194689742e-01
4.739650190850204781e-01 2.590935881101040852e-02 -5.588758330837971799e-01
6.550181076560859239e-01 2.911266826430308208e-01 -3.701199131333881009e-01
3.745313953316758981e-01 -1.084655916860799291e-01 -4.104032820131294224e-01
1.607739179119412332e-01 -2.813519550420880422e-01 1.237705291661501811e-01
1.611561815401068298e-01 -3.833420784761033540e-01 -1.699802757333429004e-01
1.987803631914996927e-01 -3.137755178576692727e-01 -1.820902412863549535e-01
1.361011571334769799e-01 -4.355673661606855318e-01 -1.153087836192410315e-01
2.038420572772179362e-01 -2.348947306834912041e-01 5.730405976997920980e-01
3.065405398169618878e-01 -2.563941946607695144e-01 6.395364120607507363e-01
3.958769411289479456e-01 -2.543658784153521868e-01 6.503083071651764024e-01
4.669792327248842856e-01 -2.272862033049450892e-01 6.289593298098842267e-01
5.131889357737211554e-01 -1.845623854715119361e-01 5.838091033618254544e-01
5.389938701543056654e-01 -6.737860997716449418e-02 4.185195215515172817e-01
7.188543681151973175e-01 2.391763825468349869e-01 2.075276771085123595e-01
4.930078698752665134e-01 -9.800766646101566337e-02 2.757436176023786989e-01
4.310542914480086085e-01 -1.312144515172312398e-01 2.441126908925157213e-01
3.501077015326823916e-01 -1.550467260397478952e-01 2.451705632967210169e-01
2.731481437012150959e-01 -1.685772426462099349e-01 2.688687643270281646e-01
2.144370734858626892e-01 -1.734054641715554734e-01 3.007560601421598312e-01
1.739839614493109421e-01 -1.800169941468255930e-01 3.306316189704104902e-01
7.234875529025091012e-01 4.676422020356975628e-01 2.416587471909828755e-01
1.980519293359974120e-01 -2.801552217515833054e-01 -2.006349186270612039e-01
1.232974650693353103e-01 -3.709562850058623074e-01 8.619964035317415063e-02
1.186583929733081300e-01 -4.311798104821724098e-01 -1.829662830608097812e-01
8.628478553185188471e-02 -3.999312449108767265e-01 -2.219131335282361894e-01
1.185966398177208947e-01 -3.988212638643046648e-01 -1.931644437216842036e-01
1.820246946171316105e-01 -2.562019249373246876e-01 -2.234631963395966592e-01
7.355619966784295027e-02 -4.147916532032163706e-01 -2.325096633553514203e-01
7.135108351286778561e-02 -3.384331137160863645e-01 -2.420878982365414211e-01
1.738133117842284858e-01 -1.580919084202690450e-01 4.069061947989982553e-01
1.423699814075039538e-01 -1.931215000077538269e-01 3.812273015041259816e-01
1.232883086959326996e-01 -2.349556235588975972e-01 3.610061962686438863e-01
4.670658891215314634e-01 -1.366680294077457503e-01 4.634490253579550689e-01
5.047355683734430221e-01 -1.404814793932102623e-01 5.065087217005487252e-01
-3.239878597217404899e-01 -1.539177392146451051e-01 4.805546806278339078e-01
-2.599337613594552843e-01 -1.598867371439191554e-01 4.787121402372160328e-01
-3.231942475146007410e-01 -1.621973749025842904e-01 5.616348698038643450e-01
-3.889069660654746463e-01 -1.478965559415339470e-01 4.825630586097103270e-01
-3.253580242253570343e-01 -1.456406170409733081e-01 3.998891985244685254e-01
3.509017326588664831e-01 -1.602772594618204205e-01 4.519339894566108962e-01
4.136075699990079402e-01 -1.659589986176783771e-01 4.484772877869042107e-01
3.499971667504949702e-01 -1.686979810994113649e-01 5.397917065812205539e-01
2.876976808835815524e-01 -1.546205058346918904e-01 4.561865624400441854e-01
3.520428082906837952e-01 -1.518728158213897284e-01 3.640030562447348905e-01
