-1.338258195897609748e-02 -2.761609891964387220e-01 -4.553546724606221119e-01
2.162543640002390077e-02 -4.569604750478690747e-01 -1.983827458062850102e-01
2.458214323414181779e-02 -2.864187582386901187e-01 -2.571849607038039220e-01
-3.220942550102229296e-02 -4.144815488358390976e-01 1.266004512789502545e-01
2.143036436846415538e-02 -4.898434296881011285e-01 -1.073413155538820996e-01
2.042797544566889167e-02 -4.809385390920506431e-01 2.210194208745849820e-02
2.258186330246236828e-02 -3.535364974647461356e-01 3.516991164060159214e-01
-4.239942253861208599e-01 -1.118231101456471643e-01 4.431859384612422126e-01
2.303060695507869182e-02 -3.383701135976417973e-01 6.021930343796437768e-01
2.208267839749693262e-02 -3.651490024939603174e-01 7.230343759519852753e-01
2.073735474282792368e-02 -3.539240471212166117e-01 1.148053000216454400e+00
-1.223579611761763108e-02 -2.661696509042682512e-01 -4.803606165815081930e-01
-1.050441236478761448e-02 -2.447463221442186532e-01 -5.047722434749486453e-01
-8.023610337449048335e-03 -2.117329995298339318e-01 -5.221087051406172463e-01
-1.574736466939868212e-02 -1.882826724388056983e-01 -6.378181162820957262e-01
-1.665957155019026636e-02 -1.914624153504266291e-01 -6.763448150069981679e-01
-1.842089312628368558e-02 -2.005629101569326167e-01 -7.171718435058838104e-01
-1.818790784076967926e-02 -1.896728799214978389e-01 -7.543845368033457177e-01
1.144191677523548334e-02 -1.284666471619287931e-01 -8.087033154072651442e-01
2.059539043711766659e-02 -4.185734204302113959e-01 -2.374068663664079537e-01
-3.967864096896694948e-02 -3.309435886252127812e-01 -2.183350320758474794e-01
-6.578210747634751776e-01 1.360020783548878676e-01 8.429506600287783868e-01
-2.518933807385725920e-01 -1.683322287670165895e-01 3.456018854453692946e-01
-3.164004711325714148e-01 -1.614504136053305228e-01 3.395884674836404660e-01
-3.764667651883137900e-01 -1.436401889249134811e-01 3.505267439183739064e-01
-4.498759078531402444e-01 -9.869010542478395820e-02 4.190443336672924346e-01
-1.950499754074928038e-01 -1.640154021960458230e-01 3.682351523951044037e-01
-3.429181158448364464e-01 -2.190516813367999749e-01 6.223391429440572331e-01
-2.692474333370791229e-01 -2.183933377145366173e-01 6.084917542852057437e-01
-4.080863586204337423e-01 -1.956101898483535440e-01 6.082450584829763862e-01
-4.493850549849129905e-01 -1.655477430257339400e-01 5.732970918579458619e-01
-5.040210415715815628e-01 -5.866028311419918539e-02 3.667294911773324451e-01
-2.222031815373085584e-01 -2.593724636574921971e-02 -8.926010290342771825e-01
-4.446237644235759845e-01 -9.556733194616223726e-02 4.777061542629943425e-01
-6.786580480693005235e-01 2.105173400117705818e-01 4.576195776076392718e-01
-5.728878586396590755e-01 -3.849215024748296743e-03 4.470638988161985683e-01
-2.947310406915932823e-01 -1.764322176352861593e-01 -4.410375996362758677e-02
-8.412446981444965388e-02 -2.639005531726663634e-01 -4.370892236838075373e-01
-7.260724151626546385e-02 -2.312560127232667906e-01 -4.972639354089176678e-01
-1.453369393586269043e-01 -2.186548894147928301e-01 -4.554359988356033728e-01
-1.828785898600001625e-01 -1.694012944740616033e-01 -4.824829737600802027e-01
-1.228710077026842207e-01 -1.995280821554171746e-01 -4.991150962313213313e-01
-1.594577473409888313e-01 -1.516302281865669066e-01 -5.124734700025515011e-01
-2.806086414285964281e-01 -5.522349715577595797e-02 -6.138862302138581306e-01
-3.195378662777506595e-02 -4.501965022983793752e-01 -1.918223668689524875e-01
-4.139409070126609524e-02 -4.806825280701267911e-01 -1.031393923229810272e-01
-5.332092546596745031e-01 -1.565927382499674447e-01 6.628460434464384932e-01
-1.655265590671696208e-01 -2.167220963442550996e-01 1.777896852042522013e-01
-1.775068341739575173e-01 -2.994477960557022644e-01 -1.323880810447692902e-01
-1.824648413693596982e-01 -2.874144887166067974e-01 -7.862506788191159224e-02
-4.798074073589679855e-01 -9.722413486290798490e-02 -7.454272455150262600e-03
-3.736668718044308668e-02 -4.603587890095464097e-01 1.801648403851743852e-02
-3.895494339853029508e-01 -2.734263054758641065e-01 7.467155876582118879e-01
-4.745053567109018822e-01 -2.212418336027721644e-01 7.222273578467990340e-01
-5.950132542013335524e-01 -3.873544572344074510e-03 9.791202175023117071e-01
-1.128867429570238334e-01 -3.207205499511933677e-01 6.390185301929056649e-01
-2.039948390837651448e-01 -1.970557843634181960e-01 5.640881751049646731e-01
-3.233493996435832241e-01 -5.146611333553272050e-02 -5.114995570731406538e-01
-6.006191830435714252e-01 4.806594756429396487e-01 -3.622599126418604154e-01
-1.300668567157319266e-01 -2.685437337779894573e-01 -1.840706965733958089e-01
-8.029760771735050540e-02 -2.685607321203631326e-01 -2.127668314025925600e-01
-2.327581310709372353e-01 -6.214443171444844483e-02 -5.356293235523161833e-01
-2.202721380178849220e-01 -7.812018459481520627e-02 -5.439262243736373570e-01
-5.057806258144244005e-01 -1.992189725397732758e-01 7.864605374902806645e-01
-1.813079281821694533e-01 -2.595548093919024524e-01 -1.658925813236304947e-01
-2.725417828124045982e-01 -3.080899140118313895e-01 7.280194211517239111e-01
-2.821903146168427412e-01 -3.295867683660824721e-01 7.997312041320054909e-01
-3.417656375408069103e-01 -2.650738239263115137e-01 1.136821037728316774e+00
-5.494170969223519663e-01 -1.159145263885029697e-01 8.707390465960251902e-01
-3.045085980301203143e-01 -3.006146819173547424e-01 9.600670545367773201e-01
-5.674282218099491182e-01 -1.092781228779866609e-01 7.152677720338500578e-01
-6.118384321999816855e-01 7.177790251052126869e-03 7.624702619241374713e-01
-8.002905274905908195e-02 -2.542020515295083660e-01 -4.706230524725221187e-01
-1.343877500182338869e-01 -2.115289333085424994e-01 -4.782537208680768259e-01
-1.720297113074759077e-01 -1.654479977348353170e-01 -4.970912462958940736e-01
-1.154369810078476055e-01 -2.524083367973752878e-01 -1.991210874309867762e-01
-2.261561721439353523e-01 -7.039481963709601220e-02 -5.398884248695470234e-01
-2.085818942327830605e-01 -1.048368458380906088e-01 -5.835071354203789085e-01
-2.131656986894603367e-01 -8.004356470211673735e-02 -5.470186546271782468e-01
-1.014226660757266418e-01 -3.605626283982470426e-01 -1.702796433224289530e-01
-1.500033676414898043e-01 -1.391026322782471514e-01 -5.242229128749960054e-01
-1.123415557991506164e-01 -1.725627140641242674e-01 -5.153586376052823326e-01
-6.507578160860849614e-02 -2.017497680731347165e-01 -5.152109066390884173e-01
-7.446314120353300647e-02 -1.234478369228533268e-01 -7.999990221850472594e-01
-9.222230303509326710e-02 -1.860663440157204196e-01 -7.407272293088609239e-01
-8.929142541859413917e-02 -1.967945835360651596e-01 -7.021703982053821846e-01
-8.196800819646576919e-02 -1.865385781192964165e-01 -6.600280533611253553e-01
-7.348193259933838428e-02 -1.832062533527298864e-01 -6.237290750225126246e-01
-1.593040521875525029e-01 -1.352658641189299349e-01 -5.886065535782822877e-01
-1.729194589000186966e-01 -1.415171855096655218e-01 -6.047713763905107065e-01
-1.868513798592974506e-01 -1.478848449419860600e-01 -6.246100990865737224e-01
-1.968060125971058394e-01 -1.341508504924509015e-01 -6.463949958944028573e-01
-2.470186946903607517e-01 -1.577464337462525235e-01 -3.703821416586332571e-01
-6.718025465477013292e-01 5.103616235923347233e-01 1.043071369254029990e-01
2.431424858686420665e-02 -3.326166531290983830e-01 -2.441081887858718158e-01
-1.842032178479234839e-01 -1.036845790957201530e-01 -5.694729129820594871e-01
-1.964473897826992665e-01 -1.074047158547351555e-01 -5.765098199948588409e-01
-5.939216274220321390e-02 -2.688671165223481818e-01 -2.475351682231103911e-01
-1.585448372865917444e-01 -2.072866214477291358e-01 -2.134640294727909726e-01
-6.951747999786883625e-02 -2.697662997825003295e-01 -2.306359692556299024e-01
-2.309914511773867307e-01 -1.879195702617051378e-01 1.324080297758812863e-01
-3.339313868715270139e-01 -1.602071680259451458e-01 8.049500231811246298e-02
-1.927928711887377800e-01 -2.471097974978810896e-01 -1.125621885745390904e-01
-4.952678831114027957e-01 -1.446070525857234834e-01 1.080276987010584833e+00
-4.516388626071852208e-01 -2.157082229219415836e-01 9.412275114052568448e-01
-4.093763774342207284e-01 -2.717418481537636765e-01 8.194048188871136951e-01
-2.295102997893154750e-01 -8.188225787988867577e-02 -6.935175199394150169e-01
-1.306365940946797588e-01 -3.587897939639321798e-01 7.599530634433975251e-01
-1.519304047148897219e-01 -3.476950171948991475e-01 9.482178333749415877e-01
-1.758705396829823853e-01 -3.339068471847044250e-01 1.155097605156026219e+00
-4.247350874010611399e-01 -1.186734672027799364e-01 3.762634473336416985e-01
-5.743939449610357961e-01 -1.420298971547928613e-02 3.080999368477745914e-01
-1.572369198120042721e-01 -1.593976540196770930e-01 3.904391350061950927e-01
-5.069082096409784910e-01 -1.090361312370104474e-01 5.413659479659220786e-01
-1.216948200536760449e-01 -2.469459433480367672e-01 2.310486923543701998e-01
-1.407132103876772566e-01 -3.653463252287241225e-01 -1.103904455563081144e-01
-6.304888898440266232e-01 6.120843459938318798e-02 2.569134615152808276e-01
-5.350167356406529962e-01 -6.273121019685251598e-02 2.319157990916294043e-01
-4.568860980993849630e-01 -1.166605129348060044e-01 1.847483537435601342e-01
-3.357730460187307031e-01 -1.478956071470522993e-01 1.888099908668781080e-01
-2.457648259991086492e-01 -1.678139978867438931e-01 2.211920776173075254e-01
-1.784093181142178963e-01 -1.900960926534300821e-01 2.586054962488966158e-01
-3.720365090890359605e-02 -3.266376893277620486e-01 3.367252539644711717e-01
-6.186002098574512331e-01 6.773444356770985664e-02 6.321342467570045809e-02
-5.574406875367063918e-01 -8.084835835787834712e-02 5.644427728278187395e-01
-1.269310006458255341e-02 -4.148522725681655920e-01 -2.321107224574336936e-01
-1.608248142037370654e-01 -2.309448553383115499e-01 7.971160395596565973e-02
-6.958225833274060967e-01 4.101880793161813976e-01 5.001909170091640711e-01
-1.259369779751643437e-01 -2.058561595463146432e-01 3.016215666384354233e-01
-1.966515447633195857e-01 -1.855900739668234767e-01 -1.073931548554065141e-01
-4.697788947653203095e-01 -8.335774381407795586e-02 4.779773605667372305e-01
-1.440872547134006698e-01 -3.498122008499338076e-01 -4.522141480206148811e-02
-6.440411832018471117e-01 5.116506371659386154e-01 -1.208321709969829016e-01
-1.536750729673687088e-01 -1.489946894578269010e-01 4.226767343654778131e-01
-9.324706244956698642e-02 -4.181592200456885067e-01 -4.379038348931441060e-03
-4.810939373980018807e-01 1.832023920048733157e-01 -6.385356009825922108e-01
-4.750109925229981656e-01 3.063828387856113444e-01 -7.217044431897519097e-01
-6.675634486955939195e-01 2.908210909024251389e-01 7.931603297866962610e-02
-5.534592268303484275e-01 2.450541610558685246e-01 -5.005490602427258295e-01
-6.478017867268017760e-01 1.245721131165684614e-01 6.258258762935309250e-01
-2.322869825246577369e-01 2.128998825290168151e-02 -9.642636348970712312e-01
-1.744647191923062723e-03 -3.278627247924452703e-01 -2.390566144115657821e-01
-2.176775623553420802e-01 -1.981263947243010470e-01 1.990085945580287452e-02
-6.268285146785039785e-01 5.995810732234901907e-02 4.434211128080549624e-01
-3.662617442448699023e-01 -1.444845611128247054e-01 3.978654237104612967e-01
-3.132405873146786313e-01 -1.595885905226894774e-01 3.863530626749052121e-01
-2.186009509758207736e-01 -9.278696253676227412e-02 -5.907188246357932826e-01
-6.034624753355650739e-01 1.119034502954155408e-01 -1.162579245417964535e-01
-1.138061681509581202e-01 5.045324904182960091e-02 -1.079500823325685310e+00
-3.018480023699414705e-01 1.642280673572886762e-01 -9.454151693747729901e-01
-3.824703552206285551e-01 2.276723344533853055e-01 -8.553321442321717427e-01
2.127897778390537564e-02 -3.637333286572865809e-01 9.316883733854495198e-01
1.873225536820824488e-02 3.121270253490898705e-02 -1.098921708872408587e+00
-2.589194183006449101e-01 -1.638192916626792783e-01 3.922238108831483938e-01
-2.056466408828588888e-01 -1.586391116038694538e-01 4.072324445004555926e-01
-1.703043326109205946e-01 -1.484282661805411685e-01 4.157437985361096544e-01
-6.009532184432360147e-01 -2.072728901247694600e-02 5.993942458810197493e-01
-2.176740587976451202e-01 -1.787003647131113482e-01 4.991471058149339335e-01
-2.764358467546088605e-01 -1.907605564144552179e-01 5.328154869159615892e-01
-3.326080768681469735e-01 -1.877362913236169106e-01 5.410302339071164646e-01
-3.855146364174655282e-01 -1.703208303762784315e-01 5.291044675499243510e-01
-4.168831563309138843e-01 -1.475028834602276628e-01 5.076047305480733129e-01
-6.880095018337466506e-01 2.846324775446456012e-01 6.934736918101682690e-01
-4.009444819102037094e-01 -1.267388196335643702e-01 4.191779094979590781e-01
2.343243051547475031e-02 -2.698452307095906555e-01 -3.226757095854859703e-01
-1.848097155911857525e-01 -1.976432434740638122e-01 -3.338653160813367382e-01
-1.296775210452887350e-01 -2.938405113383282252e-01 -1.730204087705518035e-01
-6.574545023745237415e-02 -2.614556510896604014e-01 -3.227013707528090247e-01
2.290227067574769626e-02 -3.226988034997468890e-01 4.802088234167876113e-01
-3.994706336922582146e-01 1.368984191508955117e-01 -7.663843927943232437e-01
-3.204184793074507098e-01 8.379905127229175799e-02 -8.671526907964541842e-01
-1.213073053874681451e-01 -3.487569730277989555e-02 -1.034848536125217322e+00
-5.425918117380210681e-01 4.023021474751353743e-01 -5.657678606863552062e-01
-1.741368403748542182e-01 -1.617410462817956418e-01 4.518852473362264810e-01
-7.966288228182100140e-02 -3.279399484190725911e-01 1.869139958885974728e-01
1.377451980939965737e-02 -5.207055450763720117e-02 -1.052787173467266690e+00
-2.156086745779275393e-01 9.627085739504914752e-02 -1.024688032730343146e+00
-6.451308635603210107e-01 3.073169640434467720e-01 -1.227483605970144387e-01
-1.216893374198564914e-01 -1.620972590764880872e-01 -6.047469710133883680e-01
-1.352740163256280770e-01 -1.679796774351172139e-01 -6.321390029930693544e-01
-1.462067518742014016e-01 -1.755749946384539406e-01 -6.673538774512994820e-01
-1.528241419429696712e-01 -1.635998402295260057e-01 -7.038374687782087413e-01
-1.617784119532097442e-01 -1.102189132742268374e-01 -7.589014705929186810e-01
-1.888495643231551391e-01 -1.128935408132532014e-01 -5.299263455028107028e-01
-2.000405830380540539e-01 -1.147059398074590786e-01 -5.226171862885680142e-01
-2.095395988457680048e-01 -1.164483477257858279e-01 -5.143580387269668375e-01
-2.951914827991406476e-01 -1.074441214924349297e-01 -4.319476221572506880e-01
-5.262632223898213724e-01 -5.605095847221408523e-03 -1.886690063840894549e-01
-7.834116144490688161e-02 -2.828689404380944072e-01 2.907418426878549678e-01
-1.098662179509843906e-01 -1.991277913419891021e-01 4.871804356779523282e-01
-1.487786219502371665e-01 -1.761640550335019650e-01 4.819830758201537613e-01
-1.775243838423117282e-01 -1.062071159334663228e-01 -5.367214280020375927e-01
-5.303861263031182105e-01 1.135627277814827418e-01 -3.914174363384812505e-01
-5.847354272593346947e-02 -2.791625607512513429e-01 4.779314186281709009e-01
-1.947751123171694854e-01 -6.434237583859780951e-02 -8.209599355797947418e-01
2.113821644025246083e-02 -4.370716314550926462e-01 1.344933992006387413e-01
-3.597387998285483945e-02 -3.760447712726284752e-01 2.256164319183830980e-01
2.204530157179207528e-02 -3.932860891411897875e-01 2.390444302841527868e-01
-1.244316160180372055e-01 -3.072695493247634690e-01 4.393384223171706293e-02
1.201635238856471610e-02 -9.746270336426698933e-02 -9.790468505052087878e-01
1.192219692662475211e-02 -1.117185104561876918e-01 -8.868127902598752499e-01
-9.393606094203654777e-02 -9.663908614047117540e-02 -8.752035890752938307e-01
-3.371262935238057423e-01 -1.278296631800058397e-02 -6.309327810889127086e-01
-2.524534177841069038e-01 -1.609630199459686217e-01 -1.712792973249708250e-01
-2.743202086288605290e-01 -3.429145495833177404e-02 -7.405003315994878044e-01
-3.948162420951852880e-01 -1.364896789754639350e-01 -1.393918073840563210e-01
-3.120438073802409562e-01 -1.380145987673297991e-01 -2.529039234184422558e-01
-4.474979235023681667e-01 -6.788559916877068279e-02 -2.728001591053474950e-01
-1.140793348286096021e-01 -7.839007113017604222e-02 -9.628706966171232118e-01
-1.616970670237852792e-01 -2.556856493292947174e-01 8.689710065092892677e-04
-3.848736178262337493e-01 5.478107071783858140e-02 -6.836706203777067614e-01
-3.057254564609381831e-01 2.371387529882781897e-02 -7.949065672305812846e-01
-3.844146343423004986e-01 -2.030069799732246716e-02 -5.097543803666673146e-01
-5.851898106050370529e-01 1.539473600104923623e-01 -2.681564225136570112e-01
-4.588150581369048187e-01 4.429000536297658663e-02 -5.076847428526076733e-01
-6.123022618468163536e-01 3.044668895277704568e-01 -3.142130093623833886e-01
-3.625165244284624944e-01 -9.377898729478156836e-02 -3.580351601728615218e-01
-1.190826443061308026e-01 -2.768038829251722177e-01 1.350310253032676044e-01
-1.209871605306656051e-01 -3.743595551272418387e-01 -1.556806923868685466e-01
-1.576624616342181540e-01 -3.016937852346797122e-01 -1.650706521592348874e-01
-9.474557990368276394e-02 -4.257412145607872844e-01 -1.034579840289267527e-01
-1.616184365453459115e-01 -2.287487898947917486e-01 5.787483408643772087e-01
-2.675361006230247973e-01 -2.443077791851697711e-01 6.486075056702746977e-01
-3.588073561012485868e-01 -2.395121626281688787e-01 6.644902359345667975e-01
-4.329605538968910317e-01 -2.113002447190743815e-01 6.480395742375399948e-01
-4.829064445798958438e-01 -1.683617355229791723e-01 6.082938123349328485e-01
-5.139061596096996531e-01 -5.394993457743485488e-02 4.624294618784934308e-01
-6.825209495658288716e-01 2.524803227419485374e-01 2.716620883538949371e-01
-4.718188227556954217e-01 -8.627088036569297014e-02 3.199576057522752759e-01
-4.104909522701700730e-01 -1.205629639563438049e-01 2.827795079174022508e-01
-3.273915307674193365e-01 -1.471235235546606290e-01 2.748729098223798850e-01
-2.468451635370573216e-01 -1.632225337845742974e-01 2.914145805622245788e-01
-1.829183229554860457e-01 -1.684950776766778180e-01 3.191238888509189131e-01
-1.385735566579616718e-01 -1.766183053327095021e-01 3.449046335259682294e-01
-6.865174888749332460e-01 4.795317941534738004e-01 3.083196705254438452e-01
-1.572804858179170928e-01 -2.677100816143065387e-01 -1.839292461336445861e-01
-8.035488666727413909e-02 -3.653600142347468438e-01 9.424074909449181581e-02
-7.815088278289666901e-02 -4.216107256215890775e-01 -1.719949777927436418e-01
-4.636164028693573469e-02 -3.897355139633551513e-01 -2.120916613985293075e-01
-7.833047337648957331e-02 -3.893955028909878990e-01 -1.813414970454685360e-01
-1.402229554063659789e-01 -2.426860337674547896e-01 -2.078831628167714385e-01
-3.345242973691373023e-02 -4.055524993561010483e-01 -2.238999657691698175e-01
-2.399534074536249784e-02 -3.285395296512640950e-01 -2.322377527682120135e-01
-1.330619134317204688e-01 -1.565738752135905631e-01 4.182682553308023632e-01
-1.035510852036988783e-01 -1.901959070904337690e-01 3.912044881248033512e-01
-8.653004754613285998e-02 -2.308141445486215915e-01 3.676040544956613587e-01
-4.331416745251743805e-01 -1.244367309166158897e-01 4.911854970862039593e-01
-4.729222808178552562e-01 -1.253219631613811114e-01 5.327619533086669357e-01
7.461296213291312984e-02 -4.141038150540976570e-01 1.219552852243287466e-01
4.532537513954379982e-01 -1.214434656590709372e-01 4.121063584955000358e-01
8.511423319199096227e-02 -3.347545907958042744e-01 -2.239088104095079412e-01
6.668494916384952731e-01 1.168239287464940546e-01 7.728253001819642698e-01
2.765861597278691519e-01 -1.709071810618996157e-01 3.392848456097339316e-01
3.377350974608037681e-01 -1.663323921204142852e-01 3.306675536122676284e-01
3.959125452125125122e-01 -1.508302580321565500e-01 3.335146064247882514e-01
4.729868527166751768e-01 -1.080936838493122831e-01 3.855029207568305694e-01
2.260061546676023214e-01 -1.661639848238583017e-01 3.611166281208157969e-01
3.704314213925683497e-01 -2.269442063708115853e-01 5.868689510623976702e-01
2.982305774278208865e-01 -2.247045312428781472e-01 5.751425955162128290e-01
4.355621746225137869e-01 -2.068166369753732248e-01 5.699606888696848728e-01
4.757678792490924735e-01 -1.789741743994535117e-01 5.308047832683069345e-01
5.183347748022080204e-01 -7.072201224170543421e-02 3.228678440255259297e-01
2.422160301582856334e-01 -3.603299874359888744e-02 -9.033281730537825460e-01
4.752270008988124239e-01 -1.057913142564302911e-01 4.406980088812182395e-01
7.002668684404156352e-01 1.927689671685015593e-01 3.900320379708512863e-01
5.830054828189492611e-01 -1.884314110951376686e-02 3.917257433536029954e-01
3.253414912434378081e-01 -1.846316365840188212e-01 -7.260847400915187988e-02
5.892941329687942376e-02 -2.652866722112157127e-01 -4.438305440476268959e-01
5.385082583106401422e-02 -2.298420233541932367e-01 -5.048473273224396429e-01
1.283657990502802271e-01 -2.162509977142055284e-01 -4.689220738407884337e-01
1.745899001318732546e-01 -1.631584705984852057e-01 -4.965156418226026602e-01
1.096095691560660113e-01 -1.944287603697130162e-01 -5.099239589444422016e-01
1.539979284891380695e-01 -1.454760478044830885e-01 -5.220560252565689119e-01
2.828249407381142611e-01 -6.092329554082412391e-02 -6.390540670314601712e-01
7.327498744921501217e-02 -4.533343584406805959e-01 -1.967204279434144887e-01
8.124965391083488475e-02 -4.841627582816614428e-01 -1.089344438487596656e-01
5.496705357120426072e-01 -1.711290139175982716e-01 6.181219718999999557e-01
2.024309366689166501e-01 -2.186423416210665494e-01 1.609009611476064361e-01
2.159220434220632256e-01 -3.061425925302256879e-01 -1.482541942502970667e-01
2.195728244570148702e-01 -2.940786102468775365e-01 -9.506725967112050757e-02
5.023328885135138755e-01 -1.082796532831846736e-01 -5.307151793732878264e-02
7.811306801247969167e-02 -4.610189952827372650e-01 1.315456402318847251e-02
4.199155520408801578e-01 -2.873722390630291113e-01 7.138390300747960993e-01
4.984735349235140944e-01 -2.362322708719473141e-01 6.855219611853886619e-01
6.080288675649327956e-01 -2.264156713012510647e-02 9.133499541205920558e-01
1.568108458038111053e-01 -3.242095020996107468e-01 6.212164361316165895e-01
2.370384439329009663e-01 -2.001802482478007850e-01 5.329321285025656607e-01
3.305791902764219081e-01 -5.575853025417287778e-02 -5.430502666930958622e-01
6.408720748269800538e-01 4.615855959553494259e-01 -4.119679753239002817e-01
1.719149891547814279e-01 -2.755769842205046949e-01 -1.960374273689191593e-01
1.257974457002051238e-01 -2.771652835951745608e-01 -2.216188847387736693e-01
2.340794508980299504e-01 -5.481390259718924018e-02 -5.620990106665475494e-01
2.185802482704963801e-01 -7.316172908490445326e-02 -5.672779070638396259e-01
5.272588240935127679e-01 -2.147948735179374680e-01 7.415376134055917667e-01
2.181602402556097609e-01 -2.673419492974122846e-01 -1.817902470085015487e-01
3.108056590641230521e-01 -3.200634480962150086e-01 6.999842956159123553e-01
3.205433615859791807e-01 -3.422111954690194580e-01 7.664692668373147555e-01
3.695916910490320006e-01 -2.776928404717924348e-01 1.094583801823480584e+00
5.682819663842733071e-01 -1.316046256080554144e-01 8.156604766004149631e-01
3.373467790912521025e-01 -3.112512761241110759e-01 9.253872143284418428e-01
5.826592662735365913e-01 -1.239514120195554514e-01 6.598016935830477436e-01
6.290195243552205717e-01 -8.670433750057653099e-03 7.018973680173941077e-01
5.696941860410156822e-02 -2.542477099553481779e-01 -4.778979511323901974e-01
1.189179333165084618e-01 -2.078129651889054630e-01 -4.909452914335226126e-01
1.643876682370903897e-01 -1.594753343172544691e-01 -5.090904860990423941e-01
1.586929997346711030e-01 -2.603893689518914645e-01 -2.099030370441563598e-01
2.260264094691406545e-01 -6.486928513363937610e-02 -5.650019781731394630e-01
1.957426790739484890e-01 -1.013528957815871823e-01 -6.089457530208779446e-01
2.109193888380338500e-01 -7.483235220336154070e-02 -5.682312435010772322e-01
1.412261194081571025e-01 -3.627589104542428000e-01 -1.807590177335329784e-01
1.458472291970100976e-01 -1.329703880932107118e-01 -5.314035515188928471e-01
1.028298852153072263e-01 -1.661579708821037116e-01 -5.227036243886105105e-01
5.116133605894032654e-02 -1.979269896329334255e-01 -5.218116411670306043e-01
9.260242305819371689e-02 -1.259004409705245520e-01 -8.068417656824280471e-01
5.755616557203102612e-02 -1.849555692853533939e-01 -7.490366159492500842e-01
5.374650741967668122e-02 -1.943323635638598557e-01 -7.109884711273859459e-01
5.029725146225766386e-02 -1.833922209311654727e-01 -6.700606365457333347e-01
4.435936085688185759e-02 -1.794317106289410324e-01 -6.339110389136304313e-01
1.401323169168686711e-01 -1.304584294020237900e-01 -6.112683573319834807e-01
1.519127601063207100e-01 -1.387141800962699012e-01 -6.283564822645786307e-01
1.635332958840789441e-01 -1.460038817748033901e-01 -6.489844043794681383e-01
1.751230992362858840e-01 -1.326440433668328867e-01 -6.700569198315067254e-01
2.720341820144778211e-01 -1.635450336960105888e-01 -3.941143020818422826e-01
7.068202657211073436e-01 4.899024432000262941e-01 3.849109009898543654e-02
1.729148930690423969e-01 -9.722232721678913947e-02 -5.924181947683115901e-01
1.838485233911741901e-01 -1.029987582612104657e-01 -6.012653863300729817e-01
1.065019798308545207e-01 -2.737622245322552939e-01 -2.544047480196873767e-01
1.997532337961145377e-01 -2.173499110939804968e-01 -2.276840990247104290e-01
1.159136185994055768e-01 -2.769117644441663195e-01 -2.388487619073536017e-01
2.649660562655062890e-01 -1.910534065325006914e-01 1.094880702468146172e-01
3.635992769222822218e-01 -1.672404492305132884e-01 4.753910658249596577e-02
2.301431910752379517e-01 -2.545018903160383150e-01 -1.299336798966512774e-01
5.148523271490930142e-01 -1.625627118679240368e-01 1.022555859170225290e+00
4.765040107219946641e-01 -2.307225494284090850e-01 8.933525337629766305e-01
4.397252881431343852e-01 -2.862944441914259119e-01 7.803592026331038767e-01
2.357772937193101104e-01 -8.548064127188215178e-02 -7.087150640642274624e-01
1.767780498241582343e-01 -3.643158062116140794e-01 7.327484257636509568e-01
1.895835384236030929e-01 -3.539166556492820970e-01 9.291325027235481926e-01
2.102615507340047651e-01 -3.425125014309580163e-01 1.131430466812362923e+00
4.449939293380564820e-01 -1.276132011975297242e-01 3.504515702770614194e-01
5.812346044069904849e-01 -3.010869559628162606e-02 2.533312585569376107e-01
1.928315729357868991e-01 -1.590376006388030117e-01 3.821469694219876700e-01
5.278015946606080533e-01 -1.223612595790198321e-01 4.946293667346455258e-01
1.608436624571700779e-01 -2.476498480033044736e-01 2.183863477545417986e-01
1.792023934869035884e-01 -3.708530900834885458e-01 -1.246161662892981692e-01
6.532882102508024147e-01 4.461224182618642176e-02 1.952280211834513945e-01
5.415048514412190706e-01 -7.612541990309740214e-02 1.829136900763597140e-01
4.653239068009495938e-01 -1.275784612794375050e-01 1.443035202169560272e-01
3.509677835721758399e-01 -1.542826371774419503e-01 1.613199412977732727e-01
2.666978485738753513e-01 -1.716153432050016026e-01 2.048010386781535797e-01
2.040915934513879426e-01 -1.927872980188991558e-01 2.484044498075104190e-01
8.149166548491476592e-02 -3.270436880981810734e-01 3.310345713574789350e-01
6.437383102478584362e-01 5.298174302675653924e-02 4.463969556543337380e-03
5.704986983833220116e-01 -9.507904100984859719e-02 5.097501544648710414e-01
5.276467767045564528e-02 -4.155791523531400244e-01 -2.347319159958949353e-01
1.989647059052259692e-01 -2.332029204484180607e-01 6.384197103328365097e-02
7.183050165494053729e-01 3.919942578430022362e-01 4.288082525259340194e-01
1.578052648719929785e-01 -2.068977657713264584e-01 2.964470869218363003e-01
2.374542437951051577e-01 -1.930972076541694893e-01 -1.254065511661996979e-01
4.971739367620999772e-01 -9.387807980008844311e-02 4.375551591480209002e-01
1.811843871202559741e-01 -3.553822662703454149e-01 -5.924628930948711014e-02
6.836947153090298102e-01 4.903012870256127087e-01 -1.791328545189436738e-01
1.928507020651534232e-01 -1.470844670169586532e-01 4.108917233947948500e-01
1.307507332042925352e-01 -4.211653612473433839e-01 -1.418920557409360239e-02
5.071843393873369799e-01 1.652030639064836492e-01 -6.704231561238724879e-01
5.077756727872131393e-01 2.871822191025366067e-01 -7.500026047933783246e-01
7.029319966928997410e-01 2.729338058831720648e-01 1.637068344709899370e-02
5.829058457772720026e-01 2.265483191339989766e-01 -5.424920564327928574e-01
6.676926516250092369e-01 1.080215970648470969e-01 5.608267683262924130e-01
2.568262125805658158e-01 1.059236428247017220e-02 -9.729501961089921380e-01
5.088793206368946720e-02 -3.296148486823227142e-01 -2.414803746866209799e-01
2.526212337629081262e-01 -2.034258140083584632e-01 -1.412778954755306016e-03
6.305283898700446699e-01 4.445754537630119962e-02 3.763276191553699412e-01
3.935665511522730142e-01 -1.518307676732124634e-01 3.784668978142065043e-01
3.410091056053654590e-01 -1.647053517523011656e-01 3.727542400928900435e-01
2.076848327982292464e-01 -8.914390723455239973e-02 -6.169537504065134570e-01
6.307331040767429897e-01 9.672566429596390902e-02 -1.703651200761100437e-01
1.484642774318061242e-01 4.483314268888580201e-02 -1.081914227609967583e+00
3.353985053528649729e-01 1.509327629649444003e-01 -9.555033823690814998e-01
4.160177627968209002e-01 2.117701058070076137e-01 -8.721392279075241838e-01
2.888948527156514068e-01 -1.672761056911253874e-01 3.801741413950900927e-01
2.400305265549363964e-01 -1.592955630093175756e-01 3.949583280422133136e-01
2.085655331497987541e-01 -1.470330223722944307e-01 4.032892944448338568e-01
6.093770720457882817e-01 -3.488801619897904938e-02 5.345491372876725045e-01
2.495164903256468225e-01 -1.798229223387499687e-01 4.700384384731053355e-01
3.031158673223313116e-01 -1.951376086987484104e-01 4.966424631159487291e-01
3.585079719220130023e-01 -1.946200578338936893e-01 5.025378335344758973e-01
4.120733777136864617e-01 -1.796213125502641450e-01 4.899562147692755332e-01
4.439187953963497080e-01 -1.577043564971429834e-01 4.688959439775550742e-01
7.033112679008035606e-01 2.654529473047766430e-01 6.219660675798244220e-01
4.291893657841261422e-01 -1.353198454953321583e-01 3.936225199229697047e-01
2.196122798862875092e-01 -2.029871599219388312e-01 -3.516310263743340769e-01
1.710941557359551002e-01 -3.006941150177919742e-01 -1.855033565149002417e-01
1.092221516881750065e-01 -2.622234153293385717e-01 -3.300317585170058354e-01
4.249110598129242078e-01 1.199659059367371716e-01 -7.888413966054810267e-01
3.444175069628989672e-01 6.874677958192504379e-02 -8.814089825351074658e-01
1.465540254250501384e-01 -4.107062510646786180e-02 -1.039546304937259968e+00
5.801420857232937323e-01 3.834121084775004018e-01 -6.050255646885007721e-01
2.106862647113619813e-01 -1.599334470372661965e-01 4.338603978733188704e-01
1.209761028886515710e-01 -3.293859864224533140e-01 1.777192798602993395e-01
2.489015494265829354e-01 8.663237284228214596e-02 -1.029384396602207374e+00
6.809745945053529148e-01 2.891002379725191584e-01 -1.805956268147841381e-01
9.689033076247466347e-02 -1.572458032184318455e-01 -6.230032027796195138e-01
1.079893832680286492e-01 -1.643679904472368225e-01 -6.509753884628493026e-01
1.163937608150804048e-01 -1.723609501059643057e-01 -6.852269399177144393e-01
1.245240588903541168e-01 -1.609212974787554984e-01 -7.190761164144725548e-01
1.729057101510336203e-01 -1.112790174191917725e-01 -7.695885263673609700e-01
1.878721249974082408e-01 -1.065578304521045960e-01 -5.415533807925274612e-01
1.987396143789692537e-01 -1.068534093243712069e-01 -5.360774869057081116e-01
2.084138619238529166e-01 -1.082003556863911919e-01 -5.284496251393271393e-01
3.111272978805672551e-01 -1.105639127715986603e-01 -4.582414297063113207e-01
5.473054814920979005e-01 -1.996228649881436057e-02 -2.354214125045260841e-01
1.206819223056578849e-01 -2.835469158098158360e-01 2.812950113936736329e-01
1.514385613894232430e-01 -2.009815429372776574e-01 4.692108594716941639e-01
1.857335424370724075e-01 -1.748823738000571115e-01 4.618099094232404056e-01
1.772369208087738457e-01 -9.827570475244795656e-02 -5.473364258020412265e-01
5.545719209272736983e-01 9.670326943481133419e-02 -4.348957992684585605e-01
9.791522785600104140e-02 -2.794220901138160240e-01 4.680311429069590190e-01
2.096251749088766658e-01 -7.127256348519755980e-02 -8.312381239661430499e-01
7.859350629675121436e-02 -3.775305162632414113e-01 2.204132495989130636e-01
1.631293716723116738e-01 -3.113178289374094465e-01 3.073707996148668242e-02
1.141528647472179192e-01 -1.019604173706283867e-01 -8.812203029334662041e-01
3.450129952802587496e-01 -2.338382260243819510e-02 -6.599787566736248223e-01
2.858716815626594077e-01 -1.702442251611491209e-01 -1.945823021952521881e-01
2.848775079765952789e-01 -4.404768283883417346e-02 -7.578977073076522686e-01
4.174079664111232102e-01 -1.487285464856931139e-01 -1.759727629554442840e-01
3.368595440930388651e-01 -1.478399133850205605e-01 -2.820355769571725180e-01
4.659659159472264722e-01 -8.174998292212942719e-02 -3.131131471694819091e-01
1.359778780542678644e-01 -8.394902877527049556e-02 -9.693217126399180650e-01
1.993555225922915008e-01 -2.608084715658927077e-01 -1.452457658886620318e-02
4.026179280647395053e-01 3.992330896564358356e-02 -7.072034459728238076e-01
3.244870704823437091e-01 1.009138155394802283e-02 -8.107905768372187794e-01
3.945750171888486868e-01 -2.918485768140369196e-02 -5.467936562936286382e-01
6.127540136849782826e-01 1.370471979277415597e-01 -3.176863830318397142e-01
4.744528752556709250e-01 2.861512006452712753e-02 -5.441462400752303807e-01
6.472054427711251279e-01 2.876543065972987367e-01 -3.657053438035273718e-01
3.773060447262530648e-01 -1.030825002536475687e-01 -3.937367684460002515e-01
1.588563026151932345e-01 -2.779961569140971811e-01 1.222942773928137328e-01
1.592340068310469370e-01 -3.784301867738975034e-01 -1.677584983266142693e-01
1.964094297086326213e-01 -3.093995487165519531e-01 -1.795758735647778881e-01
1.344778237954961098e-01 -4.303721786889749268e-01 -1.139334492976704638e-01
2.014107509295710585e-01 -2.320930465886190674e-01 5.553737992883944763e-01
3.028843072895668342e-01 -2.533360777966389144e-01 6.208102240415396267e-01
3.911551573483569300e-01 -2.513319540963145915e-01 6.323878280323271817e-01
4.614093832644305948e-01 -2.245752691816873536e-01 6.113447839625396618e-01
5.070679245665394852e-01 -1.823610355375113734e-01 5.664728963400338380e-01
5.325650730976376757e-01 -6.657495814828640057e-02 4.160986210458705870e-01
7.102803024313169011e-01 2.363236294650579161e-01 2.050524108881555119e-01
4.871275663722585136e-01 -9.683868953462670959e-02 2.818071948917546532e-01
4.259129332367699305e-01 -1.296494038860498410e-01 2.525944446213097550e-01
3.459318259137522666e-01 -1.531974212680164982e-01 2.566056094864856973e-01
2.698901957365045234e-01 -1.665665539512997118e-01 2.818853164497685526e-01
2.118793961110313484e-01 -1.713371873331619444e-01 3.136397875234413490e-01
1.719087846408018372e-01 -1.778698589265492735e-01 3.411767700068546461e-01
7.148582253569024658e-01 4.620644450731550279e-01 2.387763859459195448e-01
1.957540381880463753e-01 -2.758868894272514805e-01 -1.977619575515974226e-01
1.218268465253703470e-01 -3.665317399316938562e-01 8.517149791341671605e-02
1.172431065113723192e-01 -4.258222578511259293e-01 -1.806461715092579912e-01
8.525563212959963444e-02 -3.939615027488583276e-01 -2.178571701513869474e-01
1.171820899105529001e-01 -3.932804248058969776e-01 -1.901813253922048919e-01
1.804879239495218446e-01 -2.517182562205555474e-01 -2.200547156343737321e-01
7.267886523769639950e-02 -4.088254447841039863e-01 -2.284317625845200261e-01
7.082578652889887083e-02 -3.319919125951389383e-01 -2.361602925577224177e-01
1.717401703830316873e-01 -1.562062825313432768e-01 4.076256696605762286e-01
1.406718772766194503e-01 -1.908180620661057425e-01 3.842525226689224027e-01
1.218177993637225009e-01 -2.321532131701660173e-01 3.620810039351995968e-01
4.614950060753200134e-01 -1.350379347557497667e-01 4.532098354174032284e-01
4.987153838852114163e-01 -1.388059001867512077e-01 4.893119995424703994e-01
-3.201235259800987443e-01 -1.520819003236595357e-01 4.743191597751150734e-01
-2.568334266571739022e-01 -1.579797036096475260e-01 4.724339558644929937e-01
-3.193393795055099460e-01 -1.602627814607804346e-01 5.514581990987186266e-01
-3.842683159857553932e-01 -1.461325341294563707e-01 4.760956155832314352e-01
-3.214773479796244615e-01 -1.439035027211086337e-01 3.972743164409933136e-01
3.467163863107693977e-01 -1.583655680105169328e-01 4.442733607070101787e-01
4.086743058639927817e-01 -1.639795387742195576e-01 4.412852124542161469e-01
3.458226095244478770e-01 -1.666858523083227794e-01 5.154126357533974634e-01
2.842661947267073330e-01 -1.527762847630755871e-01 4.475915062958013557e-01
3.478438518737725360e-01 -1.500613675556405902e-01 3.731220853844641194e-01
