-1.592240588633571721e-02 -2.718402344941105442e-01 -4.800143216258002110e-01
2.199226003675849167e-02 -4.647570670912713475e-01 -2.017829404833528795e-01
2.435291227787802701e-02 -2.924938880152068155e-01 -2.634746650985211325e-01
-3.275578111581136515e-02 -4.215122337335173164e-01 1.287479241479987102e-01
2.179387907627271595e-02 -4.981524480581782655e-01 -1.091621024446165905e-01
2.077448703070663288e-02 -4.890965073610920588e-01 2.247684706813895747e-02
2.296491042658160495e-02 -3.595333958079528491e-01 3.576648518061741333e-01
-4.311862700151221639e-01 -1.137199208816632723e-01 4.494635007100126756e-01
2.342126593847185592e-02 -3.441097506313733345e-01 6.124077942023465893e-01
2.245725804753356120e-02 -3.713428791199457901e-01 7.352989191669623281e-01
2.108911420526406871e-02 -3.599275193143921525e-01 1.167526964529285172e+00
-1.491457932628646385e-02 -2.602697002933690440e-01 -5.071592485180509424e-01
-1.325222299371880789e-02 -2.372909322813179234e-01 -5.325493123517333061e-01
-1.061360213937929259e-02 -2.039635384366437210e-01 -5.491999032889173238e-01
-1.603938697150984055e-02 -1.914370307203402954e-01 -6.159760623780354827e-01
-1.696924664819132039e-02 -1.946691790644478059e-01 -6.558883823901248133e-01
-1.875939913337389825e-02 -2.039261438493611966e-01 -7.004551876538384070e-01
-1.852241020959478901e-02 -1.928548802527094985e-01 -7.429346620426207082e-01
1.161661708685145233e-02 -1.306185764675385219e-01 -8.075083554052613355e-01
2.094474181576100671e-02 -4.260753216036920477e-01 -2.419949301200405856e-01
-4.041440509834245964e-02 -3.375955138215109286e-01 -2.231165635111101719e-01
-6.689794308078010898e-01 1.383090272673984655e-01 8.572492952553600887e-01
-2.561661475064973548e-01 -1.711875811027450678e-01 3.415119309434840322e-01
-3.217674458996220843e-01 -1.641890324602520157e-01 3.348206604127946240e-01
-3.828526205006223537e-01 -1.460767000550482753e-01 3.470312377873174814e-01
-4.575069731202338619e-01 -1.003641462493011227e-01 4.226970748180775561e-01
-1.983585302038200493e-01 -1.667975299275339385e-01 3.662902500429732200e-01
-3.487348988234327818e-01 -2.227673674803962445e-01 6.438505263720299965e-01
-2.738145699650387233e-01 -2.220978566383241815e-01 6.295745231125087216e-01
-4.150085644618270453e-01 -1.989282473383950922e-01 6.287496424111560511e-01
-4.570077941109338959e-01 -1.683558632424355939e-01 5.917454999360645118e-01
-5.125705491070613462e-01 -5.965531310323714947e-02 3.694204654897990103e-01
-2.260204035332800121e-01 -2.638044208621719011e-02 -9.037778476061226751e-01
-4.521657396802834517e-01 -9.718840336635557742e-02 4.882182650354792708e-01
-6.901698533659420542e-01 2.140882615335542583e-01 4.653819918329401562e-01
-5.826055264758125407e-01 -3.914508271865592241e-03 4.545194223891112495e-01
-2.997304455685713687e-01 -1.794249668456582847e-01 -4.485187442126273988e-02
-8.779184585016695797e-02 -2.625669710318241368e-01 -4.589216736826657872e-01
-7.640927372281698660e-02 -2.260330112940625025e-01 -5.235080625946466615e-01
-1.501167951914942067e-01 -2.195519665406951981e-01 -4.765963344485528164e-01
-1.883782109096703572e-01 -1.707610564318370883e-01 -4.996128060734655874e-01
-1.274958569294937782e-01 -1.975043706702117041e-01 -5.218728208754104259e-01
-1.645516695254824469e-01 -1.519172734196668761e-01 -5.281004085999837505e-01
-2.853990139020388117e-01 -5.620327607475140291e-02 -6.155519757906577905e-01
-3.249580641971396011e-02 -4.578772297400665048e-01 -1.951081346872890476e-01
-4.209624212191179909e-02 -4.888361537264981904e-01 -1.048889055777629531e-01
-5.422538701909747072e-01 -1.592489582988270147e-01 6.747952555432971122e-01
-1.683343199488466779e-01 -2.203982666684597969e-01 1.808054567769059873e-01
-1.805178116752885198e-01 -3.045475461754305058e-01 -1.346356455515029804e-01
-1.855599195656653655e-01 -2.922897858459226894e-01 -7.995875349201631010e-02
-4.879461886923896485e-01 -9.887330806012367690e-02 -7.580716777498957074e-03
-3.800052384161334978e-02 -4.681676712010301999e-01 1.832209189001187885e-02
-3.961572053809466198e-01 -2.780643266421536364e-01 7.593818258050124559e-01
-4.825542014777313704e-01 -2.249946704241325979e-01 7.344802358890254457e-01
-6.051062262817108461e-01 -3.939249841862123985e-03 9.957286348874040405e-01
-1.148015956714214386e-01 -3.261608044890618174e-01 6.498579461866516027e-01
-2.074551220285157926e-01 -2.003983628955997298e-01 5.821568856217149701e-01
-3.290766236807426970e-01 -5.246050041825164184e-02 -5.196104732184618769e-01
-6.108072462549274384e-01 4.888127064525149001e-01 -3.684047827910841288e-01
-1.323152627118932279e-01 -2.737692810812302202e-01 -1.874874150025488961e-01
-8.196037915549009290e-02 -2.743019437359501267e-01 -2.171046240696765106e-01
-2.376582529800626842e-01 -6.327600381978189248e-02 -5.381414371341241010e-01
-2.251185551711201716e-01 -7.948460903026967339e-02 -5.439160956782100875e-01
-5.143599804743349546e-01 -2.025982443686407675e-01 7.998009533401131410e-01
-1.843833821223509473e-01 -2.641744776613590973e-01 -1.687636672748132338e-01
-2.771648001741844336e-01 -3.133159201191089149e-01 7.403685236965398264e-01
-2.869769961683379944e-01 -3.351774170242299289e-01 8.132967173621254986e-01
-3.475628714904300254e-01 -2.695701652854938235e-01 1.156104478749439002e+00
-5.587366396057539264e-01 -1.178807381834312412e-01 8.855090451204853386e-01
-3.096738557053936858e-01 -3.057138886495071595e-01 9.763522883669653041e-01
-5.770532800080780955e-01 -1.111317640118870964e-01 7.274005734498812936e-01
-6.222168030518800963e-01 7.299542568799630669e-03 7.754037326800147234e-01
-8.384050213527488582e-02 -2.508971522822552869e-01 -4.955843904248897203e-01
-1.391337882994548858e-01 -2.109559334161052180e-01 -5.008183067338281003e-01
-1.773923108572094676e-01 -1.662394127702496172e-01 -5.140072504910573326e-01
-1.175907410948331955e-01 -2.575722620095211024e-01 -2.028510291735968751e-01
-2.310414939038029913e-01 -7.163427596308578893e-02 -5.411574541954653483e-01
-2.124464189598811448e-01 -1.066638234501209315e-01 -5.757472386380081408e-01
-2.179080175613686554e-01 -8.144065408962140873e-02 -5.460189495110290281e-01
-1.031430582347109826e-01 -3.670381279331808022e-01 -1.734084876503792505e-01
-1.548762336124422379e-01 -1.392698921126839795e-01 -5.387898931028867189e-01
-1.166761473665196974e-01 -1.699164835309696364e-01 -5.365613690945788550e-01
-6.863858298593240870e-02 -1.957890893427511880e-01 -5.408632571692014723e-01
-7.577120488484510863e-02 -1.255225480143924432e-01 -7.993384235997288423e-01
-9.383330762777186695e-02 -1.891964489662171234e-01 -7.292488806684249703e-01
-9.085112575867615448e-02 -2.001039551045270537e-01 -6.858719418801272338e-01
-8.340300501250030862e-02 -1.896726608014975557e-01 -6.410163749329087501e-01
-7.476736211405696220e-02 -1.862847862747366301e-01 -6.036602904286222371e-01
-1.620244392623895469e-01 -1.375710261803298473e-01 -5.739769078673463421e-01
-1.758810715766564170e-01 -1.439245805384350152e-01 -5.905483406155656034e-01
-1.900681364890882685e-01 -1.503948946634992845e-01 -6.117069780522826905e-01
-2.002090362300916748e-01 -1.364251878148008690e-01 -6.350103270248332876e-01
-2.527159624362278478e-01 -1.603703413228372565e-01 -3.812440786697554040e-01
-6.831980647112985139e-01 5.190186838871134745e-01 1.060764600741200825e-01
2.457211701890513883e-02 -3.393115414054733714e-01 -2.497289346253566134e-01
-1.876835068317404542e-01 -1.054896864441795673e-01 -5.604002220907894349e-01
-2.001333130834008489e-01 -1.092738627522966827e-01 -5.678140703643880238e-01
-6.100874467005572288e-02 -2.746278682553968675e-01 -2.531413882798274617e-01
-1.615953936075552044e-01 -2.113849174950379328e-01 -2.172087305710077576e-01
-7.114846967205201711e-02 -2.755786407245112701e-01 -2.355928472744910351e-01
-2.349096668659911014e-01 -1.911071748446546703e-01 1.346540161872697705e-01
-3.395957315573943092e-01 -1.629246982028696167e-01 8.186040878772733731e-02
-1.960631396280779759e-01 -2.513014222546800513e-01 -1.144715369570506180e-01
-5.036689143174397643e-01 -1.470599642378049576e-01 1.098601293892802033e+00
-4.592998321713444021e-01 -2.193671953163990052e-01 9.571931699576895491e-01
-4.163204653492968421e-01 -2.763512965435604429e-01 8.333040477832986959e-01
-2.334918677794584618e-01 -8.327157057481256175e-02 -6.903458544721265966e-01
-1.328525304415817676e-01 -3.648758018765844158e-01 7.728438436026173752e-01
-1.545075394629317200e-01 -3.535928288423805244e-01 9.643020659658090299e-01
-1.788537613746803423e-01 -3.395707756136695510e-01 1.174691064287619824e+00
-4.319396989763942818e-01 -1.206864778083452661e-01 3.755766007094831216e-01
-5.841371599376686818e-01 -1.444391126374818847e-02 3.133261129684135060e-01
-1.599040668553037281e-01 -1.621014527339724176e-01 3.906625827624038427e-01
-5.155066910547878578e-01 -1.108856685178193080e-01 5.560428528603953424e-01
-1.237590806604031007e-01 -2.511347887123633882e-01 2.349453850633727026e-01
-1.431000723504236016e-01 -3.715435489614146713e-01 -1.122629536209267809e-01
-6.411836209567400857e-01 6.224669072715783430e-02 2.612713819075372368e-01
-5.440920107496148850e-01 -6.379529369536504624e-02 2.358496941245595002e-01
-4.646360744225498940e-01 -1.186393776470227035e-01 1.878821700655264049e-01
-3.414686300328366175e-01 -1.504043012361432063e-01 1.913473619765400369e-01
-2.499336384506292141e-01 -1.706605596791208324e-01 2.221508428078120267e-01
-1.814356040900201028e-01 -1.933206167160330391e-01 2.590128416062873473e-01
-3.783472157373387462e-02 -3.321783139365518944e-01 3.424369860838004653e-01
-6.290932780419360437e-01 6.888339586916138180e-02 6.428568683131707928e-02
-5.668963311816974660e-01 -8.221975580154108898e-02 5.769421240096795911e-01
-1.290840816847325587e-02 -4.222814786441976831e-01 -2.365602667233249745e-01
-1.635528212659813352e-01 -2.348622806403160290e-01 8.106371813450283237e-02
-7.076255437771630241e-01 4.171459358059478317e-01 5.086754480367328135e-01
-1.280731966116661069e-01 -2.093480153263400645e-01 3.018748104287566902e-01
-1.999872663406874196e-01 -1.887381642349244826e-01 -1.092148229843415697e-01
-4.777475664467288885e-01 -8.477170886939637551e-02 4.884043927013851372e-01
-1.465313492418705843e-01 -3.557459254377882130e-01 -4.598848854655857021e-02
-6.549657964516722997e-01 5.203295624829126220e-01 -1.228817978780305242e-01
-1.562818018258569086e-01 -1.515220268409930016e-01 4.264384471768166707e-01
-9.482877511098314338e-02 -4.252522878106048676e-01 -4.453319181124390513e-03
-4.892545416264142411e-01 1.863099809779046323e-01 -6.493668252411085584e-01
-4.830684141880703386e-01 3.115798884579260020e-01 -7.339464272866872419e-01
-6.788870607361505716e-01 2.957541766811208062e-01 8.066144106246267431e-02
-5.628473345482577495e-01 2.492109206907610341e-01 -5.090396739462307307e-01
-6.587901895915888595e-01 1.266851800958356256e-01 6.364415105705970577e-01
-2.362408019801791881e-01 2.165017614999291060e-02 -9.802456386042159853e-01
-1.947374197206989651e-03 -3.345127801464229944e-01 -2.445182621550497370e-01
-2.213699398677153873e-01 -2.014871335922482354e-01 2.023843002153060538e-02
-6.374611563098682154e-01 6.097515178485560933e-02 4.509426879659542142e-01
-3.724744958645555548e-01 -1.469353949909955326e-01 3.985835745890985438e-01
-3.185539622351274969e-01 -1.622956280165925025e-01 3.856590025084211115e-01
-2.226127723784382950e-01 -9.441105838545926776e-02 -5.847433960265963071e-01
-6.136987681779701997e-01 1.138016228548693193e-01 -1.182299622168079545e-01
-1.157366167075438435e-01 5.130906877725193577e-02 -1.097811964453448752e+00
-3.069681313502640729e-01 1.670138023296300067e-01 -9.614518702644607728e-01
-3.889580470317888228e-01 2.315342454735418720e-01 -8.698408016280005928e-01
2.163992458156991164e-02 -3.699031917736441688e-01 9.474922233512246272e-01
1.905000313113429031e-02 3.174215018186529041e-02 -1.117562278721659030e+00
-2.633113649363272302e-01 -1.665980928495502389e-01 3.922499088468121009e-01
-2.091349426815139190e-01 -1.613300434662577054e-01 4.090996283805680145e-01
-1.731931369561556799e-01 -1.509459955519815710e-01 4.186550667845947982e-01
-6.111469477636053416e-01 -2.107887868837229547e-02 6.095833830873651493e-01
-2.213663768805691212e-01 -1.817315875960765492e-01 5.122893368000693837e-01
-2.811249175670813560e-01 -1.939963515103353131e-01 5.500877719591192871e-01
-3.382499747751847030e-01 -1.909207870191728107e-01 5.593102127855831274e-01
-3.920539671541581894e-01 -1.732099145665152995e-01 5.459215364481175836e-01
-4.239545787369159435e-01 -1.500049159343403993e-01 5.217844567252889476e-01
-6.996799321040154673e-01 2.894605883477499031e-01 7.052368089516697358e-01
-4.077455429506553486e-01 -1.288886395897240189e-01 4.225104268848275946e-01
2.237809678263362467e-02 -2.727994799846096274e-01 -3.327008357887570322e-01
-1.894244676832140539e-01 -2.010722530488297799e-01 -3.430688273582386261e-01
-1.318771890192726726e-01 -2.993907746374244727e-01 -1.762418955975390555e-01
-6.833440580411188903e-02 -2.647961955314365179e-01 -3.324018067573755175e-01
2.329075274211415275e-02 -3.281726143621046532e-01 4.883544138104033427e-01
-4.062528802680958062e-01 1.392201438261640445e-01 -7.793879840470728793e-01
-3.258732465309489568e-01 8.521913995081972781e-02 -8.815503720655932796e-01
-1.233655096779440324e-01 -3.546731657861507125e-02 -1.052314518168546709e+00
-5.517955798360341113e-01 4.091262380540797716e-01 -5.753647548421785274e-01
-1.770906540179261746e-01 -1.644845950226793696e-01 4.592299420746969174e-01
-8.101417192290980007e-02 -3.335026627284820577e-01 1.900845471329400405e-01
1.400817148501398712e-02 -5.295380651781430442e-02 -1.070500766251130997e+00
-2.192659583736021600e-01 9.790386339074402811e-02 -1.042069406392894582e+00
-6.560739606226609899e-01 3.125298627269443852e-01 -1.248304900821705088e-01
-1.238033821641236071e-01 -1.648296879815662752e-01 -5.873844643258239184e-01
-1.376271273774509196e-01 -1.708110794394366028e-01 -6.155707854878457175e-01
-1.487500053307268533e-01 -1.785353386843459567e-01 -6.515181214503820151e-01
-1.554851953957900601e-01 -1.663586107185340557e-01 -6.909390299032940330e-01
-1.645986140097824291e-01 -1.120789714450175639e-01 -7.555953512997772847e-01
-1.939318865277323556e-01 -1.138340720300237002e-01 -5.375995480546431615e-01
-2.052973856234276973e-01 -1.157569803761733795e-01 -5.307440712380178116e-01
-2.149516294704997554e-01 -1.176154807807293229e-01 -5.229574654359102626e-01
-3.011954897367431494e-01 -1.093275698429094084e-01 -4.427493509324202936e-01
-5.351900151511681525e-01 -5.700171894017264269e-03 -1.918693233525293196e-01
-7.967003126356175802e-02 -2.876671332482356735e-01 2.954598623227788212e-01
-1.117298347066217473e-01 -2.025055165006321434e-01 4.976884234905897264e-01
-1.513022942666065462e-01 -1.791522555088103097e-01 4.927081114105933413e-01
-1.823625374283137091e-01 -1.070443908842052816e-01 -5.439171513021984206e-01
-5.393828542361491785e-01 1.154890479107741896e-01 -3.980568939116404525e-01
-5.946540606680270069e-02 -2.838978837237302599e-01 4.863417276766103803e-01
-1.981469856700127652e-01 -6.543388270149179398e-02 -8.253660464193477431e-01
2.149677555948890234e-02 -4.444855028978766387e-01 1.367747531737971423e-01
-3.658409053484858869e-02 -3.824234684707622511e-01 2.294434733030042417e-01
2.241924721366899895e-02 -3.999572439251799505e-01 2.430992454396002367e-01
-1.265422998011606903e-01 -3.124816399136489675e-01 4.467907396554958444e-02
1.222021121019443296e-02 -9.911519187419881582e-02 -9.924208316409953712e-01
1.211684005428817837e-02 -1.136031606407571226e-01 -8.925552799848923691e-01
-9.556139884754406844e-02 -9.827271699207359990e-02 -8.813345639459222447e-01
-3.428510979596025576e-01 -1.301669896056357675e-02 -6.377560726816005054e-01
-2.567356842366599889e-01 -1.636933713369952137e-01 -1.741846396070818037e-01
-2.790536525397371292e-01 -3.487797205101473424e-02 -7.449507680878405536e-01
-4.015133522523277598e-01 -1.388048988624698277e-01 -1.417562549156478890e-01
-3.175421052575284619e-01 -1.403556852594498305e-01 -2.572174210915849080e-01
-4.550886519710957145e-01 -6.903711546228546991e-02 -2.774275592009445290e-01
-1.160299012164592580e-01 -7.972023453612467336e-02 -9.763454206161110704e-01
-1.644398697620882144e-01 -2.600227428340395885e-01 8.837110144762176656e-04
-3.914284592815704400e-01 5.570847351108942219e-02 -6.932307818638354657e-01
-3.109662602162614475e-01 2.411232161709729593e-02 -8.046151491926476496e-01
-3.908532870693564587e-01 -2.070103793246065235e-02 -5.182883362541295114e-01
-5.951161515368634802e-01 1.565587075652948024e-01 -2.727050527609563568e-01
-4.665977114703809825e-01 4.504112999353154789e-02 -5.161860472241279751e-01
-6.226885004556804715e-01 3.096314359006993588e-01 -3.195428790894748183e-01
-3.689173825164495657e-01 -9.541231098039232306e-02 -3.647320286925027633e-01
-1.211025956194045905e-01 -2.814991965881489810e-01 1.373214988131845615e-01
-1.230394173916647960e-01 -3.808316226137801186e-01 -1.583795564709409021e-01
-1.603368269734132545e-01 -3.070695283734169445e-01 -1.679836697782861321e-01
-9.635271131790745791e-02 -4.329628926691105884e-01 -1.052128995186740190e-01
-1.643599055062616443e-01 -2.326289642161641080e-01 5.947309481711202661e-01
-2.720742085979566127e-01 -2.484518744249382682e-01 6.668435410339781377e-01
-3.648936619134188208e-01 -2.435749117404750752e-01 6.824623165391862090e-01
-4.403046907737266369e-01 -2.148844463405812921e-01 6.654005821053654568e-01
-4.910977936434075541e-01 -1.712175883700190193e-01 6.248675230718728768e-01
-5.226233444526434679e-01 -5.486506480636710315e-02 4.707985402631266747e-01
-6.940982797170486274e-01 2.567630455725510297e-01 2.762701799923915624e-01
-4.798220969205065911e-01 -8.773425883790743340e-02 3.204923243625128482e-01
-4.174539462728356076e-01 -1.226080253403498271e-01 2.809667373232878074e-01
-3.329449424873361929e-01 -1.496191210982767972e-01 2.710534978736882650e-01
-2.510323013225614908e-01 -1.659912124060067273e-01 2.873493749856861901e-01
-1.860210933787385945e-01 -1.713531923533910262e-01 3.161092266433707110e-01
-1.409241245294365619e-01 -1.796142110743375875e-01 3.432034980579244388e-01
-6.981626107255480829e-01 4.876659003702180639e-01 3.135495739006575189e-01
-1.599650723155190968e-01 -2.726861468380369358e-01 -1.872187249982324997e-01
-8.171791450224780151e-02 -3.715574701685768755e-01 9.583931440215295861e-02
-7.947652498063788318e-02 -4.288477453200282286e-01 -1.749626528857514129e-01
-4.714805426630938601e-02 -3.968736296519136952e-01 -2.162720837923215456e-01
-7.965916189771053701e-02 -3.963238302215862929e-01 -1.846713945220163910e-01
-1.428504926722257984e-01 -2.475287016158040365e-01 -2.116661029599831156e-01
-3.401987041309709886e-02 -4.128592095952308139e-01 -2.282164093550867467e-01
-2.453400337761191263e-02 -3.351839125184453705e-01 -2.374520896660814451e-01
-1.353189895014469957e-01 -1.592297752963012236e-01 4.216126756867265013e-01
-1.053075801021025604e-01 -1.934221242654485529e-01 3.929482916043920415e-01
-8.799782216767317033e-02 -2.347293526557289733e-01 3.700842086598046810e-01
-4.404888836788569129e-01 -1.265475014617201688e-01 5.030933328256166348e-01
-4.809442725008638009e-01 -1.274477495473393673e-01 5.481344661710353394e-01
7.587859199632274176e-02 -4.211280926045680717e-01 1.240239620888286265e-01
4.609421136728478752e-01 -1.235034626416365022e-01 4.156670615499991617e-01
8.648688945238253156e-02 -3.413883854603204648e-01 -2.287778172675255517e-01
6.781609931107697165e-01 1.188055663702491938e-01 7.859344193142256962e-01
2.812777802392462112e-01 -1.738062112845273899e-01 3.300558133119251836e-01
3.434639629695408480e-01 -1.691538220261851744e-01 3.198245087394261388e-01
4.026282515213823188e-01 -1.533887314316071671e-01 3.233584398866807263e-01
4.810099397070022875e-01 -1.099272338172380126e-01 3.844334345554297205e-01
2.298398067634961350e-01 -1.689825581039485769e-01 3.555179227799898367e-01
3.767149015796241729e-01 -2.307937702629276888e-01 6.113772357369139376e-01
3.032893435481387456e-01 -2.285161044207106307e-01 6.000435975309978964e-01
4.429504417521834547e-01 -2.103247849502478672e-01 5.934211194264766842e-01
4.838381396812686530e-01 -1.820100418067214787e-01 5.522395004303081167e-01
5.271270804751120309e-01 -7.192164052240396233e-02 3.229566435487308818e-01
2.463257425842198534e-01 -3.664161703542116733e-02 -9.143817224897246021e-01
4.832880866276525467e-01 -1.075858100489144042e-01 4.495719627952550201e-01
7.121452155227325775e-01 1.960388301334978489e-01 3.966479955850667483e-01
5.928947718713364345e-01 -1.916277026017332644e-02 3.970443034200057397e-01
3.308601289620478614e-01 -1.877634692617600187e-01 -7.384010349587663558e-02
5.766696116223023194e-02 -2.631962487641476556e-01 -4.662172429878483904e-01
5.216473535626043462e-02 -2.245787814918226710e-01 -5.313707953283732799e-01
1.280842408209925953e-01 -2.169592497226616457e-01 -4.910799741207066416e-01
1.749292591569404087e-01 -1.646345026202993278e-01 -5.162398694198111482e-01
1.088153254992079988e-01 -1.929707951712121838e-01 -5.342343913500128272e-01
1.538686903147628848e-01 -1.462284089121743402e-01 -5.414675384170357653e-01
2.872791665170306152e-01 -6.198411005439731503e-02 -6.404206991027805440e-01
7.451792178268229483e-02 -4.610730841881370834e-01 -2.000941777040498581e-01
8.262785932503713404e-02 -4.923754176925084769e-01 -1.107822543381906943e-01
5.589943773763670354e-01 -1.740318070023189612e-01 6.305128532891710602e-01
2.058646917618959238e-01 -2.223510842986254898e-01 1.636302598600333780e-01
2.195846427682274782e-01 -3.113675935579316989e-01 -1.507757014871973222e-01
2.232973505431251615e-01 -2.990669482069149288e-01 -9.667984951954836093e-02
5.108537605832083051e-01 -1.101163577763090151e-01 -5.397175079904910355e-02
7.943806877338006889e-02 -4.688390762894333319e-01 1.337769796628123474e-02
4.270384117636498722e-01 -2.922468195283531300e-01 7.259475963118613429e-01
5.069289423203511280e-01 -2.402393844909457288e-01 6.971969061724666572e-01
6.183426182941219595e-01 -2.302562889525933826e-02 9.288427368078966406e-01
1.594707655239568922e-01 -3.297089383386852535e-01 6.317538823170192330e-01
2.410592323434081197e-01 -2.035758258124047704e-01 5.555211518371835355e-01
3.356375256791241934e-01 -5.677392868407706017e-02 -5.507549300295488948e-01
6.517429317577292380e-01 4.694152879828571989e-01 -4.189560234784490689e-01
1.747784456458059132e-01 -2.808430329116126112e-01 -1.996835605930557256e-01
1.276214790342979910e-01 -2.828798570734264439e-01 -2.261459625173475319e-01
2.366339759983606961e-01 -5.579830403297326991e-02 -5.660323685187247378e-01
2.206788074813357814e-01 -7.444853123868451494e-02 -5.693991845907693250e-01
5.362025048487447654e-01 -2.184383531314036120e-01 7.541160120087493368e-01
2.218608052403406861e-01 -2.720836786519570949e-01 -1.849542025978075377e-01
3.160777312695869368e-01 -3.254925564778768932e-01 7.118578418929462082e-01
3.259806105484079897e-01 -3.480159872397463605e-01 7.794705787510131101e-01
3.758609272258031098e-01 -2.824032331664300122e-01 1.113150789488766224e+00
5.779215063104841121e-01 -1.338369822867205294e-01 8.294961917145251551e-01
3.430690577106475514e-01 -3.165309071537074637e-01 9.410841878862691301e-01
5.925426825930024677e-01 -1.260539512485499281e-01 6.709936460730103747e-01
6.396893312082645444e-01 -8.817506972599913062e-03 7.138033726125334599e-01
5.545439741431689579e-02 -2.504503678864473670e-01 -5.033004338161254365e-01
1.183387388637062443e-01 -2.073945434743423855e-01 -5.146300439732048870e-01
1.644809801282402784e-01 -1.606355850988618328e-01 -5.291088137703875427e-01
1.611796317674348278e-01 -2.655403676274297187e-01 -2.138439783020524287e-01
2.283270472818137442e-01 -6.602029400536910120e-02 -5.680198168632765165e-01
1.985788755820374618e-01 -1.030694833557372347e-01 -6.001745623452992007e-01
2.128541905916556676e-01 -7.614246971092805683e-02 -5.698337581209973468e-01
1.436216816416737152e-01 -3.692810905075489813e-01 -1.841039891420452046e-01
1.456181654856451568e-01 -1.334852126928178229e-01 -5.501204413629354750e-01
1.020084010387394408e-01 -1.643507995907761976e-01 -5.463220994333018998e-01
4.954079343801114782e-02 -1.923187468206035144e-01 -5.478264599113565891e-01
9.416693046050590710e-02 -1.280075310885400719e-01 -8.054588111373983672e-01
5.852044420682046139e-02 -1.880519916940750214e-01 -7.370710910777922287e-01
5.464519940931963915e-02 -1.975842316099441220e-01 -6.937599594178264217e-01
5.113200401868793488e-02 -1.864569570707357571e-01 -6.493999761473207011e-01
4.508705312265357673e-02 -1.824315758752147465e-01 -6.119449052694742042e-01
1.423967366351420183e-01 -1.326427385498924194e-01 -5.936293270389475518e-01
1.543858368502181999e-01 -1.410370288629128610e-01 -6.112675774859730460e-01
1.662180736274413151e-01 -1.484492311804879450e-01 -6.333763329440329493e-01
1.780134309516982483e-01 -1.348638149439057854e-01 -6.565862726809141847e-01
2.753871518451998512e-01 -1.662056996260948272e-01 -4.050503577859512760e-01
7.188097754629427794e-01 4.982124625927260575e-01 3.914399908037241582e-02
1.753776351463657290e-01 -9.886360432092962391e-02 -5.820398816057702485e-01
1.865141636167832462e-01 -1.047392245384612119e-01 -5.911901660512849377e-01
1.076497268337876234e-01 -2.794128771771842712e-01 -2.601963345034192798e-01
2.027841583560247019e-01 -2.214531046576982964e-01 -2.317303155365509904e-01
1.173968273018610037e-01 -2.826509030920847931e-01 -2.440053154762323318e-01
2.694605696049193200e-01 -1.942941691279184979e-01 1.113452726340434240e-01
3.697668661726222217e-01 -1.700772821462085971e-01 4.834549297494804970e-02
2.340470180666704980e-01 -2.588189041896382658e-01 -1.321376929908769648e-01
5.235855614539455249e-01 -1.653201981938307030e-01 1.039901065624633469e+00
4.845867578582082613e-01 -2.346362038440912012e-01 9.085061081991641085e-01
4.471841725039905624e-01 -2.911507424529995447e-01 7.935961239776767595e-01
2.396939273063943832e-01 -8.691338716125590613e-02 -7.058666571674167001e-01
1.797766652477653382e-01 -3.704955496619839472e-01 7.451777445241209996e-01
1.927993682336077985e-01 -3.599200024638725681e-01 9.448930061119089618e-01
2.138281334044759563e-01 -3.483224041343239152e-01 1.150622469732959230e+00
4.525421835543007587e-01 -1.297778529387805801e-01 3.434446788571934861e-01
5.910938547564691392e-01 -3.061941880072118621e-02 2.576284154717595754e-01
1.961024978573981392e-01 -1.617352919114657950e-01 3.801107710483024871e-01
5.367544822160936757e-01 -1.244368237787035758e-01 5.102939973642264260e-01
1.635719892348060922e-01 -2.518506334210378061e-01 2.219396962544951113e-01
1.822421320833619851e-01 -3.771437228680614151e-01 -1.267299805249319233e-01
6.643696771256057954e-01 4.536898289011277730e-02 1.985395960991341024e-01
5.506901818660364656e-01 -7.741670498332686723e-02 1.860163780962501567e-01
4.732170103016067886e-01 -1.297425237413388222e-01 1.467512869884337878e-01
3.569211098480090660e-01 -1.568996719048599831e-01 1.635399598773474295e-01
2.712217376142395664e-01 -1.745263856991010054e-01 2.047528376212116585e-01
2.075535176018162842e-01 -1.960574719227862472e-01 2.474378649800760555e-01
8.287397604474708301e-02 -3.325911995018878686e-01 3.366497823369525300e-01
6.546577859847845238e-01 5.388045068648746744e-02 4.539688895427252367e-03
5.801758398486887014e-01 -9.669182783715429830e-02 5.229347196706353174e-01
5.365970333728086600e-02 -4.230289840292933423e-01 -2.392560001490296462e-01
2.023396647107695012e-01 -2.371586484066256495e-01 6.492489592403560827e-02
7.304893375305561154e-01 3.986435036265455478e-01 4.360819593914422310e-01
1.604820525254502805e-01 -2.104072899015500542e-01 2.952746636856573015e-01
2.414820852525328132e-01 -1.963726384313684570e-01 -1.275337723846846349e-01
5.056072995946078175e-01 -9.547049615668462552e-02 4.457987666597801879e-01
1.842577454827677430e-01 -3.614104736522840700e-01 -6.025126139630639088e-02
6.952919555795475937e-01 4.986180718467589923e-01 -1.821714135536744439e-01
1.961219514665426544e-01 -1.495794020601316499e-01 4.140697974228004785e-01
1.329686056473041167e-01 -4.283094209842935318e-01 -1.442989211445348460e-02
5.157871407538051622e-01 1.680053374690095858e-01 -6.817955998292732911e-01
5.163888686317580357e-01 2.920535763351973513e-01 -7.627245992984426071e-01
7.148555512808529855e-01 2.775634691579750846e-01 1.664837137751355375e-02
5.927934447263333295e-01 2.303911677491025933e-01 -5.516941324214228448e-01
6.790184552832316811e-01 1.098539232990306397e-01 5.703398410713649280e-01
2.611826530040047833e-01 1.077203844468410839e-02 -9.889373218920471942e-01
5.157478773063875477e-02 -3.362550581299124652e-01 -2.469826413170202462e-01
2.569063468108551129e-01 -2.068764448081215346e-01 -1.436743836868481072e-03
6.412237910059164214e-01 4.521166095452878314e-02 3.827111180068051843e-01
4.002424633012924282e-01 -1.544062123179286428e-01 3.754487050935051418e-01
3.467935068060566950e-01 -1.674991828224275114e-01 3.686443744370584974e-01
2.107045394716184628e-01 -9.065952451141087720e-02 -6.101301905125560143e-01
6.414319776979047205e-01 9.836638404496975130e-02 -1.732549555348282255e-01
1.509826176477126469e-01 4.559362794261683643e-02 -1.100266306350276668e+00
3.410877361833117849e-01 1.534929751146117405e-01 -9.717112044518043668e-01
4.230745058780911450e-01 2.153622774944057572e-01 -8.869329771480980451e-01
2.937952606679710144e-01 -1.701135434331148000e-01 3.774822025171400419e-01
2.441020684674086449e-01 -1.619976299945968812e-01 3.950915945796346085e-01
2.121033469516702130e-01 -1.495270847805158787e-01 4.050145686020455993e-01
6.197136918288814744e-01 -3.547980815469826965e-02 5.447233572078291619e-01
2.537489388512360611e-01 -1.828731867181763171e-01 4.845192362581593470e-01
3.082575006631046444e-01 -1.984476499835794161e-01 5.162071926528022381e-01
3.645891993999763603e-01 -1.979213201102030251e-01 5.232291354987957943e-01
4.190632137668573454e-01 -1.826681571034060036e-01 5.082432247181137841e-01
4.514488125451341927e-01 -1.603794324821578576e-01 4.831584179399542878e-01
7.152412559147103277e-01 2.699557195823408251e-01 6.325162218285820259e-01
4.364695335038661916e-01 -1.376152219644472541e-01 3.935005170171650413e-01
2.218080701277790889e-01 -2.063511839335292475e-01 -3.609220238806940539e-01
1.739963575352689584e-01 -3.063236208048009668e-01 -1.889669944549676739e-01
1.095353674397878396e-01 -2.664122733646612229e-01 -3.398467247542070746e-01
4.321186384362563082e-01 1.220008415729666174e-01 -8.022221968841404260e-01
3.502597671351708186e-01 6.991296721210754628e-02 -8.960650783889642090e-01
1.490399627994492548e-01 -4.176728970947679587e-02 -1.056971878781332475e+00
5.899828041148805768e-01 3.899157786905433354e-01 -6.152883715910330009e-01
2.142600516353272144e-01 -1.626463341944309748e-01 4.414277085916863408e-01
1.230281721832875985e-01 -3.349732292967178005e-01 1.807338609929203255e-01
2.531235669554145473e-01 8.810188412135588898e-02 -1.046845432808581888e+00
6.925256944535618242e-01 2.940041336105694847e-01 -1.836589982714863512e-01
9.847995396542738589e-02 -1.598735956131677738e-01 -6.026632550777148989e-01
1.097784919595064246e-01 -1.671139557618797622e-01 -6.315383223556269021e-01
1.183413131515528988e-01 -1.752417202865536594e-01 -6.671881500190086633e-01
1.266186660041760392e-01 -1.636104236875976226e-01 -7.051596173726532024e-01
1.758298465791305332e-01 -1.131407311838500962e-01 -7.656455865568506658e-01
1.885904392815851705e-01 -1.075797030348219080e-01 -5.536844352464767027e-01
1.996704541712735204e-01 -1.079713231981082183e-01 -5.484341515690387414e-01
2.095418978055542669e-01 -1.094101895562789029e-01 -5.414888417025492950e-01
3.153944506564770878e-01 -1.124728041139083368e-01 -4.696852858893366678e-01
5.565922043363675797e-01 -2.030783488332693273e-02 -2.394243088795492969e-01
1.227290015326109318e-01 -2.883566088452876319e-01 2.857169862276967565e-01
1.540073531956621666e-01 -2.043907125435242556e-01 4.812041087904369574e-01
1.888840663035082357e-01 -1.778488336287264993e-01 4.743089383184653229e-01
1.778396029729463479e-01 -9.919765541255934349e-02 -5.587639452893062852e-01
5.639774183482700876e-01 9.832439895041336642e-02 -4.423111195049287958e-01
9.957612474193831831e-02 -2.841618153791714563e-01 4.765757499842235845e-01
2.131805208862569412e-01 -7.247115086049328581e-02 -8.354131784658729298e-01
7.992665654029799949e-02 -3.839344155599887509e-01 2.241520314808950198e-01
1.658964700220587063e-01 -3.165985888757851252e-01 3.125846052859136692e-02
1.160866477180887424e-01 -1.036796819229977434e-01 -8.867997244911600685e-01
3.506447402319431417e-01 -2.379801680611095746e-02 -6.661679546641661176e-01
2.907208086706853378e-01 -1.731320099277310343e-01 -1.978829240377492915e-01
2.896771684497819188e-01 -4.478612000470785781e-02 -7.621666827079217610e-01
4.244884009770194533e-01 -1.512516237548659492e-01 -1.789580684394684040e-01
3.425345240495896726e-01 -1.503607112965847648e-01 -2.868456578096380549e-01
4.738697155062461253e-01 -8.317414298587551269e-02 -3.184940142263957275e-01
1.382842260061543926e-01 -8.537243000912816959e-02 -9.824637671745657386e-01
2.027371106651383870e-01 -2.652324614573006722e-01 -1.477095284816596840e-02
4.093909822256015518e-01 4.060009522299269646e-02 -7.178313565226117632e-01
3.299836673929322228e-01 1.026521963680911316e-02 -8.209310159320457601e-01
4.010222944704248116e-01 -2.974104513437518527e-02 -5.547976276188981704e-01
6.231479439584635127e-01 1.393718081077626181e-01 -3.230752618699087031e-01
4.824185419861851676e-01 2.906011057704876652e-02 -5.534844257340063578e-01
6.581837300916741906e-01 2.925336678438155702e-01 -3.719086574248485766e-01
3.835490632684948609e-01 -1.048858438850251151e-01 -4.006141550871525903e-01
1.615509186019231658e-01 -2.827116946443487544e-01 1.243687025371735533e-01
1.619350296634703146e-01 -3.849903262812162108e-01 -1.706847978320815418e-01
1.997410443850701767e-01 -3.149107203004665179e-01 -1.827641255667308839e-01
1.367589173869651897e-01 -4.376724099914010013e-01 -1.158660568734898727e-01
2.048272010194914783e-01 -2.360299482000173810e-01 5.730188155890526547e-01
3.080220127700293298e-01 -2.576333164582984003e-01 6.397673766321292366e-01
3.977901659878059770e-01 -2.555951976084371857e-01 6.508320641666762718e-01
4.692360862664719523e-01 -2.283846497388253571e-01 6.293931278876574442e-01
5.156691151608134849e-01 -1.854543529169692673e-01 5.839576498009824146e-01
5.415987616344981603e-01 -6.770424256186617640e-02 4.212046743046999331e-01
7.223285033933337651e-01 2.403322927633669004e-01 2.085306330008480646e-01
4.953905166380919711e-01 -9.848132553117308619e-02 2.794862492107577090e-01
4.331375241403799814e-01 -1.318485949198964502e-01 2.482283674286052677e-01
3.517997292520533836e-01 -1.557960479115848562e-01 2.500556235739161970e-01
2.744682352862158337e-01 -1.693919558506433998e-01 2.743487225838600052e-01
2.154734216461873242e-01 -1.742435115803506185e-01 3.064539049220892930e-01
1.748248046647257470e-01 -1.808869942717039048e-01 3.359630551263974585e-01
7.269840797962960899e-01 4.699022596269135654e-01 2.428266543723605064e-01
1.990478214715771244e-01 -2.809513794853812918e-01 -2.013157309472548562e-01
1.238933466443826875e-01 -3.727490713803324196e-01 8.661622990921799548e-02
1.192318544800614055e-01 -4.331344345128247397e-01 -1.837676026135428020e-01
8.670178935165002987e-02 -4.011420854558835902e-01 -2.221375380140402089e-01
1.191698028790228181e-01 -4.002769067662669822e-01 -1.936892274182706042e-01
1.832861570479208668e-01 -2.565807708710712287e-01 -2.240959057658949427e-01
7.391168778828341446e-02 -4.161831143732657168e-01 -2.328481436797616433e-01
7.189195842718031082e-02 -3.386215305854270441e-01 -2.414281838940126046e-01
1.746533302706745616e-01 -1.588559472862647315e-01 4.103087563100467072e-01
1.430580381223184872e-01 -1.940548326073771312e-01 3.850209923102272391e-01
1.238841460193467747e-01 -2.360911353632462739e-01 3.641374183579926815e-01
4.693231614628899373e-01 -1.373285292856329665e-01 4.644747477133819302e-01
5.071748936693495358e-01 -1.411604092086670148e-01 5.060820441247352308e-01
-3.255536534388995262e-01 -1.546616048311797165e-01 4.837485991810318575e-01
-2.611899894501119035e-01 -1.606594501977108014e-01 4.820089987616240079e-01
-3.247562058009852426e-01 -1.629812549861784921e-01 5.703656307873856690e-01
-3.907865058869596786e-01 -1.486113219154244769e-01 4.861264746289153393e-01
-3.269304397800538720e-01 -1.463444803379554682e-01 3.980942061748510286e-01
3.525975978335967320e-01 -1.610518598622315278e-01 4.535331264923799788e-01
4.156064848195512029e-01 -1.667610581688132865e-01 4.501698309007281518e-01
3.516886602687769869e-01 -1.695132778180284128e-01 5.377773923455925198e-01
2.890880886030426922e-01 -1.553677678363850068e-01 4.575785307053653050e-01
3.537441881444414182e-01 -1.526067985731651699e-01 3.692308464161829784e-01
