-1.544969862638525399e-02 -3.031308863125496411e-01 -5.093289437460739588e-01
2.394121123193704292e-02 -5.059061739001047275e-01 -2.196358103280788288e-01
2.704684007503020682e-02 -3.174058639493777534e-01 -2.852259170556924461e-01
-3.565859413493556451e-02 -4.588665925099335574e-01 1.401575482714675913e-01
2.372524977679573571e-02 -5.422986525592782270e-01 -1.188360344131775825e-01
2.261551934207633660e-02 -5.324401755873592323e-01 2.446874348935140775e-02
2.500005777152231046e-02 -3.913951981100047828e-01 3.893610608190012368e-01
-4.693979406158677037e-01 -1.237977653300047221e-01 4.908558502539386303e-01
2.549685544892162092e-02 -3.746047115241901704e-01 6.666792924682085619e-01
2.444741730533690760e-02 -4.042512362816108595e-01 8.004610127821110144e-01
2.295802873550824991e-02 -3.918242487898058179e-01 1.270993050739582797e+00
-1.431668755733874615e-02 -2.914830300017258735e-01 -5.381901009115013235e-01
-1.267984915408634436e-02 -2.672184229708283176e-01 -5.662733453559618546e-01
-1.024973051141805230e-02 -2.305873420555312192e-01 -5.859252415955760185e-01
-1.848932793726917184e-02 -2.067748476941840829e-01 -6.852112062410991022e-01
-1.959159304560689069e-02 -2.102301922603904694e-01 -7.287221918633389750e-01
-2.149720547644796975e-02 -2.203943100426711266e-01 -7.761091836999889360e-01
-2.123708364495799361e-02 -2.084860319517376492e-01 -8.206507658811283967e-01
1.184557431602392685e-02 -1.410707499687483546e-01 -8.871630149747429250e-01
2.280086208381465473e-02 -4.635009190300580784e-01 -2.629753382312866039e-01
-4.394393004608811160e-02 -3.666523536631036695e-01 -2.419953449286064151e-01
-7.282643000774219333e-01 1.505659550931987001e-01 9.332186151779775507e-01
-2.788675578441618397e-01 -1.863582020499451875e-01 3.843046587549339144e-01
-3.502824346823779633e-01 -1.787394429462033085e-01 3.777452907207776156e-01
-4.167809694313268087e-01 -1.590219980227958185e-01 3.896699484132044589e-01
-4.980511809722171224e-01 -1.092584037043653478e-01 4.645060418127973101e-01
-2.159370370907173764e-01 -1.815791051163390124e-01 4.090619012248799535e-01
-3.796397397413914243e-01 -2.425089823199819139e-01 6.871183674515206619e-01
-2.980799811823808820e-01 -2.417801395150437349e-01 6.718210948412544070e-01
-4.517865689218192315e-01 -2.165572424829106946e-01 6.716456660732095241e-01
-4.975077647846937179e-01 -1.832755377248779238e-01 6.332043196780261507e-01
-5.579944838289052633e-01 -6.494195990442269695e-02 4.066016885252472512e-01
-2.480357639764738664e-01 -2.885172719301465349e-02 -9.883871065278848622e-01
-4.922366081265339144e-01 -1.058012261130352738e-01 5.284516723152887785e-01
-7.513326150987292840e-01 2.330607351443664266e-01 5.066240859739172819e-01
-6.342359516910839323e-01 -4.261410992484979815e-03 4.949598032825830440e-01
-3.262925182771464483e-01 -1.953255838351916629e-01 -4.882664163996658369e-02
-9.369394265397429367e-02 -2.905621259294494663e-01 -4.878895976320206662e-01
-8.146672551534060724e-02 -2.531878836115626918e-01 -5.568351694045541311e-01
-1.602207364559368741e-01 -2.418962273157653775e-01 -5.091824891185634527e-01
-1.976385938502149830e-01 -1.896437093176347455e-01 -5.413385919095200505e-01
-1.358505296878814994e-01 -2.199130586657824238e-01 -5.586145611001996913e-01
-1.726590905084821881e-01 -1.693777886552115253e-01 -5.738819071018443907e-01
-3.084930925115817457e-01 -6.296160272299755611e-02 -6.770432764793788971e-01
-3.537558011976586758e-02 -4.984175831868772333e-01 -2.123720923025111396e-01
-4.582680556827409268e-02 -5.321567494478720572e-01 -1.141841458187480840e-01
-5.903083369275669012e-01 -1.733615800616053471e-01 7.337072831067341649e-01
-1.832520852674414391e-01 -2.399299321053371958e-01 1.968284157680527113e-01
-1.965152764300488464e-01 -3.315196483088107549e-01 -1.465654482236082579e-01
-2.020042152592535500e-01 -3.181924682674086569e-01 -8.704468772173096225e-02
-5.311879158293619785e-01 -1.076354484220427010e-01 -8.252518506729589198e-03
-4.136812487640026403e-02 -5.096566287163623032e-01 1.994579207922514419e-02
-4.312646048758278505e-01 -3.027063507379010310e-01 8.266781434424830266e-01
-5.253180914161242887e-01 -2.449336685579756034e-01 7.995672268510751746e-01
-6.587306605577047947e-01 -4.288345744235505519e-03 1.083969982025743573e+00
-1.249752979975239653e-01 -3.550651321328271437e-01 7.074482720012709169e-01
-2.258397676878340365e-01 -2.181576394876552638e-01 6.230472950574277302e-01
-3.496589182725416967e-01 -6.212244129474742138e-02 -5.728600215749246605e-01
-6.649369041719643825e-01 5.321312274448199986e-01 -4.010527662420839690e-01
-1.440060903978702400e-01 -2.974748888851971862e-01 -2.038584352225836227e-01
-8.897437196451357666e-02 -2.976274539578572798e-01 -2.357402251694655781e-01
-2.488838631508448196e-01 -7.416922915366430669e-02 -5.960756047191341223e-01
-2.363906480312690794e-01 -9.114309486987909326e-02 -6.025410098966125227e-01
-5.599424943688563472e-01 -2.205524741678233092e-01 8.706792087495973664e-01
-2.007234132222826539e-01 -2.874057154807133641e-01 -1.836721256789992096e-01
-3.017271083525174813e-01 -3.410819357975325428e-01 8.059798849990695846e-01
-3.124088598665752947e-01 -3.648807956862856750e-01 8.853709719367479636e-01
-3.783638475001155355e-01 -2.934594379177521417e-01 1.258558305770579588e+00
-6.082518072024256650e-01 -1.283273137144193277e-01 9.639827403634670944e-01
-3.371171121139576732e-01 -3.328062132978273913e-01 1.062876499891729498e+00
-6.281916658708169843e-01 -1.209802463384535010e-01 7.918627167052438853e-01
-6.773575743933085702e-01 7.946428457060061845e-03 8.441199159303784949e-01
-8.936330164424161060e-02 -2.791856074686144829e-01 -5.263047182857422124e-01
-1.483061117344769142e-01 -2.336153929535247364e-01 -5.351440841246846158e-01
-1.861998303272965893e-01 -1.848848106749587661e-01 -5.572254600196533403e-01
-1.278494033185212653e-01 -2.796666581471530244e-01 -2.205355410423103790e-01
-2.421821423350094538e-01 -8.297974233024139890e-02 -5.994941708662039348e-01
-2.283530516055358728e-01 -1.181263442915798378e-01 -6.370085150927270456e-01
-2.292875555129721410e-01 -9.282437292459622125e-02 -6.047046830699733810e-01
-1.122835825048368874e-01 -3.992670010154734106e-01 -1.885765588733839815e-01
-1.626465604311866375e-01 -1.553748344423802885e-01 -5.864963338950626159e-01
-1.241605806988073935e-01 -1.900679956781269886e-01 -5.766011370214345622e-01
-7.334614948349318930e-02 -2.203384469925966371e-01 -5.770562344997328674e-01
-8.434335625557508320e-02 -1.358499268106239666e-01 -8.779635964035121809e-01
-1.040762971838658513e-01 -2.048866574588995570e-01 -8.052445517400632635e-01
-1.007642168118067505e-01 -2.166487800681001774e-01 -7.594463045676942414e-01
-9.263625018225843388e-02 -2.052385394057593127e-01 -7.113099982329038617e-01
-8.300317393718431580e-02 -2.015907014770241257e-01 -6.704553635862603445e-01
-1.769266544511359784e-01 -1.502044769034180938e-01 -6.357369081560084734e-01
-1.926424727246028867e-01 -1.569639203416386963e-01 -6.536667903403496904e-01
-2.088640904336716009e-01 -1.637863922271023398e-01 -6.762187489674482688e-01
-2.206226699844121564e-01 -1.484652032677848954e-01 -7.011605074812674587e-01
-2.705951662174630457e-01 -1.763168120448243281e-01 -4.138311979950961561e-01
-7.437429874494444482e-01 5.650140514660284552e-01 1.154769396559194861e-01
2.687784534362701316e-02 -3.685083640512479830e-01 -2.706327709435026874e-01
-2.013471153349730702e-01 -1.167521081490823787e-01 -6.204795236312036222e-01
-2.149478035097067141e-01 -1.209103058789676721e-01 -6.285490213398968740e-01
-6.591029206019978492e-02 -2.979703699426033414e-01 -2.744078756457684065e-01
-1.756164629738749539e-01 -2.296351347080893834e-01 -2.363550994982814291e-01
-7.707905321751429284e-02 -2.989752726945344996e-01 -2.556048923086579050e-01
-2.557273306819082825e-01 -2.080430675722846900e-01 1.465870358286981978e-01
-3.696906606729138955e-01 -1.773630635530362709e-01 8.911486587727851516e-02
-2.134382293037146994e-01 -2.735717212796417996e-01 -1.246159887319300275e-01
-5.483039873336981174e-01 -1.600923989482500032e-01 1.195959196226548116e+00
-5.000029229568964118e-01 -2.388074873455159342e-01 1.042019509256634668e+00
-4.532147302935829458e-01 -3.008415121370233702e-01 9.071513493513410076e-01
-2.578376554542338162e-01 -9.066664146969455329e-02 -7.586673307253253284e-01
-1.446259042355367563e-01 -3.972110475025686371e-01 8.413331634887111221e-01
-1.681999773113868057e-01 -3.849281788803976534e-01 1.049758394695047725e+00
-1.947037582104189646e-01 -3.696634931367348553e-01 1.278792032077302743e+00
-4.702181383527043179e-01 -1.313816976162833494e-01 4.177589804992456468e-01
-6.359033183091084007e-01 -1.572392719970716612e-02 3.410930319358032592e-01
-1.740747442522908028e-01 -1.764668621788409442e-01 4.333386832037349201e-01
-5.611908262902975952e-01 -1.207123411027149484e-01 5.984034915788660758e-01
-1.347265941294209513e-01 -2.733903206946969311e-01 2.557945281257479331e-01
-1.557815819620479714e-01 -4.044696894580673829e-01 -1.222116826133515799e-01
-6.980052292090921373e-01 6.776298269897440552e-02 2.844252174471109673e-01
-5.923093732610240636e-01 -6.944882503272636898e-02 2.567506630326329975e-01
-5.058120622953438117e-01 -1.291531844989241562e-01 2.045322601280508690e-01
-3.717295351651939139e-01 -1.637331106520117929e-01 2.091420718471478923e-01
-2.720827230719359835e-01 -1.857844760569979381e-01 2.453539563280729419e-01
-1.975144034879972033e-01 -2.104526643715090573e-01 2.869756695819382641e-01
-4.118762962898279978e-02 -3.616159124769910416e-01 3.727837099674451982e-01
-6.848434416935722524e-01 7.498783336138681310e-02 6.998267753527781521e-02
-6.171346095738328152e-01 -8.950606055019966201e-02 6.243887263634582130e-01
-1.405234950557961507e-02 -4.593788047053504187e-01 -2.570994192129417710e-01
-1.780468507994799332e-01 -2.556757450951394062e-01 8.824757576830305483e-02
-7.703352265009151267e-01 4.541133538336544762e-01 5.537542057439930332e-01
-1.394230264695088539e-01 -2.279004089410285872e-01 3.347485519342279781e-01
-2.177101116100553790e-01 -2.054641155535538721e-01 -1.188934254575712557e-01
-5.200854930201559423e-01 -9.228416578102466294e-02 5.287671815745609294e-01
-1.595169381608238512e-01 -3.872720826132227678e-01 -5.006398156840335956e-02
-7.130087792857231488e-01 5.664410999507679678e-01 -1.337715674534470933e-01
-1.701314745718170152e-01 -1.649498889531197943e-01 4.685193611178790629e-01
-1.032324887029905658e-01 -4.629380896879753404e-01 -4.847970950573821103e-03
-5.326122148285122870e-01 2.028207470153045588e-01 -7.069136279820559254e-01
-5.258778735892977174e-01 3.391920572386103450e-01 -7.989886632490921237e-01
-7.390499428683861005e-01 3.219638697980096165e-01 8.780964578971778289e-02
-6.127267913906830898e-01 2.712959565765014069e-01 -5.541507029751979729e-01
-7.171720896432615122e-01 1.379120041123990670e-01 6.928428736235336949e-01
-2.577392272183520738e-01 2.352982954803878313e-02 -1.067770457123229155e+00
-1.976404168516693836e-03 -3.632546501240374592e-01 -2.650211943576979978e-01
-2.409877148558552395e-01 -2.193428969004013185e-01 2.203195683334330246e-02
-6.939528802342609382e-01 6.637876251660962401e-02 4.909051697299617878e-01
-4.054831367534594833e-01 -1.599567903911539024e-01 4.414974687589696689e-01
-3.467841725177139844e-01 -1.766782452494966571e-01 4.289594039416286808e-01
-2.393966555777890526e-01 -1.048503696607869240e-01 -6.463654096655568893e-01
-6.680846723879474425e-01 1.238867085126602596e-01 -1.287074851444360846e-01
-1.259931804750272222e-01 5.585607052447960630e-02 -1.195099916515979244e+00
-3.341716863645121105e-01 1.818145388713210964e-01 -1.046655655484298730e+00
-4.234274580595720483e-01 2.520527830543841663e-01 -9.469259791911266433e-01
2.355765185499845982e-02 -4.026839640318219393e-01 1.031458866036387034e+00
2.073821190588156366e-02 3.455513615210881184e-02 -1.216600501039899473e+00
-2.866459835039053550e-01 -1.813619939507057910e-01 4.353532109345816803e-01
-2.276684538264107660e-01 -1.756270907231669010e-01 4.516990496512989228e-01
-1.885414899996010196e-01 -1.643228098469534659e-01 4.609687315079207259e-01
-6.653067099837123299e-01 -2.294688535713651500e-02 6.635770747995961560e-01
-2.409838361172561561e-01 -1.978366170134748803e-01 5.518029198192715423e-01
-3.060381708285042635e-01 -2.111882826945063463e-01 5.884710124634906503e-01
-3.682256431014663267e-01 -2.078401620821956897e-01 5.974176585984662946e-01
-4.267977382164528377e-01 -1.885597544395864467e-01 5.844293585004836089e-01
-4.615253778066652490e-01 -1.632983318772332493e-01 5.610140850245695088e-01
-7.616854757651640995e-01 3.151125444933686737e-01 7.677348023090113660e-01
-4.438798993985221264e-01 -1.403107338971518181e-01 4.647088055247792227e-01
2.556494622181287868e-02 -2.983205983427359431e-01 -3.584108857688758087e-01
-2.049015007805916055e-01 -2.188589656183924093e-01 -3.705984780019778713e-01
-1.435641281845201345e-01 -3.254535006713850653e-01 -1.916227981005896863e-01
-7.316830154961027899e-02 -2.891697941325390153e-01 -3.583549207902143041e-01
2.535477619024914531e-02 -3.572552283325133859e-01 5.316323178037027919e-01
-4.425104104335372268e-01 1.515401188003788202e-01 -8.486108274565475895e-01
-3.555630132439939750e-01 9.271507864061229176e-02 -9.604288314718796293e-01
-1.343194927590746213e-01 -3.861190327882391138e-02 -1.145656335432671646e+00
-6.006956316278094787e-01 4.453829515206203515e-01 -6.263535038265488630e-01
-1.927844045113411009e-01 -1.790611982240827849e-01 5.003302310252437657e-01
-8.819363719531243817e-02 -3.630576248848729759e-01 2.069298115618368183e-01
1.524957380166320695e-02 -5.764656589450634083e-02 -1.165488139384882160e+00
-2.386972787981486710e-01 1.065800893194722709e-01 -1.134417460283393408e+00
-7.142151488199577347e-01 3.402262149372734523e-01 -1.358929532960221898e-01
-1.368345728494481106e-01 -1.787281373201324297e-01 -6.509700588701506918e-01
-1.522399646985861388e-01 -1.852062307969789545e-01 -6.817797582741574880e-01
-1.645424286195911745e-01 -1.936193783645318578e-01 -7.210201768606904205e-01
-1.721037624303058677e-01 -1.804278160800346642e-01 -7.632935681739057010e-01
-1.823246607419295451e-01 -1.216173763929795648e-01 -8.307160499101051698e-01
-2.013001974109338565e-01 -1.290876062642408728e-01 -5.937627619009290258e-01
-2.127265927117723554e-01 -1.317679525364653104e-01 -5.864256358964180516e-01
-2.225359305488875394e-01 -1.342188914005248146e-01 -5.778658999829949794e-01
-3.187259309792251916e-01 -1.242603602871891755e-01 -4.860332174952453066e-01
-5.826184839821613171e-01 -6.205321169710842355e-03 -2.088727575807983183e-01
-8.673037896732224694e-02 -3.131601568038253069e-01 3.219125064726425234e-01
-1.216313179795827648e-01 -2.204515287683339597e-01 5.389685660279697199e-01
-1.647106837068590401e-01 -1.950287048555002234e-01 5.331627004938832570e-01
-1.897125305940318141e-01 -1.210626909957592812e-01 -6.005260130592711132e-01
-5.871828919160104743e-01 1.257236713726949673e-01 -4.333326435545361566e-01
-6.473522254005110999e-02 -3.090568768816512324e-01 5.290594091549016831e-01
-2.185141208127953649e-01 -7.123645920953702859e-02 -9.033864696341007416e-01
2.340181698538713190e-02 -4.838757497694773368e-01 1.488957169962617511e-01
-3.982616783173575925e-02 -4.163137860049612726e-01 2.497767237635020732e-01
2.440603795636903106e-02 -4.354014023366131747e-01 2.646426686327876809e-01
-1.377564617847812367e-01 -3.401737217898700982e-01 4.863852802622903315e-02
1.330441342348921696e-02 -1.078685222658600784e-01 -1.083140314153750561e+00
1.287726114698135166e-02 -1.232417814667587930e-01 -9.757377467251950875e-01
-1.053489666589795259e-01 -1.067495726751717389e-01 -9.635906678503953771e-01
-3.734932738623596427e-01 -1.486822036319057627e-02 -6.975731966678562213e-01
-2.794875668445273575e-01 -1.781998563993220097e-01 -1.896208594851914175e-01
-3.070978003679710744e-01 -3.816890835715303076e-02 -8.152840431839876167e-01
-4.370954127792758825e-01 -1.511057707638790992e-01 -1.543186756027492557e-01
-3.455124926048545042e-01 -1.527939876476216985e-01 -2.799924369473163477e-01
-4.954185485205542250e-01 -7.515517556465831084e-02 -3.020131530497086048e-01
-1.269518996719167236e-01 -8.680423104048340388e-02 -1.065706852831890705e+00
-1.790125094167739628e-01 -2.830659241429625550e-01 9.620253684797241966e-04
-4.272063673008119622e-01 6.056987788095552494e-02 -7.570216290187858910e-01
-3.407914335655576332e-01 2.609209519987559789e-02 -8.804405428256854016e-01
-4.220832880331693016e-01 -2.484764102804520869e-02 -5.672366185544612804e-01
-6.478552667014358946e-01 1.704329196615048114e-01 -2.968721387094377939e-01
-5.079457566713788674e-01 4.902645415115614025e-02 -5.620249805431918322e-01
-6.778710735590637304e-01 3.370709362370152284e-01 -3.478607270537725782e-01
-3.999467218567034354e-01 -1.056264808838237312e-01 -3.980134937544124174e-01
-1.318346917330903700e-01 -3.064456184072472666e-01 1.494909151623818322e-01
-1.339431543963542914e-01 -4.144797563981628130e-01 -1.723669486215799462e-01
-1.745458555152124003e-01 -3.340678875465952768e-01 -1.827766795844541214e-01
-1.048914759363622218e-01 -4.713320073360449669e-01 -1.145368536427727180e-01
-1.789254587391014839e-01 -2.532445124628857069e-01 6.396747057434348793e-01
-2.961853892195914773e-01 -2.704696468955936073e-01 7.168329561657247329e-01
-3.972304902935208659e-01 -2.651604884187544475e-01 7.345072722374226259e-01
-4.793244346241481990e-01 -2.339274777443917097e-01 7.163514869742910740e-01
-5.346188155970904576e-01 -1.863908685573026358e-01 6.723687685683070736e-01
-5.689381565773060645e-01 -5.972720043281287694e-02 5.118596817285911982e-01
-7.556091780769658151e-01 2.795173529384104016e-01 3.007532102130177631e-01
-5.223438681119740856e-01 -9.550925732985174332e-02 3.550531479011021507e-01
-4.544486601476521725e-01 -1.334735324381268462e-01 3.141859951513094606e-01
-3.624504795492283771e-01 -1.628783479534823275e-01 3.057513962460512436e-01
-2.732787493032397541e-01 -1.807013318419856129e-01 3.241540240534089290e-01
-2.025062582350536933e-01 -1.865384897478658544e-01 3.547318083627151730e-01
-1.534128019310347646e-01 -1.955315988625541679e-01 3.831241769044799739e-01
-7.600336895654784541e-01 5.308827883929029268e-01 3.413362959465052193e-01
-1.741273095307959984e-01 -2.964908905526916771e-01 -2.036694398866567557e-01
-8.895974534957572233e-02 -4.044848443607793609e-01 1.043325842273353232e-01
-8.651972418302796008e-02 -4.667813658940775934e-01 -1.904262047991627238e-01
-5.132630864121585923e-02 -4.316074231468406408e-01 -2.349548866840543426e-01
-8.671854635969727942e-02 -4.311780558057337620e-01 -2.008264603103329105e-01
-1.553034440144112072e-01 -2.688626629249942779e-01 -2.302110923804800979e-01
-3.703470646401554878e-02 -4.490923072995853804e-01 -2.480110104752308864e-01
-2.659906044280299642e-02 -3.639994797208790933e-01 -2.574379666277533119e-01
-1.473109405732510313e-01 -1.733406970639159161e-01 4.636970902939929751e-01
-1.146399250023912852e-01 -2.105631675066180208e-01 4.339294596254104075e-01
-9.579617760727515696e-02 -2.555310370500218919e-01 4.076083055348986850e-01
-4.795249506803322959e-01 -1.377621244158161451e-01 5.431758336775573959e-01
-5.235654907448344941e-01 -1.387421523685108959e-01 5.887349098709877548e-01
8.260294285032873662e-02 -4.584484088446041383e-01 1.350149508978696899e-01
5.017907432293050585e-01 -1.344483232754135893e-01 4.541718511783467971e-01
9.421029782125225904e-02 -3.708499784920390452e-01 -2.481641603308747390e-01
7.382595312254325304e-01 1.293341000536518681e-01 8.555838306306222663e-01
3.062045801705937098e-01 -1.892088948944090077e-01 3.665946194499459243e-01
3.739016942446077296e-01 -1.841442115112099098e-01 3.561706734645365136e-01
4.383091142750816793e-01 -1.669820206593120027e-01 3.597071309431494890e-01
5.236369773701538000e-01 -1.196689708362022597e-01 4.222032143635514601e-01
2.502081802431936897e-01 -1.839577702026848338e-01 3.927272979352973703e-01
4.100993266659053171e-01 -2.512466838626159493e-01 6.584776344208562726e-01
3.301668053281053838e-01 -2.487671715726946786e-01 6.458518040429654938e-01
4.822046517067246629e-01 -2.289637397606819613e-01 6.393004728532816205e-01
5.267158120545789579e-01 -1.981397477996846290e-01 5.951316816971059520e-01
5.738410130943977228e-01 -7.829532764796176547e-02 3.541980401762201969e-01
2.682004695455982302e-01 -3.978162509271002123e-02 -9.992411128805667175e-01
5.261170133716158714e-01 -1.171200504011392363e-01 4.887326124390700688e-01
7.752554309627956997e-01 2.134117655049186379e-01 4.317988888433585970e-01
6.454370286617883146e-01 -2.086097204742215494e-02 4.328754339106544169e-01
3.601809101232256172e-01 -2.044030432399202013e-01 -8.038380297546604547e-02
6.367606994196435555e-02 -2.918120013729681439e-01 -4.965116046789266324e-01
5.729906890432462374e-02 -2.513381139117667473e-01 -5.670847785345360936e-01
1.377901080019098279e-01 -2.384021509453015941e-01 -5.262527441815536555e-01
1.846619587848820077e-01 -1.803251062723876530e-01 -5.587803267077596781e-01
1.167414409428628175e-01 -2.134172549382978845e-01 -5.731843929738174026e-01
1.621559182615781580e-01 -1.603352105772722913e-01 -5.867818572098852936e-01
2.988272615430898616e-01 -6.860853374290948326e-02 -7.096929677769275857e-01
8.112169022111634376e-02 -5.018926972476408510e-01 -2.177959367537926627e-01
8.995032936301473880e-02 -5.360096625215721167e-01 -1.205997639547093936e-01
6.085323856604096804e-01 -1.894544828750732712e-01 6.854616506302659840e-01
2.241083936999322956e-01 -2.420558081773327430e-01 1.781311519915632080e-01
2.390442049619578846e-01 -3.389343953348361027e-01 -1.641318439719129385e-01
2.430859324121021903e-01 -3.255702218664682790e-01 -1.052476034998185983e-01
5.561255537316150965e-01 -1.198748549356795645e-01 -5.875471868157416955e-02
8.647785999173519811e-02 -5.103875336354923853e-01 1.456322918733615746e-02
4.648824997110834190e-01 -3.181456942804208876e-01 7.902809769241403437e-01
5.518529185899345713e-01 -2.615293671825835720e-01 7.589596816114152489e-01
6.731400598912973265e-01 -2.506615552028179650e-02 1.011156664445704179e+00
1.736030438138858045e-01 -3.589277011380606619e-01 6.877398283699709403e-01
2.624218698440219932e-01 -2.216166887507017846e-01 5.981601756056396102e-01
3.500135114926917757e-01 -6.467899907670432436e-02 -6.139868816578012423e-01
7.095003047460135548e-01 5.110148091334865139e-01 -4.560838512378886378e-01
1.903109566144784992e-01 -3.052408500302366545e-01 -2.171134900451781036e-01
1.391881505522763740e-01 -3.071086395807636205e-01 -2.455503618157547363e-01
2.400461745857542795e-01 -6.299859545015817908e-02 -6.323355132137007395e-01
2.235037870226085355e-01 -8.293727582181824320e-02 -6.355770870934854821e-01
5.837207003837191488e-01 -2.377963312881148372e-01 8.209456802499441874e-01
2.415220806533141529e-01 -2.960241439906812766e-01 -2.012782255986833024e-01
3.440884982893271937e-01 -3.543376640706835667e-01 7.749425966502336838e-01
3.548689694288259533e-01 -3.788571183076072657e-01 8.485471590353566018e-01
4.091696732170413409e-01 -3.074297705883258236e-01 1.211798066210756364e+00
6.291368342740771835e-01 -1.456975980738572929e-01 9.030060415780176708e-01
3.734717925335528932e-01 -3.445818345607615241e-01 1.024482944979854260e+00
6.450537372778647471e-01 -1.372248350562781938e-01 7.304570148348121794e-01
6.963785156994223291e-01 -9.598913183178653385e-03 7.770605337160507720e-01
6.111408533023915401e-02 -2.789110259787035973e-01 -5.359770270495978206e-01
1.271358351481296500e-01 -2.286261163051749312e-01 -5.515401134470332423e-01
1.736220533217078810e-01 -1.760000774285861436e-01 -5.725945722379734981e-01
1.756334939490181990e-01 -2.884638575169922725e-01 -2.324793779886248357e-01
2.313075558751962468e-01 -7.396296506946761773e-02 -6.343873720924348980e-01
2.055283018387716876e-01 -1.120952452048561143e-01 -6.667281132639337748e-01
2.156097145345126087e-01 -8.457451162803310274e-02 -6.355515933848808752e-01
1.563494162001612120e-01 -4.017009195846404923e-01 -2.001880817468535412e-01
1.533310472077257236e-01 -1.463914932678967162e-01 -5.968546905498219868e-01
1.089404423056556381e-01 -1.820648616051719348e-01 -5.875007867936634653e-01
5.406544591583764547e-02 -2.159042701207386505e-01 -5.863396101483353551e-01
1.022530418144892705e-01 -1.381742298257690460e-01 -8.846964759968476422e-01
6.320998551685344524e-02 -2.030279007274445879e-01 -8.146020134111406907e-01
5.895146854871768927e-02 -2.132558401011139804e-01 -7.691954856447971167e-01
5.490266964036541464e-02 -2.010781016422574785e-01 -7.220279960554879528e-01
4.806026948107237906e-02 -1.967913725879449904e-01 -6.813693618505598515e-01
1.503663940949651334e-01 -1.432162316351143216e-01 -6.602192749110564751e-01
1.637826179898371204e-01 -1.522925036446357572e-01 -6.792685065829456859e-01
1.772657972048841957e-01 -1.603140149221287114e-01 -7.027788269924193365e-01
1.904765059364197377e-01 -1.455675998318878839e-01 -7.271214302375641481e-01
2.956806300138089538e-01 -1.819935058040127174e-01 -4.426730147058364206e-01
7.825106033293365293e-01 5.423639855739931237e-01 4.261293513625058482e-02
1.813306147445316041e-01 -1.073000297706896145e-01 -6.467667991251079274e-01
1.931183617700307220e-01 -1.137461855675180322e-01 -6.568864531859509581e-01
1.177358504136296613e-01 -3.033395536162791783e-01 -2.820309541118537489e-01
2.210511949079591032e-01 -2.407330310098373394e-01 -2.521135852137958988e-01
1.282009674235890240e-01 -3.068354631143521138e-01 -2.647128230736612853e-01
2.933401298823634651e-01 -2.115124928702333262e-01 1.212126760666551450e-01
4.025355572739475196e-01 -1.851495085457482981e-01 5.262986460655694199e-02
2.547882340593242700e-01 -2.817554014760512149e-01 -1.438477179838637543e-01
5.699856451228502152e-01 -1.799708524384824315e-01 1.132056961441119114e+00
5.275307726760075644e-01 -2.554296334029343418e-01 9.890178064814330039e-01
4.868135751215418860e-01 -3.169524829986489212e-01 8.639245082242341667e-01
2.575177726652002619e-01 -9.390418099441977251e-02 -7.760726322665920662e-01
1.957084497034883297e-01 -4.033288165984041385e-01 8.112152983445697352e-01
2.098852229170514172e-01 -3.918160657969806948e-01 1.028629300176259198e+00
2.327775544946640851e-01 -3.791906898271260040e-01 1.252590481835269554e+00
4.926464124072105211e-01 -1.412787492163794512e-01 3.801811535430152933e-01
6.434765145088006122e-01 -3.333290648517456267e-02 2.804594118043970963e-01
2.134810754541465183e-01 -1.760682522323489541e-01 4.179400576636760345e-01
5.843215939128454384e-01 -1.354643995451429994e-01 5.519774201700469174e-01
1.780677174311837141e-01 -2.741696034674084848e-01 2.416814433416346053e-01
1.983924058861497031e-01 -4.105661500405866082e-01 -1.379607747496361392e-01
7.232460306295263042e-01 4.938957500641333320e-02 2.161341490218862682e-01
5.994922734349344973e-01 -8.427736320816836546e-02 2.025011282501215093e-01
5.151534395846646408e-01 -1.412402891501018942e-01 1.597563635963217821e-01
3.885514117114852173e-01 -1.708041002160473609e-01 1.782840559932661884e-01
2.952573723692925034e-01 -1.899928910709877683e-01 2.246114197472746654e-01
2.259468830639134174e-01 -2.134320593271246680e-01 2.718857554721773595e-01
9.021825691409128545e-02 -3.620653879068833070e-01 3.664836386543158242e-01
7.126734729717254524e-01 5.865532954332636217e-02 4.941996518076086087e-03
6.315909465542696166e-01 -1.052606457083102853e-01 5.670696031938713411e-01
5.841501959303423142e-02 -4.601856757857888391e-01 -2.600091105938393543e-01
2.202709792146428924e-01 -2.581756166712093070e-01 7.067853246249788945e-02
7.952252066529552632e-01 4.339712353800382338e-01 4.747274821762648145e-01
1.747039509365916343e-01 -2.290535562899292943e-01 3.244584137063731277e-01
2.628821959224002525e-01 -2.137751558502917759e-01 -1.388357985384003346e-01
5.504141520594696413e-01 -1.039310789834546611e-01 4.849057459175010187e-01
2.005866426802054292e-01 -3.934386223462954524e-01 -6.559071947429434557e-02
7.569086373375777388e-01 5.428055398668307774e-01 -1.983154202896519891e-01
2.135022530395775942e-01 -1.628351090193949635e-01 4.526091523840691799e-01
1.447522660107405934e-01 -4.662661456018790673e-01 -1.570866666439091341e-02
5.614811005389032106e-01 1.828939484034619589e-01 -7.422295994648200335e-01
5.621511823282410170e-01 3.179353259008754762e-01 -8.303171530837372138e-01
7.782059563197245566e-01 3.021611104945467474e-01 1.812374904875091453e-02
6.453267219185071513e-01 2.508084027669083005e-01 -6.005851939566431152e-01
7.391929815829673123e-01 1.195891643408203975e-01 6.208832891880660121e-01
2.843286253998045243e-01 1.172665497753830333e-02 -1.077005167215630665e+00
5.629154013279281943e-02 -3.651841334212014289e-01 -2.677043763798218068e-01
2.796733535136264326e-01 -2.252098081681933039e-01 -1.564067491277687516e-03
6.980489591227490020e-01 4.921831240854296352e-02 4.166269238398268016e-01
4.357118978163654344e-01 -1.680896705681056424e-01 4.133121804268704569e-01
3.775263018184898955e-01 -1.823429383985969432e-01 4.063887738667590899e-01
2.177436253315405690e-01 -9.883849554905360657e-02 -6.775687067962128385e-01
6.982755952920305376e-01 1.070835992846285722e-01 -1.886087869325939192e-01
1.643626773879969249e-01 4.963413044791026296e-02 -1.197771761869259599e+00
3.713148865527649001e-01 1.670955024038092707e-01 -1.057824123729739219e+00
4.605673130067128307e-01 2.344476542322920798e-01 -9.655328610602946782e-01
3.198313580704020831e-01 -1.851889833031361565e-01 4.153812596621879738e-01
2.657343617055725193e-01 -1.763538386819418768e-01 4.332988211076815865e-01
2.308999176930081054e-01 -1.627781553893328792e-01 4.433954569368179222e-01
6.746326377825795362e-01 -3.862402369647505163e-02 5.924582138170466639e-01
2.762361364754370441e-01 -1.990793844997951201e-01 5.242914776726872450e-01
3.355752398738975906e-01 -2.160340546536507200e-01 5.565339834247500228e-01
3.968990463521365752e-01 -2.154610814960433718e-01 5.636788198167672626e-01
4.562005407155733661e-01 -1.988561851875000897e-01 5.484306443372399809e-01
4.914561470028555590e-01 -1.745922367185445689e-01 5.229068421720532989e-01
7.786258420475618003e-01 2.938791599857326631e-01 6.885697326394362161e-01
4.751494062208844182e-01 -1.498106648554500819e-01 4.316798997612076860e-01
2.406296171498312209e-01 -2.247500859265706419e-01 -3.918769497124022783e-01
1.894158918809105141e-01 -3.330314220567341943e-01 -2.054503821642084116e-01
1.203143885942766778e-01 -2.902365431230787274e-01 -3.666317486840158790e-01
4.704121961260298024e-01 1.328125385424127058e-01 -8.733149757886560227e-01
3.813015430877414458e-01 7.611126657691152930e-02 -9.757252080414908768e-01
1.622478647223007941e-01 -4.546870143626591254e-02 -1.150812905165191635e+00
6.422670027053212216e-01 4.244700606068305682e-01 -6.698151462466384043e-01
2.332477492623892257e-01 -1.770600309627404223e-01 4.804458314991206791e-01
1.339309126390880733e-01 -3.646585128691870459e-01 1.967504720098253723e-01
2.755553442043673362e-01 9.590946072630412989e-02 -1.139616737532578306e+00
7.538972305140307917e-01 3.200587381404615961e-01 -1.999348345697218865e-01
1.049818172165383201e-01 -1.724101405985591362e-01 -6.710791093691208520e-01
1.177448404444120245e-01 -1.801832046295737122e-01 -7.024034289705733958e-01
1.277224326242697716e-01 -1.889991832273133499e-01 -7.406281410407233867e-01
1.371109295035410625e-01 -1.764363286073592496e-01 -7.803967255351158538e-01
1.910487012030029907e-01 -1.220990006213381052e-01 -8.416211153281025759e-01
1.945757765930902217e-01 -1.186156314130125955e-01 -6.102323288448791017e-01
2.056311698640153063e-01 -1.192991287828784608e-01 -6.052321673871625674e-01
2.157657200942126874e-01 -1.210622522287136960e-01 -5.976859705387369548e-01
3.334657323620262570e-01 -1.248806162061828207e-01 -5.192356239437039278e-01
6.060411660986644300e-01 -2.239386858219438725e-02 -2.610359053324203815e-01
1.336052295246525912e-01 -3.139107336377067181e-01 3.112072191199724558e-01
1.676554646028248496e-01 -2.225037906368756979e-01 5.218858454378785261e-01
2.056229474442873295e-01 -1.936097738996431228e-01 5.140725103381924566e-01
1.836607952814378053e-01 -1.091869396778737400e-01 -6.156189449309257267e-01
6.138957191455025608e-01 1.062446533160514850e-01 -4.830926647382075556e-01
1.084005478345480278e-01 -3.093441981257230577e-01 5.185152363669738307e-01
2.320542932819059656e-01 -7.846485059994928735e-02 -9.134625646686291844e-01
8.700974634236816052e-02 -4.179586330267313077e-01 2.440163550622917454e-01
1.805981934004191602e-01 -3.446555142281579331e-01 3.402858139181919039e-02
1.262690712372529500e-01 -1.124445028559876159e-01 -9.693048915792317199e-01
3.726099533364561900e-01 -2.663140959222765058e-02 -7.325799856291015377e-01
3.164844485410295283e-01 -1.884749459019480211e-01 -2.154192827686932099e-01
3.140019368084591145e-01 -4.839470359548850298e-02 -8.333649378895648940e-01
4.621110505877337182e-01 -1.646660270786376445e-01 -1.948317552871614566e-01
3.727369052929999649e-01 -1.642245165478300462e-01 -3.134172969118169672e-01
5.158559723555765641e-01 -9.209231232742770556e-02 -3.495953722865761670e-01
1.505310905914116482e-01 -9.291365133450338321e-02 -1.072346371416915689e+00
2.207036467772726107e-01 -2.887373273461793510e-01 -1.607995136419970716e-02
4.433423287707534133e-01 4.418085462616044845e-02 -7.834430263894325286e-01
3.589150867628337904e-01 1.128477835572880283e-02 -8.969288552130598724e-01
4.264125911474000441e-01 -3.490139082448839858e-02 -6.142376944093093094e-01
6.783724213442102746e-01 1.517201658555542565e-01 -3.517099344224545177e-01
5.217722110333816721e-01 2.996714627172658574e-02 -6.069962467999096001e-01
7.165118857821395348e-01 3.184579662211852735e-01 -4.048671537855639269e-01
4.136659223022308707e-01 -1.164437118465491694e-01 -4.425391109465470763e-01
1.758675397843370569e-01 -3.077655678818930207e-01 1.353902437820913573e-01
1.762856907176951760e-01 -4.189912312933223859e-01 -1.857439705218262849e-01
2.174420694970792267e-01 -3.426000525972268118e-01 -1.988427773443433577e-01
1.488784746788103519e-01 -4.764588814647141568e-01 -1.261340916114739308e-01
2.229789606642385014e-01 -2.569468912005767880e-01 6.197987593119032024e-01
3.353188830746756111e-01 -2.804647471157190042e-01 6.923642202545199353e-01
4.330422782371334822e-01 -2.782460104411452195e-01 7.047545135911783554e-01
5.108197265845382251e-01 -2.486240673941708668e-01 6.814346082315239084e-01
5.613676443992604570e-01 -2.018892933080190799e-01 6.318765409131199551e-01
5.895951727368814455e-01 -7.370418364291281277e-02 4.594813910268711332e-01
7.863411604666388222e-01 2.616305089739007217e-01 2.270105903012367699e-01
5.392919591395983758e-01 -1.072087276615563134e-01 3.077087451916603045e-01
4.715221146253556483e-01 -1.435330000798137884e-01 2.744346274145622044e-01
3.829761750399479636e-01 -1.696026732094790823e-01 2.775193123164932385e-01
2.987915742384439355e-01 -1.844034487239062936e-01 3.046538158075565161e-01
2.345686479642027367e-01 -1.896849486849969124e-01 3.396955754488740209e-01
1.903177558861407492e-01 -1.969171759396565191e-01 3.710876570396280383e-01
7.914093134387956141e-01 5.115449361406620987e-01 2.643459205809814416e-01
2.167095622432330115e-01 -3.055302704839469308e-01 -2.189911328264575463e-01
1.348727587472613176e-01 -4.057820451153715258e-01 9.429214724174977968e-02
1.297981657597511163e-01 -4.714448579461041344e-01 -2.000056365776783363e-01
9.438529053336502939e-02 -4.362783727616272866e-01 -2.413383562234305835e-01
1.297306151539806551e-01 -4.354795827993547253e-01 -2.106201892145905807e-01
1.997472656882225417e-01 -2.788274977769995000e-01 -2.436994841955808511e-01
8.046173184977911674e-02 -4.527145554158269469e-01 -2.530340839204388015e-01
7.837512427695467188e-02 -3.678025344076302217e-01 -2.617771853075130384e-01
1.901310854538165729e-01 -1.729337404647424137e-01 4.487286537812369414e-01
1.557358226661705036e-01 -2.112519463786849405e-01 4.219384194671207400e-01
1.348627427640435028e-01 -2.570135007621723866e-01 3.983946503703301723e-01
5.109145183734231654e-01 -1.494985655091041199e-01 5.038962046041235432e-01
5.521206661151689676e-01 -1.536700261274961954e-01 5.468105797904210252e-01
-3.544041754363652652e-01 -1.683676959323282540e-01 5.248764574294375596e-01
-2.843366120008017361e-01 -1.748970695672619202e-01 5.227591512975122701e-01
-3.535360580935453800e-01 -1.774246323910516621e-01 6.088856285428678738e-01
-4.254179546982705951e-01 -1.617812377394473033e-01 5.267459185758986973e-01
-3.559029724021944840e-01 -1.593135089591940501e-01 4.408240412101385175e-01
3.838447506303660495e-01 -1.753242545246988526e-01 4.928866335554182854e-01
4.524374769030919952e-01 -1.815394012351520536e-01 4.893831210490697803e-01
3.828552631379655846e-01 -1.845355222281019891e-01 5.788085011067829466e-01
3.147070370354942970e-01 -1.691364390102811921e-01 4.969641331423979569e-01
3.850929516239220973e-01 -1.661307930136829425e-01 4.069238984059759812e-01
