-1.812713340428655923e-02 -2.946681929970841884e-01 -5.296786113848979127e-01
2.405326394058660000e-02 -5.083263596132170381e-01 -2.207043231863181076e-01
2.642712667802142590e-02 -3.202966126404309666e-01 -2.887865539082746791e-01
-3.582548803268977011e-02 -4.610142384289897532e-01 1.408135314950961781e-01
2.383629171511383177e-02 -5.448367878410559362e-01 -1.193922248674888498e-01
2.272136737855394092e-02 -5.349321699685299913e-01 2.458326356833565041e-02
2.511706622872006411e-02 -3.932270558082548439e-01 3.911834024976251212e-01
-4.715948766927846592e-01 -1.243771794120911156e-01 4.935138871321341214e-01
2.561618908193709354e-02 -3.763579842467990044e-01 6.697995698759773298e-01
2.456183922417845902e-02 -4.061432644485007959e-01 8.042074324507597627e-01
2.306547982810946279e-02 -3.936581145857395714e-01 1.276941714432092700e+00
-1.698568297173772695e-02 -2.817680250132589825e-01 -5.592276775931772637e-01
-1.495892118352552466e-02 -2.564766711793755594e-01 -5.863183915366056986e-01
-1.170861827432077146e-02 -2.202433646127343048e-01 -6.035402868884482963e-01
-1.655960096792068875e-02 -2.109326811135742163e-01 -6.749303828108610404e-01
-1.749059263480189780e-02 -2.145281619030761644e-01 -7.181872380841675119e-01
-1.948977713603701478e-02 -2.245696905511787578e-01 -7.665919379034172865e-01
-1.923261527355987766e-02 -2.123231562072092071e-01 -8.125224903665482223e-01
1.347027093703143108e-02 -1.439329037537756539e-01 -8.824172264735709037e-01
2.290757758501821284e-02 -4.661342999845353163e-01 -2.648540741544284094e-01
-4.422202678424842770e-02 -3.695674880378421179e-01 -2.443729393668919447e-01
-7.316728154881874113e-01 1.512706530692181639e-01 9.375863839002795963e-01
-2.801727493362798915e-01 -1.872304194626925322e-01 3.889979858695745141e-01
-3.519218711844945835e-01 -1.795760020714123884e-01 3.825754001249401237e-01
-4.187316408524982547e-01 -1.597662730488458305e-01 3.942397868920518023e-01
-5.003822235971450150e-01 -1.097697688128052018e-01 4.676850745234922280e-01
-2.169476931377053996e-01 -1.824289547904150988e-01 4.133588686296972292e-01
-3.814165780448891541e-01 -2.436440037722195640e-01 6.871480264140035210e-01
-2.994750931072587274e-01 -2.429117497442784268e-01 6.718355147372387925e-01
-4.539010780119712152e-01 -2.175708012942342839e-01 6.718262038583120432e-01
-4.998362640439102389e-01 -1.841333272590967018e-01 6.336305649115643313e-01
-5.606060807409751767e-01 -6.524590844121513911e-02 4.095313520244988070e-01
-2.453044923492962714e-01 -2.872514882777793543e-02 -9.860376161584498700e-01
-4.945404366464323243e-01 -1.062964116004725401e-01 5.302243467454363923e-01
-7.548490977780292210e-01 2.341515357057827318e-01 5.089952481926229844e-01
-6.372043836397195404e-01 -4.281356321179327976e-03 4.973135607460578700e-01
-3.278196741144528970e-01 -1.962397715312633184e-01 -4.905516631221545909e-02
-9.675978604917434556e-02 -2.853887442005701991e-01 -5.063322042487815589e-01
-8.400333364824806581e-02 -2.447050718486852294e-01 -5.766961937450780784e-01
-1.661393406372034254e-01 -2.386967489980262314e-01 -5.241787389106471462e-01
-2.119473659788857767e-01 -1.839203620165977826e-01 -5.447167895295849105e-01
-1.410530059661036228e-01 -2.138740940883134267e-01 -5.731680866732521418e-01
-1.849864776283062506e-01 -1.634322850393863935e-01 -5.753556653473381743e-01
-3.142070170404934748e-01 -5.977160201065978562e-02 -6.707166366321614115e-01
-3.554114997037723100e-02 -5.008014147734399790e-01 -2.134029755498413894e-01
-4.604129002534415593e-02 -5.346474173018957998e-01 -1.147185661155822878e-01
-5.930711732540311365e-01 -1.741729690274132492e-01 7.369360415585044510e-01
-1.841097650364793836e-01 -2.410528827580027400e-01 1.977496328006867476e-01
-1.974350322770558608e-01 -3.330947556720846858e-01 -1.472536380496085318e-01
-2.029496611374567716e-01 -3.196817132181273280e-01 -8.745208536499488039e-02
-5.336740492247848966e-01 -1.081392164660335276e-01 -8.291143546939910847e-03
-4.156174179886523712e-02 -5.120419886371957441e-01 2.003914657123304077e-02
-4.332830644538693265e-01 -3.041231155873067027e-01 8.305472678680070331e-01
-5.277767521110882099e-01 -2.460800383358247023e-01 8.033088635962892798e-01
-6.618137357651754371e-01 -4.308416468851224146e-03 1.089043307693755125e+00
-1.255602233181037086e-01 -3.567269532252129172e-01 7.107593615839669088e-01
-2.268967717568867726e-01 -2.191786886810467849e-01 6.234910050493243094e-01
-3.679083158581119006e-01 -5.258626102369268196e-02 -5.617646076523079568e-01
-6.680490266319227821e-01 5.346217714384924324e-01 -4.029298245217785568e-01
-1.447287462001719260e-01 -2.996413484745016897e-01 -2.051525609788262816e-01
-8.973809520123837702e-02 -3.003898319767538405e-01 -2.376851536073752158e-01
-2.687809604175132594e-01 -6.417793627970652670e-02 -5.819294687895880669e-01
-2.538997252721729714e-01 -8.255700200092752628e-02 -5.893043301853256866e-01
-5.625632086081727712e-01 -2.215847319717600961e-01 8.747542725698898014e-01
-2.016628645275256315e-01 -2.890014152759120547e-01 -1.845977347120907885e-01
-3.031392900268847779e-01 -3.426783109519593307e-01 8.097521347969716121e-01
-3.138710356360063791e-01 -3.665885572984597940e-01 8.895147892018635538e-01
-3.801347142101046961e-01 -2.948329241870514816e-01 1.264448770784599718e+00
-6.110986248457661585e-01 -1.289279275662465196e-01 9.684944952660368145e-01
-3.386949305951753031e-01 -3.343638553608854758e-01 1.067851109973860790e+00
-6.311318085824774160e-01 -1.215464735089999415e-01 7.955688935325488931e-01
-6.805278296573286090e-01 7.983618415528567769e-03 8.480706647448050806e-01
-9.236717516383902149e-02 -2.722047568280271945e-01 -5.466636868169191255e-01
-1.540176254328053662e-01 -2.289001662021255268e-01 -5.505859012801657126e-01
-1.994184488263975596e-01 -1.790517748686015764e-01 -5.604683417795808253e-01
-1.286737338130075348e-01 -2.819946948146561660e-01 -2.219746235735615136e-01
-2.610257153454285106e-01 -7.360674335121634992e-02 -5.857069643965947536e-01
-2.349634960218232316e-01 -1.147389772556216270e-01 -6.281763952112672245e-01
-2.453008671099797255e-01 -8.511957283676602204e-02 -5.922033743747765477e-01
-1.128091064407252958e-01 -4.015507928577995989e-01 -1.897368632060722204e-01
-1.739408415024837895e-01 -1.497786272545880981e-01 -5.867042842995773277e-01
-1.291871350301954935e-01 -1.835997153382684099e-01 -5.881918598587618785e-01
-7.523587775210635598e-02 -2.116656693427290126e-01 -5.948369979074082936e-01
-8.109715667639398606e-02 -1.380469809110920765e-01 -8.734556361571773619e-01
-1.007848841417038899e-01 -2.079556067440596623e-01 -7.979398608948808924e-01
-9.758593494553297054e-02 -2.199923472438941596e-01 -7.510753712032309792e-01
-8.945873032482412612e-02 -2.086355927002109256e-01 -7.022819558032611376e-01
-8.023564654613374314e-02 -2.048917400122660104e-01 -6.618062177650979594e-01
-1.766867223537936793e-01 -1.500411653726962946e-01 -6.288289701922036290e-01
-1.912410215131959967e-01 -1.571403347096470005e-01 -6.469963250579240377e-01
-2.060148033154497738e-01 -1.644284425867326149e-01 -6.701393365143377689e-01
-2.164189503334217057e-01 -1.492580203804039218e-01 -6.954997460601810566e-01
-2.799698655502314004e-01 -1.737851910772515718e-01 -4.159926472471620063e-01
-7.472239481859527244e-01 5.676585022533542357e-01 1.160174128557754925e-01
2.682513697826489560e-02 -3.714490276160261617e-01 -2.736087051198424769e-01
-2.079122640932582200e-01 -1.135465931108090576e-01 -6.117185825566257007e-01
-2.214848128284005457e-01 -1.176484501155639628e-01 -6.197097212059449189e-01
-6.692226149481796116e-02 -3.007509176060208511e-01 -2.773175682980215662e-01
-1.768555803204124310e-01 -2.313822535275331382e-01 -2.376042900317233975e-01
-7.796158058689206527e-02 -3.018024886773700288e-01 -2.580077151922562928e-01
-2.569242183331230112e-01 -2.090167772568699012e-01 1.472731133640834966e-01
-3.714209340283231020e-01 -1.781931807719591698e-01 8.953195483674608601e-02
-2.144371901119691837e-01 -2.748521265223979881e-01 -1.251992334697377696e-01
-5.508702295488010492e-01 -1.608416838011578198e-01 1.201556676908426269e+00
-5.023431003734540878e-01 -2.399251845891359203e-01 1.046896492974467963e+00
-4.553359236466381077e-01 -3.022495489310939032e-01 9.113971059152277121e-01
-2.518818279028087193e-01 -9.106049762184958984e-02 -7.551828873126510411e-01
-1.453028008283401007e-01 -3.990701252805056720e-01 8.452708782071649551e-01
-1.689872082860416347e-01 -3.867297688108833897e-01 1.054671598931003595e+00
-1.956150355589360290e-01 -3.713936393391781277e-01 1.284777197556423722e+00
-4.724189132236217281e-01 -1.319966069849974610e-01 4.217703463089475524e-01
-6.388795540795327854e-01 -1.579752253266242246e-02 3.426894590237908322e-01
-1.748894710600526481e-01 -1.772927848818514618e-01 4.372281424434428243e-01
-5.638173831318005202e-01 -1.212773154912814011e-01 5.996062759193363512e-01
-1.353571587091775830e-01 -2.746698769233119064e-01 2.569982672043022442e-01
-1.565106907797871039e-01 -4.063627400573605053e-01 -1.227836722066710240e-01
-7.012721222591855597e-01 6.808013785301669785e-02 2.857564206061505296e-01
-5.950815750928128978e-01 -6.977386717419287177e-02 2.579523402143621413e-01
-5.081794283863377837e-01 -1.297576625942178374e-01 2.054895424931240666e-01
-3.734693511209019601e-01 -1.644994352279255390e-01 2.103144409166426976e-01
-2.733561615199840422e-01 -1.866540082442189052e-01 2.473147076901678898e-01
-1.984388355768218482e-01 -2.114376517581909032e-01 2.894761961213116463e-01
-4.138040122345525151e-02 -3.633083933665867682e-01 3.745284553974215780e-01
-6.880487332679718904e-01 7.533880097795819797e-02 7.031021717902335988e-02
-6.200230016411434342e-01 -8.992497712207747629e-02 6.264603317708454799e-01
-1.411811924080313627e-02 -4.619818349945675195e-01 -2.588944300970797974e-01
-1.788801683666375875e-01 -2.568723913089152044e-01 8.866060111702783741e-02
-7.739406476244065081e-01 4.562387530391515122e-01 5.563459479480132863e-01
-1.400755718905687119e-01 -2.289670574859492547e-01 3.377297176309808635e-01
-2.187290662264267105e-01 -2.064257548981560109e-01 -1.194498867252739016e-01
-5.225196634410955721e-01 -9.271608699964495326e-02 5.305674106230471310e-01
-1.602635296687990318e-01 -3.890846427807417851e-01 -5.029829849896672034e-02
-7.163458938634226225e-01 5.690922297923212136e-01 -1.343976610933605431e-01
-1.709277455861625550e-01 -1.657219084499439443e-01 4.717034036158179178e-01
-1.037156505559035796e-01 -4.651047915471273608e-01 -4.870662144453641318e-03
-5.351050144096697325e-01 2.037700145295176513e-01 -7.102222152556608714e-01
-5.283391542481452596e-01 3.407795871424984524e-01 -8.027281918397727312e-01
-7.425089386194128060e-01 3.234707705519404008e-01 8.822062589175211356e-02
-6.155945534254581020e-01 2.725657149042162164e-01 -5.567443097341406855e-01
-7.205286898768031856e-01 1.385574774540096477e-01 6.960856051589581206e-01
-2.578422646578527599e-01 2.371637593814678036e-02 -1.071662812534469600e+00
-2.185604858081779088e-03 -3.662120767789722731e-01 -2.678860834863378004e-01
-2.421156162781877563e-01 -2.203694934866234911e-01 2.213507388174316970e-02
-6.972008069641200123e-01 6.668943576014019214e-02 4.932027666821550693e-01
-4.073809306179709822e-01 -1.607054405516064599e-01 4.453178717471591441e-01
-3.484072360073159347e-01 -1.775051572944999490e-01 4.330750679299974482e-01
-2.461154107467057872e-01 -1.012780939378690181e-01 -6.376613632193608439e-01
-6.712115274339636173e-01 1.244665377757130931e-01 -1.293098794253061956e-01
-1.265828698189300217e-01 5.611749687923364704e-02 -1.200693375487421610e+00
-3.357355633590175525e-01 1.826654996248014418e-01 -1.051554254979396585e+00
-4.254092372240647624e-01 2.532324682103701541e-01 -9.513579028657925818e-01
2.366790938015886012e-02 -4.045686568513445769e-01 1.036286422485631187e+00
2.083527352879154665e-02 3.471686440289661890e-02 -1.222294589787760177e+00
-2.879875805753301377e-01 -1.822108274734288158e-01 4.393183036338313419e-01
-2.287340167454361695e-01 -1.764490830207629535e-01 4.552792015063456543e-01
-1.894239259149191335e-01 -1.650918944082097051e-01 4.643305958469004513e-01
-6.684205632559708787e-01 -2.305428539733261895e-02 6.666764770488897707e-01
-2.421117193858218775e-01 -1.987625571671147728e-01 5.530256712785497353e-01
-3.074705296870128279e-01 -2.121767130158344616e-01 5.888302493391148751e-01
-3.699490596948884491e-01 -2.088129221026413518e-01 5.975662059700577178e-01
-4.287952913957532308e-01 -1.894422758384647909e-01 5.848837825548018898e-01
-4.636854677115886947e-01 -1.640626215461030157e-01 5.620199264950536122e-01
-7.652504132226584099e-01 3.165873788012543155e-01 7.713280525957177947e-01
-4.459574026860896323e-01 -1.409674340796726599e-01 4.679825844506556032e-01
2.400791409575495083e-02 -2.978424124341862989e-01 -3.653451030861168958e-01
-2.077309123663420576e-01 -2.199109601158826810e-01 -3.763003881155345676e-01
-1.442360553177024496e-01 -3.276303579210480543e-01 -1.928506604644378564e-01
-7.521276797450791862e-02 -2.892592610905301842e-01 -3.649133908644963120e-01
2.547344484580700216e-02 -3.589272997923095843e-01 5.341205311458949723e-01
-4.440807313770583908e-01 1.522840659446020317e-01 -8.522815313703674400e-01
-3.556374892227842643e-01 9.325912832452898371e-02 -9.635948496028502452e-01
-1.349063032022296271e-01 -3.878972227555571584e-02 -1.150891523751188750e+00
-6.035070838950223893e-01 4.474674895843272493e-01 -6.292850433378949226e-01
-1.936866986560112358e-01 -1.798992632693582894e-01 5.027651510798261114e-01
-8.860641229836187238e-02 -3.647568534606585033e-01 2.078983152527518752e-01
1.532094680086837010e-02 -5.791637070054755920e-02 -1.170776221161172082e+00
-2.398144602296767292e-01 1.070789212440266258e-01 -1.139726905487842279e+00
-7.175579096021300618e-01 3.418185894468686037e-01 -1.365289746141192251e-01
-1.334372118098853255e-01 -1.809539997270928624e-01 -6.442775642505901290e-01
-1.482156755678620819e-01 -1.875278252949114099e-01 -6.748347986282535738e-01
-1.601956542625285196e-01 -1.959717913615541263e-01 -7.139871519382704479e-01
-1.673429286931481241e-01 -1.825925062532590681e-01 -7.566385875363006441e-01
-1.770238597879525422e-01 -1.229589922808262126e-01 -8.261603531050917271e-01
-2.205125296886456809e-01 -1.200726188444608544e-01 -5.805393142888349844e-01
-2.338439999393146507e-01 -1.215845071256139442e-01 -5.726560805460950698e-01
-2.450672873825801290e-01 -1.231732772852485447e-01 -5.639356913823211359e-01
-3.376151611832136634e-01 -1.145920573810321058e-01 -4.788163543013941870e-01
-5.853453292786270357e-01 -6.234363002601217563e-03 -2.098503504863238889e-01
-8.713630554268811390e-02 -3.146258488889516758e-01 3.234813230678943996e-01
-1.222005923786176340e-01 -2.214833141147443119e-01 5.408384047561924923e-01
-1.654815836447975919e-01 -1.959415030607272734e-01 5.349165949066974068e-01
-2.069319175325704530e-01 -1.132403171591567920e-01 -5.878302032494346907e-01
-5.899311001363238827e-01 1.263121004279968984e-01 -4.353607822308194764e-01
-6.503820458053234665e-02 -3.105033642730312127e-01 5.314473502200742772e-01
-2.140334570578614204e-01 -7.156235243979180982e-02 -9.024994684869693806e-01
2.351134515232614769e-02 -4.861404467343150015e-01 1.495925933020115228e-01
-4.001256733915603547e-02 -4.182622708547076296e-01 2.509457606256795814e-01
2.452026620630681775e-02 -4.374392234814578062e-01 2.658812829851389670e-01
-1.384012071373627584e-01 -3.417658462053260737e-01 4.886617171403620508e-02
1.336423456879461125e-02 -1.084326722339107318e-01 -1.084299152843599900e+00
1.355184278289627182e-02 -1.246593328801775535e-01 -9.766324569889075491e-01
-1.032564981404527488e-01 -1.077041089486065195e-01 -9.640259791749485885e-01
-3.747340963384954149e-01 -1.356953182825768045e-02 -6.961961355217616276e-01
-2.807956601818029085e-01 -1.790338900827920243e-01 -1.905083472031657288e-01
-3.020377040082661280e-01 -3.795537733993134544e-02 -8.144278490790582969e-01
-4.391411624477337128e-01 -1.518129952540120398e-01 -1.550409375396655243e-01
-3.473666154561807495e-01 -1.535091135456148614e-01 -2.813301365721052605e-01
-4.977372695634940669e-01 -7.550692639754094659e-02 -3.034266735069304777e-01
-1.262925553108881771e-01 -8.717286579049349227e-02 -1.066481378977176542e+00
-1.798503465824870251e-01 -2.843907653642077649e-01 9.665279622408928795e-04
-4.270699176963788091e-01 6.100131672293318541e-02 -7.569101552346145789e-01
-3.379416282725139498e-01 2.652209841339572827e-02 -8.774910639629674991e-01
-4.307381107481547122e-01 -2.043149718628428646e-02 -5.640616269570197794e-01
-6.508874415042686934e-01 1.712306015375850143e-01 -2.982615975360072835e-01
-5.103266038096149204e-01 4.926809652286903707e-02 -5.645219530098579686e-01
-6.810437321673362687e-01 3.386485341909881708e-01 -3.494888291711450989e-01
-4.049461004771124917e-01 -1.026731302744481045e-01 -3.977195424226338538e-01
-1.324517212626141749e-01 -3.078798842538521541e-01 1.501905771904599729e-01
-1.345700522216053407e-01 -4.165605035095010233e-01 -1.732407986824506529e-01
-1.753627872779606189e-01 -3.359296651310932913e-01 -1.837626258381912792e-01
-1.053824023927998205e-01 -4.735379954785656764e-01 -1.150729225232157704e-01
-1.797628884791363513e-01 -2.544297797117811566e-01 6.408753157274447165e-01
-2.975716338336570344e-01 -2.717355334143889412e-01 7.180839450267890722e-01
-3.990896590700865332e-01 -2.664015263372757070e-01 7.359961143895659141e-01
-4.815678299436759735e-01 -2.350223349450103472e-01 7.178519252421269314e-01
-5.371210067269510668e-01 -1.872632388600017905e-01 6.736962394464669490e-01
-5.716009734615884463e-01 -6.000674218758877965e-02 5.141026390952474490e-01
-7.591456764714599181e-01 2.808255856843594467e-01 3.021608293161482384e-01
-5.247886084678987650e-01 -9.595627193079395156e-02 3.581379410833583354e-01
-4.565756286965022559e-01 -1.340982322788251968e-01 3.175788690750664389e-01
-3.641468664860197935e-01 -1.636406719600558279e-01 3.096494294116263757e-01
-2.745577855457158045e-01 -1.815470732496912709e-01 3.282912769497524086e-01
-2.034540538387888398e-01 -1.874115509660786993e-01 3.588433396512523132e-01
-1.541308240825188525e-01 -1.964467507764180998e-01 3.871137315914950361e-01
-7.635908961226439695e-01 5.333674936920024257e-01 3.429338615897251086e-01
-1.749615696160941869e-01 -2.983809507143495021e-01 -2.048185039480285574e-01
-8.937610608966632675e-02 -4.063779658899799307e-01 1.048208915807886665e-01
-8.692466482501971792e-02 -4.690646897146457661e-01 -1.913754293778550941e-01
-5.156653257360234444e-02 -4.342363331073825217e-01 -2.367276201504494026e-01
-8.712441755458461001e-02 -4.335693337874285680e-01 -2.020595914869827425e-01
-1.563178734316151841e-01 -2.709595751994912094e-01 -2.315850181366452265e-01
-3.720804156923596118e-02 -4.516879062963871649e-01 -2.497706162189516910e-01
-2.687558207870479818e-02 -3.669405826986348318e-01 -2.601153275556538080e-01
-1.480004040153899691e-01 -1.741519882904560279e-01 4.669581896619958150e-01
-1.151764776207737789e-01 -2.115486720841588952e-01 4.373832646073617103e-01
-9.624453508907414301e-02 -2.567270059827586604e-01 4.106083018426041620e-01
-4.817692844806664709e-01 -1.384068962713652651e-01 5.446779615939874031e-01
-5.260159486947285634e-01 -1.393915110758106590e-01 5.896476731348210265e-01
8.298955167304597480e-02 -4.605940975271630156e-01 1.356468628772218854e-01
5.041392882301992673e-01 -1.350775854564474632e-01 4.585674235266264387e-01
9.456911708683038431e-02 -3.736891627696584672e-01 -2.505624613416616020e-01
7.417148275911322752e-01 1.299394259952413311e-01 8.595882343199607867e-01
3.076377178793177070e-01 -1.900944544831914551e-01 3.782274761194364676e-01
3.756516766161294152e-01 -1.850060667232153455e-01 3.687262119554140516e-01
4.403605444639935307e-01 -1.677635511979880256e-01 3.718565830071019485e-01
5.260877699008642550e-01 -1.202290608079917278e-01 4.292149108352148468e-01
2.513792364629862108e-01 -1.848187528083120035e-01 4.023248642091926119e-01
4.120187258108815032e-01 -2.524226006194285610e-01 6.519275272503963770e-01
3.317120940975321064e-01 -2.499314834000188057e-01 6.388510441806265483e-01
4.844615273853902782e-01 -2.300353650420500218e-01 6.331642976080378293e-01
5.291810145398456733e-01 -1.990671067046709264e-01 5.896898893053454938e-01
5.765267769527299135e-01 -7.866177431865234437e-02 3.594216996580040235e-01
2.693667914591338364e-01 -4.017789923835571320e-02 -9.984272943256682353e-01
5.285794132829563230e-01 -1.176682105905917097e-01 4.900944248981303208e-01
7.788838802543995854e-01 2.144106024539285671e-01 4.338198490453312739e-01
6.484578853186895309e-01 -2.095860877912250619e-02 4.357791108329366891e-01
3.618666747318821653e-01 -2.053597164186227175e-01 -8.076002659911685200e-02
6.326563297877331460e-02 -2.859033986053114429e-01 -5.134664503736035002e-01
5.776908205827641085e-02 -2.433739170220765580e-01 -5.836300282435955555e-01
1.427752788486972291e-01 -2.365636396373485273e-01 -5.384344279053614457e-01
1.979812026625417110e-01 -1.796192440055177919e-01 -5.624376095654378682e-01
1.218584277254278758e-01 -2.100886879994476042e-01 -5.850056092658797446e-01
1.746044179051743361e-01 -1.596389213877770219e-01 -5.898651880458858354e-01
3.274980703649930658e-01 -6.671172704385691654e-02 -6.929832779312304902e-01
8.150136629645962638e-02 -5.042983047801056218e-01 -2.188578621410439129e-01
9.037132636067708724e-02 -5.385183632705031753e-01 -1.211642092408476423e-01
6.113805165028152189e-01 -1.903411918960284943e-01 6.874084264416804313e-01
2.251572943717446151e-01 -2.431887086261808051e-01 1.789648641159061193e-01
2.401630101215412871e-01 -3.405577065593368702e-01 -1.649078078513200873e-01
2.442236541797061788e-01 -3.270939971200406693e-01 -1.057401989543847454e-01
5.587284034388068088e-01 -1.204359085124759310e-01 -5.902971221005787195e-02
8.688260469560234178e-02 -5.127763144306984877e-01 1.463138794004147092e-02
4.670583020458840551e-01 -3.196347203135632697e-01 7.939797506912937841e-01
5.544357709654934574e-01 -2.627534102646278402e-01 7.624809472033877711e-01
6.762905758063286754e-01 -2.518347554109856556e-02 1.015889199943094789e+00
1.744155629091270754e-01 -3.606076003182753786e-01 6.909586759825026014e-01
2.636500901307917144e-01 -2.226539274273872659e-01 5.919924792229089849e-01
3.818599956743841117e-01 -5.934817658522800743e-02 -5.894405152082528021e-01
7.128209985139388749e-01 5.134065257834385942e-01 -4.582184730165209108e-01
1.911408473830852051e-01 -3.073526502939783467e-01 -2.185001752345865078e-01
1.394817893313800850e-01 -3.097160653007897668e-01 -2.475863973532877738e-01
2.760466479856792388e-01 -5.887201819845971906e-02 -6.064159423678860961e-01
2.579044469574059972e-01 -7.961822200233330260e-02 -6.113745634670945117e-01
5.864527044138895251e-01 -2.389092959902605617e-01 8.247879660524655154e-01
2.426524830825688150e-01 -2.976485983599675422e-01 -2.023130349640639980e-01
3.456989451407815883e-01 -3.559960803743128510e-01 7.785695729567716494e-01
3.565298724155191445e-01 -3.806302936865080255e-01 8.525186376153526258e-01
4.110847212794410677e-01 -3.088686425894207610e-01 1.217469677990952182e+00
6.320814006833813670e-01 -1.463795105447740497e-01 9.072323967440516501e-01
3.752197628242859295e-01 -3.461945903875202069e-01 1.029277860652171306e+00
6.480728000055718807e-01 -1.378670933239320995e-01 7.338757928686956422e-01
6.996377951975868426e-01 -9.643839378036193899e-03 7.806974314796610859e-01
6.109169462225963465e-02 -2.717435215170017071e-01 -5.537544789005746093e-01
1.322224518579670494e-01 -2.259551904020847546e-01 -5.639899209822858417e-01
1.862716856578321700e-01 -1.753356828472438789e-01 -5.766596138992876597e-01
1.762185159981998483e-01 -2.906617907866027584e-01 -2.340068251969839030e-01
2.667277595887039832e-01 -7.020820197707264287e-02 -6.091400793916701417e-01
2.274693646734654573e-01 -1.128320781168205833e-01 -6.526044082153177328e-01
2.487728183461365428e-01 -8.166856131775653005e-02 -6.125674584515615750e-01
1.570811826680847123e-01 -4.040069888315017677e-01 -2.014470446572671491e-01
1.654148636857891708e-01 -1.457804811073531159e-01 -5.991056087724044854e-01
1.147422664077534793e-01 -1.789116719716877246e-01 -5.975519846304981897e-01
5.520417895032686539e-02 -2.082975230531257382e-01 -6.007286896901053996e-01
1.032392462482052686e-01 -1.411288499440330191e-01 -8.804700421313684799e-01
6.447919691635342621e-02 -2.072895930339918591e-01 -8.059895036612714225e-01
6.027886486743627703e-02 -2.178575825917838937e-01 -7.591029005327398771e-01
5.665074905890393753e-02 -2.057490275266599111e-01 -7.107870818082243636e-01
5.028943370114492828e-02 -2.012552571703424276e-01 -6.700318943823897477e-01
1.601847557145831547e-01 -1.462022464559303847e-01 -6.489713398364702623e-01
1.729489353381938321e-01 -1.554423804581678281e-01 -6.682862037381752662e-01
1.853143741092892760e-01 -1.635946672130639268e-01 -6.924720747254329289e-01
1.978614964052939629e-01 -1.486950595720989976e-01 -7.179091458211184218e-01
3.056598332073535706e-01 -1.808340930322251683e-01 -4.394180059547886930e-01
7.861730092034840967e-01 5.449024266356744528e-01 4.281237762724515727e-02
2.010866581095450689e-01 -1.084390503628239466e-01 -6.335894581195394837e-01
2.135758671105787709e-01 -1.148176760735385993e-01 -6.433770174353615756e-01
1.175260448263028973e-01 -3.059221829414365823e-01 -2.850558287032454174e-01
2.216730167082444913e-01 -2.423406079111062594e-01 -2.535061776938347666e-01
1.282431905755848367e-01 -3.094749468737973408e-01 -2.672279894686142576e-01
2.947130577509871063e-01 -2.125024406013537037e-01 1.217799910844438727e-01
4.044195555012441989e-01 -1.860160688770823301e-01 5.287618905661231605e-02
2.559807264308171515e-01 -2.830741090220553757e-01 -1.445209724101748083e-01
5.726533645965492525e-01 -1.808131749633679064e-01 1.137355358737988098e+00
5.299997894438596147e-01 -2.566251277333958525e-01 9.936467248736875479e-01
4.890920220710837096e-01 -3.184359244122489385e-01 8.679679578340904200e-01
2.654230532918555596e-01 -9.573837780602778569e-02 -7.716472430786006642e-01
1.966244293372015894e-01 -4.052165275391098054e-01 8.150120515913816810e-01
2.108675544919050293e-01 -3.936498932938284345e-01 1.033443622148711993e+00
2.338670296779059299e-01 -3.809654264299736082e-01 1.258453015478975257e+00
4.949521589453420578e-01 -1.419399800275925050e-01 3.905322635506301432e-01
6.464881953174517193e-01 -3.348891705651177442e-02 2.817720536943371656e-01
2.144802367964158962e-01 -1.768923093102761634e-01 4.255339302319767758e-01
5.870564103215081264e-01 -1.360984161936012460e-01 5.497463647067661885e-01
1.789011326610109864e-01 -2.754528069945932911e-01 2.429125700660253462e-01
1.993209473137191878e-01 -4.124877340718280383e-01 -1.386064763538000233e-01
7.266310588959312700e-01 4.962073604454450559e-02 2.171457276172608641e-01
6.022980935917382483e-01 -8.467180886648661975e-02 2.034488954348279699e-01
5.175645263804151686e-01 -1.419013399556101618e-01 1.605040801027595720e-01
3.903699595581289206e-01 -1.716035193386741819e-01 1.794602401859495822e-01
2.966392735605988262e-01 -1.908821200186136546e-01 2.279937649857209370e-01
2.270043884680035540e-01 -2.144309912578681865e-01 2.765866907309263989e-01
9.064050790043153005e-02 -3.637599724886816932e-01 3.681989065054863119e-01
7.160090182060718789e-01 5.892985514245882572e-02 4.965125302329245760e-03
6.345469990126989535e-01 -1.057532988979186794e-01 5.667203323817426863e-01
5.868842046290446979e-02 -4.628020632947752455e-01 -2.618524762448428689e-01
2.213019195300169883e-01 -2.593839631025998682e-01 7.100933003743087335e-02
7.989471210343379592e-01 4.360023672842052722e-01 4.769493666619811223e-01
1.755216226376837829e-01 -2.301256019420666599e-01 3.300809857685503279e-01
2.641125706859608346e-01 -2.147756935851183324e-01 -1.394855955404417092e-01
5.529902705365097315e-01 -1.044175104676492438e-01 4.866315430651290685e-01
2.015254538545228902e-01 -3.952800439391362941e-01 -6.589770662283422897e-02
7.604512176269484502e-01 5.453460475471993973e-01 -1.992436013994192123e-01
2.145015134998819184e-01 -1.635972306535973808e-01 4.572370053082275843e-01
1.454297540180318760e-01 -4.684484238525543631e-01 -1.578218919522496322e-02
5.641384774922336698e-01 1.837499519746965682e-01 -7.456772808671940922e-01
5.647822339504915412e-01 3.194233673411117636e-01 -8.342033092660572358e-01
7.818482150362143779e-01 3.035753190320431560e-01 1.820857247594306894e-02
6.483470623037274061e-01 2.519822682246680712e-01 -6.033961293393896863e-01
7.426526468020194782e-01 1.201488796898222411e-01 6.237892174855215188e-01
2.856593764764314702e-01 1.178153970076999818e-02 -1.081449240327114092e+00
5.635135368097977937e-02 -3.681048956140514083e-01 -2.705812527109968668e-01
2.809823163933533596e-01 -2.262638638203998132e-01 -1.571388390453093420e-03
7.013160568431586750e-01 4.944867022825011338e-02 4.185768786862036905e-01
4.377511721817339829e-01 -1.688763852710795099e-01 4.214929976462087891e-01
3.792932485404160170e-01 -1.831963630625682571e-01 4.151955623673158624e-01
2.416704093246951901e-01 -9.901736200829597268e-02 -6.626549305099616038e-01
7.015437537439295212e-01 1.075847866984506185e-01 -1.894915378195963229e-01
1.651319485424007638e-01 4.986643277882832348e-02 -1.203377725951910726e+00
3.730527618171808335e-01 1.678775640742116715e-01 -1.062775087036919031e+00
4.627229188546327920e-01 2.355449460292174946e-01 -9.700518710353472907e-01
3.213282735620898167e-01 -1.860557283892616542e-01 4.233750146145596749e-01
2.669780855390037066e-01 -1.771792323979748396e-01 4.396725886674218153e-01
2.319806049211441124e-01 -1.635400104618958683e-01 4.488563461263655463e-01
6.777901394509200372e-01 -3.880479732680078286e-02 5.944985281734032068e-01
2.775290120538317917e-01 -2.000111412122429488e-01 5.224382905986559855e-01
3.371458418881112529e-01 -2.170451647746038382e-01 5.517656438216094195e-01
3.987566638625178461e-01 -2.164695099149860358e-01 5.582644849153917121e-01
4.583357086391737223e-01 -1.997868972540747801e-01 5.443949558670524436e-01
4.937563227091157358e-01 -1.754093855605129426e-01 5.211788497960587740e-01
7.822700659667586320e-01 2.952546106917575131e-01 6.917924556576811046e-01
4.773732610402786625e-01 -1.505118278258202325e-01 4.382000402481845414e-01
2.440888186922934022e-01 -2.256200229495492204e-01 -3.941845247364431648e-01
1.903024202833755729e-01 -3.352010010181672994e-01 -2.067780799881522025e-01
1.194979378587818358e-01 -2.912956741879889067e-01 -3.728979489408317805e-01
4.726153284794737397e-01 1.334341469197315444e-01 -8.774024675851610500e-01
3.830826278269267027e-01 7.646235342931545498e-02 -9.799387555537122374e-01
1.630072378608865558e-01 -4.568150984872898501e-02 -1.155959059411401091e+00
6.452730226026504035e-01 4.264567239016872069e-01 -6.729501004769955497e-01
2.343394251111198534e-01 -1.778887298899059499e-01 4.825568799296232059e-01
1.345577531689062800e-01 -3.663652341249856725e-01 1.976713286491657562e-01
2.768450334519928502e-01 9.635834951245209057e-02 -1.144950517057172767e+00
7.574257164333147996e-01 3.215567222543571635e-01 -2.008705950686331954e-01
1.098357183547466615e-01 -1.764152213467060082e-01 -6.592208692195808961e-01
1.217504318049617007e-01 -1.844382161175173174e-01 -6.907079609262394282e-01
1.304888736715599518e-01 -1.933583189656401524e-01 -7.298737583020120656e-01
1.391810793014401637e-01 -1.805421896836828521e-01 -7.712482900394064256e-01
1.926547914784632054e-01 -1.247645809089095725e-01 -8.375635623918312733e-01
2.175345347130416551e-01 -1.166050107329656138e-01 -5.971496957218537238e-01
2.305905654791531034e-01 -1.167484580219173979e-01 -5.905848166612279737e-01
2.419495875075996505e-01 -1.181044914363376108e-01 -5.826003888869182301e-01
3.547480629518318107e-01 -1.206927713214808462e-01 -5.045221106189754501e-01
6.086348822550813331e-01 -2.193732605226106358e-02 -2.614855714877256654e-01
1.342305457508430333e-01 -3.153799386682087924e-01 3.128950886777813190e-01
1.684401470796907663e-01 -2.235451812408897898e-01 5.216584495410634403e-01
2.065853301741511772e-01 -1.945159310433361433e-01 5.133907161527500040e-01
2.050015030018420004e-01 -1.077056928783335366e-01 -6.032100193269156474e-01
6.168891280506683117e-01 1.082969273907768426e-01 -4.822485500613765685e-01
1.089078978965930811e-01 -3.107920302746150498e-01 5.205412549581791559e-01
2.331761738088150571e-01 -7.967245405722828133e-02 -9.144887154168439558e-01
8.741698044853432603e-02 -4.199148162991814259e-01 2.451584315125862612e-01
1.814434520864433020e-01 -3.462686148998880831e-01 3.418784602058784483e-02
1.270662000222843591e-01 -1.138005068932185226e-01 -9.705269321359371038e-01
3.922102941201477400e-01 -2.533595881843830888e-02 -7.239395785781350678e-01
3.179656994000995551e-01 -1.893570703690977686e-01 -2.164275155559039487e-01
3.181109258374253956e-01 -4.932762419370864682e-02 -8.341009429809205233e-01
4.642649752978145195e-01 -1.654161261215630896e-01 -1.957153121260724049e-01
3.747976266515841148e-01 -1.639368001730492908e-01 -3.126278968602020925e-01
5.182860594410193533e-01 -8.949014032498453508e-02 -3.455927822186957710e-01
1.512510440817570190e-01 -9.339649124356877441e-02 -1.073396855290914109e+00
2.217366121185264383e-01 -2.900887125916432052e-01 -1.615521273126914459e-02
4.499825879293306574e-01 4.442138394619626895e-02 -7.838471765456326290e-01
3.612059418600338523e-01 1.112223938972829035e-02 -8.964638309838660613e-01
4.483022512368589618e-01 -3.011549952938760710e-02 -5.976730657383146905e-01
6.815450966517372366e-01 1.524356638338275616e-01 -3.533486316735021115e-01
5.308758660650808592e-01 3.337775630678446737e-02 -6.010899927356155859e-01
7.198653960454126643e-01 3.199484493802515761e-01 -4.067620646480682445e-01
4.232239646296437341e-01 -1.125526797223622144e-01 -4.320001003742608425e-01
1.766906574622797987e-01 -3.092060115242861729e-01 1.360239100505301058e-01
1.771107654789388919e-01 -4.211150637276013242e-01 -1.867064889342205380e-01
2.184597695885855118e-01 -3.445072130560338231e-01 -1.999376273536675463e-01
1.495752746938873445e-01 -4.786888650570664261e-01 -1.267244404656397982e-01
2.240225752195856845e-01 -2.581494867943912030e-01 6.172563847301291151e-01
3.368882852551191576e-01 -2.817774139766632269e-01 6.900276900995905294e-01
4.350690579086446963e-01 -2.795482928878775808e-01 7.029454019634178152e-01
5.132105301842770917e-01 -2.497877094470768444e-01 6.795421286246965398e-01
5.639950288074163653e-01 -2.028342013138567657e-01 6.296213654331175302e-01
5.923546712213917376e-01 -7.404914335844198225e-02 4.629238511135752021e-01
7.900214946025901908e-01 2.628550254326494917e-01 2.280730742035322334e-01
5.418160221115631003e-01 -1.077104996149036431e-01 3.138487022694012585e-01
4.737289925322452078e-01 -1.442047815232724850e-01 2.814444290073228605e-01
3.847686289532331605e-01 -1.703964692602810693e-01 2.860339708488653376e-01
3.001900166518511881e-01 -1.852665172509601610e-01 3.142322463519751641e-01
2.356665060514155641e-01 -1.905727363614137526e-01 3.495623897678641900e-01
1.912085053074857877e-01 -1.978388128079794361e-01 3.801052884667648901e-01
7.951133681903366224e-01 5.139391339586096841e-01 2.655831460552735002e-01
2.176929818485373591e-01 -3.074045755289949722e-01 -2.202461566899475975e-01
1.355040074252943094e-01 -4.076812379689009891e-01 9.473346757341943869e-02
1.304056636808137992e-01 -4.737543028214144525e-01 -2.010077909934821772e-01
9.482704460163166038e-02 -4.388954020714601056e-01 -2.431434464910217919e-01
1.303377969160873784e-01 -4.378935990664022948e-01 -2.119315623368503987e-01
2.003780516304069226e-01 -2.808170284714716636e-01 -2.451963505934931231e-01
8.083831910382643926e-02 -4.553218433509841900e-01 -2.548438385872613399e-01
7.858578357280224247e-02 -3.706767528934967748e-01 -2.644598623297635953e-01
1.910209611964089338e-01 -1.737431270011313700e-01 4.536292718189696704e-01
1.564647173154200266e-01 -2.122406746669031063e-01 4.277184145406918714e-01
1.354939445639950779e-01 -2.582164081105478570e-01 4.029631377423817384e-01
5.133057656297757010e-01 -1.501982677523294729e-01 5.038870228438014909e-01
5.547047716368258552e-01 -1.543892521724535283e-01 5.437640443897586717e-01
-3.560629030349665713e-01 -1.691557118850522956e-01 5.269305817307425865e-01
-2.856674004573367398e-01 -1.757156451267866126e-01 5.247517102075665019e-01
-3.551907226186978850e-01 -1.782550377722985635e-01 6.089568006655841081e-01
-4.274090500388649794e-01 -1.625384269109458879e-01 5.286426264229571181e-01
-3.575687148614103972e-01 -1.600591483518881697e-01 4.446087849298239747e-01
3.856412697618488705e-01 -1.761448294497156009e-01 4.940526757577711758e-01
4.545550324557506849e-01 -1.823890650820622628e-01 4.907475121474410007e-01
3.846471511439542024e-01 -1.853992089024059098e-01 5.725019646367244253e-01
3.161799690266653418e-01 -1.699280529323521360e-01 4.977051916967483725e-01
3.868953127448060414e-01 -1.669083395282239257e-01 4.155926330814026515e-01
