-1.738991187583571740e-02 -3.429512639489473713e-01 -5.751471630266595803e-01
2.706260814748873145e-02 -5.718635899001291989e-01 -2.482703088197375507e-01
3.059310308316831595e-02 -3.587508835281520980e-01 -3.223534469850934947e-01
-4.030767494657050420e-02 -5.186925032641713784e-01 1.584309486699506664e-01
2.681849016286252940e-02 -6.130022324662256494e-01 -1.343295877002693706e-01
2.556407577199448777e-02 -6.018584312342234455e-01 2.765891882233445509e-02
2.825950452468184437e-02 -4.424243524960029816e-01 4.401250092123771829e-01
-5.305969029327854969e-01 -1.399382170017977600e-01 5.550436097619919629e-01
2.882107347546680742e-02 -4.234447630894564440e-01 7.535993178174891227e-01
2.763481213807150727e-02 -4.569565296693625100e-01 9.048231735814127319e-01
2.595124070744758704e-02 -4.429093417603464644e-01 1.436702034710030773e+00
-1.609684747902653812e-02 -3.298455401843383150e-01 -6.076611129543350032e-01
-1.422373387458841787e-02 -3.024727289292186150e-01 -6.393173460898746718e-01
-1.145336162072438380e-02 -2.610695842106083298e-01 -6.615060903109291068e-01
-2.081738127209903366e-02 -2.338642419344063583e-01 -7.765252320780229311e-01
-2.205613436586117970e-02 -2.377751606747304791e-01 -8.256343468465718871e-01
-2.421366138205838237e-02 -2.492574855164271241e-01 -8.789965155680246056e-01
-2.391979651089437553e-02 -2.357850694174823403e-01 -9.290352643761448093e-01
1.345421251951384178e-02 -1.595533509987658860e-01 -1.003622692501677349e+00
2.577358304980315040e-02 -5.239186299343328024e-01 -2.972440930668842629e-01
-4.967129562430083745e-02 -4.144235236273190459e-01 -2.735128095566079498e-01
-8.232136289959051112e-01 1.701963782686171101e-01 1.054889389422939416e+00
-3.152256320647772725e-01 -2.106551313669751124e-01 4.359436435891130834e-01
-3.959514069243077472e-01 -2.020430569736948456e-01 4.286178556867508149e-01
-4.711198589653768920e-01 -1.797548995173983144e-01 4.419296829062955290e-01
-5.629858831062399815e-01 -1.235032487548934910e-01 5.255998978020879342e-01
-2.440903830095404459e-01 -2.052529473939053162e-01 4.636571723770086528e-01
-4.291362460446670468e-01 -2.741267138571981121e-01 7.750143420572426223e-01
-3.369429244493957754e-01 -2.733028462992841412e-01 7.577525148250785492e-01
-5.106894034132949400e-01 -2.447914492729506009e-01 7.576427031405215118e-01
-5.623716176373179110e-01 -2.071705567616497490e-01 7.144150655790673099e-01
-6.307444480577402146e-01 -7.340893478207577427e-02 4.601575819667940159e-01
-2.802147294842258773e-01 -3.260263540993557640e-02 -1.117277202760862842e+00
-5.564132203890821415e-01 -1.195953327246682685e-01 5.969785410479997445e-01
-8.492895348469708949e-01 2.634466271850079977e-01 5.726765027379054906e-01
-7.169260931447318796e-01 -4.817003371452216465e-03 5.595111678121131860e-01
-3.688337435414403842e-01 -2.207916585882596650e-01 -5.519254047170285560e-02
-1.058419188038109970e-01 -3.286314479198204630e-01 -5.510343769667422897e-01
-9.197623917845321184e-02 -2.865161875135813219e-01 -6.287513790282566184e-01
-1.811382172834725690e-01 -2.734775774723314790e-01 -5.750373796355892075e-01
-2.237566106907127317e-01 -2.142213165783415363e-01 -6.112613348299769100e-01
-1.535491850166239569e-01 -2.487189719499740548e-01 -6.308213234521264923e-01
-1.954464379686116082e-01 -1.913675256197184815e-01 -6.481203619970892227e-01
-3.488820598291439978e-01 -7.102773008935736598e-02 -7.656090090354643607e-01
-3.998776223741346003e-02 -5.633986898431082579e-01 -2.400596620720349961e-01
-5.180159306605869318e-02 -6.015380526837237340e-01 -1.290711971214092424e-01
-6.672713027633214722e-01 -1.959640414006376119e-01 8.292574740148666024e-01
-2.071440466298293259e-01 -2.712114133456466902e-01 2.224904262128357679e-01
-2.221364604113036378e-01 -3.747417458624915376e-01 -1.656742357791209930e-01
-2.283410337405822332e-01 -3.596776287039347153e-01 -9.839336248749752656e-02
-6.004429048934198931e-01 -1.216686965380050500e-01 -9.328461791718922758e-03
-4.676160041059446160e-02 -5.761044209125891769e-01 2.254627591491770167e-02
-4.874918355871251663e-01 -3.421724688201290832e-01 9.344584299992959586e-01
-5.938077870436551109e-01 -2.768675247921059679e-01 9.038125450523493143e-01
-7.446143626028742801e-01 -4.847449840408010746e-03 1.225295353215780203e+00
-1.412692735157401458e-01 -4.013576608408531143e-01 7.996836577862396211e-01
-2.552842075468060301e-01 -2.466005021483557158e-01 7.029682468832758602e-01
-3.958921883668384822e-01 -6.981952639820643292e-02 -6.470408366862008265e-01
-7.516297611712019489e-01 6.015092033018922812e-01 -4.533410508820683305e-01
-1.627799528216107294e-01 -3.362382342602687757e-01 -2.304279081786932970e-01
-1.005653449971828373e-01 -3.363947701226304154e-01 -2.664529521944392076e-01
-2.820083843032412663e-01 -8.341987985764098834e-02 -6.736199231860142689e-01
-2.677810027042399899e-01 -1.026627069137152626e-01 -6.811686610435430111e-01
-6.329464354759686273e-01 -2.493075695519024748e-01 9.841962472276080121e-01
-2.268932438478632463e-01 -3.248702724136309783e-01 -2.076170865297588541e-01
-3.410655551932322282e-01 -3.855513693627230509e-01 9.110615829407677779e-01
-3.531399675006667849e-01 -4.124530667449821664e-01 1.000803487016962201e+00
-4.276940060748692929e-01 -3.317199659871956641e-01 1.422646077922799179e+00
-6.875541990692042305e-01 -1.450583168925243527e-01 1.089664466457662684e+00
-3.810696216063966801e-01 -3.761966782830956646e-01 1.201451753926860988e+00
-7.100937680338326174e-01 -1.367533567339620504e-01 8.951038525658603362e-01
-7.656698081793926747e-01 8.982464531862716095e-03 9.541742186163189032e-01
-1.009285343631867171e-01 -3.158407928264916897e-01 -5.943301021063698286e-01
-1.676524344065422056e-01 -2.641620322715734215e-01 -6.043183467589763325e-01
-2.107814170698556477e-01 -2.088771029564040482e-01 -6.292466873308684150e-01
-1.445120539950801586e-01 -3.161016585319615935e-01 -2.492775450320015018e-01
-2.743845480916509150e-01 -9.340463126382414494e-02 -6.775992773582961703e-01
-2.583215947107599941e-01 -1.333660673592582668e-01 -7.209486361343184768e-01
-2.596920795425878836e-01 -1.045981069532170293e-01 -6.837237364456658639e-01
-1.269228430126827512e-01 -4.513113592349649039e-01 -2.131552842437727247e-01
-1.840937403143698692e-01 -1.755483420605943312e-01 -6.624235029858209778e-01
-1.403388871678432626e-01 -2.149839266331099452e-01 -6.511721882765284519e-01
-8.278116775457078358e-02 -2.494007518427658887e-01 -6.515909232330940881e-01
-9.519078729772956216e-02 -1.536256225581276169e-01 -9.931825453866736098e-01
-1.174908293475116494e-01 -2.316856598878391793e-01 -9.116405802365754596e-01
-1.137521938633110352e-01 -2.449902879316763205e-01 -8.601582830411569347e-01
-1.045661112162683537e-01 -2.320967836069334211e-01 -8.058828295160331834e-01
-9.369572757458977108e-02 -2.279701177811066515e-01 -7.597584798501797465e-01
-1.999498161764727833e-01 -1.697523067572834776e-01 -7.201245303606418346e-01
-2.176644481396081687e-01 -1.774056423380603320e-01 -7.403880019872790541e-01
-2.359386224309076852e-01 -1.851353662001002931e-01 -7.658238532433969681e-01
-2.491725572947949274e-01 -1.678257453873204241e-01 -7.939409830003958390e-01
-3.060827576366966785e-01 -1.991743436984176885e-01 -4.674415605798891704e-01
-8.407103899963566107e-01 6.386792098577132037e-01 1.305325422171196292e-01
3.038688806401193543e-02 -4.165210656428262048e-01 -3.058714944614719933e-01
-2.277956756075234512e-01 -1.318203694012299865e-01 -7.023534036178213924e-01
-2.431660766507484084e-01 -1.365175996970094952e-01 -7.114504881687970794e-01
-7.448469911120247922e-02 -3.367819515946219866e-01 -3.101410325326428019e-01
-1.985017520511116462e-01 -2.595564215282621934e-01 -2.671666786195756593e-01
-8.711447664478466635e-02 -3.379167486610787918e-01 -2.888977655813593781e-01
-2.890684383426584958e-01 -2.351672169367819976e-01 1.656986971248273210e-01
-4.178900302350250229e-01 -2.004872285814425226e-01 1.007334453790698081e-01
-2.412657867382650423e-01 -3.092393372039907717e-01 -1.408631183521530383e-01
-6.197905281886164630e-01 -1.809648567131993957e-01 1.351885448664745581e+00
-5.651920884658885313e-01 -2.699426269668805389e-01 1.177875479795264191e+00
-5.123037649926232007e-01 -3.400644970961863578e-01 1.025423537087330139e+00
-2.911606852098351794e-01 -1.024862894424058979e-01 -8.584502971580594277e-01
-1.634818780213356249e-01 -4.489984581931203422e-01 9.510241359304814068e-01
-1.901294814325176219e-01 -4.351141790215855565e-01 1.186623342302683959e+00
-2.200887608502855031e-01 -4.178593206615275335e-01 1.445517828274006433e+00
-5.315240360565205435e-01 -1.485109239418234139e-01 4.733152028531559807e-01
-7.188108469687826130e-01 -1.777397454168760937e-02 3.855639121885250375e-01
-1.967701862046897787e-01 -1.994741826508867888e-01 4.908228846474518292e-01
-6.343575218784351932e-01 -1.364505226354252310e-01 6.755749184640071903e-01
-1.522919199303718329e-01 -3.090342860517942825e-01 2.891478641037408259e-01
-1.760920058886137340e-01 -4.572034642398712379e-01 -1.381453447060477790e-01
-7.890094540323460137e-01 7.659775558178094634e-02 3.215078858152100594e-01
-6.695332293490992015e-01 -7.850339402890627039e-02 2.902251902773880232e-01
-5.717586092683468735e-01 -1.459918627315731632e-01 2.311986788353661559e-01
-4.201947282267823880e-01 -1.850802355577521041e-01 2.365120775705804590e-01
-3.075562069709889546e-01 -2.100066043738859634e-01 2.777732224555751195e-01
-2.232658512260314865e-01 -2.378909711085785972e-01 3.250043196040568461e-01
-4.655757264637250259e-02 -4.087625160003067748e-01 4.213863438948162177e-01
-7.741316646589382344e-01 8.476456476777016746e-02 7.910684895234321168e-02
-6.975951196182990088e-01 -1.011756431508382681e-01 7.053440909795609670e-01
-1.588446066694922110e-02 -5.192593801353582172e-01 -2.906035898628822611e-01
-2.012601663466826452e-01 -2.890101271524994075e-01 9.975308021213602494e-02
-8.707696605254220401e-01 5.133195488851534094e-01 6.259513330607644477e-01
-1.576006617011911359e-01 -2.576135101968475283e-01 3.791419588344222547e-01
-2.460946266740853261e-01 -2.322520274236890003e-01 -1.343944611905391051e-01
-5.878929751900940914e-01 -1.043159509286800679e-01 5.973490104122500810e-01
-1.803143687473447443e-01 -4.377636752246960583e-01 -5.659120174235765521e-02
-8.059691304919667232e-01 6.402923134545126516e-01 -1.512123792276879319e-01
-1.923128026099876209e-01 -1.864556544555782125e-01 5.301291632379334651e-01
-1.166916896055911756e-01 -5.232948323458330719e-01 -5.480037587443420399e-03
-6.020529005333834505e-01 2.292640229218694259e-01 -7.990793081796034869e-01
-5.944405522556479582e-01 3.834150930318820372e-01 -9.031588626957933741e-01
-8.354054776723529585e-01 3.639407362792916878e-01 9.925805386968922228e-02
-6.926126208165328535e-01 3.066668637136680253e-01 -6.263995244011653085e-01
-8.106752431322554742e-01 1.558926359226955327e-01 7.831740430760447680e-01
-2.912974763459468264e-01 2.660072003838512278e-02 -1.206968439207861010e+00
-2.228734748875894900e-03 -4.105812791955507635e-01 -2.995305618500276879e-01
-2.724071072395402027e-01 -2.479402905410275082e-01 2.490442979473486695e-02
-7.844287696500771290e-01 7.503306422574540502e-02 5.549081922913021714e-01
-4.583490423297860161e-01 -1.808115678421149397e-01 4.999885479134538180e-01
-3.919970498434430795e-01 -1.997131253323889410e-01 4.860034068557741449e-01
-2.708090468271047158e-01 -1.183541775252393569e-01 -7.314007299061877632e-01
-7.551879277544628621e-01 1.400387564098556359e-01 -1.454880541198472210e-01
-1.424198650360271046e-01 6.313844916030214582e-02 -1.350914138154557520e+00
-3.777401720252004935e-01 2.055190768049754979e-01 -1.183116071506123745e+00
-4.786329006223084548e-01 2.849148122467943800e-01 -1.070383886231354609e+00
2.662904123147835644e-02 -4.551849202739326472e-01 1.165937965586553382e+00
2.344200955629971439e-02 3.906035082410619363e-02 -1.375217916617387459e+00
-3.240181899514560371e-01 -2.050075298023283921e-01 4.931351527352259012e-01
-2.573513133383054097e-01 -1.985249238344390932e-01 5.113675409363405144e-01
-2.131230710915890114e-01 -1.857468183000783313e-01 5.217070797602336718e-01
-7.520477813656292199e-01 -2.593864445301241606e-02 7.500892717487062100e-01
-2.724027228004324286e-01 -2.236300741676089388e-01 6.230248654474861425e-01
-3.459386835139639516e-01 -2.387224975601238697e-01 6.639249939001024003e-01
-4.162340072343013730e-01 -2.349378571221905077e-01 6.739042139152955357e-01
-4.824425897123596485e-01 -2.131437168048559982e-01 6.594168732802643262e-01
-5.216979345239636245e-01 -1.845887713833338495e-01 6.332991336699791418e-01
-8.609921763176551224e-01 3.561961518380862834e-01 8.678301993494201838e-01
-5.017518815399135690e-01 -1.586041062650931366e-01 5.258788135324574675e-01
2.894288900047942148e-02 -3.372650489863575629e-01 -4.049990207355844696e-01
-2.315767941661694973e-01 -2.473884783835185175e-01 -4.188019960851416812e-01
-1.622816701901328429e-01 -3.678678538884394555e-01 -2.165972590728355573e-01
-8.266228205336922930e-02 -3.269048562672889346e-01 -4.049458025004524231e-01
2.866047026846574308e-02 -4.038332964585844564e-01 6.009452469167637645e-01
-5.001833416701124690e-01 1.712989711755330546e-01 -9.592383189429405377e-01
-4.018553775231765712e-01 1.048075529781099524e-01 -1.085618068833738015e+00
-1.518300284990461435e-01 -4.364591067229162125e-02 -1.295025912780392474e+00
-6.790128676934266139e-01 5.034508979435337039e-01 -7.080159508910952582e-01
-2.179191664821740204e-01 -2.024067619224663162e-01 5.656114730279537817e-01
-9.969210920016680078e-02 -4.103921953668976386e-01 2.339088171962626639e-01
1.723777615980004452e-02 -6.516238500791970978e-02 -1.317446110589733266e+00
-2.698180496970419284e-01 1.204757421929383288e-01 -1.282320050807008727e+00
-8.073327835531998176e-01 3.845840815791654599e-01 -1.536103462284763577e-01
-1.545094356539373770e-01 -2.020871537870307932e-01 -7.375812260236473961e-01
-1.718947286495993154e-01 -2.094125231504868623e-01 -7.723665525702214651e-01
-1.857855990954284664e-01 -2.189222061118485385e-01 -8.167017625645929257e-01
-1.943143620179998976e-01 -2.040056026495626895e-01 -8.643151786780034485e-01
-2.058437731010975824e-01 -1.375051744735920067e-01 -9.399320737948153592e-01
-2.281309568588774095e-01 -1.456082091342527640e-01 -6.706376472319997006e-01
-2.411223172208354359e-01 -1.485846421938561424e-01 -6.622789411910856572e-01
-2.522657287636627110e-01 -1.513135264660969703e-01 -6.525511702409163561e-01
-3.608994639902887158e-01 -1.400465849822379871e-01 -5.487537219392639720e-01
-6.585788654861417513e-01 -7.014355887183909566e-03 -2.361050799114980947e-01
-9.803807492182325944e-02 -3.539892167060738615e-01 3.639156240116552254e-01
-1.374893135128036903e-01 -2.491934631366419239e-01 6.088920128122699005e-01
-1.861852622108557398e-01 -2.204560732489557751e-01 6.022821405752201152e-01
-2.149590108891827889e-01 -1.365854304533140606e-01 -6.783481888484468314e-01
-6.637383698296090984e-01 1.421152179626693490e-01 -4.898295001210346555e-01
-7.317524347326598289e-02 -3.493509611233687195e-01 5.979901232379187803e-01
-2.467781672724758124e-01 -8.052378785996605615e-02 -1.021696932553276760e+00
2.645288899042630426e-02 -5.469622936460005747e-01 1.683083787071448789e-01
-4.501860676992919252e-02 -4.705917652996784994e-01 2.823420057610963596e-01
2.758803785018493215e-02 -4.921679786436392590e-01 2.991461363809779783e-01
-1.557168143645508707e-01 -3.845247446207533670e-01 5.497990107708145002e-02
1.503891029156467773e-02 -1.219345851221156352e-01 -1.224450328636965679e+00
1.458131539365642437e-02 -1.393441629631840817e-01 -1.103521990697329258e+00
-1.189782640383407752e-01 -1.206859453413522409e-01 -1.089729992332543418e+00
-4.221676535282696818e-01 -1.675068939748192154e-02 -7.886344347780882558e-01
-3.159264763312705782e-01 -2.014331204446513368e-01 -2.143431661465928784e-01
-3.468704786075935687e-01 -4.312922326646867477e-02 -9.220170449435238780e-01
-4.940828500494092168e-01 -1.708065737940636097e-01 -1.744383693547462144e-01
-3.905532319193181223e-01 -1.727148962907865126e-01 -3.164964414776316737e-01
-5.600100144358748366e-01 -8.495372464066885954e-02 -3.413888937026232639e-01
-1.434522639998179194e-01 -9.812001494805311363e-02 -1.204702919539674788e+00
-2.023517251868307554e-01 -3.199713711547236272e-01 1.087451897186397787e-03
-4.828170563376747992e-01 6.847288797852202347e-02 -8.557311039003154818e-01
-3.850410333595704060e-01 2.950652301511375031e-02 -9.952384797971891572e-01
-4.773868770533082895e-01 -2.790167041363422751e-02 -6.409671357208930331e-01
-7.323210613354262932e-01 1.926535493776082575e-01 -3.355776064112863111e-01
-5.741706325915476583e-01 5.541890265908827606e-02 -6.353035980901236002e-01
-7.662502561179813654e-01 3.810174255488099071e-01 -3.932139629426387728e-01
-4.521964635445239189e-01 -1.192566645652397561e-01 -4.497712207002968476e-01
-1.490229783302794431e-01 -3.463992531174540090e-01 1.689811773631428871e-01
-1.514063372295737508e-01 -4.685148520794073512e-01 -1.948379371334205690e-01
-1.973027198087251577e-01 -3.776148696112007208e-01 -2.066031683774769423e-01
-1.185669715611896713e-01 -5.327831285699176078e-01 -1.294698901930070312e-01
-2.022533250534372939e-01 -2.862619163203632411e-01 7.221234368915743218e-01
-3.348013201925503779e-01 -3.057328219033834671e-01 8.091766794908181737e-01
-4.490204358878884250e-01 -2.997314682517373541e-01 8.292375557707529765e-01
-5.418175890969898489e-01 -2.644263735780363334e-01 8.087658498297187748e-01
-6.043211170318052439e-01 -2.106920568541443828e-01 7.590662073699432355e-01
-6.431149302532794820e-01 -6.751428764846190145e-02 5.785137560264179690e-01
-8.541236657093094209e-01 3.159601458636593918e-01 3.399646826999354055e-01
-5.904457917359167141e-01 -1.079615221024186056e-01 4.020983745181023750e-01
-5.136985716211874831e-01 -1.508754871021578126e-01 3.561677379762553386e-01
-4.097058918984579634e-01 -1.841140309766515770e-01 3.469221323797353485e-01
-3.089081681946013180e-01 -2.042607321740472770e-01 3.678051983211712006e-01
-2.289085318590213802e-01 -2.108589245366427889e-01 4.022801454253905895e-01
-1.734143900760356516e-01 -2.210245333540346024e-01 4.342391599727792872e-01
-8.591250342490077685e-01 6.000979956836083318e-01 3.858388923695290629e-01
-1.968290889291204326e-01 -3.351332144475986929e-01 -2.302181284790478788e-01
-1.005581006730529303e-01 -4.572205950019547771e-01 1.179352129983418651e-01
-9.779995547888775675e-02 -5.276365473352266910e-01 -2.152519599324695942e-01
-5.801810797948947496e-02 -4.878630645201122995e-01 -2.655697306699775773e-01
-9.802469960758308787e-02 -4.873840196366829858e-01 -2.270018836405911511e-01
-1.755438379868572429e-01 -3.038938941717828079e-01 -2.602175252737701783e-01
-4.186320144082805728e-02 -5.076306652350193183e-01 -2.803300657366047943e-01
-3.006291486113396583e-02 -4.114237477264945930e-01 -2.909627179246263573e-01
-1.665169828690133969e-01 -1.959404357284793008e-01 5.247309800334623020e-01
-1.295863998372595027e-01 -2.380158813737924817e-01 4.912583033037560831e-01
-1.082858503480639278e-01 -2.888465524242675997e-01 4.613302261225800116e-01
-5.420442479490930054e-01 -1.557232152756533594e-01 6.134424804368978634e-01
-5.918266865576917724e-01 -1.568310168902176116e-01 6.645160334989688167e-01
9.337251371834565106e-02 -5.182197978292268914e-01 1.526178720122153276e-01
5.672130003989401814e-01 -1.519773687989394162e-01 5.137631698285907156e-01
1.064954038090204502e-01 -4.191709815470452405e-01 -2.804861185210800745e-01
8.345120140810067255e-01 1.461963655870093248e-01 9.671327706445920214e-01
3.461267889015076094e-01 -2.138774906140152865e-01 4.160396019486531927e-01
4.226500881261081588e-01 -2.081524861243604363e-01 4.044181683272340955e-01
4.954547909955380192e-01 -1.887527305531904176e-01 4.083454132971238160e-01
5.919074934354249251e-01 -1.352711203196452772e-01 4.780865018127791188e-01
2.828297144876712466e-01 -2.079417370512981478e-01 4.452205755828910760e-01
4.635670798603293008e-01 -2.840036156842273840e-01 7.427264891902058963e-01
3.732131507190992181e-01 -2.812008306100324262e-01 7.283894150503829046e-01
5.450733218805297042e-01 -2.588154755036420340e-01 7.211328221052206722e-01
5.953877391008717268e-01 -2.239727264087658654e-01 6.713552708143581960e-01
6.486570092834504919e-01 -8.850328214787006598e-02 4.009705484290591038e-01
3.031641535987468217e-01 -4.497685688443997520e-02 -1.129629224864823200e+00
5.947108705013981478e-01 -1.323898778350871552e-01 5.522984459524069578e-01
8.763313492832480733e-01 2.412358726537195963e-01 4.880957781994137434e-01
7.295875392992883235e-01 -2.358077485190374079e-02 4.894586436682928365e-01
4.071404215283749295e-01 -2.310526150814382618e-01 -9.086404775219547592e-02
7.212400761529202953e-02 -3.300747884850774305e-01 -5.606854955835309795e-01
6.497799742891707808e-02 -2.844475852603238764e-01 -6.401911921527347893e-01
1.561179056269832444e-01 -2.695944344565506245e-01 -5.941582259712006042e-01
2.094378375458680885e-01 -2.038730240044517306e-01 -6.308033723660377845e-01
1.323491667281421202e-01 -2.414355847222575679e-01 -6.470732200926230249e-01
1.839761037780907049e-01 -1.813136747417787298e-01 -6.624849739272247184e-01
3.389045711144915707e-01 -7.746275211916864301e-02 -8.021501628651819260e-01
9.169813897249579071e-02 -5.673267334133464956e-01 -2.461905028717263910e-01
1.016778346218978335e-01 -6.058932991969321336e-01 -1.363232680115208373e-01
6.878713586644096267e-01 -2.141550977585353621e-01 7.746206943548816781e-01
2.533271012276054890e-01 -2.736144559715683044e-01 2.013554585232402161e-01
2.702102072506562536e-01 -3.831228484759336972e-01 -1.855307468469180598e-01
2.747788852996722042e-01 -3.680172758807547240e-01 -1.189695301116018289e-01
6.286318513980297951e-01 -1.355038470874756484e-01 -6.641501600230559355e-02
9.775263313611270988e-02 -5.769306194381300656e-01 1.646194765486388989e-02
5.254927498205859138e-01 -3.596247564382384354e-01 8.933158893975559067e-01
6.238021604740282555e-01 -2.956269302566241208e-01 8.579058585250445290e-01
7.609024243900535112e-01 -2.833421987826523214e-02 1.142988812310337998e+00
1.962369866099038518e-01 -4.057238222024732721e-01 7.774056751886320171e-01
2.966357952452458591e-01 -2.505105338448228025e-01 6.746555329852115257e-01
3.968976315085779305e-01 -7.288106796823168310e-02 -6.930567360893267193e-01
8.020032295714258908e-01 5.776396775905467962e-01 -5.155469549503610693e-01
2.151248634320461761e-01 -3.450191367440766932e-01 -2.454103084495329323e-01
1.573447337116455902e-01 -3.471174212000649462e-01 -2.775409018183057075e-01
2.728465118549998625e-01 -7.103119794540913023e-02 -7.140548301302080958e-01
2.541013738082822382e-01 -9.359867284000789045e-02 -7.179335086078806327e-01
6.598247861824724225e-01 -2.687996388409956694e-01 9.279785824280990525e-01
2.730111423505441337e-01 -3.346126604835819585e-01 -2.275179101717372809e-01
3.889499201627693026e-01 -4.005353472613570887e-01 8.759777286294250231e-01
4.011359229204067844e-01 -4.282515883310225036e-01 9.591786746781352235e-01
4.625162204549368994e-01 -3.475117166672720970e-01 1.369789352010698735e+00
7.111621651956561152e-01 -1.646932966968392975e-01 1.020737774164419243e+00
4.221641368751249956e-01 -3.895075764178947964e-01 1.158052540666375307e+00
7.291542753165707325e-01 -1.551158754061715550e-01 8.256922245725277776e-01
7.871706535700830898e-01 -1.085039614384115947e-02 8.783717969449824636e-01
6.926089629943815718e-02 -3.155610119751317555e-01 -6.051339419696053490e-01
1.440911922670172762e-01 -2.585881703690342537e-01 -6.226596069869168026e-01
1.969394928584298210e-01 -1.990060980093728560e-01 -6.464261776824460348e-01
1.985385010783649040e-01 -3.260503966172274559e-01 -2.627777220792122392e-01
2.629560456404789193e-01 -8.343819562787535560e-02 -7.164750560763115672e-01
2.332007477054915956e-01 -1.267186372498421143e-01 -7.544370515491847229e-01
2.451326903335564467e-01 -9.546596622214487127e-02 -7.179946404439228047e-01
1.767338729741974035e-01 -4.540623150193545676e-01 -2.262795039788141338e-01
1.739847751722125579e-01 -1.655599869545454350e-01 -6.739016636127357351e-01
1.235531725162015704e-01 -2.059983772755651366e-01 -6.632527321464825043e-01
6.134155893944387428e-02 -2.443997536101438772e-01 -6.619279820830601402e-01
1.156053256610154456e-01 -1.562835298926747996e-01 -1.000867855309947707e+00
7.149099677519021867e-02 -2.296337467443718694e-01 -9.222124095078996220e-01
6.668046258017223948e-02 -2.412071410404461602e-01 -8.711910800183888526e-01
6.212178851429589477e-02 -2.274468640782787432e-01 -8.180479272458311968e-01
5.440829815451614371e-02 -2.225935873438364965e-01 -7.721454211842058157e-01
1.703439256703784821e-01 -1.619832148066899791e-01 -7.478822878356643500e-01
1.854800607663902312e-01 -1.722477981445340589e-01 -7.694021098835861494e-01
2.006728034992981691e-01 -1.813189512309714146e-01 -7.959131009444675442e-01
2.155761957366708614e-01 -1.646464885185574545e-01 -8.233314588123974431e-01
3.346716559459395057e-01 -2.056497042732126079e-01 -4.998470398703074302e-01
8.845324333844679643e-01 6.130760834405641901e-01 4.816870602053491268e-02
2.057643240877000679e-01 -1.213156165102713402e-01 -7.320170594743293790e-01
2.191134273129746735e-01 -1.285982069238750247e-01 -7.434291234385890235e-01
1.331063151928403299e-01 -3.428571223720946470e-01 -3.187558629121356457e-01
2.498823528909464020e-01 -2.721063562938772495e-01 -2.849778545010133168e-01
1.449304176595268556e-01 -3.468077369770354856e-01 -2.991913014984646235e-01
3.315851028602097017e-01 -2.390889774703559567e-01 1.370160900850532215e-01
4.550171646037668438e-01 -2.092888513422259678e-01 5.949161841718247912e-02
2.880069045855142562e-01 -3.184899857285881097e-01 -1.626022337380632621e-01
6.442989878087814759e-01 -2.034350146418262284e-01 1.279651795864424457e+00
5.963089523068241249e-01 -2.887319280162010671e-01 1.117963543867747767e+00
5.502831455251495640e-01 -3.582759771704342455e-01 9.765608852694924735e-01
2.913665939955070172e-01 -1.062042747913123364e-01 -8.780789327121931720e-01
2.212244415776574158e-01 -4.559138471504073920e-01 9.169795767501369710e-01
2.372495480168286264e-01 -4.429000918888110760e-01 1.162739487572842734e+00
2.631265261306543479e-01 -4.286286500942910749e-01 1.415900183611526586e+00
5.568764539555743909e-01 -1.596983290682434387e-01 4.311737788161611462e-01
7.273714180773538374e-01 -3.767876975092393499e-02 3.170250280742994420e-01
2.413142190656243358e-01 -1.990236029086549507e-01 4.733676627370928536e-01
6.605040227490590610e-01 -1.531259186519567939e-01 6.231422176739105367e-01
2.012837535190978855e-01 -3.099151698178523873e-01 2.732079085119352158e-01
2.242583254422925165e-01 -4.640947665316801363e-01 -1.559477651570464474e-01
8.175410897775989838e-01 5.582886767766298552e-02 2.443131939150848808e-01
6.776526185849185424e-01 -9.526524093165988916e-02 2.289027331570561152e-01
5.823178926182848159e-01 -1.596548546720271133e-01 1.805850097711112490e-01
4.392098001405386754e-01 -1.930731235504534737e-01 2.015851347463735177e-01
3.337523107614650542e-01 -2.147637023060777750e-01 2.542833847028580507e-01
2.554052883652042638e-01 -2.412588123351273595e-01 3.079037259748482747e-01
1.019806939157095194e-01 -4.092705929440025869e-01 4.142648843644889389e-01
8.055901077559326495e-01 6.630266882355034808e-02 5.586322046181563250e-03
7.139362386686052275e-01 -1.189842728199769217e-01 6.405032875179919039e-01
6.603102784617059795e-02 -5.201711928424979092e-01 -2.938917106160823245e-01
2.489893739710851150e-01 -2.918359259070744116e-01 7.989342772375829238e-02
8.989047357782098402e-01 4.905513498782974047e-01 5.366212970469388388e-01
1.974814273267888609e-01 -2.589170020936144567e-01 3.674430324575097551e-01
2.971561375185975962e-01 -2.416466409488631228e-01 -1.569368724200685961e-01
6.221758110611901316e-01 -1.174813603884388158e-01 5.480361542418528131e-01
2.267386414950207651e-01 -4.447341934163340227e-01 -7.414227798846495521e-02
8.555925453091290933e-01 6.135752065086137463e-01 -2.241713026508875828e-01
2.413381577331579209e-01 -1.840651546554585849e-01 5.120365770034029929e-01
1.636247145375850920e-01 -5.270567920987616617e-01 -1.775672441173090088e-02
6.346868474523965631e-01 2.067392167522115187e-01 -8.389986177655686106e-01
6.354430868018283718e-01 3.593869607408066713e-01 -9.385718848705693063e-01
8.796665569630199855e-01 3.415561415973420445e-01 2.048667943225274124e-02
7.294628510309912883e-01 2.835081925647919832e-01 -6.788880314271850125e-01
8.355671654267915471e-01 1.351809088769003742e-01 7.018325432028644784e-01
3.213987003316063351e-01 1.325554774047284223e-02 -1.217438441856010911e+00
6.363614140639428651e-02 -4.127635460665786127e-01 -3.025635858929656141e-01
3.161364854146100356e-01 -2.545721154365256922e-01 -1.767986793553888436e-03
7.890588853458311291e-01 5.563527632287268432e-02 4.709457291662357825e-01
4.925189557691780351e-01 -1.900047931642205867e-01 4.682376286725391523e-01
4.267472632234792229e-01 -2.061163674025046078e-01 4.605210568744642075e-01
2.470872578517122609e-01 -1.117132031744803022e-01 -7.665177616065914634e-01
7.893150697878752453e-01 1.210448985927220500e-01 -2.131991420350960453e-01
1.857918836741987434e-01 5.610530775151728600e-02 -1.353934332209320246e+00
4.197260187363411887e-01 1.888810077716431834e-01 -1.195740661243995362e+00
5.206149595646003547e-01 2.650143694117979010e-01 -1.091416688122354373e+00
3.615301929750422971e-01 -2.093334727225126812e-01 4.705437476616078918e-01
3.003801617425141401e-01 -1.993464234252400047e-01 4.905139972848910901e-01
2.610040876076302752e-01 -1.840007755495722819e-01 5.017673336891177449e-01
7.625896009581083490e-01 -4.365972999017425638e-02 6.695796440024635032e-01
3.122511323753993651e-01 -2.250348706574314406e-01 5.919310391530294702e-01
3.793267238122126628e-01 -2.442000494864640103e-01 6.278673408092405595e-01
4.486457790912190546e-01 -2.435523734815561170e-01 6.358307111585954630e-01
5.156788581184557074e-01 -2.247825711614321875e-01 6.188356596602697657e-01
5.555310046415229408e-01 -1.973551480805877389e-01 5.903877757642184143e-01
8.801411863712438333e-01 3.321944103979888041e-01 7.783437805949828814e-01
5.370982306406624218e-01 -1.693426151259007639e-01 4.887096077075634426e-01
2.722134764833408216e-01 -2.540512810053254800e-01 -4.427314802399484606e-01
2.141114753643744706e-01 -3.764349095777910215e-01 -2.322267106126127967e-01
1.360641703143100623e-01 -3.280848827780622479e-01 -4.142892638692465823e-01
5.317434539379988223e-01 1.501283143703358025e-01 -9.871756629201549060e-01
4.310145667074802844e-01 8.603425810630627169e-02 -1.102946494256423549e+00
1.834013468745929742e-01 -5.139680018792702754e-02 -1.300859514072971734e+00
7.260042130654511539e-01 4.798114350370163983e-01 -7.571440165877945105e-01
2.636580237490777634e-01 -2.001446873387440206e-01 5.430623071900648746e-01
1.513924994217568099e-01 -4.122018032345948768e-01 2.224023202189737702e-01
3.114815800631411946e-01 1.084139030152601046e-01 -1.288197197183677645e+00
8.521885185851338917e-01 3.617872181879087101e-01 -2.260018522277409403e-01
1.188476822487869455e-01 -1.950194788682999558e-01 -7.603550643226091310e-01
1.332375445434079708e-01 -2.038147182529872481e-01 -7.957310023421717560e-01
1.444633518081679391e-01 -2.137826761293544209e-01 -8.389068481766166485e-01
1.550455949938323030e-01 -1.995739457353522539e-01 -8.836436845490425185e-01
2.159863104436929859e-01 -1.381036988971562351e-01 -9.523398431895477856e-01
2.210159359449077598e-01 -1.340384032671420034e-01 -6.889286609752520718e-01
2.335884593975672274e-01 -1.347822759806333037e-01 -6.831904144979912274e-01
2.450888411848968218e-01 -1.367533402632536976e-01 -6.745816766187795466e-01
3.778086261014816927e-01 -1.409688474266527214e-01 -5.859638937667890346e-01
6.850454022290968226e-01 -2.529054631362781524e-02 -2.950375257256991901e-01
1.510243545346483529e-01 -3.548376519227858239e-01 3.518201301364691780e-01
1.895139764808098093e-01 -2.515132939182311844e-01 5.894840184527860849e-01
2.324315674301908885e-01 -2.188521455247194325e-01 5.805825122271026650e-01
2.086102387461670205e-01 -1.234002270256921996e-01 -6.951052823766783462e-01
6.939388702027891043e-01 1.201602310214305858e-01 -5.459499956925029096e-01
1.225335477223525871e-01 -3.496757426127192758e-01 5.860513373109506041e-01
2.623104330421028862e-01 -8.872930919130217475e-02 -1.033192580540700511e+00
9.835386553604141824e-02 -4.724510634772638440e-01 2.758306141929889321e-01
2.041441467932152420e-01 -3.895908622611994332e-01 3.846514511219586985e-02
1.427401649073618550e-01 -1.271387105176899901e-01 -1.096269984309519607e+00
4.219209254861056024e-01 -3.004541309934316562e-02 -8.279951865523864640e-01
3.577469215180961726e-01 -2.130478511362632332e-01 -2.435051251377533532e-01
3.550487939974864560e-01 -5.473320619534027820e-02 -9.425522921077771343e-01
5.223596012973796832e-01 -1.861339403845132523e-01 -2.202322865487174042e-01
4.213490880999035681e-01 -1.855924660551107053e-01 -3.541876578973197631e-01
5.831126631186140941e-01 -1.039749134509380113e-01 -3.949439295213537093e-01
1.701575994168758044e-01 -1.050294712153481136e-01 -1.212251946105898703e+00
2.494784516786472395e-01 -3.263821981194983124e-01 -1.817641627856633746e-02
5.013311134943627678e-01 4.994242861093689534e-02 -8.855614052521767476e-01
4.057345764754014539e-01 1.274724412122928141e-02 -1.013960236305282869e+00
4.828216303033805445e-01 -3.924914088398417933e-02 -6.936411803590241121e-01
7.668168730339885997e-01 1.715012932000830048e-01 -3.975647168384455199e-01
5.900723106653771310e-01 3.400806921275367767e-02 -6.857768555238337171e-01
8.099289634967803408e-01 3.599777417533878143e-01 -4.576527490000881215e-01
4.679155507337116049e-01 -1.314437611088359326e-01 -4.997167557330444154e-01
1.987967220596349449e-01 -3.478912943955982939e-01 1.530420947292507883e-01
1.992693904950932904e-01 -4.736139344552441344e-01 -2.099583255987149677e-01
2.457916378820721448e-01 -3.872592918359036851e-01 -2.247630232658819338e-01
1.682888882603323921e-01 -5.385784320832414096e-01 -1.425791478238664922e-01
2.520504154585481160e-01 -2.904470021968066362e-01 6.997013740784288061e-01
3.790369438367520161e-01 -3.170310589905405152e-01 7.817054923449893167e-01
4.895012776794729348e-01 -3.145230488224353138e-01 7.957892723463126927e-01
5.774191606531431376e-01 -2.810390688566215545e-01 7.694332612572019059e-01
6.345573931025718650e-01 -2.282111285447392390e-01 7.133921894568731048e-01
6.664651579592693054e-01 -8.331355591975686536e-02 5.196023152956041891e-01
8.888624092486416828e-01 2.957412586688015210e-01 2.566076791660893974e-01
6.096035336682348316e-01 -1.211863409327094132e-01 3.486086644512145227e-01
5.329980215854277503e-01 -1.622464836788122255e-01 3.111669086874120360e-01
4.329076776660478743e-01 -1.917150574116277539e-01 3.149016329159537442e-01
3.377472932781131476e-01 -2.084455220546015397e-01 3.457296580107405148e-01
2.651511380123201533e-01 -2.144156111404580400e-01 3.853607616912895217e-01
2.151309222060326931e-01 -2.225907586018927020e-01 4.206800078811157029e-01
8.945913356838275377e-01 5.782389212680953960e-01 2.988106990396186546e-01
2.449644533324948359e-01 -3.453526797858454955e-01 -2.475365104101918678e-01
1.524571411357369399e-01 -4.586869216372306823e-01 1.065857281010516022e-01
1.467209350516527344e-01 -5.329079392789322078e-01 -2.260801182166234380e-01
1.066910152475468720e-01 -4.931439037125331382e-01 -2.727853951127270360e-01
1.466445773621281035e-01 -4.922462995650715989e-01 -2.380716283785369036e-01
2.257979624199963897e-01 -3.151620396344103625e-01 -2.754629010341236306e-01
9.095213683316671904e-02 -5.117253140635029673e-01 -2.860073227491914949e-01
8.859765939135233470e-02 -4.157249005299927802e-01 -2.958680744094401849e-01
2.149199141365674137e-01 -1.954804211172813666e-01 5.076985321809694973e-01
1.760402806069878423e-01 -2.387944615606691912e-01 4.775825504705921709e-01
1.524458192929776246e-01 -2.905222961511046975e-01 4.507860467642892388e-01
5.775263111650090764e-01 -1.689898250255410517e-01 5.691992239631180617e-01
6.241048162706661628e-01 -1.737051505378790495e-01 6.171701397568476466e-01
-4.006105302171967253e-01 -1.903190667995069418e-01 5.930952494261187979e-01
-3.214077282062248742e-01 -1.976997242950240263e-01 5.906745169865739165e-01
-3.996292298457504444e-01 -2.005568246148747846e-01 6.867978887693082513e-01
-4.808829133735486039e-01 -1.828738822001589881e-01 5.951203742954436215e-01
-4.023047366876184583e-01 -1.800844169409749895e-01 4.992100903256226907e-01
4.338894960303001369e-01 -1.981826045886574406e-01 5.569582679911357914e-01
5.114251751947058722e-01 -2.052080670172156118e-01 5.530336888025777498e-01
4.327710015642409758e-01 -2.085948149811827079e-01 6.527728086745971936e-01
3.557377754216375365e-01 -1.911880367310274664e-01 5.614935301242653942e-01
4.353004344348221366e-01 -1.877905219165931783e-01 4.611025731072495581e-01
