-1.675447386120912374e-02 -2.892831342163957320e-01 -5.090569123523172035e-01
2.336014716314060990e-02 -4.936607858923514058e-01 -2.143308367896061828e-01
2.591758503323099427e-02 -3.105925283472297238e-01 -2.797134280171289511e-01
-3.479314386197834841e-02 -4.477296919289430743e-01 1.367558609264885039e-01
2.314942719058812881e-02 -5.291368179926725368e-01 -1.159518291937493562e-01
2.206663041747082554e-02 -5.195176107337995397e-01 2.387487492561135571e-02
2.439329501636611219e-02 -3.818958589112508850e-01 3.799110938493581724e-01
-4.580054394338439749e-01 -1.207931373463294600e-01 4.787791720790617322e-01
2.487803518852887974e-02 -3.655128850597799683e-01 6.504986832872017288e-01
2.385406738526045511e-02 -3.944398751982403084e-01 7.810334604960500471e-01
2.240082695238357346e-02 -3.823144963362123949e-01 1.240145472214000399e+00
-1.572961130998005996e-02 -2.769680405485709374e-01 -5.382018097212002417e-01
-1.411053873146567855e-02 -2.525079720532129590e-01 -5.656799463575727938e-01
-1.152680130451128743e-02 -2.169999153732767860e-01 -5.838744777322044666e-01
-1.767134710541092696e-02 -2.023405209557519457e-01 -6.492745674496820385e-01
-1.871454983151144003e-02 -2.057347041706606428e-01 -6.920182632817191148e-01
-2.058941464412171463e-02 -2.156209728529168146e-01 -7.399687794556766285e-01
-2.033637109558045220e-02 -2.039499761500370711e-01 -7.860304019453305813e-01
1.184545318971735872e-02 -1.380501301280186999e-01 -8.562971023808589877e-01
2.224747480669919675e-02 -4.525455347884761448e-01 -2.570032974727168851e-01
-4.292327528722145180e-02 -3.585132071162338008e-01 -2.369107575994152670e-01
-7.105889947947185981e-01 1.469116509879841992e-01 9.105689755938062291e-01
-2.720993155757800430e-01 -1.818352038570936191e-01 3.736660981584054575e-01
-3.417809209221656097e-01 -1.744013554966350465e-01 3.671900525103566348e-01
-4.066655060344026573e-01 -1.551624619156166673e-01 3.789684875210956871e-01
-4.859632526347179571e-01 -1.066066526299680461e-01 4.527769897742113248e-01
-2.106961471390678131e-01 -1.771720977763524552e-01 3.980545187784205741e-01
-3.704257108556396894e-01 -2.366231791907502657e-01 6.718851095914892824e-01
-2.908454446748232058e-01 -2.359120257316704716e-01 6.569335877762383369e-01
-4.408215037284968219e-01 -2.113012998647445517e-01 6.566867816326951157e-01
-4.854330254048422333e-01 -1.788273571950971252e-01 6.189856102338622268e-01
-5.444517043095853381e-01 -6.336578834773165525e-02 3.962682068524785439e-01
-2.413030555404572786e-01 -2.810357405046347290e-02 -9.610438896998911851e-01
-4.802898021125168171e-01 -1.032333830070837344e-01 5.159433197651435155e-01
-7.330974313346616533e-01 2.274042452647306867e-01 4.943280865455796924e-01
-6.188427571239274450e-01 -4.157984971348954381e-03 4.829300594741470221e-01
-3.183732506824044073e-01 -1.905849432141393240e-01 -4.764159687418056954e-02
-9.306676179689982176e-02 -2.792924569580110816e-01 -4.865045257718891847e-01
-8.121613145114159327e-02 -2.405206673006790030e-01 -5.557234674646316375e-01
-1.584984562365661098e-01 -2.337624881021393985e-01 -5.061044722360459325e-01
-1.966071702926854847e-01 -1.830120941284597569e-01 -5.329480042121099714e-01
-1.347216009567570039e-01 -2.104627932648172051e-01 -5.546483496425294035e-01
-1.718763611908433742e-01 -1.628183565786300857e-01 -5.632801094583694823e-01
-3.018305048938341173e-01 -6.079534941587533270e-02 -6.543258560759621645e-01
-3.451699907464361727e-02 -4.863531198553912027e-01 -2.072411108080471909e-01
-4.471456818623542606e-02 -5.192410634754274223e-01 -1.114128454446823291e-01
-5.759812855191559500e-01 -1.691540157864446225e-01 7.159928468910226051e-01
-1.788044739394528682e-01 -2.341067236960148179e-01 1.920512979402084763e-01
-1.917457614294554302e-01 -3.234883958803278503e-01 -1.430096418773235678e-01
-1.971014812206350886e-01 -3.104697925648025603e-01 -8.493207362193833099e-02
-5.182957438888058377e-01 -1.050230865110362011e-01 -8.052226484096869363e-03
-4.036410204869644858e-02 -4.972870308918397875e-01 1.946169969516009512e-02
-4.207976170693483731e-01 -2.953595301403011408e-01 8.066142894895556026e-01
-5.125683827796856384e-01 -2.389890171926478679e-01 7.801616292517801199e-01
-6.427429682828034174e-01 -4.184265558305672039e-03 1.057661532722246278e+00
-1.219420907612661642e-01 -3.464475401335709304e-01 6.902781811729630235e-01
-2.203585339675584454e-01 -2.128628545074107148e-01 6.090456540220570147e-01
-3.444443927469487132e-01 -5.881510390345554007e-02 -5.560562785099492089e-01
-6.487985835461618223e-01 5.192161581096650380e-01 -3.913190334790639380e-01
-1.405418256022940016e-01 -2.907455163201577708e-01 -1.991261048643311327e-01
-8.703495013479289888e-02 -2.912714676349579257e-01 -2.305518865151844343e-01
-2.468806473271195623e-01 -7.045006164091272005e-02 -5.750284630437816347e-01
-2.343303611749688597e-01 -8.724358784357386098e-02 -5.801377733247794488e-01
-5.463524357491000849e-01 -2.151995654623473087e-01 8.495474289598758943e-01
-1.958517648307400716e-01 -2.805889811339405959e-01 -1.792561105563976742e-01
-2.944040544123049941e-01 -3.328037223233915043e-01 7.864183871780694446e-01
-3.048265549663131679e-01 -3.560249730750919550e-01 8.638826107960131395e-01
-3.691807850984685224e-01 -2.863370440935109063e-01 1.228012524152268803e+00
-5.934892596219443206e-01 -1.252127515344930719e-01 9.405864414904208104e-01
-3.289351267111251254e-01 -3.247288553669303024e-01 1.037080004565238411e+00
-6.129451688653531072e-01 -1.180440008201966151e-01 7.726438489696318968e-01
-6.609177984607517153e-01 7.753563807695262877e-03 8.236327366518727544e-01
-8.894284522582190933e-02 -2.669330391743250930e-01 -5.256292840120004861e-01
-1.469222430878843744e-01 -2.247108355280427183e-01 -5.320190540895026743e-01
-1.852737355337583658e-01 -1.780950398423577496e-01 -5.481728148630129471e-01
-1.248895920179412533e-01 -2.735246708381360303e-01 -2.154408355052901403e-01
-2.401977614089000346e-01 -7.913962707446250966e-02 -5.777544434075561064e-01
-2.240281862569210025e-01 -1.145377922077914778e-01 -6.102537467516757630e-01
-2.271310027122843689e-01 -8.904956339577815849e-02 -5.818519177527421427e-01
-1.095584089671561290e-01 -3.898395889641297352e-01 -1.841756584579509193e-01
-1.618888582051151159e-01 -1.492814073487122029e-01 -5.746915350566903502e-01
-1.232351455859308498e-01 -1.812025261396960074e-01 -5.706822727095954839e-01
-7.312011262329559669e-02 -2.083400001343808094e-01 -5.745820587786165667e-01
-8.162954004229736049e-02 -1.328386944003225878e-01 -8.477239549728468049e-01
-1.008583604463912931e-01 -2.003003699572938334e-01 -7.712720141928097739e-01
-9.765022217754570910e-02 -2.118172296726859027e-01 -7.242872635113917212e-01
-8.972663104922484756e-02 -2.007034953625125295e-01 -6.762125322821535001e-01
-8.041069204105150137e-02 -1.971297355973458121e-01 -6.362311040389223571e-01
-1.724395369259995592e-01 -1.464002980612424398e-01 -6.058110670318561652e-01
-1.875451912613623762e-01 -1.530521068891477210e-01 -6.234027859579982511e-01
-2.030940584369116397e-01 -1.597884182155215882e-01 -6.460037357672265834e-01
-2.143091375815757704e-01 -1.448798231048373797e-01 -6.709865931321683519e-01
-2.663369044892934800e-01 -1.713749126438193215e-01 -4.061784433092394675e-01
-7.256920073950312577e-01 5.513009038524252503e-01 1.126742639849984684e-01
2.611241648197661080e-02 -3.603348417504608214e-01 -2.651473000308874894e-01
-1.977080839249401034e-01 -1.132313901535174083e-01 -5.936028677296514289e-01
-2.109602294943762057e-01 -1.172747849011962495e-01 -6.015866157728040342e-01
-6.475631081172589232e-02 -2.916165553752765316e-01 -2.687776202644359680e-01
-1.716184708861783204e-01 -2.244877507913459747e-01 -2.307092327061897041e-01
-7.553887600693620641e-02 -2.926236554476489005e-01 -2.501656234159285175e-01
-2.495207122352083307e-01 -2.029937678456616990e-01 1.430293032975995526e-01
-3.607181004542359126e-01 -1.730583814563824152e-01 8.695200901019739526e-02
-2.082579865518158213e-01 -2.669320113696294072e-01 -1.215915027930465353e-01
-5.349964005649709975e-01 -1.562068837245189634e-01 1.166932723424416452e+00
-4.878676249551028299e-01 -2.330115211802397113e-01 1.016729216977817707e+00
-4.422150029752103251e-01 -2.935399520191284140e-01 8.851343685598358491e-01
-2.502681393889769623e-01 -8.846053667488706918e-02 -7.312612693557465349e-01
-1.411157678621371980e-01 -3.875705549979602260e-01 8.209136255441151775e-01
-1.641176874789640472e-01 -3.755857971751530577e-01 1.024280276152253144e+00
-1.899782095796637149e-01 -3.606915922864972757e-01 1.247755168732975761e+00
-4.588057305991388723e-01 -1.281930041520001895e-01 4.066883324367531749e-01
-6.204696559969469227e-01 -1.534230174266815183e-02 3.328145491533474054e-01
-1.698498711583595888e-01 -1.721839312965223190e-01 4.219781668109490180e-01
-5.475704700879147069e-01 -1.177825984645193280e-01 5.846038452194093349e-01
-1.314567185077775147e-01 -2.667550134592588940e-01 2.495833126650349731e-01
-1.520006922242028713e-01 -3.946530264169001434e-01 -1.192455488791537288e-01
-6.810643253176307255e-01 6.611834573296082596e-02 2.775220882563178559e-01
-5.779337557920882773e-01 -6.776326981271107996e-02 2.505192078450646509e-01
-4.935357738437562425e-01 -1.260185773616844251e-01 1.995681720857438446e-01
-3.627074905366933777e-01 -1.597592337019082542e-01 2.039784336504019135e-01
-2.654791532212665839e-01 -1.812754024545359943e-01 2.390310651988865054e-01
-1.927206392199831697e-01 -2.053448826363213353e-01 2.794863285638382600e-01
-4.018798715373611552e-02 -3.528393300639376395e-01 3.637360772444571122e-01
-6.682219803621514131e-01 7.316784459218572678e-02 6.828416477426357822e-02
-6.021564723459338353e-01 -8.733370711577137513e-02 6.096199144274918602e-01
-1.371129268890881880e-02 -4.485164604178197845e-01 -2.512343693319357696e-01
-1.737255728758330120e-01 -2.494703786540564128e-01 8.610576563270666561e-02
-7.516388407286389572e-01 4.430918165138808540e-01 5.403143341127627508e-01
-1.360391663022247899e-01 -2.223691625217583123e-01 3.259832959736375102e-01
-2.124261883346317825e-01 -2.004774081635807281e-01 -1.160078287280903453e-01
-5.074627819230181913e-01 -9.004438786770663228e-02 5.162393530364961514e-01
-1.556453896317322450e-01 -3.778728132999675804e-01 -4.884890669898123150e-02
-6.957037324204806694e-01 5.526933172223880142e-01 -1.305248700645982307e-01
-1.660023064237509116e-01 -1.609464802410842665e-01 4.566991437366403339e-01
-1.007269893221687806e-01 -4.517023720215229687e-01 -4.730309192368498117e-03
-5.196854745044432455e-01 1.978981953801628446e-01 -6.897565132068872451e-01
-5.131145787853075291e-01 3.309597119753271421e-01 -7.795968455548218934e-01
-7.211128651371634390e-01 3.141496632608991035e-01 8.567846720688909734e-02
-5.978556339117702123e-01 2.647114833026202874e-01 -5.407012137627376092e-01
-6.997659973449965598e-01 1.345648171439084440e-01 6.760272624464658264e-01
-2.512817389174916149e-01 2.297274358862196053e-02 -1.041453769911308225e+00
-2.055113666981484705e-03 -3.552348363419577382e-01 -2.596182063143159802e-01
-2.351388335788168193e-01 -2.140193451844996098e-01 2.149723141041465224e-02
-6.771103286926738463e-01 6.476771910803913457e-02 4.789906783304631599e-01
-3.956418768862057789e-01 -1.560745664486862250e-01 4.299875217734920874e-01
-3.383675631688709551e-01 -1.723901840040598099e-01 4.175934157693927951e-01
-2.348028672476553114e-01 -1.015615477451267123e-01 -6.202519688074961124e-01
-6.518699539980765678e-01 1.208799211392224127e-01 -1.255836967295882456e-01
-1.229352687687990109e-01 5.450041937495087030e-02 -1.166094298822639708e+00
-3.260611592269386794e-01 1.774018191269068900e-01 -1.021252830620584806e+00
-4.131506813653329502e-01 2.459353447539776027e-01 -9.239436556575597592e-01
2.298589694646253900e-02 -3.929106413576843870e-01 1.006424885364331168e+00
2.023488608527648780e-02 3.371646660716920429e-02 -1.187073054396305949e+00
-2.796889553124182193e-01 -1.769602559973038058e-01 4.239138093937411256e-01
-2.221428370631078897e-01 -1.713645414754350060e-01 4.400719628879208312e-01
-1.839655024167352604e-01 -1.603346206295941379e-01 4.492352160776129644e-01
-6.491594140029222082e-01 -2.238995472719396140e-02 6.474746370943917917e-01
-2.351350489789649778e-01 -1.930350324768737025e-01 5.390264402897906315e-01
-2.986104854442572787e-01 -2.060626471685600425e-01 5.752735105866559895e-01
-3.592886395245420417e-01 -2.027957869639607225e-01 5.841174317818289552e-01
-4.164391632922925801e-01 -1.839833235704679826e-01 5.712782686295270196e-01
-4.503239472991138470e-01 -1.593350072054355859e-01 5.481318489460762500e-01
-7.431990233712748584e-01 3.074646227327297865e-01 7.491015300127790155e-01
-4.331067326651116822e-01 -1.369053286674726255e-01 4.529323409533521083e-01
2.388221744694074555e-02 -2.898926890180080207e-01 -3.530424729907051251e-01
-2.010418138904348506e-01 -2.135916172173986105e-01 -3.641712578613607310e-01
-1.400797615980531319e-01 -3.179686996899657725e-01 -1.871817324536843019e-01
-7.247077750473157609e-02 -2.813507468817368906e-01 -3.527499792721837668e-01
2.473940425798550058e-02 -3.485844817039229770e-01 5.187293600254172521e-01
-4.316787757668492098e-01 1.478685240047477034e-01 -8.279595221376125913e-01
-3.466422216233429054e-01 9.048500593147701387e-02 -9.367072205528188533e-01
-1.310518339451111069e-01 -3.767424475825165153e-02 -1.117781701747306400e+00
-5.861164758599390900e-01 4.345733050296396449e-01 -6.111516198486466322e-01
-1.881054394664805063e-01 -1.747153016278046866e-01 4.881447682187982640e-01
-8.605313757003435482e-02 -3.542460514569689689e-01 2.019075338574543022e-01
1.487945972035116526e-02 -5.624745756175331124e-02 -1.137095547472238621e+00
-2.329039874443650238e-01 1.039933435481312785e-01 -1.106884633359972447e+00
-6.968808228182821196e-01 3.319687729903257889e-01 -1.325947682110804049e-01
-1.327740984692356574e-01 -1.746447558153302326e-01 -6.191598058253773296e-01
-1.476775816585906842e-01 -1.809776019525775048e-01 -6.493156520327878489e-01
-1.596118582705416955e-01 -1.891849914283096901e-01 -6.876215073948559464e-01
-1.669073679028745261e-01 -1.762905233819114237e-01 -7.300921047968498279e-01
-1.767725562850661625e-01 -1.188071175914158228e-01 -8.006567117651570697e-01
-2.008397444579465008e-01 -1.236323478495702233e-01 -5.756451843644783128e-01
-2.123317556024607589e-01 -1.260647924744086601e-01 -5.686854369325762271e-01
-2.221591849863784329e-01 -1.283351041275917481e-01 -5.606248037248644511e-01
-3.147977324069035632e-01 -1.193337600296442425e-01 -4.742207351331202414e-01
-5.684780687968560287e-01 -6.054714508629155389e-03 -2.038033209008893731e-01
-8.462539328373319680e-02 -3.055596175857167029e-01 3.140713841668041351e-01
-1.186792706569306244e-01 -2.151010700535449516e-01 5.261832454326502706e-01
-1.607130806147782920e-01 -1.902952696221038575e-01 5.205585052995713724e-01
-1.891392970192897760e-01 -1.160404869856275223e-01 -5.820342622724836712e-01
-5.729316964773589760e-01 1.226723014730985994e-01 -4.228154635101855074e-01
-6.316406929140566673e-02 -3.015559261306377525e-01 5.162588664829081964e-01
-2.122028545771896813e-01 -6.950614146314826325e-02 -8.756094972361321283e-01
2.283384425990450661e-02 -4.721318655846240553e-01 1.452819475348350320e-01
-3.885956865257611526e-02 -4.062096613619525787e-01 2.437145292490050519e-01
2.381369233188324053e-02 -4.248340125771554732e-01 2.582196708853812250e-01
-1.344130498992168743e-01 -3.319175510821337216e-01 4.745804851411039582e-02
1.298106099232823607e-02 -1.052613619622442265e-01 -1.054452885622596092e+00
1.267722254595674697e-02 -1.204046108401352067e-01 -9.465906826539338681e-01
-1.023186124787016649e-01 -1.042420199360397093e-01 -9.349623865080221030e-01
-3.643355305592717031e-01 -1.425678987988866081e-02 -6.777739045910351479e-01
-2.727042766761478276e-01 -1.738748649602839258e-01 -1.850186751147464559e-01
-2.984545315887141559e-01 -3.717071339254979234e-02 -7.904520142369317881e-01
-4.264869086170897106e-01 -1.474383650871957663e-01 -1.505732912665802559e-01
-3.372769049145478704e-01 -1.490856081805158606e-01 -2.732141532420246932e-01
-4.833945153681895590e-01 -7.333112532419028273e-02 -2.946831566747964981e-01
-1.236411632728005583e-01 -8.469055991966928376e-02 -1.037577580906853925e+00
-1.746677945199598403e-01 -2.761957856179442228e-01 9.386765759111792562e-04
-4.164467265126881035e-01 5.912691424815416652e-02 -7.369114173773669840e-01
-3.317062946718030148e-01 2.551521090738928521e-02 -8.557961723042386559e-01
-4.130625657434086051e-01 -2.341455602507773459e-02 -5.523071272476804960e-01
-6.321315251741665975e-01 1.662964353042195587e-01 -2.896669170872046006e-01
-4.956183224620638317e-01 4.783879156207870853e-02 -5.483024933935136680e-01
-6.614188347685634461e-01 3.288900687503710785e-01 -3.394179892374538099e-01
-3.909614376300702965e-01 -1.024315008847115904e-01 -3.882647466464166364e-01
-1.286350038958783415e-01 -2.990080440852338484e-01 1.458626999711716277e-01
-1.306922932128085080e-01 -4.045093769154872732e-01 -1.682260457317946711e-01
-1.703095483369887475e-01 -3.261488507889003241e-01 -1.784232788982910156e-01
-1.023457121820062210e-01 -4.598925654764229876e-01 -1.117569914929887887e-01
-1.745828566017659789e-01 -2.470981531418603439e-01 6.249618785606405602e-01
-2.889968353193439476e-01 -2.639052257395979595e-01 7.003882452451537510e-01
-3.875895259035466722e-01 -2.587249229499899439e-01 7.175633209478404773e-01
-4.676910129247180414e-01 -2.282499516282476826e-01 6.998044368496958434e-01
-5.216433741611292696e-01 -1.818670775334829681e-01 6.568742915618610567e-01
-5.551297691506351661e-01 -5.827759345662752999e-02 4.995058008401525029e-01
-7.372702001873410182e-01 2.727333398480058513e-01 2.934537904296037336e-01
-5.096663452257832461e-01 -9.319120428173455206e-02 3.457911963799831234e-01
-4.434189847913683202e-01 -1.302340691927722505e-01 3.056896948156062610e-01
-3.536536418143376714e-01 -1.589252164822374525e-01 2.972130850458436502e-01
-2.666461513527964566e-01 -1.763156284579825428e-01 3.150997116339044890e-01
-1.975913393854245026e-01 -1.820111158907133930e-01 3.450118535726469648e-01
-1.496894035602541750e-01 -1.907859581632320722e-01 3.728305727590326413e-01
-7.415873267727657314e-01 5.179980220337943031e-01 3.330519090360384293e-01
-1.699133800075817158e-01 -2.896132062070810864e-01 -1.988503537530897924e-01
-8.680065193148817082e-02 -3.946678135032410939e-01 1.018003829335758503e-01
-8.441985118671641031e-02 -4.555148594055129507e-01 -1.858411994334613349e-01
-5.008059582215923511e-02 -4.215178465657714035e-01 -2.296788438846373293e-01
-8.461384785886871818e-02 -4.209496226495024196e-01 -1.961380649309377722e-01
-1.517163402643242343e-01 -2.628685016745175851e-01 -2.248115870858979903e-01
-3.613585766907490004e-02 -4.385054144406874688e-01 -2.423710585875848977e-01
-2.604980666300522885e-02 -3.559490382245864559e-01 -2.521227051041927680e-01
-1.437356371486048223e-01 -1.691336396285925137e-01 4.519487842181368897e-01
-1.118575618589584542e-01 -2.054527038101594538e-01 4.227532192836218616e-01
-9.347116087372847604e-02 -2.493291827389088056e-01 3.972206558256869968e-01
-4.678866623651600776e-01 -1.344185750956250480e-01 5.304638894708531005e-01
-5.108583185225801238e-01 -1.353748173248570108e-01 5.752808079163365118e-01
8.059813191565290413e-02 -4.473216577710770192e-01 1.317380753298500462e-01
4.896120540176140956e-01 -1.311852014137654399e-01 4.434112878852516371e-01
9.187174702601852427e-02 -3.625483890412524168e-01 -2.429246798321925693e-01
7.203416371437265653e-01 1.261951027120700175e-01 8.348184169363417340e-01
2.987728559560443031e-01 -1.846167090916639442e-01 3.588435788402348781e-01
3.648269303288276255e-01 -1.796749478741521688e-01 3.487849248147394388e-01
4.276711530264254435e-01 -1.629292911879343109e-01 3.521866955384254094e-01
5.109280701350393805e-01 -1.167645505698622355e-01 4.125382494813820689e-01
2.441355140840012483e-01 -1.794930315808518362e-01 3.840925906637433496e-01
4.001460297731695981e-01 -2.451488127489742652e-01 6.413826618401721191e-01
3.221535070272429913e-01 -2.427294793483270041e-01 6.290180033305143859e-01
4.705013258307344515e-01 -2.234066858195382643e-01 6.227291629797124806e-01
5.139321801035112713e-01 -1.933308061412442047e-01 5.797365329227281983e-01
5.599136311135688437e-01 -7.639506379209559661e-02 3.460136989033795185e-01
2.616748340990033839e-01 -3.885457931779112695e-02 -9.717592526388867391e-01
5.133479145365105190e-01 -1.142774935912754808e-01 4.767638546561097090e-01
7.564396295938635717e-01 2.082321650414342695e-01 4.213189337223577358e-01
6.297719788699129850e-01 -2.035466713159828078e-02 4.224708067167146641e-01
3.514391558689622386e-01 -1.994420885568537471e-01 -7.843285227163887541e-02
6.083626582202142363e-02 -2.799713737065936403e-01 -4.948533588266681438e-01
5.461341773301117697e-02 -2.388073547616927916e-01 -5.651642964848961892e-01
1.340070790634606546e-01 -2.305382383366013643e-01 -5.226063221783507906e-01
1.811950932172806672e-01 -1.749924963208410178e-01 -5.512123308612966177e-01
1.134131437132723241e-01 -2.049784436072407123e-01 -5.690362696250890195e-01
1.590290799669988875e-01 -1.552899869163181235e-01 -5.780181069849337216e-01
2.965656706663619691e-01 -6.653720830543355391e-02 -6.838146005620009404e-01
7.915282996041883568e-02 -4.897473829627947417e-01 -2.125368999138077530e-01
8.776719402107641121e-02 -5.230004645991415124e-01 -1.176727522183622643e-01
5.937630283133366049e-01 -1.848563365405109238e-01 6.686793711122360762e-01
2.186691812125957091e-01 -2.361810037903389059e-01 1.738078280397015174e-01
2.332424935526322685e-01 -3.307317367575730582e-01 -1.601532141963715183e-01
2.371861264421298854e-01 -3.176684847336230799e-01 -1.026931977644298666e-01
5.426281339944760695e-01 -1.169654377687490143e-01 -5.732871637410119625e-02
8.437900305835771553e-02 -4.980001964166635986e-01 1.420977177942200909e-02
4.535995903303735588e-01 -3.104241538037200154e-01 7.711004987313163639e-01
5.384591976479757847e-01 -2.551819306751879068e-01 7.405358119121929761e-01
6.568026449509645204e-01 -2.445778993940406210e-02 9.866154274259022472e-01
1.693896191038035681e-01 -3.502163628349752589e-01 6.710480704186050360e-01
2.560527718917293694e-01 -2.162379510740175537e-01 5.826059737438451513e-01
3.469602817377492876e-01 -6.207754502327167412e-02 -5.931171955139367125e-01
6.922804101511204067e-01 4.986122476534626813e-01 -4.450144890512708340e-01
1.856534867076843343e-01 -2.982653372587369400e-01 -2.120787902060078389e-01
1.355833036889954046e-01 -3.003962576259224804e-01 -2.401525581628104478e-01
2.401018327341982728e-01 -6.065989768931986936e-02 -6.086441617486006983e-01
2.235734843489279866e-01 -8.024544676264414034e-02 -6.111550965190393203e-01
5.695535339058088731e-01 -2.320249063395385392e-01 8.010209501953005073e-01
2.356602300757049129e-01 -2.889908984332041353e-01 -1.964518802007371168e-01
3.357373141781683223e-01 -3.457377280516538143e-01 7.561343823255031182e-01
3.462561383874773746e-01 -3.696620839994579910e-01 8.279525341428195517e-01
3.992389394356843368e-01 -2.999683104459538452e-01 1.182387176841350751e+00
6.138673976022457346e-01 -1.421614512043234413e-01 8.810896692886407422e-01
3.644074625275273149e-01 -3.362186769542607756e-01 9.996182786663787567e-01
6.293979901419377576e-01 -1.338943266911658547e-01 7.127284913691900314e-01
6.794770928835647261e-01 -9.365943288449724013e-03 7.582009216835627896e-01
5.829977137975145274e-02 -2.663770465165744561e-01 -5.347321191765621595e-01
1.235696028810235325e-01 -2.203460024534551476e-01 -5.478998109985495635e-01
1.702686189560754793e-01 -1.706542177878717093e-01 -5.647977428681094647e-01
1.712206388658178424e-01 -2.819998462992996391e-01 -2.271153572789939012e-01
2.314129604267740614e-01 -7.141684996141689501e-02 -6.102769806965073762e-01
2.042665490665073191e-01 -1.094135009466298825e-01 -6.374831528958284643e-01
2.156261922703053280e-01 -8.191718665815889144e-02 -6.110867356413696161e-01
1.525547448674918760e-01 -3.922213319176148794e-01 -1.955334386047518080e-01
1.503768338286848305e-01 -1.417001806636152272e-01 -5.872422551629183918e-01
1.059831581170921355e-01 -1.745148637607700781e-01 -5.821910885009076164e-01
5.164485688272008046e-02 -2.044333585665824016e-01 -5.831177618951344233e-01
9.986427527839031315e-02 -1.352433257403035105e-01 -8.539107923571580550e-01
6.185410246497047293e-02 -1.987067452020244707e-01 -7.798241389309898963e-01
5.771324698215429816e-02 -2.087399545176873428e-01 -7.329112833078053058e-01
5.384322357429840999e-02 -1.968808823844986344e-01 -6.853086483692205633e-01
4.726085685137690340e-02 -1.926639530767032538e-01 -6.452995302638728781e-01
1.483860815066924133e-01 -1.401643836389815378e-01 -6.271146911366289878e-01
1.613457801719934137e-01 -1.490425989940915574e-01 -6.458685070901619696e-01
1.742854692119852889e-01 -1.568864980751173421e-01 -6.694953823630767076e-01
1.870427031020208686e-01 -1.424825703753681561e-01 -6.943458481697115658e-01
2.894858846180774492e-01 -1.771371880514280850e-01 -4.331000087342105065e-01
7.635187156323453017e-01 5.292005653454512348e-01 4.157869984908191263e-02
1.802706841971440932e-01 -1.048124298363686258e-01 -6.175228549709350645e-01
1.919037284292400836e-01 -1.110842422572075883e-01 -6.274034862753286035e-01
1.143963160645891652e-01 -2.967141155401242791e-01 -2.762660521998375751e-01
2.154246733250050339e-01 -2.351949824651348164e-01 -2.461293774082516927e-01
1.247360804409277657e-01 -3.001508315266783189e-01 -2.590966684526557762e-01
2.862206317183213500e-01 -2.063789886160916076e-01 1.182707893733436766e-01
3.927658364992181461e-01 -1.806558458931362132e-01 5.135251354308556504e-02
2.486044079141175311e-01 -2.749170699312941668e-01 -1.403564685441827109e-01
5.561518346734928286e-01 -1.756028781213281320e-01 1.104581424896551312e+00
5.147273612605673954e-01 -2.492302402043855558e-01 9.650138895981354992e-01
4.749983885812669726e-01 -3.092599023016184834e-01 8.429566680837119463e-01
2.524946667627079311e-01 -9.188049302762058002e-02 -7.480840031321638328e-01
1.909585167539451511e-01 -3.935398430596348529e-01 7.915267346641652324e-01
2.047912132436502386e-01 -3.823065119483393115e-01 1.003663999939221618e+00
2.271279375379947618e-01 -3.699875595867163636e-01 1.222189542013980557e+00
4.806896602572008348e-01 -1.378498498153069018e-01 3.719448436996113383e-01
6.278590472857281668e-01 -3.252390275511263251e-02 2.736525345175067070e-01
2.082997928067192861e-01 -1.717949957944486794e-01 4.084481652989369049e-01
5.701398434761051348e-01 -1.321766163526787441e-01 5.380241366473352826e-01
1.737459330649093747e-01 -2.675153826851883743e-01 2.358272843583748557e-01
1.935773321012135284e-01 -4.006015231325532611e-01 -1.346124040956320211e-01
7.056925210252229519e-01 4.819086863967692036e-02 2.108884750741546465e-01
5.849423237168749345e-01 -8.223191333101897982e-02 1.975863311142418421e-01
5.026504316641533521e-01 -1.378123231923034098e-01 1.558790068964970299e-01
3.791210925000454424e-01 -1.666586071381426226e-01 1.739965244164434210e-01
2.880913418594333031e-01 -1.853816773250083205e-01 2.194294635166798013e-01
2.204630496048171073e-01 -2.082519663233595164e-01 2.656832767824279795e-01
8.802861884881690857e-02 -3.532778965210303657e-01 3.575889171097184072e-01
6.953765641429932032e-01 5.723173770955181094e-02 4.822051145409178563e-03
6.162619474629349448e-01 -1.027059213376129154e-01 5.529593872044000769e-01
5.699726019088297013e-02 -4.493098182429373644e-01 -2.540954483092665583e-01
2.149249025195132390e-01 -2.519095772117319054e-01 6.896313168472656407e-02
7.759247297593363513e-01 4.234385592153993016e-01 4.632056333936300785e-01
1.704638067106967192e-01 -2.234943224608332280e-01 3.170580670839922011e-01
2.565019256471418041e-01 -2.085867357381021581e-01 -1.354661906596765775e-01
5.370553506345787653e-01 -1.014086244992817853e-01 4.730740112879525672e-01
1.957183137718293553e-01 -3.838896883133657845e-01 -6.399880362488463703e-02
7.385381209815866654e-01 5.296314029150828162e-01 -1.935022149801035596e-01
2.083204564025348260e-01 -1.588830269767160797e-01 4.419142104072240063e-01
1.412390627796733522e-01 -4.549496545070574882e-01 -1.532741071456339421e-02
5.478590945128130052e-01 1.784550292197994992e-01 -7.242105527406348386e-01
5.485075178486997771e-01 3.102188911602787869e-01 -8.101649787142672920e-01
7.593185443604855145e-01 2.948275203319434823e-01 1.768387638147694840e-02
6.296643493213838205e-01 2.447211689344919172e-01 -5.860087185612039562e-01
7.212524322371849372e-01 1.166866803160364618e-01 6.058141642169481145e-01
2.774278405418639792e-01 1.144204382320887503e-02 -1.050487749064262566e+00
5.479629779289679758e-02 -3.570885402927108654e-01 -2.622359045560581636e-01
2.728855542184183136e-01 -2.197438638515369913e-01 -1.526107212153404724e-03
6.811069938864244833e-01 4.802376161533783439e-02 4.065152019926780991e-01
4.251369721906117505e-01 -1.640100579304348827e-01 4.040029610627524637e-01
3.683635670308826882e-01 -1.779173924779775540e-01 3.973236943130766807e-01
2.165410172886662599e-01 -9.638768114522006103e-02 -6.488305456378711256e-01
6.813281294929574017e-01 1.044846323994503834e-01 -1.840311660226034984e-01
1.603735205673118003e-01 4.842948651456524534e-02 -1.168701297275855921e+00
3.623029056343884946e-01 1.630400186789582317e-01 -1.032150251867087754e+00
4.493891351669332401e-01 2.287575031965638495e-01 -9.420989400539947489e-01
3.120689057680237077e-01 -1.806943625802359676e-01 4.059990842763283592e-01
2.592848680715292842e-01 -1.720736509312192908e-01 4.232848202584664765e-01
2.252958718341885325e-01 -1.588274556371194191e-01 4.330254138510116757e-01
6.582589972990149363e-01 -3.768660145056090816e-02 5.779942954924104370e-01
2.695317599986568613e-01 -1.942476374319346277e-01 5.110688080827829882e-01
3.274306764105272549e-01 -2.107908100416910901e-01 5.421743492466930547e-01
3.872661262571353014e-01 -2.102317432028177890e-01 5.490672325605947535e-01
4.451283464223410036e-01 -1.940298552683084043e-01 5.343567576181329493e-01
4.795282831347336128e-01 -1.703548038474533843e-01 5.097330017423062909e-01
7.597282392710291710e-01 2.867465793162971011e-01 6.718578269479449361e-01
4.636173143567678956e-01 -1.461746919872985995e-01 4.217229868880576493e-01
2.344470621772636321e-01 -2.192202213997073157e-01 -3.841616322811813866e-01
1.848186821673014624e-01 -3.253356202987736090e-01 -2.006959635219832672e-01
1.163433804199562882e-01 -2.830027686167138068e-01 -3.607581782196522813e-01
4.589953438981115852e-01 1.295891193157352461e-01 -8.521192415331513281e-01
3.720465347874968298e-01 7.426307050965746948e-02 -9.518257612920018040e-01
1.583100353653921211e-01 -4.436515540413354941e-02 -1.122730085312366732e+00
6.266788908829834526e-01 4.141679822686166190e-01 -6.535584284703732649e-01
2.275867204651821352e-01 -1.727627036046663900e-01 4.687692897818294124e-01
1.306803485685503752e-01 -3.558080851629075170e-01 1.919752487057035939e-01
2.688674908651678130e-01 9.358169525834303393e-02 -1.111957721789220699e+00
7.355998023691889820e-01 3.122907700138393139e-01 -1.950823253401867685e-01
1.032327710406493182e-01 -1.688113415811960394e-01 -6.360983935158919245e-01
1.155197404509017423e-01 -1.764348570845764019e-01 -6.668852324697724931e-01
1.250196956179538410e-01 -1.850483798466892038e-01 -7.047457755069830299e-01
1.340447713036417854e-01 -1.727548171271022781e-01 -7.456378753905235079e-01
1.865422356974080209e-01 -1.195190961901200222e-01 -8.109622401864995389e-01
1.927646551818751330e-01 -1.148477313650205223e-01 -5.939122352006405148e-01
2.039354299958540118e-01 -1.154583985816728386e-01 -5.889047514127889738e-01
2.140639906211867505e-01 -1.171354625838009200e-01 -5.818817836513905384e-01
3.285907199556090674e-01 -1.209626714012200788e-01 -5.052680952925474589e-01
5.912878162834265261e-01 -2.174756011368809971e-02 -2.545590573654491484e-01
1.303625699312016550e-01 -3.062919775789874066e-01 3.036808157439094824e-01
1.635863903411133302e-01 -2.171035225945627811e-01 5.089107959748193633e-01
2.006323851321972773e-01 -1.889107767649111924e-01 5.012387946285004059e-01
1.818509191558637106e-01 -1.057773408211258870e-01 -5.988798532011578857e-01
5.990181989648051264e-01 1.039508152085339421e-01 -4.707991436848004696e-01
1.057696173116812188e-01 -3.018362739576374576e-01 5.058843026229735695e-01
2.264287844749928169e-01 -7.671436782942392396e-02 -8.855866632098021718e-01
8.489798028572026478e-02 -4.078145871995453309e-01 2.380939673120752165e-01
1.762149932332301994e-01 -3.362905683826700187e-01 3.320269209377763042e-02
1.232422152683290695e-01 -1.098673708577496133e-01 -9.403466975242702475e-01
3.668365678168346022e-01 -2.572499355188777315e-02 -7.099459832447947427e-01
3.088032272528296041e-01 -1.839005733745513460e-01 -2.101909589495620789e-01
3.068643103090944457e-01 -4.734950777126153976e-02 -8.081352943960666835e-01
4.508937745266459185e-01 -1.606657368493669136e-01 -1.900979139703767862e-01
3.637302989945843112e-01 -1.600452661949722799e-01 -3.053963761216262895e-01
5.033387910078996885e-01 -8.930172396040003679e-02 -3.400779034691807645e-01
1.468804562746325315e-01 -9.066738018381764741e-02 -1.043875615923830047e+00
2.153470690439146518e-01 -2.817295412899178952e-01 -1.568968486442839927e-02
4.334182432585991229e-01 4.311474554471519949e-02 -7.631087062089956241e-01
3.503159492364582572e-01 1.097145474589889674e-02 -8.724237016153799651e-01
4.197065176982159862e-01 -3.314796836676242586e-02 -5.949948923150578661e-01
6.619075879661364681e-01 1.480388370468451731e-01 -3.431724157009354848e-01
5.103284935566820835e-01 2.983872750558161369e-02 -5.906623062276139535e-01
6.991218169313961894e-01 3.107288439693585147e-01 -3.950408441046715513e-01
4.049895926455933104e-01 -1.128052044724284220e-01 -4.295111441265593299e-01
1.715991547286976893e-01 -3.002959577867136964e-01 1.321042582886862160e-01
1.720071569490122521e-01 -4.089252753519048156e-01 -1.812949111205754971e-01
2.121646517254610620e-01 -3.344773888557348585e-01 -1.941208014549420380e-01
1.452651264895726824e-01 -4.648950080417701969e-01 -1.230727599279735074e-01
2.175671600295769892e-01 -2.507106734662611913e-01 6.041267406002281959e-01
3.271805415072392975e-01 -2.736577403383999574e-01 6.749155443159393641e-01
4.225321454908970153e-01 -2.714928534104921187e-01 6.870593790707939519e-01
4.984218998465683725e-01 -2.425898483732025213e-01 6.643084381033652619e-01
5.477429967410762934e-01 -1.969893484773455050e-01 6.159380536387777383e-01
5.752854301472409837e-01 -7.191534963531087676e-02 4.484789095607835119e-01
7.672563034083901279e-01 2.552806177092992179e-01 2.215009401844392212e-01
5.262030983876897494e-01 -1.046067231555181110e-01 3.007837903501380250e-01
4.600780587754904616e-01 -1.400493889865839225e-01 2.684358010822289753e-01
3.736811693543562463e-01 -1.654863393106165148e-01 2.716179059659651340e-01
2.915397670442665401e-01 -1.799278932819714516e-01 2.982021301101920319e-01
2.288755603556552609e-01 -1.850812088405684452e-01 3.324077878115649920e-01
1.856986575235697323e-01 -1.921379066554540493e-01 3.629228231188121878e-01
7.722014500063600906e-01 4.991295082374325176e-01 2.579301250435517279e-01
2.114303765377112398e-01 -2.983964111249386431e-01 -2.138218807137010069e-01
1.315993356439665307e-01 -3.959335306064337701e-01 9.200363540484279845e-02
1.266479053327404514e-01 -4.600678870758867500e-01 -1.951932625777562658e-01
9.209451666981505191e-02 -4.260540528770342394e-01 -2.359089549587848333e-01
1.265819942108481477e-01 -4.251484004783938619e-01 -2.057146250514292340e-01
1.947066497556225739e-01 -2.724939066070579674e-01 -2.380105022129516135e-01
7.850888907845465781e-02 -4.420364137328018916e-01 -2.472890969648764425e-01
7.637398871414846635e-02 -3.596061398571248624e-01 -2.563471103104065785e-01
1.855165176674089533e-01 -1.687365600508883290e-01 4.381615210226079693e-01
1.519560435272165888e-01 -2.061247657062126315e-01 4.121376446676403571e-01
1.315895627532098766e-01 -2.507756663835480904e-01 3.890379858082841924e-01
4.985143909956901709e-01 -1.458701674338191978e-01 4.913927317709034792e-01
5.387204468191830742e-01 -1.499403848086566793e-01 5.328912269374281863e-01
-3.458026251562862363e-01 -1.642813354928107650e-01 5.123197913554644600e-01
-2.774356333044281087e-01 -1.706522382645014879e-01 5.102772691245378578e-01
-3.449555774156065624e-01 -1.731184559907394949e-01 5.953664358464574313e-01
-4.150928677466847461e-01 -1.578547336313174121e-01 5.142191504779276556e-01
-3.472650456391201956e-01 -1.554468977492073911e-01 4.293451648978112711e-01
3.745286642207568129e-01 -1.710690552490279348e-01 4.807921757928454998e-01
4.414566138774733695e-01 -1.771333575263922544e-01 4.773985212642719578e-01
3.735631920391435656e-01 -1.800567613022430180e-01 5.637183890234842565e-01
3.070689543316929004e-01 -1.650314208271597138e-01 4.847193824072275614e-01
3.757465708093654655e-01 -1.620987232238246811e-01 3.978295854202358317e-01
