-1.717242277219498126e-02 -2.649684866216576173e-01 -4.884697619712979888e-01
2.187854806666194446e-02 -4.623787710923271677e-01 -2.007587720720648838e-01
2.387433593113817004e-02 -2.916455437741149459e-01 -2.631640868725004245e-01
-3.258641587565393183e-02 -4.193327857623893040e-01 1.280822272129752415e-01
2.168119284385882847e-02 -4.955767284103369530e-01 -1.085976743611441198e-01
2.066707161073350063e-02 -4.865676118621113377e-01 2.236062873769995712e-02
2.284616932387854155e-02 -3.576744122071546794e-01 3.558155316796605128e-01
-4.289568020041014673e-01 -1.131319269137371214e-01 4.476562576924049131e-01
2.330016522906012619e-02 -3.423305156819719808e-01 6.092413121461672798e-01
2.234114178429897832e-02 -3.694228340542965450e-01 7.314970230194729472e-01
2.098007199132773809e-02 -3.580664978802697851e-01 1.161490213824466267e+00
-1.645425389422574755e-02 -2.522306289085839981e-01 -5.179291476465910371e-01
-1.538183127395467004e-02 -2.282269629640281960e-01 -5.453853118995222182e-01
-1.341205012183582443e-02 -1.949026346826727707e-01 -5.628942548747233321e-01
-1.814596775708117796e-02 -1.869830274339656095e-01 -5.691835342221932548e-01
-1.926261214379172693e-02 -1.900638479525363356e-01 -6.106757242720562973e-01
-2.095158144805200559e-02 -1.994577309878839966e-01 -6.595727138380900190e-01
-2.071128151107173160e-02 -1.887505095139204725e-01 -7.088025089493197317e-01
9.852457035523256440e-03 -1.275521098873060311e-01 -7.863373595233511537e-01
2.083644608576086868e-02 -4.240915605048529158e-01 -2.410498560919818456e-01
-4.023966431078529471e-02 -3.364165768656315336e-01 -2.225512327417407954e-01
-6.655204425590229844e-01 1.375938942184791736e-01 8.528168492009553514e-01
-2.548416289142144686e-01 -1.703024480117976691e-01 3.438932925839933707e-01
-3.201037328421634798e-01 -1.633400856799713530e-01 3.374765754213832625e-01
-3.808730637992653323e-01 -1.453214039044617434e-01 3.491711626730875651e-01
-4.551414127294665657e-01 -9.984520891507578377e-02 4.219513558473736436e-01
-1.973329084979456860e-01 -1.659350957937252846e-01 3.678096206394944057e-01
-3.469317493371883998e-01 -2.216155387830691659e-01 6.359564979763030479e-01
-2.723987994103154175e-01 -2.209494896769316763e-01 6.218350438155016979e-01
-4.128627440053110886e-01 -1.978996798844411542e-01 6.212536098595772271e-01
-4.546448147476954693e-01 -1.674853716761025013e-01 5.850505920587856235e-01
-5.099202800189815976e-01 -5.934686210169048959e-02 3.689812137978559226e-01
-2.290783541229824694e-01 -2.652813595884320405e-02 -8.994924207816173967e-01
-4.498277963773544830e-01 -9.668588687446534602e-02 4.846900825470623064e-01
-6.866012990838303853e-01 2.129813085440554754e-01 4.629757112201247082e-01
-5.795931383859130870e-01 -3.894268360517366169e-03 4.522225820081237080e-01
-2.981806758129141866e-01 -1.784972419810729183e-01 -4.461996578638664779e-02
-8.851813503207389688e-02 -2.578506673806016392e-01 -4.649413374966574475e-01
-7.828226992207670820e-02 -2.189214090063552054e-01 -5.340453367316719824e-01
-1.479483676632968869e-01 -2.180358298574340825e-01 -4.845526360679265898e-01
-1.774183171624299227e-01 -1.742260327801782305e-01 -5.120054464773018399e-01
-1.264861747181573182e-01 -1.944066416569805444e-01 -5.318321083528059212e-01
-1.556838397709370547e-01 -1.542464737391591734e-01 -5.389644485588527267e-01
-2.794341184614281826e-01 -5.969678202826863428e-02 -6.069498043786704100e-01
-3.232778565085132200e-02 -4.555338895499377316e-01 -1.941167619008714040e-01
-4.187858160783352462e-02 -4.863086043977002393e-01 -1.043465732926924239e-01
-5.394501221555827453e-01 -1.584255543942844624e-01 6.710121608629253664e-01
-1.674639397730824930e-01 -2.192586875134823199e-01 1.798705919435685530e-01
-1.795844362073372447e-01 -3.029839678968921923e-01 -1.339405528192463279e-01
-1.846004736519893108e-01 -2.907784883561655986e-01 -7.954532315921540586e-02
-4.854232409678459481e-01 -9.836207865097680580e-02 -7.541520600725220777e-03
-3.780404068362731851e-02 -4.657469891911414916e-01 1.822735747075504911e-02
-3.941088567248050012e-01 -2.766265825293067748e-01 7.554554079051025717e-01
-4.800591332657021537e-01 -2.238313253567139616e-01 7.306817220396101265e-01
-6.019774973110106897e-01 -3.918881708194343373e-03 9.905801710094452872e-01
-1.142080088553231731e-01 -3.244743753733303482e-01 6.464978264345087045e-01
-2.063824659852964705e-01 -1.993621941430069877e-01 5.756046857522550964e-01
-3.101290242365388750e-01 -6.286057698433819563e-02 -5.305787630244840347e-01
-6.076490399039291557e-01 4.862852762754570346e-01 -3.664999292847075929e-01
-1.316541146352139535e-01 -2.727195768367026707e-01 -1.866786677632835678e-01
-8.170071022178196363e-02 -2.735307441863371603e-01 -2.163797597358236569e-01
-2.181874758947002779e-01 -7.408640652263381865e-02 -5.417138309835983767e-01
-2.084718067653348883e-01 -8.873291345634506944e-02 -5.417975742910671189e-01
-5.117004590508524853e-01 -2.015507010299046886e-01 7.956655465225608292e-01
-1.834300195484657447e-01 -2.629269454943769513e-01 -1.679222375629599306e-01
-2.757317071034156575e-01 -3.116959060559882921e-01 7.365404149307150927e-01
-2.854931686966662996e-01 -3.334443671076687266e-01 8.090915259225434086e-01
-3.457657820242482360e-01 -2.681763406161497554e-01 1.150126788521317334e+00
-5.558476666694345258e-01 -1.172712305224237750e-01 8.809304807578113294e-01
-3.080726731002045859e-01 -3.041331812321654282e-01 9.713040149274501101e-01
-5.740696000583722647e-01 -1.105571522255143213e-01 7.236395160543207528e-01
-6.189996030740720911e-01 7.261799043985928820e-03 7.713944686227862668e-01
-8.501053332285116171e-02 -2.449014274380938438e-01 -5.041097349825851559e-01
-1.374527311000339203e-01 -2.086615452098697920e-01 -5.101096426490316915e-01
-1.676755967725069296e-01 -1.689312174819394552e-01 -5.257293840538214136e-01
-1.170895052762312843e-01 -2.567220426450032011e-01 -2.019944578733556262e-01
-2.128649731430081182e-01 -8.173057002557539141e-02 -5.420152575992476240e-01
-2.060308489014994193e-01 -1.103911204520229145e-01 -5.540055323243493479e-01
-2.028838658071572265e-01 -8.974958637820111551e-02 -5.412687538901674866e-01
-1.026097524110235470e-01 -3.653364888086744755e-01 -1.726430980995934394e-01
-1.470001117512499400e-01 -1.413876271726317302e-01 -5.487736907408441445e-01
-1.156532464609857369e-01 -1.669765612372436370e-01 -5.464383623472404139e-01
-7.100177975086760518e-02 -1.884515246061822802e-01 -5.520345467412766105e-01
-7.933323437693977354e-02 -1.231781451497570568e-01 -7.791210659992087173e-01
-9.745133718570424264e-02 -1.859268819465067502e-01 -6.945950399255151897e-01
-9.434488908187685374e-02 -1.965395564166230735e-01 -6.449558821234413486e-01
-8.689314137794483528e-02 -1.860461231624445377e-01 -5.972454768162847039e-01
-7.780796782538527967e-02 -1.827614906453112753e-01 -5.586926910832747950e-01
-1.623553046689175106e-01 -1.378004661643218165e-01 -5.378464779630278692e-01
-1.774726469457818256e-01 -1.437866066958480848e-01 -5.544038164401482449e-01
-1.932410463508187903e-01 -1.497524945396177809e-01 -5.766815634850979144e-01
-2.048600889302323869e-01 -1.356134273004109270e-01 -6.015820029203486907e-01
-2.454566617255370120e-01 -1.630207714577750489e-01 -3.871600598707581886e-01
-6.796655583761322950e-01 5.163350744280095217e-01 1.055279885268128326e-01
2.436071450848082548e-02 -3.381316904124048728e-01 -2.492454078821094987e-01
-1.813616591487345331e-01 -1.090185936778199360e-01 -5.366726470434385332e-01
-1.938411104485129322e-01 -1.128655196104878244e-01 -5.446288045014483492e-01
-6.102572343398687815e-02 -2.738628110019923900e-01 -2.526005662041616029e-01
-1.609569898129551424e-01 -2.106096562009891482e-01 -2.161532029333145255e-01
-7.102715237957248073e-02 -2.748284976906501531e-01 -2.349448292591969911e-01
-2.336950558633288655e-01 -1.901190465979511468e-01 1.339577825793258625e-01
-3.378398365467304432e-01 -1.620822887197574946e-01 8.143714690237456588e-02
-1.950493863424602181e-01 -2.500020569432075956e-01 -1.138796572452478173e-01
-5.010646715325828282e-01 -1.462995840755179078e-01 1.092920926469428400e+00
-4.569250017221807569e-01 -2.182329473622419691e-01 9.522439554351139757e-01
-4.141678616502111887e-01 -2.749224097299187153e-01 8.289954075415126855e-01
-2.400626350185859348e-01 -8.287412478057246124e-02 -6.677581214527276154e-01
-1.321656104550240907e-01 -3.629891951248184201e-01 7.688478197339403408e-01
-1.537086512778277902e-01 -3.517645612103830199e-01 9.593160945765473180e-01
-1.779289899536850572e-01 -3.378150096388355950e-01 1.168617271282640369e+00
-4.297063353270276220e-01 -1.200624629443585029e-01 3.765804608036458778e-01
-5.811168524680365710e-01 -1.436922941235497034e-02 3.117060462027068102e-01
-1.590772756824923029e-01 -1.612632998786004135e-01 3.913093150704693990e-01
-5.128412405126511198e-01 -1.103123297001333408e-01 5.508784504740122934e-01
-1.231191787651131353e-01 -2.498362849871196278e-01 2.337399590491682777e-01
-1.423601669873219011e-01 -3.696224663233206864e-01 -1.116824924469194541e-01
-6.378683521935131218e-01 6.192484245358747391e-02 2.599204664710657031e-01
-5.412787585257543554e-01 -6.346543673788181128e-02 2.346302226686588777e-01
-4.622336526927138256e-01 -1.180259468856712235e-01 1.869107189345926845e-01
-3.397030511163313116e-01 -1.496266290289225975e-01 1.906352414724956923e-01
-2.486413463685838154e-01 -1.697781515761584425e-01 2.221661511871390882e-01
-1.804974831350910636e-01 -1.923210437685362595e-01 2.593317899111934333e-01
-3.763909544340382496e-02 -3.304607710174549129e-01 3.406663981553158527e-01
-6.258405229407743020e-01 6.852723117130266051e-02 6.395329375319711018e-02
-5.639651681929264138e-01 -8.179463433370011416e-02 5.727401757332768462e-01
-1.284166472831160637e-02 -4.203121085005386837e-01 -2.356167247737595838e-01
-1.627071640443079892e-01 -2.336479146502659088e-01 8.064457349057570223e-02
-7.039667340623336766e-01 4.149890639747226273e-01 5.060453145771131034e-01
-1.274109883857295900e-01 -2.082655719931504334e-01 3.023404090333279282e-01
-1.989532231813298802e-01 -1.877622850641758601e-01 -1.086501233486687756e-01
-4.752773511574094334e-01 -8.433339345511148277e-02 4.849126138797202890e-01
-1.457737023072059324e-01 -3.539065251229621123e-01 -4.575070351806519858e-02
-6.515792663298979326e-01 5.176391750670441549e-01 -1.222464314919802369e-01
-1.554737397373696928e-01 -1.507385753832386488e-01 4.256536494808122462e-01
-9.433845866230125554e-02 -4.230535017215815707e-01 -4.430293614775553460e-03
-4.867248290041537029e-01 1.853466568379464330e-01 -6.460092448519132446e-01
-4.805706872160844800e-01 3.099688506246249808e-01 -7.301515242593223931e-01
-6.753768446410183257e-01 2.942249684861097947e-01 8.024437849368282194e-02
-5.599371070787708682e-01 2.479223664951355488e-01 -5.064076614070472937e-01
-6.553838852729999553e-01 1.260301486717502750e-01 6.331507611025002369e-01
-2.362173744708784273e-01 2.145524444037162290e-02 -9.756887135341587580e-01
-2.031790134569029429e-03 -3.333772819968666701e-01 -2.440216148605969526e-01
-2.202253366327391604e-01 -2.004453353017776607e-01 2.013378643865947407e-02
-6.341651347175960574e-01 6.065987649801742043e-02 4.486110685069475967e-01
-3.705485997236094842e-01 -1.461756589196043510e-01 3.990357013045456869e-01
-3.169068646395519773e-01 -1.614564711691844900e-01 3.866850545183934673e-01
-2.160441913282615534e-01 -9.833502933457688444e-02 -5.658150475246706002e-01
-6.105256110827600446e-01 1.132132059223530801e-01 -1.176186493980832803e-01
-1.151381953231055549e-01 5.104377370969848116e-02 -1.092135678293458367e+00
-3.053811081427235674e-01 1.661502399891569837e-01 -9.564807397119898802e-01
-3.869469219478290367e-01 2.303370851556265642e-01 -8.653432506233219579e-01
2.152803437779830451e-02 -3.679905906761999912e-01 9.425931680095872567e-01
1.895150423275977769e-02 3.157802544520047633e-02 -1.111783872673048013e+00
-2.619499016758130572e-01 -1.657366899141272110e-01 3.929832853492121192e-01
-2.080536010500219635e-01 -1.604958792172153093e-01 4.090847756995542595e-01
-1.722976340484251023e-01 -1.501655224899264285e-01 4.182159007685797292e-01
-6.079869849706711626e-01 -2.096988991849791859e-02 6.064223988822365907e-01
-2.202217920681782959e-01 -1.807919362451110845e-01 5.076922508576362514e-01
-2.796713485311408953e-01 -1.929932846456787754e-01 5.438122135805697477e-01
-3.365010380605175100e-01 -1.899336224991076683e-01 5.526251230940114612e-01
-3.900268344758998085e-01 -1.723143249093953000e-01 5.398309871478838007e-01
-4.217625025110505188e-01 -1.492293087667936613e-01 5.167657352918982872e-01
-6.960622055318671508e-01 2.879639214344065223e-01 7.015903502977405282e-01
-4.056372762736741300e-01 -1.282222150791774151e-01 4.219000561188894216e-01
2.147008660944925776e-02 -2.705032146083040101e-01 -3.334646182674279036e-01
-1.890810699856578514e-01 -2.001388594903824036e-01 -3.433560630686374182e-01
-1.311953120794260019e-01 -2.981516277490331435e-01 -1.754870425524445166e-01
-6.878535255400139437e-02 -2.628297894862598461e-01 -3.329897029358723781e-01
2.317032685705682979e-02 -3.264757830929001514e-01 4.858293553395184317e-01
-4.046961337151168125e-01 1.384626292811470261e-01 -7.756850661281505799e-01
-3.259145745701916286e-01 8.465893449662059700e-02 -8.778537077568613345e-01
-1.227730874389627164e-01 -3.528707925417463864e-02 -1.046852757572805048e+00
-5.489424959615779587e-01 4.070108324309396619e-01 -5.723898054878209241e-01
-1.761749988228527020e-01 -1.636341200228703385e-01 4.569890116383340528e-01
-8.059528450162173341e-02 -3.317782722043652877e-01 1.891017085122798647e-01
1.393574160403091185e-02 -5.268000647847374124e-02 -1.064886881305477928e+00
-2.181322338696132512e-01 9.739764810146575580e-02 -1.036681339637580468e+00
-6.526817006881771022e-01 3.109139150923850292e-01 -1.241850473745329114e-01
-1.275479954579362973e-01 -1.624686901937734684e-01 -5.456958986983475590e-01
-1.420593598559756199e-01 -1.683481214507380752e-01 -5.747435131228439964e-01
-1.535374488252612413e-01 -1.760417351914175255e-01 -6.110338840962126206e-01
-1.607258826780970096e-01 -1.640647747076618146e-01 -6.541734625056681018e-01
-1.704304921888497304e-01 -1.106606852665758534e-01 -7.319621431786269561e-01
-1.768238445500142642e-01 -1.217511462900609381e-01 -5.495117504554670740e-01
-1.861332322948523743e-01 -1.250622556956013931e-01 -5.442613383995105192e-01
-1.942714871792124709e-01 -1.279942684423471533e-01 -5.377304598441355887e-01
-2.828959673749266157e-01 -1.197763230649061816e-01 -4.567254334718344744e-01
-5.324227910961087940e-01 -5.670698377889710033e-03 -1.908772543826717238e-01
-7.925809378203457767e-02 -2.861797373917384646e-01 2.940212312794379113e-01
-1.111521305688107503e-01 -2.014584526155099309e-01 4.941799612568636979e-01
-1.505199789460152648e-01 -1.782259407104632154e-01 4.890982180740890972e-01
-1.672847255357854390e-01 -1.137056946950357056e-01 -5.542171098503815285e-01
-5.365939509179373790e-01 1.148919071128006314e-01 -3.959987228304713835e-01
-5.915793750899436820e-02 -2.824299769415028472e-01 4.837006685789665972e-01
-2.030987245068843761e-01 -6.510371647821691643e-02 -8.096481730222870876e-01
2.138562551417718879e-02 -4.421872706048156632e-01 1.360675510746706951e-01
-3.639493084857920585e-02 -3.804461307192861241e-01 2.282571255001194788e-01
2.230332748716126745e-02 -3.978892469987568292e-01 2.418422898524201226e-01
-1.258880071460680705e-01 -3.108659395338704279e-01 4.444805854277456697e-02
1.215968426076979858e-02 -9.853832778645071899e-02 -9.857129199858019053e-01
1.138709199156344096e-02 -1.121027874932331581e-01 -8.753437870693572265e-01
-9.787499614125483305e-02 -9.727059114123276506e-02 -8.656482343962925707e-01
-3.416292052722200712e-01 -1.443524061906678764e-02 -6.325141495345619758e-01
-2.554082208290866518e-01 -1.628469873948554247e-01 -1.732840100902802993e-01
-2.846665066726151716e-01 -3.512350686530314042e-02 -7.316777354299111025e-01
-3.994373093977794942e-01 -1.380872018871557305e-01 -1.410232978210598787e-01
-3.160122371939477204e-01 -1.396299698732900163e-01 -2.559003404497934286e-01
-4.527355956186462360e-01 -6.868015595035363574e-02 -2.759931075228047592e-01
-1.167911946551384306e-01 -7.934890728587418174e-02 -9.707084126350832287e-01
-1.635896260162515992e-01 -2.586782835420820548e-01 8.791417469118948053e-04
-3.917240074762786683e-01 5.525976711144955922e-02 -6.899207284929232964e-01
-3.141851430989047733e-01 2.365330965650253719e-02 -8.012785160373427917e-01
-3.815799629488184630e-01 -2.551589704925144239e-02 -5.216113170766675244e-01
-5.920390766971505014e-01 1.557492137232220353e-01 -2.712950190148610830e-01
-4.641813520658909509e-01 4.479501607101397942e-02 -5.134632967820483840e-01
-6.194688615452215164e-01 3.080304705455739755e-01 -3.178906682548059970e-01
-3.641287416820180312e-01 -9.866294412923654056e-02 -3.662477147500122765e-01
-1.204764291995518155e-01 -2.800436923256888755e-01 1.366114697411279777e-01
-1.224032365476881989e-01 -3.789290712297247454e-01 -1.575923630921672869e-01
-1.595077981949383217e-01 -3.056227378763934910e-01 -1.671767653407534859e-01
-9.585451528849575631e-02 -4.307242385507155102e-01 -1.046688909666307482e-01
-1.635100752192078510e-01 -2.314261456891766600e-01 5.890866479901892827e-01
-2.706674366599919890e-01 -2.471672428287394752e-01 6.603811642012393790e-01
-3.630069628155286887e-01 -2.423154966992830395e-01 6.761414390920789108e-01
-4.380280755578759844e-01 -2.137733766417120873e-01 6.593062804505911423e-01
-4.885585504036531468e-01 -1.703323001251459134e-01 6.190299238081032884e-01
-5.199210969338881050e-01 -5.458138199918419198e-02 4.681454584919481077e-01
-6.905094133297229320e-01 2.554354406919592257e-01 2.748417105120826154e-01
-4.773411551780258333e-01 -8.728062490484446434e-02 3.208739747863473823e-01
-4.152954818596319431e-01 -1.219740750283857256e-01 2.822681780310110078e-01
-3.312234356808217428e-01 -1.488455087002894806e-01 2.731864903004926903e-01
-2.497343285547006797e-01 -1.651329473732245923e-01 2.896174482834963926e-01
-1.850592629451108806e-01 -1.704672029620202256e-01 3.179866967741832307e-01
-1.401954700024535261e-01 -1.786855077139524739e-01 3.445757438248279181e-01
-6.945527295318619787e-01 4.851444018890561649e-01 3.119283517201457689e-01
-1.591470797422409045e-01 -2.715136090087372223e-01 -1.863432373330893010e-01
-8.129538834828724247e-02 -3.696363155502547793e-01 9.534377135201133058e-02
-7.906558803205369912e-02 -4.266769775086512451e-01 -1.740853927120004641e-01
-4.690427313022424438e-02 -3.951092817224178821e-01 -2.154718917448712467e-01
-7.924728061672860202e-02 -3.944509836600590957e-01 -1.838550908308775877e-01
-1.422477611094930539e-01 -2.466450916845567831e-01 -2.107117647053639020e-01
-3.384396940277901999e-02 -4.109577962506002491e-01 -2.273193796680935130e-01
-2.447898939451594730e-02 -3.340355833294945676e-01 -2.369201348937390872e-01
-1.346193165773380551e-01 -1.584064705783363725e-01 4.209955606210792900e-01
-1.047630828473139208e-01 -1.924220264685999882e-01 3.929550786456033618e-01
-8.754282546855418623e-02 -2.335156739758044719e-01 3.697355493644982616e-01
-4.382113160853020606e-01 -1.258931819112076300e-01 4.990019021589435777e-01
-4.784575284990505994e-01 -1.267887752235919430e-01 5.426602743372803683e-01
7.548625832212860209e-02 -4.189506308524320044e-01 1.233826895704716597e-01
4.585587917332837327e-01 -1.228648824308144899e-01 4.151631374317446554e-01
8.600090197379987866e-02 -3.401446640322243753e-01 -2.281793561903683321e-01
6.746545311809649670e-01 1.181912768434876665e-01 7.818707058679101873e-01
2.798234208199810169e-01 -1.729075384483956535e-01 3.355374848166959301e-01
3.416880670943031051e-01 -1.682792045780553414e-01 3.260632365050883941e-01
4.005464440299966178e-01 -1.525956280937716958e-01 3.292725523867376380e-01
4.785228561699451100e-01 -1.093588501084364201e-01 3.860957180342243777e-01
2.286514097006202284e-01 -1.681088261836349296e-01 3.593040398589159024e-01
3.747670802301243387e-01 -2.296004406888529636e-01 6.012344739676158678e-01
3.017211723503399057e-01 -2.273345516203601757e-01 5.896756207387172655e-01
4.406601465618486535e-01 -2.092372911857665607e-01 5.837362907063319284e-01
4.813364328089850819e-01 -1.810689506957303962e-01 5.434207571017950489e-01
5.244015461865995098e-01 -7.154976592299375215e-02 3.238714668782803896e-01
2.451486910013267462e-01 -3.622402512290329862e-02 -9.079199110384555960e-01
4.807892238294332876e-01 -1.070295327770630078e-01 4.465765106980421617e-01
7.084630366417732361e-01 1.950252025412156920e-01 3.945971092760910404e-01
5.898291827751387384e-01 -1.906368855471462717e-02 3.956275397152200779e-01
3.291494017776752101e-01 -1.867926297952281212e-01 -7.345831043906039803e-02
5.410848382398300571e-02 -2.578804198044356566e-01 -4.746057297401256592e-01
4.706724984336280865e-02 -2.168848311540439999e-01 -5.457138977382433032e-01
1.184403306078646995e-01 -2.137283215370602840e-01 -5.034053944186499541e-01
1.561195053671426136e-01 -1.631403583235075949e-01 -5.325179331781203507e-01
9.868076815314770489e-02 -1.881377182522634972e-01 -5.495395114837801076e-01
1.357705200746016361e-01 -1.439677692269475950e-01 -5.570415772569070612e-01
2.561669290395839349e-01 -6.407211299699445972e-02 -6.416117954066935525e-01
7.413262351505330028e-02 -4.587158239952772165e-01 -1.990796974180458756e-01
8.220062826042594251e-02 -4.898295684401196004e-01 -1.102094491864512305e-01
5.561040717953072976e-01 -1.731319677133774104e-01 6.263384448296204221e-01
2.048002591099339909e-01 -2.212014080122210735e-01 1.627842022386249976e-01
2.184492704922365025e-01 -3.097751314267137568e-01 -1.499997820521475622e-01
2.221427815445248810e-01 -2.975206090942212334e-01 -9.617996304906753502e-02
5.082123682274407583e-01 -1.095469961935670866e-01 -5.369268847472102174e-02
7.902733066434589060e-02 -4.664149227493238348e-01 1.330852706548864804e-02
4.248303904403578635e-01 -2.907357441978743462e-01 7.221940515999716315e-01
5.043078434140149113e-01 -2.389972159434845533e-01 6.935696104662343320e-01
6.151454499629291917e-01 -2.290657488670444497e-02 9.240401094755944511e-01
1.586462147551761515e-01 -3.280041634372303228e-01 6.284873704417350826e-01
2.398128247357354526e-01 -2.025232278448257373e-01 5.461490059878969516e-01
3.007857866188562435e-01 -6.259798743322142478e-02 -5.744082663530712951e-01
6.483730656028729999e-01 4.669881551142592846e-01 -4.167897925074656174e-01
1.738460026182365725e-01 -2.797137491226586725e-01 -1.988261752835998597e-01
1.267925275646988592e-01 -2.819701145630544303e-01 -2.253957048494817650e-01
1.957882447822025529e-01 -6.031114333050822951e-02 -5.838934323314121100e-01
1.811928121910541534e-01 -7.808935903185884597e-02 -5.820605190696900300e-01
5.334300456701452919e-01 -2.173089077975589589e-01 7.502168170691262405e-01
2.207136639638680731e-01 -2.707897783948358672e-01 -1.840417221744499177e-01
3.144434371376406134e-01 -3.238095825685562978e-01 7.081771447233801142e-01
3.242951131335548576e-01 -3.462165549181940860e-01 7.754402910500708401e-01
3.739175213891258176e-01 -2.809430545421632286e-01 1.107395193243736253e+00
5.749333371576144103e-01 -1.331449721476005432e-01 8.252072401638830268e-01
3.412952037108204495e-01 -3.148942698554609287e-01 9.362182697472332116e-01
5.894789139902610886e-01 -1.254021841424838857e-01 6.675242432335705134e-01
6.363817887374202398e-01 -8.771915721148090817e-03 7.101126201557297346e-01
5.109251981632263739e-02 -2.437789482965220245e-01 -5.151446502089329638e-01
1.083404418329383667e-01 -2.033047357769006136e-01 -5.287208947293196015e-01
1.462532171268622894e-01 -1.586469539948004437e-01 -5.450986537846485014e-01
1.602342527575002507e-01 -2.645680132187437916e-01 -2.129459078706764652e-01
1.878900293553427692e-01 -7.013224528553015091e-02 -5.834534987710920939e-01
1.743711262820845653e-01 -1.023061347516153186e-01 -5.815245152198984524e-01
1.746261120311858595e-01 -7.933423441148021449e-02 -5.802470791544671602e-01
1.428790792742610227e-01 -3.675729980703154043e-01 -1.833042376854791544e-01
1.279749317220128524e-01 -1.310852009871237567e-01 -5.650715810516669935e-01
9.129725536351940285e-02 -1.595542641834373498e-01 -5.619067315681728347e-01
4.392652413032551578e-02 -1.845832650169917932e-01 -5.630612775291689021e-01
9.312879089791752107e-02 -1.248394318733617447e-01 -7.834559618384582258e-01
5.716085571566978385e-02 -1.834836639809890313e-01 -7.027002930412009629e-01
5.322081963682240291e-02 -1.926493309822683020e-01 -6.527676507844968334e-01
4.924837968582029823e-02 -1.814425692042843929e-01 -6.047654240799648084e-01
4.267748539335528002e-02 -1.776410457627444206e-01 -5.661757852984182771e-01
1.317626863563882977e-01 -1.294422063798605360e-01 -5.561145437987466966e-01
1.444660562640131818e-01 -1.376612816545079998e-01 -5.739356794001544415e-01
1.575194258369304878e-01 -1.449339155701633297e-01 -5.973353005434840490e-01
1.700415440211807960e-01 -1.315101506440429224e-01 -6.225405965096177940e-01
2.625792941484956788e-01 -1.672848753190659954e-01 -4.161671873289301549e-01
7.150931371749297272e-01 4.956364326370334972e-01 3.894160327178126935e-02
1.535186461141696546e-01 -9.766088457527427602e-02 -5.600228361610606331e-01
1.639408745023349656e-01 -1.036122181422149263e-01 -5.698010984708088422e-01
1.067335867527513665e-01 -2.785176794108147891e-01 -2.596566031946320185e-01
2.015406026431144082e-01 -2.205353013240241300e-01 -2.306326145324120724e-01
1.165262383008847519e-01 -2.817580973277033496e-01 -2.433467438510098502e-01
2.680673116049729909e-01 -1.932895623838694621e-01 1.107695568917326512e-01
3.678549699528322336e-01 -1.691978899059756181e-01 4.809552016770859972e-02
2.328368674284414797e-01 -2.574806693995603246e-01 -1.314544691035233748e-01
5.208783387488885586e-01 -1.644654026702259408e-01 1.034524210372829822e+00
4.820811802219554520e-01 -2.334230067942885400e-01 9.038086323201621752e-01
4.448719866183004079e-01 -2.896453344383586037e-01 7.894927995095386564e-01
2.311788584370280120e-01 -8.494946211475831732e-02 -6.844026991819571748e-01
1.788471219107666821e-01 -3.685798857514240856e-01 7.413247694656091014e-01
1.918024904248437634e-01 -3.580590198959640036e-01 9.400073943068537607e-01
2.127225254191734694e-01 -3.465213874704304864e-01 1.144673124479128834e+00
4.502022938313826605e-01 -1.291068307106010282e-01 3.478819772115840925e-01
5.880375773832489106e-01 -3.046110049933487690e-02 2.562963361571653498e-01
1.950885410682847432e-01 -1.608990323071025907e-01 3.822318492058152106e-01
5.339791690136793667e-01 -1.237934170612629975e-01 5.041657908105482422e-01
1.627262329042874489e-01 -2.505484283885172081e-01 2.208646138067498765e-01
1.812998409391523014e-01 -3.751936842787944038e-01 -1.260747174582120822e-01
6.609345238156645319e-01 4.513440130392235017e-02 1.975130381839006743e-01
5.478428135015233069e-01 -7.701641842672360405e-02 1.850545699597574978e-01
4.707702204566954762e-01 -1.290716841843643770e-01 1.459925049391992968e-01
3.550756331893108464e-01 -1.560884150913272594e-01 1.629420872493951844e-01
2.698193734158544355e-01 -1.736239891687533232e-01 2.053838093879181148e-01
2.064803527998577137e-01 -1.950437479422937881e-01 2.486435154266070091e-01
8.244547242256222708e-02 -3.308715217393968233e-01 3.349091215727357240e-01
6.512728484449887834e-01 5.360185913134631747e-02 4.516215578646347491e-03
5.771760145628223038e-01 -9.619187786965942288e-02 5.180539371582651986e-01
5.338225316624167077e-02 -4.210602762018166856e-01 -2.383149342114654068e-01
2.012934583697895685e-01 -2.359324089437111749e-01 6.458919830740081358e-02
7.267123095413325906e-01 3.965823015368953319e-01 4.338271800816573265e-01
1.596522728517238976e-01 -2.093193695415055955e-01 2.967226554353248891e-01
2.402334912648666498e-01 -1.953572848682619267e-01 -1.268743532759860904e-01
5.029930343014548111e-01 -9.497686166046068190e-02 4.430996364646373475e-01
1.833050325187806640e-01 -3.595417845360296405e-01 -5.993973005901739870e-02
6.916969172374634045e-01 4.960399446701675430e-01 -1.812294880628045335e-01
1.951078940916677884e-01 -1.488059950312183022e-01 4.137477996079158560e-01
1.322810854886722343e-01 -4.260948278506350717e-01 -1.435528209862588049e-02
5.130882470792769157e-01 1.671366583119604510e-01 -6.782987921264024278e-01
5.137188567507646741e-01 2.905435001773441495e-01 -7.587808974377717730e-01
7.111593584869002616e-01 2.761283126678418243e-01 1.656228944289439911e-02
5.897283795466982115e-01 2.291999198494412138e-01 -5.488415730853887231e-01
6.755075598066815346e-01 1.092859181247008843e-01 5.673908690928726184e-01
2.598321963443215310e-01 1.071634120030864196e-02 -9.835420284989084827e-01
5.121188519896417018e-02 -3.350889586276333265e-01 -2.464729820330689714e-01
2.555780009847625212e-01 -2.058067808415087185e-01 -1.429315348642043633e-03
6.379083145416426515e-01 4.497789202719328777e-02 3.807322950339047107e-01
3.981729916352511056e-01 -1.536078480493873466e-01 3.780350265414655908e-01
3.450003953745942598e-01 -1.666331207607538722e-01 3.717430912165422541e-01
1.843482829859684480e-01 -9.049887530959531412e-02 -5.955384107833997520e-01
6.381154247949724079e-01 9.785777675097563633e-02 -1.723591329913549686e-01
1.502019552294636962e-01 4.535788325649026814e-02 -1.094577329905071839e+00
3.393241266955945301e-01 1.526993327801227651e-01 -9.666869279455057029e-01
4.208869801085426410e-01 2.142487371480550906e-01 -8.823470502808032911e-01
2.922761790529052606e-01 -1.692339637022661769e-01 3.799153989154980815e-01
2.428399277386396604e-01 -1.611600139593704906e-01 3.961987327545988813e-01
2.110066570523314033e-01 -1.487539482604507690e-01 4.053744632493824773e-01
6.165094343002835986e-01 -3.529635847059503506e-02 5.413758402927799640e-01
2.524369185450713315e-01 -1.819276326775819685e-01 4.788921128129948190e-01
3.066636413853928711e-01 -1.974215674798737719e-01 5.081938393938579823e-01
3.627040745392118293e-01 -1.968979590187906470e-01 5.146869986604919456e-01
4.168964285636643785e-01 -1.817236631776605604e-01 5.008295909048791072e-01
4.491145761462170261e-01 -1.595501834099829486e-01 4.776337723663223178e-01
7.115430688175927720e-01 2.685599013871561302e-01 6.292457640756601300e-01
4.342127481412482171e-01 -1.369036762670657881e-01 3.947274702675891977e-01
2.154648964503021458e-01 -2.053373657446093403e-01 -3.644549901385356061e-01
1.730967015393918562e-01 -3.050284283221705306e-01 -1.881629403546318524e-01
1.077049961529911032e-01 -2.648933587080120056e-01 -3.407309090181513955e-01
4.298827758168729529e-01 1.213700317737155809e-01 -7.980741713131180859e-01
3.484525680326490682e-01 6.955705942696467636e-02 -8.912844030896577285e-01
1.482693449655061169e-01 -4.155133005864875689e-02 -1.051393335365497839e+00
5.869322714789962925e-01 3.878997036953925615e-01 -6.121069953798490282e-01
2.131522103973772508e-01 -1.618053640049498809e-01 4.390455517079489556e-01
1.223920494831668981e-01 -3.332412351419895558e-01 1.797993684322508612e-01
2.518147801627768079e-01 8.764634988608425992e-02 -1.041432671393780929e+00
6.889449591891021463e-01 2.924839740920007758e-01 -1.827093811568968329e-01
9.323334902393427825e-02 -1.555740123271053543e-01 -5.606590702204935495e-01
1.054595372875064135e-01 -1.625450360243903825e-01 -5.901278568641327160e-01
1.153744209950566257e-01 -1.705625114424578204e-01 -6.262326950028251904e-01
1.244128133698130245e-01 -1.592025420158950100e-01 -6.687934492026204047e-01
1.741476180029035425e-01 -1.102816751831594000e-01 -7.400329313375002549e-01
1.597755847426408637e-01 -1.083593329414342388e-01 -5.730063509025616897e-01
1.687746891978572916e-01 -1.094884812928895723e-01 -5.699883688563019968e-01
1.774014456066670686e-01 -1.114844065160996434e-01 -5.649484989011228642e-01
2.909868250566802206e-01 -1.170283840712639523e-01 -4.920119383249847989e-01
5.539779333038131748e-01 -2.081242392859349033e-02 -2.390247629929498352e-01
1.220944257078011991e-01 -2.868656480241918993e-01 2.844073420614301462e-01
1.532110512461598295e-01 -2.033339011674349939e-01 4.767807186571464406e-01
1.879074327395489630e-01 -1.769292582318598428e-01 4.696183427058707727e-01
1.508625311362350729e-01 -9.948239777163715714e-02 -5.759470605074937799e-01
5.609308455498772661e-01 9.612737553228567489e-02 -4.433960903410906207e-01
9.906126190837508116e-02 -2.826925439264435513e-01 4.738210790924660132e-01
2.120393956263539881e-01 -7.118386401090734394e-02 -8.169385244140967561e-01
7.951339216623019845e-02 -3.819492653886002453e-01 2.229930433160482450e-01
1.650386948590359393e-01 -3.149616016261491680e-01 3.109683712168915398e-02
1.152625547446356202e-01 -1.022425791332525202e-01 -8.691166413763539156e-01
3.294409764336141411e-01 -2.521708951914288649e-02 -6.666821588657428910e-01
2.892176236480115681e-01 -1.722368230800513933e-01 -1.968597614749573455e-01
2.853132322159959156e-01 -4.378743395485699269e-02 -7.463548763712960499e-01
4.223032362231579073e-01 -1.504919317010337265e-01 -1.780635106692220193e-01
3.403577376319718573e-01 -1.507303728561925349e-01 -2.878094026427358010e-01
4.714024885212811378e-01 -8.603791275118272130e-02 -3.229705597912146953e-01
1.375524776301376706e-01 -8.487891222943186320e-02 -9.757500473526823370e-01
2.016888493119676773e-01 -2.638610650807819979e-01 -1.469457988332944012e-02
4.023166588131989463e-01 4.035352227087461718e-02 -7.151634658581028647e-01
3.276139547657621609e-01 1.044600620226472133e-02 -8.152368837504319066e-01
3.773454705707377510e-01 -3.496177993067424439e-02 -5.703571496111002892e-01
6.199284594360541245e-01 1.386453181615179275e-01 -3.214128447176460845e-01
4.726901790162261752e-01 2.535849220618635602e-02 -5.601214192330636887e-01
6.547805614992184831e-01 2.910211072677693633e-01 -3.699856869770158374e-01
3.731773701670419441e-01 -1.091607252251593080e-01 -4.123125345754335980e-01
1.607156123080530907e-01 -2.812499211061307847e-01 1.237256464810936457e-01
1.610977373060729079e-01 -3.830766539401329607e-01 -1.698462938519879617e-01
1.987082743274133367e-01 -3.134259617060197178e-01 -1.818967270977209227e-01
1.360517992509323038e-01 -4.354094051017789457e-01 -1.152669662128492090e-01
2.037681327600966430e-01 -2.348095447323088336e-01 5.661105510888126968e-01
3.064293710930647285e-01 -2.563012118029325825e-01 6.324170109309869003e-01
3.957333740353690676e-01 -2.542736311382929326e-01 6.437647479412966778e-01
4.668098799684121669e-01 -2.272037766308226125e-01 6.224553465814710584e-01
5.130028247975277900e-01 -1.844954528404004757e-01 5.771600240473877541e-01
5.387984008673747383e-01 -6.735417472924065674e-02 4.199632584923108092e-01
7.185936713642261386e-01 2.390896438295026516e-01 2.074524159797518363e-01
4.928290776809357565e-01 -9.797212340619132487e-02 2.814477170342642443e-01
4.308979670821049268e-01 -1.311668658271272769e-01 2.510948315655713303e-01
3.499807329221710228e-01 -1.549904974355686416e-01 2.539929479236072152e-01
2.730490849255364783e-01 -1.685161071208589600e-01 2.788394445931243748e-01
2.143593066239986578e-01 -1.733425776633622795e-01 3.108687783315820519e-01
1.739208651456884691e-01 -1.799517099285258825e-01 3.395033362365535989e-01
7.232251758999119762e-01 4.674726088495179122e-01 2.415711082295592949e-01
1.980040568464273565e-01 -2.797086690089837790e-01 -2.003835382808184518e-01
1.232527505207810375e-01 -3.708217555343270022e-01 8.616837783676087326e-02
1.186153608114465796e-01 -4.309435314577111376e-01 -1.828486412564117314e-01
8.625349384852333545e-02 -3.993397226775017295e-01 -2.213081903095339142e-01
1.185536300510032504e-01 -3.983848519607013916e-01 -1.928416088968388786e-01
1.821947693853111505e-01 -2.555775758173918777e-01 -2.231055616323771029e-01
7.352952408080093427e-02 -4.142620269958517953e-01 -2.319397535779054165e-01
7.144644479670075876e-02 -3.374154103056982157e-01 -2.408685857921646911e-01
1.737502773677075396e-01 -1.580345754628467436e-01 4.102170803638985341e-01
1.423183500990845840e-01 -1.930514633635769250e-01 3.857883559608871193e-01
1.232435974679908508e-01 -2.348704155245569802e-01 3.642144898253966145e-01
4.668965049386089583e-01 -1.366184659456474992e-01 4.603570548207158719e-01
5.045525230604965827e-01 -1.404305329611179598e-01 4.994020556811257228e-01
-3.238703636249926632e-01 -1.538619200441568025e-01 4.806707379538898151e-01
-2.598394948570038054e-01 -1.598287532813377765e-01 4.788661293962215293e-01
-3.230770392259726398e-01 -1.621385530736733638e-01 5.634356246989822292e-01
-3.887659266742148900e-01 -1.478429203884595311e-01 4.827982567289273441e-01
-3.252400312304193908e-01 -1.455877996173669808e-01 3.985022898768116328e-01
3.507744760883122481e-01 -1.602191339740309806e-01 4.503612006511312771e-01
4.134575727889214236e-01 -1.658988126138741526e-01 4.471709497598545524e-01
3.498702382260704402e-01 -1.686368017875525260e-01 5.284620073603247814e-01
2.875933456329453630e-01 -1.545644318017687646e-01 4.540638110603578137e-01
3.519151379023620074e-01 -1.518177382543585974e-01 3.722246480839660476e-01
