-1.177315276438954672e-02 -2.131701517149605651e-01 -3.683946714519874543e-01
1.706566163353873122e-02 -3.606328397830869115e-01 -1.565715156768648919e-01
1.906312485745090268e-02 -2.266589753123385842e-01 -2.039583962041978671e-01
-2.541799142654585508e-02 -3.270871271651966117e-01 9.990644462451092611e-02
1.691172100440248294e-02 -3.865587759634767639e-01 -8.470814303722276617e-02
1.612068817319393249e-02 -3.795315027568324506e-01 1.744169421799095232e-02
1.782042364584246474e-02 -2.789924850179260618e-01 2.775425221151361921e-01
-3.345940332101644543e-01 -8.824494106178765174e-02 3.503561441322518011e-01
1.817454863060993797e-02 -2.670239693083389376e-01 4.752191989422973606e-01
1.742649306691084615e-02 -2.881564657062472001e-01 5.705808558573077782e-01
1.636483410875212707e-02 -2.792983189063701355e-01 9.059832910026881514e-01
-1.097988900479116015e-02 -2.044849482362894322e-01 -3.892447239712761853e-01
-9.743047346819379978e-03 -1.868860857148992305e-01 -4.090829087268343933e-01
-7.831842187801352911e-03 -1.609164412557902435e-01 -4.224743210177588359e-01
-1.276301137203313465e-02 -1.480511899701534850e-01 -4.825314387628878432e-01
-1.351228022740982859e-02 -1.505398175455878174e-01 -5.135210385531872035e-01
-1.488811525839770639e-02 -1.577498090918554308e-01 -5.477533822604596647e-01
-1.470355929539932105e-02 -1.492030507063257239e-01 -5.801879122359010488e-01
8.767840435397827870e-03 -1.010121962748458668e-01 -6.291215166808576953e-01
1.625280331499256992e-02 -3.305250251925928584e-01 -1.876406115581830125e-01
-3.134489415331989659e-02 -2.617028980921117798e-01 -1.728587756555104438e-01
-5.191179345315706239e-01 1.073257162412672994e-01 6.652125058527547097e-01
-1.987810615191965002e-01 -1.328389774439032722e-01 2.776829657458466105e-01
-2.496866782783044858e-01 -1.274082093982807917e-01 2.732240191555291853e-01
-2.970878511829495583e-01 -1.133533130072437167e-01 2.813151869415408957e-01
-3.550185012911117877e-01 -7.788106166291131061e-02 3.324071461466338029e-01
-1.539232235762254541e-01 -1.294323640360566241e-01 2.946676479278400596e-01
-2.706130144505267676e-01 -1.728641126496502922e-01 4.856664970069959342e-01
-2.124759707981795920e-01 -1.723445823480036498e-01 4.748352658249164193e-01
-3.220403780370215685e-01 -1.543653154680654227e-01 4.749261903493067205e-01
-3.546311459191291426e-01 -1.306416071524953981e-01 4.480752296982222216e-01
-3.977470046169733209e-01 -4.629162222259389226e-02 2.911600261897444586e-01
-1.759997512330541691e-01 -2.051191558791663067e-02 -7.027127448307473045e-01
-3.508737848117875480e-01 -7.541673290520742312e-02 3.757820188471214795e-01
-5.355613823920679639e-01 1.661292575177595321e-01 3.611293978521872283e-01
-4.520930892981278593e-01 -3.037599081203795626e-03 3.528630231713770771e-01
-2.325862988521196772e-01 -1.392310643689637084e-01 -3.480437714104345215e-02
-6.754459444575439120e-02 -2.052092920108798957e-01 -3.524984656577879738e-01
-5.876208135791086140e-02 -1.776010700173861201e-01 -4.021929518279789839e-01
-1.155008471377770296e-01 -1.712610200257242976e-01 -3.668465675650570690e-01
-1.438871888300365387e-01 -1.336642077745613943e-01 -3.868977977950229796e-01
-9.802575628551268849e-02 -1.547765251421299726e-01 -4.020236649943336182e-01
-1.256933237466931752e-01 -1.191187984667518851e-01 -4.094772601561076364e-01
-2.207884838598883626e-01 -4.416022348884970916e-02 -4.798052457047050634e-01
-2.521625486652546988e-02 -3.552944795512822385e-01 -1.513927734987340346e-01
-3.266604809579881641e-02 -3.793294722685781606e-01 -8.139220631851493137e-02
-4.207808134629520413e-01 -1.235747864602764201e-01 5.227322736688138072e-01
-1.306248898820445148e-01 -1.710257262007508494e-01 1.403023046842326593e-01
-1.400790954512289299e-01 -2.363190835428935488e-01 -1.044747357987683145e-01
-1.439916950218572689e-01 -2.268124592856182176e-01 -6.204678507136318633e-02
-3.786388728434899598e-01 -7.672419398926991208e-02 -5.882521603429821666e-03
-2.948783244669976600e-02 -3.632910419904351595e-01 1.421766621624605265e-02
-3.074120081073770105e-01 -2.157737177944089035e-01 5.892688276778539347e-01
-3.744547722015403313e-01 -1.745924660944375706e-01 5.699429845937433736e-01
-4.695532925134173752e-01 -3.056798412320014396e-03 7.726703838737727370e-01
-8.908430436181630219e-02 -2.530958581896397552e-01 5.042799512624553948e-01
-1.609820414439299130e-01 -1.555061029369076975e-01 4.409192395649579321e-01
-2.527160858553779699e-01 -4.225204754889873293e-02 -4.054280696336711731e-01
-4.739771979086038201e-01 3.793112785166271594e-01 -2.858765473299053061e-01
-1.026638459317439356e-01 -2.122690073285021795e-01 -1.454119430736181551e-01
-6.352293857169821756e-02 -2.125502469682797324e-01 -1.682831290620580011e-01
-1.813895829568329399e-01 -5.072876698700770626e-02 -4.207507244179697903e-01
-1.720153112077448254e-01 -6.309977398513387514e-02 -4.252895777519818399e-01
-3.991355763317170346e-01 -1.572131777345893155e-01 6.206334601841976273e-01
-1.430787197354049800e-01 -2.049397988549213068e-01 -1.309434171438801364e-01
-2.150756988410535975e-01 -2.431284219182807682e-01 5.745147924046665189e-01
-2.226898147362961211e-01 -2.600926133366193715e-01 6.311059711922040183e-01
-2.697035389415589623e-01 -2.091823768712318676e-01 8.971196145543856026e-01
-4.335711935851453980e-01 -9.147367244602294667e-02 6.871416449335310261e-01
-2.403022349403107771e-01 -2.372293603133844853e-01 7.576346296629976607e-01
-4.477846298962295801e-01 -8.623657042046684040e-02 5.644518588716809226e-01
-4.828308416614508491e-01 5.664335214551223519e-03 6.017015873867694875e-01
-6.446922604232083187e-02 -1.965642804420362766e-01 -3.804847383364986513e-01
-1.069908853930498505e-01 -1.649236218309286239e-01 -3.855161218964422432e-01
-1.355225889400930028e-01 -1.302063181060483243e-01 -3.981348908678721266e-01
-9.119849140975183621e-02 -1.996460068692751388e-01 -1.573190274242448616e-01
-1.764093795988518343e-01 -5.712586479741067758e-02 -4.231340888985410942e-01
-1.639556269329895954e-01 -8.338839906126493950e-02 -4.499417459806496211e-01
-1.666498770636112292e-01 -6.447964909563173863e-02 -4.268837561881106968e-01
-8.003745539293835587e-02 -2.847239191708901274e-01 -1.345007342174990850e-01
-1.183456208643498542e-01 -1.092322376252986560e-01 -4.180744530660409630e-01
-8.965722076430487908e-02 -1.334266935811650456e-01 -4.140383307217803122e-01
-5.283656667463659806e-02 -1.541554842520363455e-01 -4.160701095429855112e-01
-5.936918602726683203e-02 -9.715838271394594550e-02 -6.226870223397780180e-01
-7.340671274398535839e-02 -1.464821725790729223e-01 -5.694114428734569078e-01
-7.107238062705401038e-02 -1.549117457235557049e-01 -5.361939027777991029e-01
-6.528665664309118988e-02 -1.468004299840864335e-01 -5.016024885350474083e-01
-5.851405016715469087e-02 -1.441838896892985167e-01 -4.725572678848002361e-01
-1.258958987833272425e-01 -1.068891088637634601e-01 -4.487768966400920156e-01
-1.368427942683339005e-01 -1.117709802512435457e-01 -4.616020389327604168e-01
-1.480910752359450022e-01 -1.167237254093249632e-01 -4.778714837593762699e-01
-1.561816416091132975e-01 -1.058485003090935406e-01 -4.958219688617149234e-01
-1.947115051164104438e-01 -1.249791084444618616e-01 -2.954659181217255126e-01
-5.301513796928534195e-01 4.027506598183894226e-01 8.231373018247015172e-02
1.910720885738731445e-02 -2.630307715972804994e-01 -1.934065262415834985e-01
-1.447250052964538791e-01 -8.244771313596471751e-02 -4.380886120123796967e-01
-1.544005207609407959e-01 -8.539608289659675333e-02 -4.438409661109357085e-01
-4.718573370408543632e-02 -2.127994831378358098e-01 -1.960731616208003514e-01
-1.253029978356250962e-01 -1.638822830194341940e-01 -1.685189635882282655e-01
-5.509433676320019124e-02 -2.135279545711326055e-01 -1.825487210923826265e-01
-1.822863535844764238e-01 -1.482962813366727195e-01 1.044894823564326836e-01
-2.635211586833687836e-01 -1.264271051101305554e-01 6.352244037036164359e-02
-1.521420351573474217e-01 -1.950061081970329013e-01 -8.882818353979723969e-02
-3.908394704639981398e-01 -1.141163111625609350e-01 8.524980115916171997e-01
-3.564097328367437090e-01 -1.702256304040981050e-01 7.427674450997485689e-01
-3.230583933117081585e-01 -2.144444323102523420e-01 6.466313574229716199e-01
-1.823111731040298888e-01 -6.462227061752595647e-02 -5.379125971094280700e-01
-1.030915571153646071e-01 -2.831381114393962672e-01 5.997151501683397612e-01
-1.198955170545386029e-01 -2.743826947746137446e-01 7.482838410344914148e-01
-1.387878175505538603e-01 -2.635017932479546410e-01 9.115425242138410766e-01
-3.351786827048723882e-01 -9.365088401912019522e-02 3.004449300998554007e-01
-4.532816137318584904e-01 -1.120825650114859462e-02 2.431363314153957011e-01
-1.240831408058226115e-01 -1.257882790599628153e-01 3.112983416136291259e-01
-4.000254064230719386e-01 -8.604560378928391429e-02 4.244839647717089104e-01
-9.603517742597433848e-02 -1.948768030849061805e-01 1.823427139981372846e-01
-1.110434948652593845e-01 -2.883121824724568238e-01 -8.711435671705472505e-02
-4.975488058946981873e-01 4.830249138658987418e-02 2.027426463086826613e-01
-4.222071827745281780e-01 -4.950418463485087295e-02 1.830158005396423926e-01
-3.605505762289851202e-01 -9.206236545646753755e-02 1.457937253576495618e-01
-2.649744996134253405e-01 -1.167114661628552152e-01 1.493300139101171320e-01
-1.939447281338294027e-01 -1.324300167789164151e-01 1.759430546615292634e-01
-1.407912885033963946e-01 -1.500138787986576849e-01 2.060579241701919750e-01
-2.935917251329747679e-02 -2.577653546368373627e-01 2.657259302621621799e-01
-4.881668823964933068e-01 5.345247483011639211e-02 4.988472254644332748e-02
-4.399029910100731300e-01 -6.380128895966410973e-02 4.439732703308310047e-01
-1.001672974901486948e-02 -3.275835145072212296e-01 -1.834358730505974977e-01
-1.269145191203945866e-01 -1.822495825890394494e-01 6.290422143462087723e-02
-5.491067345132141231e-01 3.236989459187682439e-01 3.947244669722105304e-01
-9.938286624690723103e-02 -1.624508980541676806e-01 2.404436989189141505e-01
-1.551870982191970172e-01 -1.464579648833229664e-01 -8.474905289053222268e-02
-3.707248960133768811e-01 -6.578156550822530924e-02 3.760406593483182069e-01
-1.137061139095295603e-01 -2.760534652138563194e-01 -3.568637229105350861e-02
-5.082435659228825564e-01 4.037678818101795297e-01 -9.535441948132208911e-02
-1.212723178510095035e-01 -1.175788043509098380e-01 3.352500827088409352e-01
-7.358569726176747428e-02 -3.299893526419794831e-01 -3.455708180249400518e-03
-3.796541349598887560e-01 1.445737313493767884e-01 -5.038988488262450272e-01
-3.748537934984712550e-01 2.417812875689533403e-01 -5.695313425852608358e-01
-5.268061057183848206e-01 2.295007732715811377e-01 6.259205952388652294e-02
-4.367610307756031318e-01 1.933839095783066453e-01 -3.950070988199207989e-01
-5.112112372386252712e-01 9.830578639420750608e-02 4.938689998564127492e-01
-1.834925816075538285e-01 1.678820687761443942e-02 -7.608580598398171357e-01
-1.466756335302021874e-03 -2.592978277098558770e-01 -1.893819392449125338e-01
-1.717797299279329448e-01 -1.563509725535119355e-01 1.570471596912764028e-02
-4.946602295501048019e-01 4.731579710565317343e-02 3.499247151535452849e-01
-2.890345832089540323e-01 -1.140196473084394979e-01 3.169753084973609969e-01
-2.471930634887600231e-01 -1.259389561465947827e-01 3.084958744106095496e-01
-1.718372915660248412e-01 -7.389972210834080957e-02 -4.567865398714534564e-01
-4.762209752494559467e-01 8.830834080366115058e-02 -9.174466477686690769e-02
-8.980986656397449419e-02 3.981506206960901129e-02 -8.518855038681327763e-01
-2.382026581974850954e-01 1.296001867129881191e-01 -7.460721446672049506e-01
-3.018255699592446994e-01 1.796670785423574168e-01 -6.749833246250354080e-01
1.679225464172901666e-02 -2.870392900695002414e-01 7.352396570491233074e-01
1.478251471246740112e-02 2.463142937557519230e-02 -8.672114494459846057e-01
-2.043256423286143875e-01 -1.292776038756927592e-01 3.128199750025854042e-01
-1.622855568998757270e-01 -1.251896771190167401e-01 3.238745859576468433e-01
-1.343952584957034402e-01 -1.171318127705915924e-01 3.301436299686708598e-01
-4.742408011487351249e-01 -1.635689125760150797e-02 4.729996684648685168e-01
-1.717769651037202028e-01 -1.410209672337781051e-01 3.915743523608437027e-01
-2.181486901272293721e-01 -1.505382387932329147e-01 4.163728085067075479e-01
-2.624768717456986700e-01 -1.481516471991639605e-01 4.224233818058180656e-01
-3.042279572156936229e-01 -1.344082776679457192e-01 4.136394591240968310e-01
-3.289823500004440682e-01 -1.164015492006792440e-01 3.978038211805192681e-01
-5.429410598595498794e-01 2.246170437786333407e-01 5.472531123663322283e-01
-3.164043830397089696e-01 -1.000156376820268145e-01 3.326730219024125468e-01
1.773718530156499773e-02 -2.121042824285492845e-01 -2.570041534161361385e-01
-1.465857269196101931e-01 -1.560190131692009707e-01 -2.653279579716681935e-01
-1.023347069024951317e-01 -2.321776543110835034e-01 -1.366875865486878450e-01
-5.264872487675786861e-02 -2.057583654288738240e-01 -2.568554459046071825e-01
1.807327236141207522e-02 -2.546569922662184071e-01 3.789556493695355188e-01
-3.153247544383332990e-01 1.080272802969116652e-01 -6.048405930338824898e-01
-2.531224038352108963e-01 6.611147045476920003e-02 -6.843027537207981847e-01
-9.573634536780789572e-02 -2.752255700132641425e-02 -8.166066947259569275e-01
-4.281850360365251351e-01 3.174757815869588828e-01 -4.464743598697387128e-01
-1.374196728703945825e-01 -1.276375614827639504e-01 3.567636225700347996e-01
-6.286577383346966807e-02 -2.587930292973811275e-01 1.475027366988725941e-01
1.087012950320998678e-02 -4.109135408231989750e-02 -8.307294423621489621e-01
-1.701470720654963964e-01 7.597191883371640087e-02 -8.086301207079071851e-01
-5.091034845826700739e-01 2.425184522754667560e-01 -9.686657544474747139e-02
-9.670376041988357207e-02 -1.276871257520523772e-01 -4.593802712040555569e-01
-1.075405728494137625e-01 -1.323183210105318697e-01 -4.812907462242996814e-01
-1.162314539616200459e-01 -1.383135736728697829e-01 -5.092182817741703893e-01
-1.215284535275759081e-01 -1.288844043518870830e-01 -5.396085918512174562e-01
-1.286926536712582614e-01 -8.685026911453541665e-02 -5.888595839935908405e-01
-1.474631057701509818e-01 -8.992513110413857813e-02 -4.197943813457883921e-01
-1.559911802450948404e-01 -9.159796170454723163e-02 -4.145128146897953947e-01
-1.632670408628943415e-01 -9.317175545232392331e-02 -4.084443246275314410e-01
-2.309010697759135144e-01 -8.645131860147933778e-02 -3.448096364268311564e-01
-4.152993686393542383e-01 -4.423247543168945528e-03 -1.488876970678506551e-01
-6.182274098273149443e-02 -2.232253506869718018e-01 2.295445748193144508e-01
-8.670066424675926253e-02 -1.571412223095083327e-01 3.833406424559056003e-01
-1.174082951918657969e-01 -1.390194444904019333e-01 3.790872923139592121e-01
-1.387955887021676826e-01 -8.446134783826669823e-02 -4.246621734377037383e-01
-4.185529484437293668e-01 8.961775667214663676e-02 -3.088861377156914001e-01
-4.614425698590515768e-02 -2.203004699839393732e-01 3.770074998964106916e-01
-1.546234703745893446e-01 -5.077688534414598331e-02 -6.419828340587023785e-01
1.668117316261212568e-02 -3.449140370653103194e-01 1.061351436957140848e-01
-2.838870171573759649e-02 -2.967548356893759953e-01 1.780446699369820918e-01
1.739699723391974207e-02 -3.103607806247035139e-01 1.886413428682013338e-01
-9.819491344349906559e-02 -2.424810330792009916e-01 3.467028671957773922e-02
9.483083814152012958e-03 -7.690257940746136889e-02 -7.709601947832331881e-01
9.305996475713385757e-03 -8.802228412554144454e-02 -6.938764845484226562e-01
-7.456030582836631337e-02 -7.618669206570047314e-02 -6.851897315616046757e-01
-2.661269460576201062e-01 -1.031567365388981125e-02 -4.959089319321823286e-01
-1.992230134199370895e-01 -1.270235838527360439e-01 -1.351646495778923152e-01
-2.175619521899946340e-01 -2.712637728145846083e-02 -5.794076977056124012e-01
-3.115682971842499427e-01 -1.077105051097613231e-01 -1.100007128319075989e-01
-2.463552759292961802e-01 -1.089138919318760612e-01 -1.995907876103074630e-01
-3.531419206039316805e-01 -5.357175891271254153e-02 -2.152795958772996121e-01
-9.023433825081159099e-02 -6.186760965862658779e-02 -7.585060328724757550e-01
-1.276028553560428214e-01 -2.017737212461784280e-01 6.857464003097168970e-04
-3.040780553543166453e-01 4.320569555100799153e-02 -5.386644057836602606e-01
-2.420032580541393585e-01 1.866243885791889212e-02 -6.257650049935257197e-01
-3.022471054000692714e-01 -1.677559147378158283e-02 -4.031132515553376150e-01
-4.618011453941868183e-01 1.214871925226318483e-01 -2.116150022051467294e-01
-3.620722280537708171e-01 3.494932302330296114e-02 -4.005818159735567985e-01
-4.831968717226280408e-01 2.402693187910750483e-01 -2.479604480318577941e-01
-2.857616483400803320e-01 -7.458003647054681218e-02 -2.833212075478924730e-01
-9.397378515576360059e-02 -2.184391249947417180e-01 1.065594100542330835e-01
-9.547672959870023845e-02 -2.954883282242927178e-01 -1.228852481086364357e-01
-1.244189561213837614e-01 -2.382151275564383663e-01 -1.303238295998433438e-01
-7.476824874192458670e-02 -3.359726655568522347e-01 -8.164362121255944182e-02
-1.275408043012429271e-01 -1.805165627742728596e-01 4.536500157272003175e-01
-2.111254766624670598e-01 -1.927949021186363687e-01 5.082475839928899397e-01
-2.831519705582348223e-01 -1.890104527335648710e-01 5.210467961745219867e-01
-3.416697900008938138e-01 -1.667470849030203706e-01 5.082300059007343052e-01
-3.810844706859473074e-01 -1.328622626301000365e-01 4.769210040184705957e-01
-4.055478219750880964e-01 -4.257446189262406588e-02 3.646638464385063561e-01
-5.386097819084527671e-01 1.992442454033429566e-01 2.143814880701997438e-01
-3.723347003288397516e-01 -6.808045978423765687e-02 2.549282450766660046e-01
-3.239379573891085773e-01 -9.514197588230938196e-02 2.264435108023278298e-01
-2.583602468136498853e-01 -1.161021782346565168e-01 2.211357746145734549e-01
-1.947972739290496080e-01 -1.288066738173806458e-01 2.344515053356106549e-01
-1.443495589355706654e-01 -1.329674892731335101e-01 2.560293912522475512e-01
-1.093549922200954261e-01 -1.393779150322126403e-01 2.759382071021643235e-01
-5.417636413863700096e-01 3.784213733387542522e-01 2.433097337238269153e-01
-1.241261995446452104e-01 -2.114888329603932249e-01 -1.452354420894770293e-01
-6.341186744622354099e-02 -2.883229851189589299e-01 7.436986122316710524e-02
-6.167258302975972550e-02 -3.327574826846088074e-01 -1.357555109161231455e-01
-3.658617802098126925e-02 -3.078328164159537250e-01 -1.676744912429166678e-01
-6.181430651899388895e-02 -3.074584739522157051e-01 -1.432371412908326480e-01
-1.107860046267829524e-01 -1.918924284309030392e-01 -1.641839027293614528e-01
-2.639890550704464267e-02 -3.202629402916612467e-01 -1.769595829810266530e-01
-1.900427497657129761e-02 -2.598230128269117811e-01 -1.839324387455586463e-01
-1.050054920942291026e-01 -1.235599007400424165e-01 3.319415739477934446e-01
-8.171709266889201628e-02 -1.500926471239084625e-01 3.111522816085983134e-01
-6.828498094746840441e-02 -1.821464324806467694e-01 2.919624596527254923e-01
-3.418127209133601241e-01 -9.819894985353117001e-02 3.858384852933824938e-01
-3.732054916306790648e-01 -9.889752877128399344e-02 4.172754014721780091e-01
5.888064137447540647e-02 -3.267890394509181951e-01 9.624072190312221720e-02
3.576841184780936711e-01 -9.583682170407875622e-02 3.249524648088855105e-01
6.713074460149992539e-02 -2.646673256738333313e-01 -1.772536353035342183e-01
5.262426882070827538e-01 9.219132515106620573e-02 6.098732411671401454e-01
2.182673092521034697e-01 -1.348709949150942444e-01 2.666086409051047212e-01
2.665228478362606790e-01 -1.312608111169001335e-01 2.596969271970446247e-01
3.124334421784142890e-01 -1.190273389198877041e-01 2.619921360083659057e-01
3.732564483908531461e-01 -8.530187318176085665e-02 3.036412723758823429e-01
1.783522187163935624e-01 -1.311279128998893428e-01 2.840845467826560444e-01
2.923250739998655146e-01 -1.790924799839865855e-01 4.642307349813830086e-01
2.353479499332757907e-01 -1.773250456906225736e-01 4.550218095220814885e-01
3.437228528006914807e-01 -1.632088565299072425e-01 4.508298623839708252e-01
3.754510888558231230e-01 -1.412370434956701226e-01 4.198267428845159355e-01
4.090426531073936278e-01 -5.581010703824332286e-02 2.543814918066653608e-01
1.911590261479456654e-01 -2.840034418950482253e-02 -7.107291575049343724e-01
3.750242559938155029e-01 -8.348496370069119488e-02 3.478819269475783571e-01
5.526139315259648299e-01 1.521231713567060551e-01 3.077928538932385161e-01
4.600773883238291617e-01 -1.487002017913340024e-02 3.090287942318258319e-01
2.567424630055223922e-01 -1.457016163052262669e-01 -5.729880484133395568e-02
4.502769967723539712e-02 -2.058723170820497828e-01 -3.583686355601433116e-01
4.063917585199063043e-02 -1.763905119314884140e-01 -4.088145859670688775e-01
9.888739344974140089e-02 -1.690424576279354607e-01 -3.784861319432987203e-01
1.339685132627028152e-01 -1.280941325030442446e-01 -3.995949016113140573e-01
8.391298760321708183e-02 -1.507773697656388245e-01 -4.119573319989811022e-01
1.177555614566157538e-01 -1.138262878109672083e-01 -4.193376681113598625e-01
2.186411873668026029e-01 -4.844709585538102548e-02 -5.008210813904119263e-01
5.782478183925660042e-02 -3.577731911733725845e-01 -1.552606121209605394e-01
6.411797088556800417e-02 -3.820758876517518221e-01 -8.596535643704886209e-02
4.337711942024586875e-01 -1.350460537848681142e-01 4.879341276679514117e-01
1.597478915777265640e-01 -1.725410831878324558e-01 1.269746102998031700e-01
1.703943663425500077e-01 -2.416083410496481232e-01 -1.169979420009584770e-01
1.732753715018519602e-01 -2.320714349204523463e-01 -7.502210255627744795e-02
3.964148026515796897e-01 -8.544863051761020234e-02 -4.188126298100863787e-02
6.164274159374202866e-02 -3.638120421986252850e-01 1.038089200299018716e-02
3.313753578532345756e-01 -2.267791180721160371e-01 5.633243705572796856e-01
3.933692029571824733e-01 -1.864221339652902820e-01 5.409815680145322325e-01
4.798245328022794354e-01 -1.786753977122440551e-02 7.207679371596842355e-01
1.237469055169633236e-01 -2.558491564685329012e-01 4.902314711301398731e-01
1.870583235164197111e-01 -1.579717661702760845e-01 4.215903969900656190e-01
2.557179086221770259e-01 -4.494055724820050779e-02 -4.318206258271862774e-01
5.057426715961703678e-01 3.642591737700429100e-01 -3.251035466143908925e-01
1.356389338873301154e-01 -2.177783297377529070e-01 -1.548691939803320539e-01
9.911175131610217015e-02 -2.192508164999316111e-01 -1.752890412172014578e-01
1.782191282880648542e-01 -4.399310426891821224e-02 -4.442086271790364194e-01
1.660929257418906069e-01 -5.835322099492508408e-02 -4.466927015459903894e-01
4.160850453527709103e-01 -1.695048628970936555e-01 5.851826376600068880e-01
1.721606340434191917e-01 -2.110797899656184917e-01 -1.435010805227581177e-01
2.452715456586791465e-01 -2.525773078256887683e-01 5.523909358865901620e-01
2.529560304132096871e-01 -2.700551499195000815e-01 6.048573965581414136e-01
2.916624027991034929e-01 -2.191406437255815076e-01 8.637882004291617122e-01
4.484583603938425700e-01 -1.038554768787527394e-01 6.436765186246720116e-01
2.662164073197192948e-01 -2.456232033003200588e-01 7.302671163535325860e-01
4.598041723615404752e-01 -9.781596209769957695e-02 5.206809351561410004e-01
4.963892596185390804e-01 -6.842252206992163049e-03 5.539006363840601743e-01
4.326378603650461729e-02 -1.962832984902067590e-01 -3.868637807585932897e-01
9.131127422909185443e-02 -1.618173157505555237e-01 -3.966517826686941639e-01
1.259638202729008727e-01 -1.249999943350809661e-01 -4.095208364541145230e-01
1.251255592933083749e-01 -2.058671494164979743e-01 -1.658421850063980241e-01
1.718669500711882403e-01 -5.187487432931905951e-02 -4.457174298079791264e-01
1.508156874062280828e-01 -7.994703418113915938e-02 -4.698614911319833887e-01
1.602133106570901022e-01 -5.960401119374922341e-02 -4.468769371498616527e-01
1.114482557972648613e-01 -2.864620082634122822e-01 -1.427904471281338239e-01
1.114015275740116717e-01 -1.039158547624343676e-01 -4.262541626023250707e-01
7.851047603900734861e-02 -1.285081699220622653e-01 -4.216945472918387505e-01
3.848678986785912526e-02 -1.512600384823524768e-01 -4.219976282838560078e-01
7.299238416835993060e-02 -9.896941173290768612e-02 -6.274587837370293464e-01
4.525809641597694499e-02 -1.454053834763494035e-01 -5.757412843955562742e-01
4.223869547272812719e-02 -1.527563656990277297e-01 -5.426738271358428900e-01
3.944345693621087445e-02 -1.441019500681838816e-01 -5.085999227524788946e-01
3.467207353522047675e-02 -1.410076832182021733e-01 -4.795716793885891338e-01
1.090661102305482411e-01 -1.025650381423281465e-01 -4.649812934820958255e-01
1.184817484938867627e-01 -1.090598154704606193e-01 -4.786212052725873356e-01
1.278488580362873162e-01 -1.147969287786598236e-01 -4.956043895773096786e-01
1.371158165611958135e-01 -1.042680720383790116e-01 -5.133285691344755541e-01
2.124315587349978607e-01 -1.292992245458410294e-01 -3.148405083907248603e-01
5.577855293829363514e-01 3.866053463358702924e-01 3.037515208408059220e-02
1.331381559688657457e-01 -7.661663988037548112e-02 -4.557229888817453389e-01
1.416765449515726694e-01 -8.119137802327328068e-02 -4.628721152259471783e-01
8.370342331193619811e-02 -2.165620806164118006e-01 -2.015300484951695337e-01
1.574490536153899667e-01 -1.717375417275966987e-01 -1.797720368582153005e-01
9.122196184698014298e-02 -2.190657530074624493e-01 -1.890611968540780730e-01
2.090973322783589161e-01 -1.507693407664583152e-01 8.640224988658229410e-02
2.869335034620692504e-01 -1.319774022227730992e-01 3.751537249596394175e-02
1.816169511450192453e-01 -2.008395606400200650e-01 -1.025368540499989045e-01
4.062944878354777245e-01 -1.282859769232391756e-01 8.069475210207670557e-01
3.760320052545476077e-01 -1.820741504096672347e-01 7.049870205088495378e-01
3.470081639209259272e-01 -2.259285788159869357e-01 6.158186063121444676e-01
1.849465133561690733e-01 -6.722441463333234113e-02 -5.501131896897470952e-01
1.395039770172037397e-01 -2.874989508443123176e-01 5.782466751319210729e-01
1.496093978488509668e-01 -2.792924859438959961e-01 7.332227017710288841e-01
1.659274020183794662e-01 -2.702929248017958974e-01 8.928656583538456815e-01
3.511658995724924459e-01 -1.007056538108676014e-01 2.755751020964741782e-01
4.586799038424249630e-01 -2.376020616913883388e-02 1.999157593752157736e-01
1.521725765488620152e-01 -1.255041437919225400e-01 3.009238853155205007e-01
4.165133714531719100e-01 -9.656109609427224183e-02 3.908876587722736051e-01
1.269293931747036419e-01 -1.954322877672434178e-01 1.723276042150012621e-01
1.414171420450216488e-01 -2.926578328430902154e-01 -9.834055085055337653e-02
5.155408352965298313e-01 3.520564513589503897e-02 1.540637279763025225e-01
4.273272639069281009e-01 -6.007419382185874568e-02 1.443459009261052195e-01
3.672092528709636206e-01 -1.006782388872391465e-01 1.138767813005545637e-01
2.769653905670632632e-01 -1.217517757004588086e-01 1.272660558356816241e-01
2.104639720541998660e-01 -1.354298393838165859e-01 1.613509461383254573e-01
1.610583949227163969e-01 -1.521376371036419206e-01 1.956346434346974972e-01
6.430895374289627431e-02 -2.580857475996168882e-01 2.612351456032355745e-01
5.080045544525422230e-01 4.181041608417170041e-02 3.522730324506319344e-03
4.502076891716868534e-01 -7.503139828372498710e-02 4.026125082747546990e-01
4.163911947519365053e-02 -3.281614410518645109e-01 -1.855200121305710104e-01
1.570125238254789224e-01 -1.840315292930391200e-01 5.038073890361463580e-02
5.668486931478544655e-01 3.093413370162049203e-01 3.383930132467531937e-01
1.245316489563841333e-01 -1.632728791260233958e-01 2.334699074854481582e-01
1.873864509874399453e-01 -1.523822015542576347e-01 -9.896428119383804400e-02
3.923436281631293987e-01 -7.408366310114722353e-02 3.453579601513953046e-01
1.429812276006122151e-01 -2.804490690751182402e-01 -4.675406860798445030e-02
5.395360563493460937e-01 3.869200929909748510e-01 -1.413622655340649459e-01
1.521876722557450878e-01 -1.160713568609431645e-01 3.239664616520806506e-01
1.031816297218902667e-01 -3.323616418120618476e-01 -1.119737815882130422e-02
4.002384037054727006e-01 1.303696044464013326e-01 -5.290672026942084827e-01
4.007099628990369311e-01 2.266291642728308631e-01 -5.918627694219535940e-01
5.547171111393403020e-01 2.153850609298003649e-01 1.291888511109300086e-02
4.599987599896777635e-01 1.787800665138716827e-01 -4.281063143749741506e-01
5.269080659024327762e-01 8.524498557149265410e-02 4.425751046332628835e-01
2.026737940196379206e-01 8.358939109517873195e-03 -7.675328480319083546e-01
4.006645387090945754e-02 -2.606599505898027358e-01 -1.912943869739831548e-01
1.993554449999499489e-01 -1.605329966608207704e-01 -1.114891395567293997e-03
4.975799772461599879e-01 3.508356605690565733e-02 2.969780464063680459e-01
3.105821065528222569e-01 -1.198168887203872046e-01 2.979499769614182281e-01
2.691065235664058530e-01 -1.299768360852426863e-01 2.933663509448083406e-01
1.599217552766649675e-01 -7.039498652796369327e-02 -4.775859110221047921e-01
4.977415269748437510e-01 7.633082812045474674e-02 -1.344432287790907621e-01
1.171602309637655992e-01 3.537996703766092821e-02 -8.537900361114889591e-01
2.646789317389357521e-01 1.191082304434790684e-01 -7.540332186403646553e-01
3.282994267539718347e-01 1.671178746615764599e-01 -6.882465946809321888e-01
2.279806850099388438e-01 -1.320055404337483473e-01 2.993198100100695758e-01
1.894195183918762626e-01 -1.257077141822700028e-01 3.111820956449795617e-01
1.645889937809133508e-01 -1.160307594421231547e-01 3.178665513874228132e-01
4.808884651575624503e-01 -2.753179514469693279e-02 4.219221789860652105e-01
1.969053441104625657e-01 -1.419068309106505943e-01 3.714236023238900453e-01
2.392031648190835469e-01 -1.539923791793188501e-01 3.927696894612360268e-01
2.829157122461822826e-01 -1.535839551468796138e-01 3.974999127796727816e-01
3.251867246592721195e-01 -1.417477310262059698e-01 3.874048904964653151e-01
3.503174601828540347e-01 -1.244520173526871831e-01 3.705069088209158590e-01
5.550164121098133396e-01 2.094815611824554225e-01 4.908230370343538151e-01
3.386937658828881315e-01 -1.067873338049042387e-01 3.101102924226597501e-01
1.718641185035166274e-01 -1.601599968752888126e-01 -2.797495359857014030e-01
1.350185455338400731e-01 -2.375669250710089608e-01 -1.465542770846960385e-01
8.532944705650982731e-02 -2.067983200762046891e-01 -2.626856072249666996e-01
3.353173093964936236e-01 9.467080996001414617e-02 -6.225122941989231773e-01
2.717968438898440420e-01 5.425221378056008237e-02 -6.954105426605761142e-01
1.156527601419490292e-01 -3.241078599200553079e-02 -8.202474853466212856e-01
4.578177453250473761e-01 3.025687542830314269e-01 -4.774544834897871404e-01
1.662625640421435125e-01 -1.262110988437882275e-01 3.423956802661713983e-01
9.546800348683892601e-02 -2.599341667439718506e-01 1.402467464586606427e-01
1.964200649644640695e-01 6.836573120721831098e-02 -8.123362450728759399e-01
5.373894794951630249e-01 2.281427662802019141e-01 -1.425166088076971205e-01
7.573374195004461962e-02 -1.235571710829150849e-01 -4.723101370371671770e-01
8.464386109951133053e-02 -1.291420394082035683e-01 -4.946825557615364133e-01
9.149044601472336447e-02 -1.354391882569459526e-01 -5.221655059106971031e-01
9.802981325341592056e-02 -1.264440236799444506e-01 -5.511444067864708085e-01
1.363294859038470808e-01 -8.746658095970427649e-02 -5.966482101934760252e-01
1.430425139379143396e-01 -8.394359665806574999e-02 -4.319512316052162015e-01
1.513304701382688355e-01 -8.432658667584089218e-02 -4.280970619113154685e-01
1.588021682420406311e-01 -8.550363890448714477e-02 -4.227112844646359058e-01
2.417003451164205785e-01 -8.802865894104125455e-02 -3.669058987510004366e-01
4.319452731105248855e-01 -1.584674333054700984e-02 -1.859109142642874635e-01
9.523585158036818044e-02 -2.237603733369497583e-01 2.219567606533114912e-01
1.195073800655844232e-01 -1.586041059661725816e-01 3.705827975020077325e-01
1.465711826849460109e-01 -1.380080087973861724e-01 3.647902678273782229e-01
1.349427921144370490e-01 -7.734565602982029775e-02 -4.358496176796005095e-01
4.376190830116672981e-01 7.605400648338062064e-02 -3.437144658873516612e-01
7.726956887489738746e-02 -2.205052769623313536e-01 3.693916192760600126e-01
1.654192429711773826e-01 -5.610452494701681503e-02 -6.495144124339620184e-01
6.202187832159861136e-02 -2.979273078103777950e-01 1.739385910010865510e-01
1.287331551583565936e-01 -2.456757232944372094e-01 2.425609332645457111e-02
9.004910616931208200e-02 -8.032354416347339821e-02 -6.893588303337960799e-01
2.692903624109783678e-01 -1.868995211170074860e-02 -5.192126999312050017e-01
2.255949566943160622e-01 -1.343478248448637391e-01 -1.535541603745617101e-01
2.243705505120814347e-01 -3.464239749550791780e-02 -5.925640224613610840e-01
3.293979868917987774e-01 -1.173722099555810638e-01 -1.388732063417353335e-01
2.657545487557356756e-01 -1.168435578133993902e-01 -2.229424252177000243e-01
3.677132743753847022e-01 -6.501829487478633096e-02 -2.480322184684111697e-01
1.073040490623266563e-01 -6.624018119364447066e-02 -7.632477462236446630e-01
1.573209358833365656e-01 -2.058163842140551258e-01 -1.146203589241834991e-02
3.169641633875917019e-01 3.149975991510299556e-02 -5.576427739084404145e-01
2.559663714954304448e-01 7.999480596146482658e-03 -6.380335713503129114e-01
3.080625578366678052e-01 -2.385596657264189846e-02 -4.336795113994805773e-01
4.835537588731577685e-01 1.081495702846469453e-01 -2.507026892250854289e-01
3.733031834007816130e-01 2.203654062689260063e-02 -4.308694547282514442e-01
5.107406338262117096e-01 2.270017090110975078e-01 -2.885955011257507197e-01
2.964357675966925454e-01 -8.208658622152573137e-02 -3.128480291917854483e-01
1.253610728883568504e-01 -2.193800051736702894e-01 9.650823577359535221e-02
1.256591372707853704e-01 -2.987105434481378552e-01 -1.324281459574268016e-01
1.549960337003941091e-01 -2.442985646018537294e-01 -1.417857587118623863e-01
1.061228543857752338e-01 -3.396271798698498046e-01 -8.991031017777917356e-02
1.589428144311209046e-01 -1.831556749797722539e-01 4.388960811822311125e-01
2.390204297706937098e-01 -1.999195624667489124e-01 4.905504261036433000e-01
3.086791608752590399e-01 -1.983380130215107728e-01 4.996330305095393332e-01
3.641201159446594282e-01 -1.772230388428748249e-01 4.830240065726532084e-01
4.001514450762131414e-01 -1.439097768968704560e-01 4.476284561613030899e-01
4.202724591174058499e-01 -5.253746967272310275e-02 3.282150871552946825e-01
5.605160091126306643e-01 1.864942293814706442e-01 1.618166217147297692e-01
3.844155588956787994e-01 -7.642002122238888973e-02 2.218485536654520862e-01
3.361081769410514397e-01 -1.023125183132435057e-01 1.986777759510700569e-01
2.729912765741826508e-01 -1.208953801500056713e-01 2.016722709417870796e-01
2.129832052149307486e-01 -1.314455993680808676e-01 2.215142717826619201e-01
1.672041208447190841e-01 -1.352103333399897744e-01 2.465589747285239497e-01
1.356614079940399176e-01 -1.403655755701838093e-01 2.684039424549511388e-01
5.641286660869138103e-01 3.646370564109675527e-01 1.884298163170391449e-01
1.544649504490309133e-01 -2.179154149165695165e-01 -1.561669045785767374e-01
9.613936580168741530e-02 -2.892476496622093940e-01 6.721288573219991180e-02
9.252211828593712162e-02 -3.360829356675558710e-01 -1.425862223413737473e-01
6.727927905656472252e-02 -3.111525623378120775e-01 -1.722254447086507545e-01
9.247396718071310140e-02 -3.105254233356316007e-01 -1.502276517176533988e-01
1.422947802908275383e-01 -1.989508804251959306e-01 -1.738159677353432464e-01
5.735435341571726298e-02 -3.228434085617140070e-01 -1.805478265879310040e-01
5.582173222470579455e-02 -2.625093471420842928e-01 -1.870211553036917884e-01
1.355283464540798510e-01 -1.232698158502785191e-01 3.213557000640219208e-01
1.110108769391039973e-01 -1.505836192412817187e-01 3.027956206182564891e-01
9.613222625561906876e-02 -1.832031552943117481e-01 2.854253070678278714e-01
3.641876849819598583e-01 -1.065648646161405644e-01 3.579209524756875593e-01
3.935600574893363124e-01 -1.095383455625075220e-01 3.867822090831884996e-01
-2.526247181446785728e-01 -1.200150694534085627e-01 3.736193059883524681e-01
-2.026794869910126806e-01 -1.246693068707738217e-01 3.720432367551023134e-01
-2.520059108217220789e-01 -1.264709923197859798e-01 4.304283918802920272e-01
-3.032444264151541446e-01 -1.153201412898237077e-01 3.747369266975280055e-01
-2.536930835514419336e-01 -1.135611064624224564e-01 3.164532251678606745e-01
2.736104105430376965e-01 -1.249738108437737916e-01 3.507280832168558904e-01
3.225043552040645078e-01 -1.294040625021321000e-01 3.483453706796506566e-01
2.729050887206647680e-01 -1.315397433824134765e-01 4.077704609061238994e-01
2.243279905812332053e-01 -1.205630412800791085e-01 3.533975135751414864e-01
2.745001473069930142e-01 -1.184205708314778338e-01 2.936727554805084184e-01
