-2.140452895925933074e-02 -3.902355991483424935e-01 -6.718375335616446620e-01
3.119251813519507976e-02 -6.591611723113461885e-01 -2.861793875096089179e-01
3.486423083719744631e-02 -4.142468808319740292e-01 -3.727320679374498402e-01
-4.645885847019218251e-02 -5.978479689201262604e-01 1.826084246067826156e-01
3.091114633905921172e-02 -7.065499063841025329e-01 -1.548290564496944965e-01
2.946530108190752867e-02 -6.937054968530687038e-01 3.187982837529877711e-02
3.257206779826071763e-02 -5.099408587477224364e-01 5.072906247746731268e-01
-6.115690485931626341e-01 -1.612935954970213248e-01 6.402596890818670339e-01
3.321933540772606386e-02 -4.880648746025211260e-01 8.686029173383262858e-01
3.185204375282999628e-02 -5.266907299188035019e-01 1.042904405121130029e+00
2.991154961806545554e-02 -5.104998601692026794e-01 1.655951046119804371e+00
-1.983643904704106287e-02 -3.746675892212058545e-01 -7.090245423350125531e-01
-1.727124451481954273e-02 -3.428204418482403981e-01 -7.441874768975897947e-01
-1.337141017679932195e-02 -2.955186853925825807e-01 -7.678508990085501917e-01
-2.208466543881699648e-02 -2.725745238068829068e-01 -8.977426218645232492e-01
-2.334536328969574748e-02 -2.771996755435398030e-01 -9.535697526520747758e-01
-2.591231494019437948e-02 -2.902731132132172487e-01 -1.014386664315710229e+00
-2.557756096291932679e-02 -2.744771573885290139e-01 -1.070985549035979201e+00
1.699361784149963639e-02 -1.859874904146525121e-01 -1.155442334358385281e+00
2.970678037787510828e-02 -6.041188301651003734e-01 -3.429504058464273308e-01
-5.729000242879142557e-02 -4.783056947250104995e-01 -3.159156422141903287e-01
-9.488407736479500532e-01 1.961693265761967897e-01 1.215871590456933937e+00
-3.633308804262946889e-01 -2.428023185949287344e-01 5.065902047958088517e-01
-4.563758738194108044e-01 -2.328759920106607817e-01 4.983847881965183246e-01
-5.430154649004783618e-01 -2.071865332612783384e-01 5.132782926608174812e-01
-6.489007738258136815e-01 -1.423505563671993990e-01 6.072395649877264656e-01
-2.813399823534127320e-01 -2.365757302102731163e-01 5.378040795739917890e-01
-4.946249106614637459e-01 -3.159600304128685755e-01 8.887519756794024506e-01
-3.883623568036891349e-01 -3.150104359169805246e-01 8.689360817083491284e-01
-5.886235499034615515e-01 -2.821480353694493237e-01 8.690470716686735653e-01
-6.481927679058094860e-01 -2.387859778203187400e-01 8.198283063778240010e-01
-7.269996863380798757e-01 -8.461156075961209777e-02 5.318411631328614497e-01
-3.192909140748670382e-01 -3.733021499547452965e-02 -1.283084816383376126e+00
-6.413250848942761984e-01 -1.378462704133529282e-01 6.870838851776599476e-01
-9.788960130290991213e-01 3.036501009562482256e-01 6.600702355197085591e-01
-8.263331472021018254e-01 -5.552106113521370484e-03 6.449487085249526741e-01
-4.251198987025890386e-01 -2.544857382954485159e-01 -6.361524026836395951e-02
-1.234098853311680344e-01 -3.753743669012650219e-01 -6.435321988980725605e-01
-1.068282293888256629e-01 -3.254555984612134134e-01 -7.325406519940036443e-01
-2.125539411546300550e-01 -3.124614064664958946e-01 -6.683244623337679657e-01
-2.693694463935151773e-01 -2.414043734939023689e-01 -7.011174021412720503e-01
-1.800812953418066131e-01 -2.825737077198036684e-01 -7.315827581523435263e-01
-2.349880078743641354e-01 -2.153070493612436742e-01 -7.426145495749827408e-01
-4.061283005763525189e-01 -7.856668884733589153e-02 -8.776350563370740598e-01
-4.609012553128034873e-02 -6.494037845024001054e-01 -2.767138134208900757e-01
-5.970681474375821862e-02 -6.933362266891537340e-01 -1.487682063343524763e-01
-7.691007496064850013e-01 -2.258692836227141898e-01 9.555149022557754002e-01
-2.387554220895825030e-01 -3.125998382399441944e-01 2.564437453022583302e-01
-2.560357646279043942e-01 -4.319420077147940740e-01 -1.909582592958337655e-01
-2.631871916093658781e-01 -4.145665079665477037e-01 -1.134087567261653495e-01
-6.920739530337987055e-01 -1.402360403207849882e-01 -1.075203912243342941e-02
-5.389769045297219952e-02 -6.640212761144950182e-01 2.598696845330096539e-02
-5.618858995200721740e-01 -3.943899597876255880e-01 1.077062172481101143e+00
-6.844262779564374011e-01 -3.191191048940245079e-01 1.041738703321745119e+00
-8.582468061701646889e-01 -5.587198552557171710e-03 1.412282481818982527e+00
-1.628277789069810244e-01 -4.626071532443748469e-01 9.217199932088253611e-01
-2.942420490344191952e-01 -2.842331601407229735e-01 8.067271354330542987e-01
-4.718302032241007415e-01 -7.116746813763412394e-02 -7.330825214410146007e-01
-8.663327949956167728e-01 6.933029723766793717e-01 -5.225235082295461853e-01
-1.876470332021810128e-01 -3.879625337218400860e-01 -2.657736545266332628e-01
-1.160972004344449360e-01 -3.884600242818477822e-01 -3.075635233651130562e-01
-3.422271354945456423e-01 -8.638260221822660623e-02 -7.635787845881665259e-01
-3.235612838054251483e-01 -1.098278649147252511e-01 -7.743635370549453167e-01
-7.295377097282214063e-01 -2.873533416331399692e-01 1.134390267299009825e+00
-2.615184606341963702e-01 -3.745808152746632480e-01 -2.393357893911940426e-01
-3.931141247611971146e-01 -4.443887305818310374e-01 1.050094831705882914e+00
-4.070311619816626703e-01 -4.753957820415594115e-01 1.153531862904219496e+00
-4.929625765594420894e-01 -3.823423447758881322e-01 1.639750069310629943e+00
-7.924789327959067542e-01 -1.671950521424821479e-01 1.255953544684951240e+00
-4.392230422858360850e-01 -4.336064597245595786e-01 1.384800216545394314e+00
-8.184581698988868670e-01 -1.576227071953058001e-01 1.031701859698044732e+00
-8.825154341017673598e-01 1.035323936531270389e-02 1.099786699382243382e+00
-1.176066821039129240e-01 -3.598331275461871814e-01 -6.938617233916803961e-01
-1.967960376290954216e-01 -3.009706312786363802e-01 -7.018989438656912938e-01
-2.534162655580451395e-01 -2.353988475348541831e-01 -7.218678783148206879e-01
-1.666857921644904761e-01 -3.648834726829051078e-01 -2.875354936678491402e-01
-3.324318912680830351e-01 -9.844937131358010018e-02 -7.691088134565196022e-01
-3.028050649749652878e-01 -1.499867670011503229e-01 -8.281815334665685313e-01
-3.128535805269020420e-01 -1.128807136675052530e-01 -7.784828382392221524e-01
-1.462920004187032996e-01 -5.204051939294074280e-01 -2.458319427739649177e-01
-2.210031498798136207e-01 -1.974204860960411256e-01 -7.584475762278846123e-01
-1.647936219664582480e-01 -2.434957911009720255e-01 -7.530349991569731394e-01
-9.570943177163049320e-02 -2.827539486417389170e-01 -7.572413661889882963e-01
-1.062691648747085965e-01 -1.785483940592109686e-01 -1.143351548883918767e+00
-1.318420316021510219e-01 -2.690405837843142800e-01 -1.051683536887092485e+00
-1.276546847111282856e-01 -2.845835231845640356e-01 -9.935086010504399212e-01
-1.171035030863194493e-01 -2.698236292638082623e-01 -9.314868569257617192e-01
-1.050052332152879020e-01 -2.649924461324967284e-01 -8.790685429369942128e-01
-2.294494683207905505e-01 -1.948370125756350157e-01 -8.323306117803070947e-01
-2.487000889019745919e-01 -2.039500775538579669e-01 -8.557684634289717263e-01
-2.683198820655638972e-01 -2.132701560126948337e-01 -8.850789517143995422e-01
-2.822385100701203520e-01 -1.935296894914301236e-01 -9.172289945280385215e-01
-3.597135100842507871e-01 -2.264343343587600921e-01 -5.368265573681146874e-01
-9.690076412255084204e-01 7.361453385233840407e-01 1.504525622889660019e-01
3.492901214105580132e-02 -4.807323057467925986e-01 -3.534597862152585313e-01
-2.676832312741536657e-01 -1.483835065976344403e-01 -8.073954736362345397e-01
-2.853138129030524661e-01 -1.537257701073784510e-01 -8.176499868878581712e-01
-8.622624264593356513e-02 -3.889151159153195758e-01 -3.583361812663128365e-01
-2.290164932936560871e-01 -2.995243901611889248e-01 -3.080140147287173669e-01
-1.006865968457335558e-01 -3.902454444088025998e-01 -3.336279388638029308e-01
-3.331819481764400903e-01 -2.710550897062972142e-01 1.909852745403202712e-01
-4.816624574979415652e-01 -2.310827352382130995e-01 1.161059509291886838e-01
-2.780843364106347360e-01 -3.564310424657382015e-01 -1.623596427115923946e-01
-7.143741351603445366e-01 -2.085811368991519199e-01 1.558190960175227957e+00
-6.514436588395475791e-01 -3.111374277467033878e-01 1.357626062394184485e+00
-5.904842723647085734e-01 -3.919602994286086606e-01 1.181909074521224179e+00
-3.288099156557355851e-01 -1.180974081292204825e-01 -9.898798973825870817e-01
-1.884301548899107170e-01 -5.175182108662783609e-01 1.096155900619375956e+00
-2.191443361740199602e-01 -5.015151106664774705e-01 1.367708899141469869e+00
-2.536755743112731332e-01 -4.816270614665234540e-01 1.666112180594419456e+00
-6.126376675754217072e-01 -1.711745469277605181e-01 5.484716553232137359e-01
-8.285055253231121686e-01 -2.048638667734631325e-02 4.444031875151451816e-01
-2.267984507703501018e-01 -2.299150926596252864e-01 5.683738775979209068e-01
-7.311641360489731234e-01 -1.572736594550196709e-01 7.763977075666768091e-01
-1.755325446971972569e-01 -3.561946993258355842e-01 3.332828006351964412e-01
-2.029646609524278777e-01 -5.269753481280619045e-01 -1.592271199679472782e-01
-9.094168444377417337e-01 8.828701575470748741e-02 3.705718423089156000e-01
-7.717078592266233272e-01 -9.048346385112984724e-02 3.345152271237362696e-01
-6.590122685648014400e-01 -1.682710618702006056e-01 2.664809321653001106e-01
-4.843188656871393327e-01 -2.133245462757467070e-01 2.728805538155968380e-01
-3.544910580322420679e-01 -2.420548226446918028e-01 3.213190751250627475e-01
-2.573375069905816659e-01 -2.741945044639787499e-01 3.762487960184287550e-01
-5.366252658236111972e-02 -4.711420319815221580e-01 4.856923264256984840e-01
-8.922686186528334673e-01 9.770012592027055298e-02 9.117900888692459516e-02
-8.040521556949995485e-01 -1.166156288681645947e-01 8.117730844314532401e-01
-1.830852099352768894e-02 -5.987426614712125783e-01 -3.352665730537307542e-01
-2.319736277615143671e-01 -3.331147383625666647e-01 1.149759740384256879e-01
-1.003654129693975383e+00 5.916550707340493265e-01 7.214751096684584031e-01
-1.816514310609535499e-01 -2.969268166945724374e-01 4.390139243394962643e-01
-2.836500851532963163e-01 -2.676950254708357901e-01 -1.549038311828456471e-01
-6.776088317220252399e-01 -1.202351668874661328e-01 6.875480027431134511e-01
-2.078313807204027475e-01 -5.045689352614407541e-01 -6.522734589774611957e-02
-9.289646652778720259e-01 7.380046110267175496e-01 -1.742882592738165537e-01
-2.216608447474742172e-01 -2.149098620250682323e-01 6.124404224316382095e-01
-1.344995140310126513e-01 -6.031526399467135313e-01 -6.316323496491110800e-03
-6.939296432881694177e-01 2.642510342596745554e-01 -9.210234163688453268e-01
-6.851556067869344346e-01 4.419264461697600677e-01 -1.040986110801552345e+00
-9.628931687042241450e-01 4.194801926784438306e-01 1.144054061715638615e-01
-7.983092988577844551e-01 3.534659970421726305e-01 -7.219917022880899538e-01
-9.343889578323241185e-01 1.796827507038812888e-01 9.026909161351648336e-01
-3.347062653907107443e-01 3.073251924088946097e-02 -1.390295205075630536e+00
-2.675366486897725465e-03 -4.739081020373796527e-01 -3.461060277337901780e-01
-3.139780019138277978e-01 -2.857774079644352927e-01 2.870498947322099731e-02
-9.041371212164310833e-01 8.648354171759933817e-02 6.395903808340418495e-01
-5.282957480374204096e-01 -2.084044552628082636e-01 5.787856661274344283e-01
-4.518180590557456799e-01 -2.301904993715507830e-01 5.631699719320327757e-01
-3.172621592556808534e-01 -1.325677007152718800e-01 -8.395237507774382379e-01
-8.704339583081672771e-01 1.614094772110682696e-01 -1.676903703348019137e-01
-1.641539573250830886e-01 7.277374130250725826e-02 -1.557071422082711987e+00
-4.353853518298446135e-01 2.368824811903578187e-01 -1.363666316433817416e+00
-5.516750400181877900e-01 3.283944524488405792e-01 -1.233730636786031454e+00
3.069278640879349179e-02 -5.246487627183673563e-01 1.343866814711365931e+00
2.701939533045887021e-02 4.502118491009668433e-02 -1.585084097221931110e+00
-3.734652333253307699e-01 -2.362928604796751264e-01 5.711332196004460515e-01
-2.966246070841574434e-01 -2.288209714764167790e-01 5.914913501598484391e-01
-2.456468801463153051e-01 -2.140928533866246486e-01 6.030363979788164741e-01
-8.668146074811129420e-01 -2.989703168977383974e-02 8.645481738489979584e-01
-3.139729483840409952e-01 -2.577573124523646619e-01 7.161669880475221017e-01
-3.987309205515785493e-01 -2.751529266448108357e-01 7.618357323375912760e-01
-4.797537158422646719e-01 -2.707907282620070077e-01 7.729784457615032078e-01
-5.560661096217989208e-01 -2.456706765144253124e-01 7.568020062078080201e-01
-6.013120463129717486e-01 -2.127580818355939707e-01 7.276391545193789945e-01
-9.923845450403006030e-01 4.105537400130060410e-01 1.000266089799947355e+00
-5.783221106778035914e-01 -1.828080070489955800e-01 6.076945169315688400e-01
3.246656791548248322e-02 -3.877351304230061135e-01 -4.696044787410756927e-01
-2.679790074078968742e-01 -2.851313444652836537e-01 -4.847774851613994018e-01
-1.870467884258668612e-01 -4.243547976666045551e-01 -2.498275761428817576e-01
-9.618368904614632564e-02 -3.761191172224068735e-01 -4.693431174088901203e-01
3.303422322564630170e-02 -4.654605851265264382e-01 6.926529553453212307e-01
-5.760399293542113330e-01 1.974730355958685957e-01 -1.105338474553320127e+00
-4.616752700744291005e-01 1.209060760149630875e-01 -1.250185587711178270e+00
-1.749605317194700693e-01 -5.030378371673779880e-02 -1.492576324129053944e+00
-7.826341450213634143e-01 5.802804067774658403e-01 -8.160632658839732656e-01
-2.511748873374045621e-01 -2.332952004309499783e-01 6.520596774828280040e-01
-1.149056996729493074e-01 -4.730204098126572498e-01 2.696046532608589175e-01
1.986836015747769218e-02 -7.510654054534326995e-02 -1.518407134272644843e+00
-3.109938392674446161e-01 1.388610360281887224e-01 -1.478009481640947254e+00
-9.305364196561201062e-01 4.432738314559080406e-01 -1.770521692732375807e-01
-1.742643428373139847e-01 -2.342426536914297697e-01 -8.540056187487969908e-01
-1.936406920681147392e-01 -2.427478676920731271e-01 -8.935704844368292932e-01
-2.092914365639291230e-01 -2.537006781525708021e-01 -9.443519852566280015e-01
-2.186960725186611887e-01 -2.363883996393918441e-01 -9.983071581038005515e-01
-2.314282387446751077e-01 -1.592207898398112498e-01 -1.083057282294249690e+00
-2.792553953434860903e-01 -1.592345572081804717e-01 -7.585392437385566344e-01
-2.959793768184949547e-01 -1.615159502972324523e-01 -7.481506850660775143e-01
-3.101137935554815206e-01 -1.637981295234960388e-01 -7.365358293322236127e-01
-4.318799452482944279e-01 -1.517420109963924790e-01 -6.219231178517037328e-01
-7.590817962990361600e-01 -8.084786437982854901e-03 -2.721360759766421333e-01
-1.129992502301503943e-01 -4.080100115107468950e-01 4.195396994781793731e-01
-1.584709752205318845e-01 -2.872218219212201440e-01 7.008836418690100878e-01
-2.145982063653049110e-01 -2.540989406991084332e-01 6.931387452469168764e-01
-2.622730794920169473e-01 -1.499879609661766700e-01 -7.681729813346805935e-01
-7.650286707438467282e-01 1.638028199395686613e-01 -5.645803051357681790e-01
-8.434220739729295091e-02 -4.026639313919825325e-01 6.891213124439780069e-01
-2.792257797926894769e-01 -9.280506305006847034e-02 -1.177290753869733697e+00
3.048975232044449923e-02 -6.304318922566209960e-01 1.939932050508341721e-01
-5.188870564282765940e-02 -5.424067810975498061e-01 3.254290232128861371e-01
3.179813143901266681e-02 -5.672756489595258689e-01 3.447975610215926467e-01
-1.794800977625573557e-01 -4.432054369869414812e-01 6.337015058291846359e-02
1.733161635159237435e-02 -1.405986581273281910e-01 -1.409153160857338438e+00
1.738831237838830632e-02 -1.614051358320041929e-01 -1.272857602768264318e+00
-1.346863159001922550e-01 -1.395341568184750580e-01 -1.256305751510437885e+00
-4.861124645391421417e-01 -1.801107044599924503e-02 -9.064455885628890375e-01
-3.641386775674053666e-01 -2.321729756517119103e-01 -2.470531687391389619e-01
-3.936513229150225834e-01 -4.933956981751271009e-02 -1.062151386160992361e+00
-5.694827407788185525e-01 -1.968726414558925608e-01 -2.010586699522045606e-01
-4.502801625010870445e-01 -1.990721849648707797e-01 -3.648101352503912986e-01
-6.454707704439357485e-01 -9.791815268005982231e-02 -3.934868065907909385e-01
-1.641567182334925656e-01 -1.130580494238326295e-01 -1.385930247815487126e+00
-2.332317647722337850e-01 -3.688008466550224407e-01 1.253403324590007806e-03
-5.544748332397461121e-01 7.906236767668196885e-02 -9.838416820847522004e-01
-4.395909007655731671e-01 3.430097961020216191e-02 -1.142243947646025548e+00
-5.565645192839532296e-01 -2.786703090625083229e-02 -7.333482724320093959e-01
-8.440774762727478731e-01 2.220535914358418017e-01 -3.867886833634966992e-01
-6.617956902811120701e-01 6.388768379294219868e-02 -7.321810088421794038e-01
-8.831844617413906473e-01 4.391628784603197611e-01 -4.532206801079645686e-01
-5.240292905946067892e-01 -1.341906451537420997e-01 -5.160845529153864630e-01
-1.717647437672917832e-01 -3.992617757312082460e-01 1.947686766596377073e-01
-1.745118169719050982e-01 -5.400879479263872573e-01 -2.246070823231226532e-01
-2.274122520717969387e-01 -4.353999431236168505e-01 -2.382015157718824216e-01
-1.366609748218506615e-01 -6.140889048635642666e-01 -1.492277410923308623e-01
-2.331183482113223793e-01 -3.299471347172135971e-01 8.297718362893753419e-01
-3.858939313933962278e-01 -3.523894127192837011e-01 9.296677091772624912e-01
-5.175435424839438525e-01 -3.454722179095860435e-01 9.530107409524051221e-01
-6.245020761402046983e-01 -3.047793622959489301e-01 9.295523540045707023e-01
-6.965440026978753085e-01 -2.428448791242724392e-01 8.723150639857226718e-01
-7.412579754180728120e-01 -7.781735649763713014e-02 6.665809765594135072e-01
-9.844678601241616533e-01 3.641774852645023319e-01 3.918452504314837714e-01
-6.805512227867529518e-01 -1.244370726476136668e-01 4.654858523984409802e-01
-5.920919345242265930e-01 -1.738999560553131096e-01 4.132565071489880948e-01
-4.722293724791939429e-01 -2.122108933065267600e-01 4.033749738861240886e-01
-3.560493363310586745e-01 -2.354320972289002389e-01 4.276627678948072830e-01
-2.638412932116441789e-01 -2.430372117769178386e-01 4.671585321198299390e-01
-1.998784255335154803e-01 -2.547541510927323616e-01 5.036320191815486513e-01
-9.902324663300794416e-01 6.916764086905702325e-01 4.447201312567107268e-01
-2.268766167447723303e-01 -3.865440963759450010e-01 -2.654550578211004597e-01
-1.159038464360295506e-01 -5.269950931431782726e-01 1.359328044994410900e-01
-1.127247923877418290e-01 -6.082094682652480211e-01 -2.481315291277079726e-01
-6.687200566394282952e-02 -5.626381134049064370e-01 -3.064557466001587294e-01
-1.129838337658640723e-01 -5.619604470426087239e-01 -2.617998663532080661e-01
-2.024860223595147946e-01 -3.507165494682157325e-01 -3.000861455557717328e-01
-4.825176756685754798e-02 -5.853610254763630394e-01 -3.234290489407842806e-01
-3.473167523550405034e-02 -4.748685834472120559e-01 -3.361496914830152116e-01
-1.919284342311867175e-01 -2.258420755889253284e-01 6.063602087353648917e-01
-1.493620316914076318e-01 -2.743384767556263926e-01 5.682518754914021031e-01
-1.248108952529188576e-01 -3.329262011879889904e-01 5.332861458475910421e-01
-6.247633244395629504e-01 -1.794874754895878777e-01 7.055772772606856424e-01
-6.821428501175803571e-01 -1.807643340157200074e-01 7.633028703789996872e-01
1.076216974954986028e-01 -5.973031259112132618e-01 1.759082377711178036e-01
6.537729735817852106e-01 -1.751699912500875311e-01 5.938108010709548523e-01
1.227034730312820399e-01 -4.837267177390550676e-01 -3.239487685413864337e-01
9.618633574190620372e-01 1.685067736272700678e-01 1.114722801140982655e+00
3.989477319054697269e-01 -2.465164284362132419e-01 4.867139901661192702e-01
4.871489276593907736e-01 -2.399177552634575994e-01 4.740228322523831750e-01
5.710640478209674242e-01 -2.175574851751429506e-01 4.782432204437179202e-01
6.822359885906130739e-01 -1.559142729607986277e-01 5.546932942978950454e-01
3.259911591022088273e-01 -2.396748446671231880e-01 5.187850936213351805e-01
5.343100881710303174e-01 -3.273442043875318674e-01 8.490930054459875365e-01
4.301676286577376107e-01 -3.241136981562249275e-01 8.322843487644813187e-01
6.282546525120182856e-01 -2.983122088351131129e-01 8.245689127065354285e-01
6.862473398041677441e-01 -2.581522554005130088e-01 7.678478204014185238e-01
7.476458076518752716e-01 -1.020093925347495267e-01 4.647442508071213396e-01
3.493445133818411374e-01 -5.203955059952419804e-02 -1.298863488096123175e+00
6.854671771550557846e-01 -1.525933362660915615e-01 6.359118157712422281e-01
1.010064564212900251e+00 2.780498572643678168e-01 5.625820072560213658e-01
8.409268030183261189e-01 -2.717933730357884048e-02 5.647886810249621581e-01
4.692723965436891298e-01 -2.663125758919431263e-01 -1.047304257517038539e-01
8.353101728156477057e-02 -3.767086312794905023e-01 -6.530102294826630738e-01
7.631054611499597795e-02 -3.235752830025088733e-01 -7.424889966750471970e-01
1.851879252395980391e-01 -3.093519370929388446e-01 -6.872760867757207182e-01
2.543597677457858919e-01 -2.341358290843583712e-01 -7.227157049350698692e-01
1.581005259954434972e-01 -2.764508725346106477e-01 -7.470326914513731875e-01
2.243482740776601703e-01 -2.084307979552507128e-01 -7.589204724565772331e-01
4.164553854680428380e-01 -8.718346330046285175e-02 -9.101782383715075753e-01
1.056918035126128141e-01 -6.539342060275030732e-01 -2.837832692360677811e-01
1.171944582394295609e-01 -6.983561089231986596e-01 -1.571269838676866704e-01
7.928444927733959702e-01 -2.468364000310687700e-01 8.919184589204021130e-01
2.919862770104713623e-01 -3.153695990213218892e-01 2.320834620734629761e-01
3.114458423240717977e-01 -4.416093065903501369e-01 -2.138479489289463187e-01
3.167117269764725962e-01 -4.241788333708981229e-01 -1.371249673016828319e-01
7.245646952514397388e-01 -1.561825151747985307e-01 -7.655033142377659638e-02
1.126702483827011492e-01 -6.649735572971051667e-01 1.897413472338812385e-02
6.056859722965466375e-01 -4.145055670883591725e-01 1.029641043044732918e+00
7.189979656548954878e-01 -3.407413037585400595e-01 9.888048417683910074e-01
8.770205200677629875e-01 -3.265818631979405806e-02 1.317415488370074383e+00
2.261838818441255228e-01 -4.676396159956105469e-01 8.960422620602139787e-01
3.419041273593564911e-01 -2.887398852108472580e-01 7.711155775459879180e-01
4.861593083345818744e-01 -7.866770852482080079e-02 -7.737229653639937643e-01
9.243935450180593705e-01 6.657908218104746645e-01 -5.942223918032080165e-01
2.479217549760991957e-01 -3.980349731773018540e-01 -2.830587142577578597e-01
1.811658423794711981e-01 -4.007128316842900606e-01 -3.203676321074014899e-01
3.479807264860663718e-01 -7.768350681129039537e-02 -7.984840131026449406e-01
3.250331082460277132e-01 -1.043713205291298823e-01 -8.054529505489308461e-01
7.605178516749078188e-01 -3.098200130448138800e-01 1.069593458124384666e+00
3.146742162643294538e-01 -3.858037779027678749e-01 -2.622878687781726725e-01
4.483059198226493347e-01 -4.616593498729681944e-01 1.009656974311708089e+00
4.623515768392076897e-01 -4.936052490816962290e-01 1.105554868981335037e+00
5.330988615633951433e-01 -4.005440076307845709e-01 1.578827102366912705e+00
8.196896106256692516e-01 -1.898264430377132328e-01 1.176508237168314208e+00
4.865888174465649030e-01 -4.489486776365454457e-01 1.334778033195467728e+00
8.404274204545838511e-01 -1.787874526425896338e-01 9.516976171957804986e-01
9.072974324263956003e-01 -1.250622920867762097e-02 1.012416395948618320e+00
8.071099944912375757e-02 -3.595688885444670024e-01 -7.036918946717281020e-01
1.715331073055631483e-01 -2.963896766157509410e-01 -7.197237567909928746e-01
2.394069033078909392e-01 -2.287037856190193286e-01 -7.410074648796627361e-01
2.287103702511379399e-01 -3.762592058906747416e-01 -3.031131689671149321e-01
3.361285735922781015e-01 -9.228742091271233128e-02 -8.023525329914367177e-01
2.887636387803934612e-01 -1.462575936236903684e-01 -8.623495826326683655e-01
3.135816255485909254e-01 -1.069075664421811622e-01 -8.069227380921285553e-01
2.037044806548873876e-01 -5.235817603439912871e-01 -2.609825996189916175e-01
2.125096950463800649e-01 -1.904266897385934465e-01 -7.716540889105811818e-01
1.485997764334845983e-01 -2.358474378693109497e-01 -7.643809556194725019e-01
7.271039385232068442e-02 -2.778158222033559888e-01 -7.658043895064481354e-01
1.337281292460495152e-01 -1.823190883233820059e-01 -1.152840607434551856e+00
8.332279506417289427e-02 -2.678134025730460333e-01 -1.062892845968683719e+00
7.785212811258007681e-02 -2.814296822902199180e-01 -1.005071013603557217e+00
7.301414303112449544e-02 -2.656890099070004507e-01 -9.442366697855326674e-01
6.460948677224576109e-02 -2.599180115044731898e-01 -8.917440551017452588e-01
2.049716697767928197e-01 -1.888959619227055797e-01 -8.617327746158407464e-01
2.217406568461030569e-01 -2.008419387168990378e-01 -8.865799511790926068e-01
2.381335405507933878e-01 -2.113857006465558741e-01 -9.171353531222119493e-01
2.546242464522153193e-01 -1.920892038015953873e-01 -9.488209883298357461e-01
3.944300541956571315e-01 -2.351935268984614580e-01 -5.691069447288648053e-01
1.019517181017659313e+00 7.066350274427899425e-01 5.551952819572714137e-02
2.551837049753700737e-01 -1.404322013852740136e-01 -8.381128944663054359e-01
2.711700564236817490e-01 -1.487336273376960449e-01 -8.508371377021675119e-01
1.530138010607376975e-01 -3.957985747718096858e-01 -3.683080360368473638e-01
2.877959568180870065e-01 -3.138875135985013110e-01 -3.285803798292332711e-01
1.667504940453631013e-01 -4.003736463268072754e-01 -3.455294652157269164e-01
3.821869007583953426e-01 -2.755753335016739580e-01 1.579255351701250865e-01
5.244554065660183007e-01 -2.412275363633906711e-01 6.857038199391181366e-02
3.319584182494505487e-01 -3.670933932743979389e-01 -1.874162718188867593e-01
7.426227269812564202e-01 -2.344803704419629042e-01 1.474934035614744232e+00
6.873091354550691090e-01 -3.327940844345753657e-01 1.288571219721634575e+00
6.342595252733693734e-01 -4.129509563301473341e-01 1.125589705097121751e+00
3.421762832168672164e-01 -1.237325505182018115e-01 -1.011510739058474773e+00
2.549845664635179698e-01 -5.254889280376061622e-01 1.056915945480899843e+00
2.734551965113710681e-01 -5.104891987139562604e-01 1.340180235214649240e+00
3.032811506359906484e-01 -4.940398526433612547e-01 1.631974712645237524e+00
6.418590105730168638e-01 -1.840692145588259665e-01 5.031831121188276024e-01
8.383724889245680600e-01 -4.342876806987462646e-02 3.654048746382910773e-01
2.781401597903049860e-01 -2.293957518516617222e-01 5.496905409503176632e-01
7.613007436565628616e-01 -1.764938158435537530e-01 7.147494928320339280e-01
2.320008144723927357e-01 -3.572100110318625621e-01 3.149734378319473116e-01
2.584814384927014430e-01 -5.349183028699280307e-01 -1.797462929771499462e-01
9.423025722493520995e-01 6.434867555439806319e-02 2.815967954873884738e-01
7.810663140586460162e-01 -1.098032657909313592e-01 2.638346072456438929e-01
6.711829594159035572e-01 -1.840191057191677970e-01 2.081433254730185034e-01
5.062357471746659066e-01 -2.225371950458193693e-01 2.325957718722153622e-01
3.846848370768103376e-01 -2.475378811404621571e-01 2.947772352469685275e-01
2.943816074835948204e-01 -2.780762976733789360e-01 3.573753024019697966e-01
1.175435356071078130e-01 -4.717276443952974629e-01 4.774840958215125220e-01
9.285278014876947594e-01 7.642083795006000824e-02 6.438826255099290574e-03
8.228870236998913068e-01 -1.371419580708112262e-01 7.360720344476907595e-01
7.610774299383842034e-02 -5.997987257615022827e-01 -3.390749841588281965e-01
2.869865875726631543e-01 -3.363717702945266952e-01 9.208562469974071463e-02
1.036082779596261272e+00 5.654123156753042556e-01 6.185128023214399029e-01
2.276182313871577545e-01 -2.984292289678978083e-01 4.264900686339846425e-01
3.425038768627885477e-01 -2.785233111689507934e-01 -1.808863437095600268e-01
7.171234259476491069e-01 -1.354096931268546911e-01 6.312757360092006165e-01
2.613402650712077224e-01 -5.126031947060372129e-01 -8.545681754051145940e-02
9.861608992172929966e-01 7.072103195678867138e-01 -2.583811355217431327e-01
2.781677516364827185e-01 -2.121545581770046818e-01 5.919942934795591194e-01
1.885947890818259198e-01 -6.074886964412531398e-01 -2.046650334416495048e-02
7.315716211169067673e-01 2.382888128392677274e-01 -9.670098327302261154e-01
7.324153644366928617e-01 4.142314823968842319e-01 -1.081803364275004675e+00
1.013908743808191071e+00 3.936795751295406598e-01 2.361306391468841193e-02
8.407830866016043903e-01 3.267731768445336638e-01 -7.824902580213577430e-01
9.630795309419315497e-01 1.558102941447539191e-01 8.089362298449940258e-01
3.704459944911868696e-01 1.527842080185149928e-02 -1.402908721357184252e+00
7.323889903452435179e-02 -4.763990535635113099e-01 -3.496016045718687293e-01
3.643807352473200645e-01 -2.934212875637288720e-01 -2.037792062220364353e-03
9.094738192545785971e-01 6.412554016227856035e-02 5.428147642390253047e-01
5.676801872173959929e-01 -2.190006197572982316e-01 5.442185330624462747e-01
4.918713552920606080e-01 -2.375709130887948550e-01 5.358013227007745183e-01
3.065935593104979207e-01 -1.284925659921910823e-01 -8.746275958948674933e-01
9.097690989190834188e-01 1.395170483879297485e-01 -2.457345599542618553e-01
2.141447959965852021e-01 6.466730021535814499e-02 -1.560552515158130760e+00
4.837786284268927872e-01 2.177053382365002898e-01 -1.378217578201329285e+00
6.000638031327210076e-01 3.054570896830532956e-01 -1.257973165475190891e+00
4.167017842233005087e-01 -2.412789672234993965e-01 5.467340461139462704e-01
3.462199057660174106e-01 -2.297678366397617467e-01 5.685175317593413880e-01
3.008348157609683216e-01 -2.120803544484896053e-01 5.807926322111931494e-01
8.789651695047098201e-01 -5.032245672772754641e-02 7.712306438004572495e-01
3.599024549397932260e-01 -2.593764889835488141e-01 6.791429234401801240e-01
4.372141682424848241e-01 -2.814663845668142761e-01 7.183421297188763432e-01
5.171117109006428958e-01 -2.807198694704600150e-01 7.270285461729362186e-01
5.943744241550219520e-01 -2.590856871302474884e-01 7.084904008485377602e-01
6.403082379386937362e-01 -2.274726812001336418e-01 6.774595394364246737e-01
1.014455804399795324e+00 3.828891921383874575e-01 8.971235230612737421e-01
6.190625163818397336e-01 -1.951852742569523125e-01 5.665493098321876531e-01
3.166723729146976862e-01 -2.926870468773514755e-01 -5.091709833029938181e-01
2.467861206081266578e-01 -4.342064648607936173e-01 -2.678608794078678468e-01
1.562562069961021261e-01 -3.779931047255618015e-01 -4.798055117363672073e-01
6.128919424298682195e-01 1.730387616323811328e-01 -1.137824445868691692e+00
4.967865294044292446e-01 9.915871491163311124e-02 -1.271069207997839845e+00
2.113894495027006659e-01 -5.924024813926442867e-02 -1.499250311047506390e+00
8.367966405475053548e-01 5.530334279261500674e-01 -8.726885575720380039e-01
3.038937578544498863e-01 -2.306879202275277096e-01 6.258370646188669006e-01
1.744958674348564553e-01 -4.751061742712456848e-01 2.563421961745969702e-01
3.590154645091121477e-01 1.249584900823766664e-01 -1.484783514429595996e+00
9.822373983949688192e-01 4.169980353137935358e-01 -2.604910375150094604e-01
1.411162216663542357e-01 -2.278094835567012755e-01 -8.768549820406512652e-01
1.568420661213731360e-01 -2.381491769517564139e-01 -9.174425722300267871e-01
1.685631910026173796e-01 -2.496978387291445833e-01 -9.675390858044239373e-01
1.800592839896743569e-01 -2.331365889261087787e-01 -1.018765303446309334e+00
2.496213133582709798e-01 -1.611624216550678890e-01 -1.098165396498950397e+00
2.766618131552041060e-01 -1.524490690453828845e-01 -7.776712466749667874e-01
2.929740834729889221e-01 -1.527521754458039671e-01 -7.694562635217837565e-01
3.073217671367156623e-01 -1.546005022418431296e-01 -7.587714379153664979e-01
4.545041764288848540e-01 -1.579737537270919645e-01 -6.575167172441708230e-01
7.893573700334022281e-01 -2.861838057399675866e-02 -3.393307409320042711e-01
1.740715415160489776e-01 -4.089879228317694349e-01 4.056774871182946551e-01
2.184349016190127446e-01 -2.898956722512010531e-01 6.775084226353678130e-01
2.679019643171687837e-01 -2.522502443593793720e-01 6.669458020151248778e-01
2.608574624150576948e-01 -1.407081185632449993e-01 -7.857790934478479095e-01
7.999517580851531751e-01 1.399701027112042473e-01 -6.263242807277804580e-01
1.412328733678963055e-01 -4.030382764085947978e-01 6.751957918348858723e-01
3.023744135534114363e-01 -1.030658058889860340e-01 -1.192488360177741846e+00
1.133632323122631402e-01 -5.445498188937220041e-01 3.179239557609009337e-01
2.352977202469743734e-01 -4.490446733795842027e-01 4.433514781626133466e-02
1.647183762127587270e-01 -1.473266307139350639e-01 -1.264867520195060324e+00
5.032199849415048831e-01 -3.328556824879987802e-02 -9.453538011528546114e-01
4.123411637358731507e-01 -2.455601811922514255e-01 -2.806654107570613066e-01
4.117309763108176757e-01 -6.375484487568582048e-02 -1.087464302215733092e+00
6.020662522122880445e-01 -2.145195503088682676e-01 -2.538141818717669085e-01
4.859654208830527233e-01 -2.129145037469649671e-01 -4.061027085326310848e-01
6.721138972367556308e-01 -1.169693983169153850e-01 -4.498742284099357391e-01
1.961392326267146768e-01 -1.211030088640942248e-01 -1.395070392264116999e+00
2.875503013573623146e-01 -3.761900027655685763e-01 -2.095024319608710522e-02
5.821608217500620075e-01 5.759589365766938640e-02 -1.018277741241885082e+00
4.682306932250156484e-01 1.448858675968187765e-02 -1.166011982049913076e+00
5.753441747221297309e-01 -4.055144423758595684e-02 -7.817970771800718532e-01
8.838353411770096812e-01 1.976784913230546503e-01 -4.582283563752400646e-01
6.864298242685062945e-01 4.229519233280619461e-02 -7.821460376637543455e-01
9.335287916230430305e-01 4.149124176484569881e-01 -5.274931963322909700e-01
5.465704682784938706e-01 -1.473015516988319951e-01 -5.640132690455252895e-01
2.291342476773775561e-01 -4.009815111082766226e-01 1.763971981455763061e-01
2.296790480404695689e-01 -5.459768831970848169e-01 -2.420488111658465336e-01
2.833008585252446143e-01 -4.465190627524243672e-01 -2.591506261141137690e-01
1.939707425981907485e-01 -6.207686050961926938e-01 -1.643375475844264244e-01
2.905147616344501138e-01 -3.347708888205453981e-01 8.025365281584757593e-01
4.368801661725250085e-01 -3.654118259071117425e-01 8.969580258234559622e-01
5.642019940578042458e-01 -3.625210789315976845e-01 9.135311469488718306e-01
6.655366527174000346e-01 -3.239272506268755514e-01 8.831717304709341132e-01
7.313945087739377460e-01 -2.630374621318851691e-01 8.184837487999059302e-01
7.681715824588490893e-01 -9.602768475867529130e-02 5.998325579669738783e-01
1.024507936155971022e+00 3.408730793453857988e-01 2.957674900510768312e-01
7.026325465600002929e-01 -1.396800750570763583e-01 4.052130749881533989e-01
6.143365917918490737e-01 -1.870062322501094831e-01 3.628004646290226010e-01
4.989718844861756875e-01 -2.209718801865401261e-01 3.681848523174313659e-01
3.892894769519177345e-01 -2.402555101656641545e-01 4.043960501933063778e-01
3.056147299603268475e-01 -2.471366692566289158e-01 4.501651925850949088e-01
2.479611409137449929e-01 -2.565593913408770188e-01 4.901527364579483237e-01
1.031111129785751146e+00 6.664815135271586755e-01 3.444109340085365067e-01
2.823310058708431991e-01 -3.982921810984009214e-01 -2.854345692974961102e-01
1.757229796108087938e-01 -5.286851896746616042e-01 1.228513257261350522e-01
1.691113954157497379e-01 -6.142875926293553945e-01 -2.606164389769147771e-01
1.229726791236970262e-01 -5.687068645533278621e-01 -3.147738841662224285e-01
1.690233851026905487e-01 -5.675661269906331352e-01 -2.745761796568580992e-01
2.600940401121651924e-01 -3.636222320058836166e-01 -3.176899147152184577e-01
1.048319571469891187e-01 -5.900777369782719273e-01 -3.299868788955142573e-01
1.020349851291359189e-01 -4.797810056254594446e-01 -3.417956469126982588e-01
2.477179317966636818e-01 -2.253118600966104168e-01 5.872049987711893682e-01
2.029050420946899025e-01 -2.752358727666279758e-01 5.532210382947388982e-01
1.757099299895871769e-01 -3.348576730662512491e-01 5.215373943827430470e-01
6.656601550149745528e-01 -1.947786463538538904e-01 6.543471304615143813e-01
7.193468084705583188e-01 -2.002135577177314163e-01 7.072927920653799827e-01
-4.617460061812110883e-01 -2.193628533607505648e-01 6.830322949152317635e-01
-3.704564000715073746e-01 -2.278698417309732438e-01 6.801686433645273144e-01
-4.606149537170289854e-01 -2.311629520274871563e-01 7.876532887562348595e-01
-5.542684176839687282e-01 -2.107814906787288667e-01 6.851300174423824441e-01
-4.636987583241451993e-01 -2.075663369429767702e-01 5.778421538597195983e-01
5.001035339918515898e-01 -2.284264123406573033e-01 6.411268453634056952e-01
5.894716046995827075e-01 -2.365240008294174912e-01 6.367589233613712985e-01
4.988143508234545997e-01 -2.404275860533413578e-01 7.458584577493130308e-01
4.100254103647089643e-01 -2.203644331124201550e-01 6.460325123776762268e-01
5.017297897293193643e-01 -2.164484379545894566e-01 5.363697543776703158e-01
