-1.708814171177064356e-02 -2.672761893983988668e-01 -4.899159846187710055e-01
2.200782315305905429e-02 -4.651073067350146029e-01 -2.019422598870759533e-01
2.406597680317692362e-02 -2.932735848043240834e-01 -2.645682365343636766e-01
-3.277896118144214832e-02 -4.218105224907773287e-01 1.288390343346563216e-01
2.180930180563921128e-02 -4.985049722858649890e-01 -1.092393520139294666e-01
2.078918837368835121e-02 -4.894426230314933290e-01 2.249275243505219346e-02
2.298116185191050737e-02 -3.597878244134506964e-01 3.579179599085519081e-01
-4.314914047332566449e-01 -1.138003963012615971e-01 4.498867306588360537e-01
2.343784030986878486e-02 -3.443532644885341498e-01 6.128411727504637918e-01
2.247315022588182443e-02 -3.716056648639063376e-01 7.358192632596363136e-01
2.110403819836454559e-02 -3.601822268266487992e-01 1.168353180566320759e+00
-1.633994282521532976e-02 -2.546043519785762821e-01 -5.193125175468772392e-01
-1.521780248411342545e-02 -2.305854946425857088e-01 -5.467589809104151932e-01
-1.319686287748471527e-02 -1.970655357624312709e-01 -5.643480420335353909e-01
-1.810409726401186054e-02 -1.883237511537229625e-01 -5.768463402354582215e-01
-1.921429350772620864e-02 -1.914319419070040773e-01 -6.184326294795572387e-01
-2.091950212502477827e-02 -2.008687487821699813e-01 -6.671841126273715394e-01
-2.067809120910294243e-02 -1.900773701155309692e-01 -7.160417532190002099e-01
1.002670994252767393e-02 -1.284686018172733202e-01 -7.927496832122297166e-01
2.095956364181341194e-02 -4.265659696676334378e-01 -2.424302551198913025e-01
-4.047252295666312061e-02 -3.383231258270398278e-01 -2.237818686060977502e-01
-6.694528430295076937e-01 1.384069034962709943e-01 8.578559391590943051e-01
-2.563474268993042315e-01 -1.713087242790017339e-01 3.425976001815393412e-01
-3.219951489266825728e-01 -1.643052230201665354e-01 3.359504266974494557e-01
-3.831235512666678611e-01 -1.461800731812281096e-01 3.480774856235931969e-01
-4.578307340351689958e-01 -1.004351702767487114e-01 4.232892266432235484e-01
-1.984989012648029350e-01 -1.669155664254915183e-01 3.672441028441385535e-01
-3.489816857284342433e-01 -2.229250117808125597e-01 6.433771326911928989e-01
-2.740083384995156690e-01 -2.222550271504584729e-01 6.291074598848717114e-01
-4.153022508107360178e-01 -1.990690215673112107e-01 6.283306687302201432e-01
-4.573312017751816061e-01 -1.684750025157592535e-01 5.914244392059873068e-01
-5.129332764963638880e-01 -5.969752853240708340e-02 3.699812266175841469e-01
-2.301441210122101844e-01 -2.666553939612983232e-02 -9.049450364101425670e-01
-4.524857208000963027e-01 -9.725718048621652401e-02 4.883594708317295363e-01
-6.906582612729569304e-01 2.142397639488251293e-01 4.657113238129806376e-01
-5.830178150514633284e-01 -3.917278644273942956e-03 4.548519106980301041e-01
-2.999425538182650675e-01 -1.795519393178633683e-01 -4.488361444874285067e-02
-8.886870050650358399e-02 -2.598416556144990119e-01 -4.665247366538931018e-01
-7.848514197796191416e-02 -2.209950789740926513e-01 -5.355687387557814816e-01
-1.488209818306807097e-01 -2.194662028116000640e-01 -4.861554409575538083e-01
-1.790427551400298745e-01 -1.750240795741533351e-01 -5.136480842052134621e-01
-1.271521760402450352e-01 -1.959194337999095592e-01 -5.335275767384268786e-01
-1.570470621968018676e-01 -1.550417567435820876e-01 -5.409429828625120784e-01
-2.813875386048200755e-01 -5.979184450280540519e-02 -6.112643690320427314e-01
-3.251880273540400101e-02 -4.582220688694990107e-01 -1.952612498654372197e-01
-4.212603208942150568e-02 -4.891820851541754944e-01 -1.049631320607766205e-01
-5.426376033785649255e-01 -1.593616529493362410e-01 6.752129440475611588e-01
-1.684534439767711445e-01 -2.205542344430710400e-01 1.809334043742550913e-01
-1.806455575137212721e-01 -3.047726358144393077e-01 -1.347318252444149600e-01
-1.856912335190334384e-01 -2.924966286134683680e-01 -8.001533737097030197e-02
-4.882914903244340854e-01 -9.894327662678695234e-02 -7.586081597513117704e-03
-3.802741564404715779e-02 -4.684989763012286645e-01 1.833505843671209140e-02
-3.964375513140316332e-01 -2.782611025736558830e-01 7.599192124879541321e-01
-4.828956873980675968e-01 -2.251538909052003823e-01 7.349998247487666836e-01
-6.055344377778498766e-01 -3.942037448426227372e-03 9.964332719498718571e-01
-1.148828365526196327e-01 -3.263916165349572962e-01 6.503178268345910507e-01
-2.076019304140969968e-01 -2.005401774714084540e-01 5.818479922613448707e-01
-3.131177040842690884e-01 -6.250536176109121322e-02 -5.328138268178155279e-01
-6.112394921539304748e-01 4.891586194904377627e-01 -3.686654893519687448e-01
-1.324287297250921758e-01 -2.742785489987319414e-01 -1.877586669609281333e-01
-8.215992570092635339e-02 -2.750541752885484748e-01 -2.176012655902947734e-01
-2.206708923129418465e-01 -7.376781064100658425e-02 -5.447568192368863471e-01
-2.107046936773240564e-01 -8.860240345676739793e-02 -5.453340066724255975e-01
-5.147239741786246991e-01 -2.027416157199313229e-01 8.003669431580462401e-01
-1.845138634832963476e-01 -2.644635393488278252e-01 -1.689099797295233740e-01
-2.773609395437773850e-01 -3.135376423111657651e-01 7.408924553625126919e-01
-2.871800792693696147e-01 -3.354146097963122131e-01 8.138722540436117425e-01
-3.478088289946486555e-01 -2.697609302103577411e-01 1.156922611511979948e+00
-5.591320370450821864e-01 -1.179641580609190471e-01 8.861356874133368144e-01
-3.098930005419650024e-01 -3.059302311625458071e-01 9.770432170931986349e-01
-5.774616394624215721e-01 -1.112104078877377000e-01 7.279153281728055758e-01
-6.226571230760103992e-01 7.304707401332417513e-03 7.759524538852111686e-01
-8.530291624986922894e-02 -2.469812245448118060e-01 -5.056364335096386053e-01
-1.382279294130122627e-01 -2.101479601920487328e-01 -5.117226413186323208e-01
-1.691602975172450118e-01 -1.697725753289898720e-01 -5.275125131909528253e-01
-1.177660472996103214e-01 -2.581698918358614203e-01 -2.031604207483848068e-01
-2.152277133254784092e-01 -8.150383520586340635e-02 -5.452969386554287201e-01
-2.075942919272179832e-01 -1.107520379881427319e-01 -5.592782172341221880e-01
-2.049758516808752318e-01 -8.968792090391353167e-02 -5.450223827471014637e-01
-1.032160487963095091e-01 -3.674670456883106229e-01 -1.736443860620304758e-01
-1.482508549919253626e-01 -1.421218178218889294e-01 -5.509180519130890685e-01
-1.162645331420798789e-01 -1.683330790820616873e-01 -5.482962704710294677e-01
-7.113581190623220751e-02 -1.903808190958879432e-01 -5.536523653691987068e-01
-7.953276851291878058e-02 -1.240214190427318119e-01 -7.854009133176421686e-01
-9.774775435055765849e-02 -1.871815021222233977e-01 -7.017819953471269301e-01
-9.463246262090052596e-02 -1.978731200330313134e-01 -6.524604641316027465e-01
-8.713955362130157423e-02 -1.873255874651436059e-01 -6.047595323649213039e-01
-7.803434830149930113e-02 -1.840157095754710315e-01 -5.660911873061531541e-01
-1.632348463122851867e-01 -1.385506369886161382e-01 -5.442849971509167162e-01
-1.783509910538508270e-01 -1.445949295717535998e-01 -5.609298516921870092e-01
-1.940998892769637552e-01 -1.506281382880911290e-01 -5.832154866764585055e-01
-2.056833643240653098e-01 -1.364219773938456781e-01 -6.080993930163207661e-01
-2.472472046952874647e-01 -1.637508659193862570e-01 -3.887249536813506268e-01
-6.836815389390338282e-01 5.193859743850433031e-01 1.061515278444101207e-01
2.451675255288762734e-02 -3.400472322382025459e-01 -2.506023094167726950e-01
-1.827804469946412436e-01 -1.093853235988343914e-01 -5.420270200580994402e-01
-1.953273638187364991e-01 -1.132493749526511245e-01 -5.499802712454138209e-01
-6.133863790196331101e-02 -2.753870817005737992e-01 -2.539829787457278387e-01
-1.618797761423977355e-01 -2.118085361711453951e-01 -2.174207118454984378e-01
-7.141147685056598027e-02 -2.763556306366569126e-01 -2.362513027418848832e-01
-2.350759038266059253e-01 -1.912424143872487603e-01 1.347493067972646563e-01
-3.398360510087181652e-01 -1.630399940397744551e-01 8.191833929691802463e-02
-1.962018863252880663e-01 -2.514792590597427768e-01 -1.145525447170395450e-01
-5.040253423460916427e-01 -1.471640331840053384e-01 1.099378733759202031e+00
-4.596248618269126451e-01 -2.195224334396083665e-01 9.578705368841458068e-01
-4.166150800823761324e-01 -2.765468602264530840e-01 8.338937429191550788e-01
-2.409514763980141749e-01 -8.336155327465585851e-02 -6.736075029645690604e-01
-1.329465453076588144e-01 -3.651340111070308647e-01 7.733907568621036788e-01
-1.546168787851276982e-01 -3.538430535263886734e-01 9.649844635973933160e-01
-1.789803296257111986e-01 -3.398110774045867699e-01 1.175522350095453694e+00
-4.322453668685874995e-01 -1.207718832049211044e-01 3.764418835055866053e-01
-5.845505323941784237e-01 -1.445413358879640842e-02 3.135478423735760245e-01
-1.600172251021252934e-01 -1.622161659902349728e-01 3.914817364199670857e-01
-5.158714962441227625e-01 -1.109641386901539378e-01 5.559704324243797124e-01
-1.238466604253909004e-01 -2.513125075969762090e-01 2.351135527558901317e-01
-1.432013390262853736e-01 -3.718064767120664582e-01 -1.123423975489552529e-01
-6.416373631026719426e-01 6.229074132701892946e-02 2.614562740875969182e-01
-5.444770447219011711e-01 -6.384043883704880462e-02 2.360165963080085860e-01
-4.649648803411590148e-01 -1.187233339366062929e-01 1.880151291874292974e-01
-3.417102748657602218e-01 -1.505107368470505191e-01 1.915391947626408076e-01
-2.501105082237192745e-01 -1.707813299016340547e-01 2.225449255958860673e-01
-1.815639994165030857e-01 -1.934574226303056033e-01 2.595335940847491862e-01
-3.786149581935790293e-02 -3.324133843533113586e-01 3.426793143898279048e-01
-6.295384642953592014e-01 6.893214212349349501e-02 6.433117855700322407e-02
-5.672975029356599475e-01 -8.227793925970779132e-02 5.771023544371910452e-01
-1.291754303193127368e-02 -4.227649351227836805e-01 -2.369688307429002883e-01
-1.636685616025539969e-01 -2.350284840674359832e-01 8.112108305794260565e-02
-7.081263044364429771e-01 4.174411346942115686e-01 5.090354154118263974e-01
-1.281638293183784416e-01 -2.094961632431241449e-01 3.025008416491482000e-01
-2.001287899985330077e-01 -1.888717273155461618e-01 -1.092921107605371311e-01
-4.780856508876410449e-01 -8.483169914969640457e-02 4.885533332314697663e-01
-1.466350441066147647e-01 -3.559976737893348897e-01 -4.602103336343710271e-02
-6.554292917380155625e-01 5.206977806415743482e-01 -1.229687563729054828e-01
-1.563923967284914229e-01 -1.516292534253405044e-01 4.270292305961470580e-01
-9.489588195917547653e-02 -4.255532232670435899e-01 -4.456471081116817300e-03
-4.896007691318723376e-01 1.864418257222405506e-01 -6.498263583407567490e-01
-4.834102639978932747e-01 3.118003821240105111e-01 -7.344658142704328929e-01
-6.793674842243927481e-01 2.959634728680515803e-01 8.071852310614241466e-02
-5.632456409757190530e-01 2.493872799214728597e-01 -5.093999026646065520e-01
-6.592563912607736221e-01 1.267748305541375187e-01 6.368918968988306339e-01
-2.375315462119249876e-01 2.158766933713385586e-02 -9.814347210948182187e-01
-2.030245841340823365e-03 -3.352619289318573559e-01 -2.453533954474443057e-01
-2.215265952598329258e-01 -2.016297186511700756e-01 2.025275212892727744e-02
-6.379122642040164770e-01 6.101830121548175445e-02 4.512618035768998226e-01
-3.727380824122067393e-01 -1.470393757841060856e-01 3.993770656455856716e-01
-3.187793911975890793e-01 -1.624104786835851300e-01 3.865465458644621322e-01
-2.176745300218742019e-01 -9.861563216324950587e-02 -5.708953782374606156e-01
-6.141330603010491940e-01 1.138821556427146858e-01 -1.183136296765879558e-01
-1.158185192688560294e-01 5.134537899835590197e-02 -1.098588845740337439e+00
-3.071855202434585208e-01 1.671319825345466692e-01 -9.621323479219020536e-01
-3.892332983843954652e-01 2.316980919751852608e-01 -8.704563560792526467e-01
2.165523836298371280e-02 -3.701649587036413003e-01 9.481627252733566547e-01
1.906348412007133342e-02 3.176461248879423882e-02 -1.118353136582006080e+00
-2.634977007376007596e-01 -1.667159882131979964e-01 3.930894891003504643e-01
-2.092829398145973352e-01 -1.614442108244575902e-01 4.098165888437675930e-01
-1.733156993907761234e-01 -1.510528145001002465e-01 4.193024945362675560e-01
-6.115794340569142840e-01 -2.109379588741724237e-02 6.100129097563524727e-01
-2.215230297512914004e-01 -1.818601923792374508e-01 5.122553684465860346e-01
-2.813238593665949305e-01 -1.941336356173527511e-01 5.497787388822709120e-01
-3.384893418837626178e-01 -1.910558946619348164e-01 5.589340665004360886e-01
-3.923314093759545651e-01 -1.733324888740355174e-01 5.456428251859650747e-01
-4.242545958522107030e-01 -1.501110689149090516e-01 5.216813944742499931e-01
-7.001750699451609883e-01 2.896654307929089622e-01 7.057358791908723283e-01
-4.080340895254673805e-01 -1.289798493555418812e-01 4.231297950332111313e-01
2.171056879670645728e-02 -2.722285735739901069e-01 -3.350787575814698216e-01
-1.900940898902083731e-01 -2.013110839563128918e-01 -3.450990784272546241e-01
-1.319705136719763194e-01 -2.998690409641164289e-01 -1.765015227796727371e-01
-6.907645156841657474e-02 -2.644684387090892597e-01 -3.346264808691243320e-01
2.330723475410598211e-02 -3.284048500921044056e-01 4.887000043284003836e-01
-4.070503568207054501e-01 1.392833368073856382e-01 -7.802461403716893784e-01
-3.277227784879935824e-01 8.516730614898956886e-02 -8.829953643736487834e-01
-1.234954296612317121e-01 -3.549536773294319908e-02 -1.053043389028778476e+00
-5.521860653417882681e-01 4.094157616962070811e-01 -5.757719193891550624e-01
-1.772159745825074295e-01 -1.646009947413854535e-01 4.595821001888931168e-01
-8.107150268280093053e-02 -3.337386703383374842e-01 1.902190647963653003e-01
1.401808455450367225e-02 -5.299127998566241504e-02 -1.071190344306296227e+00
-2.194211248551380389e-01 9.797314726468356327e-02 -1.042806840714690431e+00
-6.565382401161683479e-01 3.127510304519760531e-01 -1.249188271458443050e-01
-1.280030752630490765e-01 -1.635314132919219177e-01 -5.526763129136196273e-01
-1.425484946914898077e-01 -1.694504215608551023e-01 -5.818138311646733341e-01
-1.540663014023138100e-01 -1.771888622201046037e-01 -6.182772790237756055e-01
-1.612639759124688821e-01 -1.651318171343120478e-01 -6.613106238694639316e-01
-1.709824629944277918e-01 -1.113716675636158560e-01 -7.382902037474737833e-01
-1.788800291771651951e-01 -1.219356698292579921e-01 -5.518195946790354078e-01
-1.883801243599459718e-01 -1.251684987331160848e-01 -5.464081268150163817e-01
-1.966658498209847561e-01 -1.280410135772438451e-01 -5.397311287474326758e-01
-2.856584568894575127e-01 -1.197367352773693328e-01 -4.581805021541915379e-01
-5.355687495074725746e-01 -5.704205247481969332e-03 -1.920051022396857821e-01
-7.972641082437781357e-02 -2.878707047339816305e-01 2.956870725862806859e-01
-1.118089018151807168e-01 -2.026488222318093002e-01 4.978503093351169251e-01
-1.514093653542654683e-01 -1.792790349931986105e-01 4.928405899652245625e-01
-1.691534547360144247e-01 -1.139295517504646665e-01 -5.566840863667076311e-01
-5.397645557109853609e-01 1.155707757259681612e-01 -3.983385841846653896e-01
-5.950748755496857584e-02 -2.840987878497497343e-01 4.866601686485331202e-01
-2.038918437842369702e-01 -6.548784288701595124e-02 -8.156001892563942146e-01
2.151198803958691286e-02 -4.448000489956379644e-01 1.368715418561541330e-01
-3.660997975472835009e-02 -3.826940955416466839e-01 2.296058420387981913e-01
2.243511249314343592e-02 -4.002402790062522531e-01 2.432712778647822260e-01
-1.266318491483153785e-01 -3.127027717161850462e-01 4.471069148385892200e-02
1.223135190976864725e-02 -9.912495124116642298e-02 -9.917775883054636976e-01
1.149980028897810459e-02 -1.128273437845834920e-01 -8.817524214806125027e-01
-9.826213097099258109e-02 -9.787897783794070883e-02 -8.718761569447374127e-01
-3.436103022061000045e-01 -1.441935930408430599e-02 -6.365434315320953607e-01
-2.569173666697344149e-01 -1.638092111357012937e-01 -1.743079036917846159e-01
-2.858680875427236368e-01 -3.530204421976997770e-02 -7.369735555101438740e-01
-4.017974885342238123e-01 -1.389031260014939873e-01 -1.418565706211687427e-01
-3.178634165352522967e-01 -1.404550098331629471e-01 -2.574105479615328429e-01
-4.554107015287971461e-01 -6.908597049833904713e-02 -2.776238845154693768e-01
-1.173885953698872164e-01 -7.981497801208674303e-02 -9.766021118222777408e-01
-1.645562378303667694e-01 -2.602067513979959834e-01 8.843363843686888933e-04
-3.938806723352215600e-01 5.559722381705304445e-02 -6.940629849553539010e-01
-3.157129196044212716e-01 2.381583746997152640e-02 -8.061135081491752619e-01
-3.843284456513815783e-01 -2.533151746379399064e-02 -5.242921323673971346e-01
-5.955372934232923132e-01 1.566694984239710986e-01 -2.728980361307772884e-01
-4.669243466114221808e-01 4.506059965340768192e-02 -5.165054290765529466e-01
-6.231291542827732677e-01 3.098505489213514430e-01 -3.197690078721454610e-01
-3.664647140230277156e-01 -9.899098160288302695e-02 -3.681559698841430084e-01
-1.211882954873024498e-01 -2.816984032512065972e-01 1.374186744073895572e-01
-1.231264878773365712e-01 -3.811585276677885714e-01 -1.585189903809095247e-01
-1.604502914687075676e-01 -3.074083796370455368e-01 -1.681557299343195422e-01
-9.642089659989343253e-02 -4.332692846379747609e-01 -1.052873543818343971e-01
-1.644762169867674539e-01 -2.327935872071130730e-01 5.946289515253785352e-01
-2.722667455424868654e-01 -2.486276947094522571e-01 6.667019725011938958e-01
-3.651518837827586461e-01 -2.437472807772627093e-01 6.823770325149796090e-01
-4.406162782639957420e-01 -2.150365121866558982e-01 6.653313813151853218e-01
-4.914453255507535978e-01 -1.713387527813187428e-01 6.247792260928410890e-01
-5.229931858367264930e-01 -5.490389035240415827e-02 4.710871810266718529e-01
-6.945894676273955959e-01 2.569447473682398009e-01 2.764656844750959519e-01
-4.801616494305929739e-01 -8.779634515698317432e-02 3.211340366503548927e-01
-4.177493631288164977e-01 -1.226947905456795967e-01 2.817260747322835046e-01
-3.331805554190201968e-01 -1.497250010659813557e-01 2.719646197838002100e-01
-2.512099485790943998e-01 -1.661086783026098357e-01 2.883166640697447658e-01
-1.861527336879098826e-01 -1.714744527266592877e-01 3.170476417162643168e-01
-1.410238513667849136e-01 -1.797413174677465753e-01 3.440867756906388908e-01
-6.986566748139715344e-01 4.880110036524909489e-01 3.137714614409308767e-01
-1.600861346155561804e-01 -2.730838735294062181e-01 -1.874310247232968130e-01
-8.177574327496663076e-02 -3.718204077707565336e-01 9.590713502422651415e-02
-7.953276760415051161e-02 -4.291914253531106116e-01 -1.751100933150769867e-01
-4.718141921609925182e-02 -3.974026291125376531e-01 -2.166994529458638463e-01
-7.971553376667481206e-02 -3.967564082881379628e-01 -1.849215778620167949e-01
-1.430687825575969185e-01 -2.480456341243180984e-01 -2.119367201281369684e-01
-3.404394525301061847e-02 -4.133525915776698478e-01 -2.286219753451635139e-01
-2.461332758992383629e-02 -3.359254624158344305e-01 -2.382202572820210085e-01
-1.354147497901925234e-01 -1.593424563717026343e-01 4.222290926963951918e-01
-1.053821024829546538e-01 -1.935590020128931110e-01 3.936412335932732987e-01
-8.806009500085643094e-02 -2.348954620145867478e-01 3.706645717027496900e-01
-4.408006015156932245e-01 -1.266370544898993700e-01 5.031460878363815947e-01
-4.812846191334751444e-01 -1.275379396480900152e-01 5.479850820993914517e-01
7.593228849454478069e-02 -4.214261095192320949e-01 1.241117284022049266e-01
4.612683055108368624e-01 -1.235908615151220941e-01 4.153356101165829317e-01
8.651462523018052519e-02 -3.420797194570223132e-01 -2.294438006203383118e-01
6.786409027875673905e-01 1.188896407147451983e-01 7.864905927003501551e-01
2.814768302140697731e-01 -1.739292075693775752e-01 3.275561407696223615e-01
3.437070198264447485e-01 -1.692735259856909258e-01 3.170498492974933580e-01
4.029131767766242489e-01 -1.534972790143693255e-01 3.207027645620713074e-01
4.813503328098884815e-01 -1.100050252912219695e-01 3.833176066606984178e-01
2.300024559699525295e-01 -1.691021408662542469e-01 3.536309187560061629e-01
3.769814889069675878e-01 -2.309570945543850951e-01 6.144645592687092428e-01
3.035039702994809518e-01 -2.286778168915394316e-01 6.032308183936145873e-01
4.432639015434398644e-01 -2.104736240910911604e-01 5.963569148486498328e-01
4.841805341976088140e-01 -1.821388436417204215e-01 5.548977990268588734e-01
5.275001089880932970e-01 -7.197253638186558444e-02 3.222023946314970244e-01
2.465906388561298901e-01 -3.645359858445347545e-02 -9.135784113914905413e-01
4.836300918916089930e-01 -1.076619445831225180e-01 4.501452204205454444e-01
7.126491745880377815e-01 1.961775596277697264e-01 3.969286888323894091e-01
5.933143417688009347e-01 -1.917633127489640210e-02 3.970833803153708264e-01
3.310942665476188651e-01 -1.878963425864768055e-01 -7.389235787975238778e-02
5.474222075991440339e-02 -2.599441786498624674e-01 -4.760653035497934282e-01
4.777933520188951122e-02 -2.189870281214924552e-01 -5.470399044118103848e-01
1.198492251839541334e-01 -2.152562305920916186e-01 -5.047872845641613315e-01
1.583612243281995458e-01 -1.642012052279669676e-01 -5.339157651440848973e-01
1.000208696479298748e-01 -1.897054276489584801e-01 -5.509171541161781427e-01
1.378561804569928273e-01 -1.449911223441829877e-01 -5.586539511580137507e-01
2.596981975859020131e-01 -6.428669795155914080e-02 -6.454902543035396789e-01
7.457065538446955300e-02 -4.614224311295829217e-01 -2.002531268453283664e-01
8.268633203235292717e-02 -4.927238537275625552e-01 -1.108606504296119066e-01
5.593899572072681403e-01 -1.741549629329895432e-01 6.313067010129340684e-01
2.060103746582748196e-01 -2.225084340106930070e-01 1.637460549970606305e-01
2.197400347710280477e-01 -3.116030118422584150e-01 -1.508855679973180597e-01
2.234553698931284194e-01 -2.992785869238463459e-01 -9.674826720373755351e-02
5.112152730642017806e-01 -1.101942830863864159e-01 -5.400994552724143472e-02
7.949428418284440467e-02 -4.691708565184025681e-01 1.338716408659371658e-02
4.273406111945396990e-01 -2.924536318902107856e-01 7.264613228161241887e-01
5.072876773513244064e-01 -2.404093930973626447e-01 6.976988071429902627e-01
6.187801966997077407e-01 -2.304192418731206699e-02 9.295000411719993583e-01
1.595836171393089087e-01 -3.299422612688489576e-01 6.322009513825632698e-01
2.412298211260987812e-01 -2.037198889622496289e-01 5.583857456714986789e-01
3.048251804503826490e-01 -6.255129703955784881e-02 -5.760725578501491029e-01
6.522041463408625450e-01 4.697474759757206964e-01 -4.192525032994096623e-01
1.748773388316587074e-01 -2.813202152334232098e-01 -1.999758828993979110e-01
1.275659609927410620e-01 -2.835569193056581838e-01 -2.266674212900856300e-01
1.996830326502484487e-01 -6.034056900924557321e-02 -5.861694508319212904e-01
1.849229733246771368e-01 -7.827664367016815006e-02 -5.847547254533507211e-01
5.365819557068953749e-01 -2.185929339470455424e-01 7.546496686743291438e-01
2.220178079998898768e-01 -2.723736167288718368e-01 -1.851228945354447264e-01
3.163014078941606133e-01 -3.257228956291495781e-01 7.123615940005105784e-01
3.262112950776566711e-01 -3.482622653973717619e-01 7.800221815080605747e-01
3.761269102267987829e-01 -2.826030795830365983e-01 1.113938525499886811e+00
5.783304801767570336e-01 -1.339316938132832369e-01 8.300831921702183092e-01
3.433118351075750696e-01 -3.167549044742430930e-01 9.417501586705459005e-01
5.929620033297904325e-01 -1.261431554585789039e-01 6.714684836810289603e-01
6.401420159001147692e-01 -8.823746855233821629e-03 7.143085050948312364e-01
5.177260838600435122e-02 -2.459183595760618679e-01 -5.164962816823299718e-01
1.097227121330573429e-01 -2.048731550447702998e-01 -5.300770542014865416e-01
1.484039547217305688e-01 -1.597265632044709005e-01 -5.465824714860512135e-01
1.611970988078791633e-01 -2.660738289712343274e-01 -2.141743803357432085e-01
1.917182654571358003e-01 -7.024340021090241803e-02 -5.859302688005312287e-01
1.769890239372855778e-01 -1.029263273548694929e-01 -5.868018665614197493e-01
1.782365425993884256e-01 -7.955885699071557626e-02 -5.831045584236420609e-01
1.437233174413113101e-01 -3.697160322646769193e-01 -1.843655168991838733e-01
1.299850611845421444e-01 -1.320473652159689648e-01 -5.668057842838087890e-01
9.263147033348000103e-02 -1.609552261228124892e-01 -5.633719042184786030e-01
4.465131777753792580e-02 -1.865005668644361403e-01 -5.644566692774146688e-01
9.371660253374133887e-02 -1.257477350101600944e-01 -7.899146977892355093e-01
5.757058025502766185e-02 -1.848126873015535077e-01 -7.099392429629654000e-01
5.361303967543846333e-02 -1.940541170064705723e-01 -6.603654395651317177e-01
4.964963583912189449e-02 -1.827904673653929224e-01 -6.124546201357270458e-01
4.307785710317882377e-02 -1.789526557236475468e-01 -5.737554138679489268e-01
1.332152106959561821e-01 -1.303782827093922236e-01 -5.628881049334502062e-01
1.459407838526013690e-01 -1.386548980077484949e-01 -5.807852430964375312e-01
1.589839661051712649e-01 -1.459773981355476646e-01 -6.041813327397149713e-01
1.715264342163339006e-01 -1.324680912027891844e-01 -6.293188990083666834e-01
2.649527947663591343e-01 -1.681469250300306473e-01 -4.175570419801771793e-01
7.193184507930276972e-01 4.985650292904991732e-01 3.917169985369627072e-02
1.558620451207548829e-01 -9.828502843642522580e-02 -5.654620369991356643e-01
1.663895438744080746e-01 -1.042643028114274700e-01 -5.752460832808319324e-01
1.074158087806054152e-01 -2.800845694589283452e-01 -2.610753206101633084e-01
2.027594290551487655e-01 -2.218058054501227949e-01 -2.319809591732827914e-01
1.172525631593570455e-01 -2.833413902554456909e-01 -2.446981379610284335e-01
2.696512569729374031e-01 -1.944316639895474208e-01 1.114240676021197168e-01
3.700285366299888024e-01 -1.701976396045918050e-01 4.837970508359755450e-02
2.342126445623506081e-01 -2.590020608411127689e-01 -1.322312019926925042e-01
5.239560837637304846e-01 -1.654371892382719145e-01 1.040636965491147592e+00
4.849296821441913541e-01 -2.348022472849492226e-01 9.091490210766408619e-01
4.475006283513123795e-01 -2.913567791612877711e-01 7.941577228653080578e-01
2.330402649020973382e-01 -8.555453744577247444e-02 -6.902663025010303821e-01
1.799038866040381379e-01 -3.707577357819459296e-01 7.457050794993914655e-01
1.929358052794356571e-01 -3.601747046567297383e-01 9.455616722572318666e-01
2.139794517366048754e-01 -3.485688991319537688e-01 1.151436723078662405e+00
4.528624310696446331e-01 -1.298696919682913453e-01 3.413252660896481938e-01
5.915121502109039753e-01 -3.064108771491694597e-02 2.578107296580059993e-01
1.962412724069843573e-01 -1.618497460491359619e-01 3.788259314169953873e-01
5.371343236883943106e-01 -1.245248827084088489e-01 5.119820290701679877e-01
1.636877431358477464e-01 -2.520288588827117038e-01 2.220692028082111302e-01
1.823710981601424641e-01 -3.774106136565121838e-01 -1.268196626868552945e-01
6.648398271936022397e-01 4.540108953016856741e-02 1.986800952938141962e-01
5.510798851221655470e-01 -7.747148994773019048e-02 1.861480132716104297e-01
4.735518886340030487e-01 -1.298343377696715706e-01 1.468551392920377507e-01
3.571736898344864963e-01 -1.570107040515013319e-01 1.635614966372608281e-01
2.714136712963021170e-01 -1.746498916249863975e-01 2.042552620955772613e-01
2.077003956183380295e-01 -1.961962146091690284e-01 2.466680608673006703e-01
8.293262291984399015e-02 -3.328265621026273990e-01 3.368880188449754343e-01
6.551210633034104669e-01 5.391857968182525718e-02 4.542900905300270402e-03
5.805864090241739106e-01 -9.676025265022605848e-02 5.241325263094323006e-01
5.369767611781113559e-02 -4.235168743240425582e-01 -2.396806293344405370e-01
2.024828530747143085e-01 -2.373264768890403775e-01 6.497084044381098988e-02
7.310062780586015219e-01 3.989256108187418937e-01 4.363905604064748922e-01
1.605956197915444639e-01 -2.105561874281231260e-01 2.943525154944001132e-01
2.416529732727275004e-01 -1.965116041495369448e-01 -1.276240233606442120e-01
5.059650993474689162e-01 -9.553805712733870470e-02 4.462640968818357146e-01
1.843881379352685368e-01 -3.616662305969678970e-01 -6.029389945472801021e-02
6.957839882105478768e-01 4.989709255793335352e-01 -1.823003295855435968e-01
1.962607397827350608e-01 -1.496852539201288801e-01 4.136711780251012271e-01
1.330627026555495085e-01 -4.286125198618199739e-01 -1.444010395710787487e-02
5.161221408183354065e-01 1.681242286880919590e-01 -6.823047597439027001e-01
5.167542981058276252e-01 2.922602519459306381e-01 -7.632643515396559941e-01
7.153614283514270200e-01 2.777598888540163680e-01 1.666015214582360418e-02
5.932129429182915192e-01 2.305542071335182075e-01 -5.520845461365599949e-01
6.794989717545785179e-01 1.099316624446034646e-01 5.707434460770974827e-01
2.613674823938719194e-01 1.077966147759735344e-02 -9.893939750960991653e-01
5.152828423417858683e-02 -3.369868159777668071e-01 -2.478192858515166075e-01
2.570881500155774990e-01 -2.070228436850453102e-01 -1.437760792440209321e-03
6.416775615787195797e-01 4.524365558975050605e-02 3.829819504337009239e-01
4.005257002216623397e-01 -1.545154799346182828e-01 3.739928288127130074e-01
3.470389198590892454e-01 -1.676177158544196466e-01 3.670022282721226992e-01
1.871669695197834826e-01 -9.101263128014371040e-02 -6.005457242198788403e-01
6.418858955967989832e-01 9.843599477857796487e-02 -1.733775617161907312e-01
1.510894625119461598e-01 4.562589220800811196e-02 -1.101044924484961385e+00
3.413291114716199282e-01 1.536015964668073774e-01 -9.723988488530695973e-01
4.233739001980828531e-01 2.155146814840729341e-01 -8.875606271054510277e-01
2.940031688048649894e-01 -1.702339265522815337e-01 3.760819965071808268e-01
2.442748105536888814e-01 -1.621122697793124234e-01 3.941734473563199836e-01
2.122534447156486093e-01 -1.496328996174919324e-01 4.043680599193985037e-01
6.201522404929509236e-01 -3.550491613903743182e-02 5.453107393840409545e-01
2.539285076740804281e-01 -1.830025993691904440e-01 4.860491765219978055e-01
3.084756431971291124e-01 -1.985880841113637496e-01 5.186045933378451434e-01
3.648472058123556350e-01 -1.980613817736285864e-01 5.258187584898997846e-01
4.193597694424560096e-01 -1.827974246624771704e-01 5.104226108126939110e-01
4.517682863218925871e-01 -1.604929271278089653e-01 4.846511072102789863e-01
7.157474059343156281e-01 2.701467573498481101e-01 6.329638267798980422e-01
4.367784069939132374e-01 -1.377126072127383694e-01 3.925388136962394969e-01
2.171526666965765684e-01 -2.065503362450289704e-01 -3.661057918526001154e-01
1.741194883796510773e-01 -3.067893715472869154e-01 -1.892499396558552094e-01
1.084905436993714722e-01 -2.664788300642214613e-01 -3.423911948260929261e-01
4.324229570647477594e-01 1.220871779950897934e-01 -8.027898067164551676e-01
3.505112294541548046e-01 6.996767540335507851e-02 -8.965729609622444807e-01
1.491454329180547655e-01 -4.179684688942199300e-02 -1.057622031534024343e+00
5.904003133195021569e-01 3.901917095917177836e-01 -6.157237886181803344e-01
2.144116756201561724e-01 -1.627614330433304890e-01 4.417780164686116451e-01
1.231152347111376111e-01 -3.352102775726297779e-01 1.808617597215358974e-01
2.533026932254912600e-01 8.816423104461396099e-02 -1.047586246949205879e+00
6.930157695029611764e-01 2.942121913561671076e-01 -1.837889670125328889e-01
9.410682724774627195e-02 -1.567297455875372170e-01 -5.678798454429827558e-01
1.063381126033303564e-01 -1.637577501605616548e-01 -5.974547936468417308e-01
1.162165001156335309e-01 -1.718272472295284681e-01 -6.336959322094399827e-01
1.252535623918435426e-01 -1.603857740998461678e-01 -6.760378106003035459e-01
1.752292566890764069e-01 -1.110881506093308324e-01 -7.465728561202240599e-01
1.627043463908294518e-01 -1.089417582071310481e-01 -5.747701225420425164e-01
1.718923012805080308e-01 -1.100238032524059606e-01 -5.715720174856586677e-01
1.806493798696793274e-01 -1.119904923987093681e-01 -5.663423660021755790e-01
2.942882139695922605e-01 -1.173711078216954917e-01 -4.930932902186141442e-01
5.572333055888186726e-01 -2.089389050410174475e-02 -2.403800131276468965e-01
1.228158523483575681e-01 -2.885606682476408169e-01 2.858554211557871039e-01
1.541163385543711795e-01 -2.045353523588390732e-01 4.822805127327985941e-01
1.890177326336759112e-01 -1.779746907292271973e-01 4.754956207089758302e-01
1.536154323407383782e-01 -1.000470900585413159e-01 -5.779042166723824536e-01
5.642541375020382333e-01 9.681035332173672237e-02 -4.457864042445307540e-01
9.964659111545014214e-02 -2.843629062799490903e-01 4.770234673119082003e-01
2.132949319842148972e-01 -7.166661215800004814e-02 -8.231332916932447841e-01
7.998321770541577669e-02 -3.842061118727446711e-01 2.243106556572695975e-01
1.660138688729494993e-01 -3.168226340921947992e-01 3.128058088301580164e-02
1.159588569319114221e-01 -1.029080593506205010e-01 -8.755252044292558544e-01
3.327079388996787013e-01 -2.526108339411201748e-02 -6.705607539544622409e-01
2.909265411305951288e-01 -1.732545291049940039e-01 -1.980229585296818251e-01
2.871942443445618665e-01 -4.409839876057296965e-02 -7.519227887088596463e-01
4.247978660594629030e-01 -1.513796297372906330e-01 -1.791135511275590841e-01
3.423978783478267562e-01 -1.515428923073939005e-01 -2.893434576759416066e-01
4.741890544429158139e-01 -8.632200345207738379e-02 -3.244619587506328284e-01
1.383663823077653787e-01 -8.538398870000935004e-02 -9.817624910718429909e-01
2.028805802870166375e-01 -2.654201567481642154e-01 -1.478140649624460137e-02
4.050314260278379264e-01 4.059445704034801705e-02 -7.193751990413599362e-01
3.295949278688026229e-01 1.049180459908777285e-02 -8.203013505967146068e-01
3.810461505861738041e-01 -3.480239367073416357e-02 -5.725336629329945692e-01
6.235912955543509995e-01 1.394649391948044048e-01 -3.233114473341420214e-01
4.759757767306612708e-01 2.575015251002511080e-02 -5.627842391377628761e-01
6.586495025917012969e-01 2.927406814007333935e-01 -3.721718435493768240e-01
3.759561364796293326e-01 -1.094777119441010665e-01 -4.138094291936355029e-01
1.616652422653603871e-01 -2.829117593478365777e-01 1.244567119122394483e-01
1.620496251482262395e-01 -3.853291286405994276e-01 -1.708435607509787846e-01
1.998823938006631107e-01 -3.152573415534701273e-01 -1.829603841076892223e-01
1.368556966598946656e-01 -4.379821347130467002e-01 -1.159480510348628868e-01
2.049721497217011357e-01 -2.361969779426684179e-01 5.749245237650804086e-01
3.082399886579035853e-01 -2.578156341127931794e-01 6.417571990072447052e-01
3.980716675072561994e-01 -2.557760729609293571e-01 6.527003316043653580e-01
4.695681474448493709e-01 -2.285462691839942884e-01 6.312391194300666086e-01
5.160340352917345275e-01 -1.855855921646895890e-01 5.858075237367865729e-01
5.419820312257757067e-01 -6.775215437262463447e-02 4.211466718231883788e-01
7.228396687981957225e-01 2.405023671175627875e-01 2.086782024861214280e-01
4.957410863481514496e-01 -9.855101715541339513e-02 2.783887255464486121e-01
4.334440396895353764e-01 -1.319418993376041127e-01 2.468260611425840689e-01
3.520486850252075861e-01 -1.559062990639795421e-01 2.482438359364574354e-01
2.746624663956803714e-01 -1.695118283287279648e-01 2.722959421677663139e-01
2.156259042884967614e-01 -1.743668173265909838e-01 3.043895646686333167e-01
1.749485217707745788e-01 -1.810150013671276703e-01 3.341941346982793548e-01
7.274985397819282440e-01 4.702347922317596796e-01 2.429984938948361595e-01
1.991761059625674068e-01 -2.813312907707540833e-01 -2.015519655346949546e-01
1.239810214244858322e-01 -3.730128522350114606e-01 8.667752593869149091e-02
1.193162304930270451e-01 -4.334828983356541210e-01 -1.839245732353353979e-01
8.676314502991555599e-02 -4.016603532707400115e-01 -2.225700687348706741e-01
1.192541349803449002e-01 -4.007133442944067481e-01 -1.939589992406062779e-01
1.832919216491280257e-01 -2.570413353517304600e-01 -2.243996959599824370e-01
7.396399238049441993e-02 -4.166767029691025304e-01 -2.332678447217660656e-01
7.187918700324882892e-02 -3.393309985955284547e-01 -2.421930546211399360e-01
1.747769260305802042e-01 -1.589683638172861291e-01 4.098272899484775023e-01
1.431592750520977453e-01 -1.941921580993233309e-01 3.842447077663738719e-01
1.239718142885048308e-01 -2.362582084058099663e-01 3.636498886596056246e-01
4.696552842611922407e-01 -1.374257116520240241e-01 4.654559682889065630e-01
5.075338027510770678e-01 -1.412603032560217908e-01 5.079851846108667246e-01
-3.257840358262520386e-01 -1.547710531797894806e-01 4.839735825297994398e-01
-2.613748240317129712e-01 -1.607731430016351437e-01 4.822176893192660629e-01
-3.249860238638748733e-01 -1.630965908462457259e-01 5.699590980944508889e-01
-3.910630511728759862e-01 -1.487164887005882341e-01 4.863046912215264750e-01
-3.271617964686337476e-01 -1.464480429624260283e-01 3.988778727547704350e-01
3.528471182291001429e-01 -1.611658303600916331e-01 4.541684989589382937e-01
4.159005942947805456e-01 -1.668790688570440106e-01 4.507436400369104756e-01
3.519375374424830172e-01 -1.696332361512221665e-01 5.406427266633933026e-01
2.892926656468079449e-01 -1.554777159106691675e-01 4.583391584281972242e-01
3.539945199398794595e-01 -1.527147928107052133e-01 3.676278575734143184e-01
