-1.708095968848438728e-02 -3.425021637187790624e-01 -5.700583497046700643e-01
2.694106692847597628e-02 -5.692917087658049269e-01 -2.471525297555214884e-01
3.050667690136921184e-02 -3.570437216069346498e-01 -3.207537114918950216e-01
-4.012664864186710201e-02 -5.163629968545921933e-01 1.577194174485048173e-01
2.669804530519354069e-02 -6.102491704484984680e-01 -1.337262984787622733e-01
2.544926463053578947e-02 -5.991554172820334756e-01 2.753469961789051235e-02
2.813258790933170772e-02 -4.404373749352950007e-01 4.381483579600136125e-01
-5.282139325244870065e-01 -1.393097387195798564e-01 5.523971763538080282e-01
2.869163479075564904e-02 -4.215430250008740387e-01 7.502148184656327601e-01
2.751070108653705382e-02 -4.549042864654122553e-01 9.007595108734900435e-01
2.583469076468941639e-02 -4.409201860582681043e-01 1.430249644175271229e+00
-1.564454550410238065e-02 -3.298824912170374990e-01 -6.012425774699226011e-01
-1.340789155008746680e-02 -3.030670385584917081e-01 -6.314080136542097321e-01
-1.016325963605747840e-02 -2.620399007856610840e-01 -6.525533933615657034e-01
-1.922004390208571778e-02 -2.351932598256032403e-01 -7.934102934962590226e-01
-2.032164025268545782e-02 -2.391790736804642048e-01 -8.412839685593347383e-01
-2.253261674917364510e-02 -2.504829146637179704e-01 -8.921661016473043659e-01
-2.224318741991593296e-02 -2.368602839466900090e-01 -9.385497528340298601e-01
1.456422848622695998e-02 -1.604790791022037144e-01 -1.006405169888722639e+00
2.565783098758034342e-02 -5.215339590715135643e-01 -2.958648844028686220e-01
-4.944326978034674358e-02 -4.124804061028197744e-01 -2.721994033251688982e-01
-8.195164839376465338e-01 1.694320071786767912e-01 1.050151762450131088e+00
-3.138099182733933290e-01 -2.097090554633482817e-01 4.327524419207988693e-01
-3.941731445925649169e-01 -2.011356588654336086e-01 4.253881938900625492e-01
-4.690040066555143383e-01 -1.789476000327443472e-01 4.387749115202090877e-01
-5.604574501426915489e-01 -1.229485817647830714e-01 5.228111689665340123e-01
-2.429941456277409095e-01 -2.043311333065025437e-01 4.605597536573453610e-01
-4.272089468655719813e-01 -2.728955799330550214e-01 7.728912465618540395e-01
-3.354296758536907674e-01 -2.720754124570676780e-01 7.556829350846490101e-01
-5.083958398258729972e-01 -2.436920633236590028e-01 7.555024854291927383e-01
-5.598459434091243025e-01 -2.062401304747547570e-01 7.122876409824718813e-01
-6.279117037529537981e-01 -7.307924706927682035e-02 4.576535439915323522e-01
-2.760532581892520820e-01 -3.226108582076028797e-02 -1.110811353708092142e+00
-5.539143059935316415e-01 -1.190582165499930456e-01 5.945959731116543523e-01
-8.454752799607634373e-01 2.622634587321241995e-01 5.701045484120657036e-01
-7.137062973723518056e-01 -4.795369638635634674e-03 5.569824973431352078e-01
-3.671772696879687103e-01 -2.198000584000436852e-01 -5.494466456067526039e-02
-1.052191531946382597e-01 -3.277435355748208323e-01 -5.470606886451041539e-01
-9.076316123926708723e-02 -2.866077228087688944e-01 -6.220898207162415261e-01
-1.819749553266480913e-01 -2.716748997422193668e-01 -5.692632550244627332e-01
-2.303582098323888605e-01 -2.098073895782317511e-01 -6.008433705233331423e-01
-1.538580876703004030e-01 -2.474246264957364883e-01 -6.235076296482606750e-01
-2.008137077427112338e-01 -1.876777430523315360e-01 -6.378912066972395323e-01
-3.504228663766379981e-01 -6.810966196320789035e-02 -7.633062093322964259e-01
-3.980817265905128854e-02 -5.608649146612743053e-01 -2.389790060752106093e-01
-5.156894628147168369e-02 -5.988364775876617863e-01 -1.284915237732456861e-01
-6.642745122430548932e-01 -1.950839448354915184e-01 8.256206289095429085e-01
-2.062137394029199822e-01 -2.699933723642100603e-01 2.214911969691533145e-01
-2.211388205667466078e-01 -3.730571344014008695e-01 -1.649300228236687538e-01
-2.273155284588956881e-01 -3.580622759926939125e-01 -9.795146682266286930e-02
-5.977462482293400825e-01 -1.211222688036562856e-01 -9.286566582278610316e-03
-4.655158876261961121e-02 -5.735170711192969506e-01 2.244501793933956213e-02
-4.853024548876332389e-01 -3.406357337520842243e-01 9.302616720194336608e-01
-5.911409294406029247e-01 -2.756240815775834463e-01 8.997536735566962207e-01
-7.412702156961188393e-01 -4.825679407017766098e-03 1.219792414483108267e+00
-1.406348173089113640e-01 -3.995551184143120160e-01 7.960921884769174284e-01
-2.541376974391753585e-01 -2.454929915389967299e-01 7.008645353048708060e-01
-4.060900942948415526e-01 -6.217647065036252529e-02 -6.345414883142401763e-01
-7.482541073199122650e-01 5.988077580727781957e-01 -4.513050452002640434e-01
-1.620455663433895133e-01 -3.346752755933013468e-01 -2.293698090897637876e-01
-1.000899752308903601e-01 -3.347904571751993963e-01 -2.651988033011178914e-01
-2.936164355427397510e-01 -7.538083864793232447e-02 -6.642506783897603739e-01
-2.775955618579004636e-01 -9.554624280909979062e-02 -6.748798821213393140e-01
-6.301038017978592976e-01 -2.481879011981611427e-01 9.797761111127183398e-01
-2.258742407535296870e-01 -3.233941316062018956e-01 -2.066801496643035918e-01
-3.395337913988658585e-01 -3.838198147701650242e-01 9.069699028342963487e-01
-3.515539761616857106e-01 -4.106006936017680964e-01 9.963087665213334887e-01
-4.257731841577987453e-01 -3.302301742857740585e-01 1.416256814271930509e+00
-6.844663157788435370e-01 -1.444068436654439846e-01 1.084770660700051792e+00
-3.793581950474207432e-01 -3.745071366610210895e-01 1.196055898879873070e+00
-7.069046570024850595e-01 -1.361391820176542922e-01 8.910838404225014386e-01
-7.622310988968203915e-01 8.942123404441476575e-03 9.498889154130738532e-01
-1.000992481392047884e-01 -3.153969892415233733e-01 -5.890640344810993412e-01
-1.682977783362511470e-01 -2.625672416091673345e-01 -5.977077239054082725e-01
-2.166364179211879293e-01 -2.048876925251392755e-01 -6.190219059812305247e-01
-1.438476019325694022e-01 -3.146124075792471331e-01 -2.481302207992923670e-01
-2.851860647694977047e-01 -8.577426637616186733e-02 -6.696833700573687764e-01
-2.609286674555693075e-01 -1.298282515225857026e-01 -7.254041949054048644e-01
-2.684536376374588862e-01 -9.811436175578308605e-02 -6.789221087649304209e-01
-1.263528182398946376e-01 -4.492561192112223267e-01 -2.121790132288219333e-01
-1.888439504966679117e-01 -1.721483118809485902e-01 -6.523245156218662189e-01
-1.407216064912406583e-01 -2.137814512776847753e-01 -6.432263383218614905e-01
-8.126557009540036347e-02 -2.498522465171151286e-01 -6.440603437822245425e-01
-9.204764322421837841e-02 -1.541001285632050966e-01 -9.955859461564244839e-01
-1.141449256456925632e-01 -2.322189014541016228e-01 -9.217026263736345371e-01
-1.105190224811249955e-01 -2.456275427532035316e-01 -8.736880230854637830e-01
-1.014031374723085577e-01 -2.328716691118108972e-01 -8.211917705016000824e-01
-9.092099742384307515e-02 -2.287046573904301106e-01 -7.761024391392119526e-01
-1.982506187428410005e-01 -1.683437808421053283e-01 -7.324499940017759059e-01
-2.149691231984736106e-01 -1.761925351702529063e-01 -7.526124804058058615e-01
-2.320247200761658135e-01 -1.842110256270181878e-01 -7.773790049597772978e-01
-2.441479592018502842e-01 -1.671450787828479001e-01 -8.045264907451104008e-01
-3.092656133869153834e-01 -1.958626421620317526e-01 -4.612619878007930829e-01
-8.369346650152325040e-01 6.358108296446474128e-01 1.299463056530972827e-01
3.026260869481950389e-02 -4.145673775153944085e-01 -3.043810504870010369e-01
-2.305722517837829333e-01 -1.284299274372946442e-01 -7.079978858376962947e-01
-2.458081162331011704e-01 -1.330495241446695287e-01 -7.167300465152299793e-01
-7.410213315220437469e-02 -3.351747684369654756e-01 -3.086371444833018174e-01
-1.975817661436873873e-01 -2.583448041944245155e-01 -2.659570383473042199e-01
-8.668759973787754092e-02 -3.363016028739762575e-01 -2.875178911151601291e-01
-2.877701994522010587e-01 -2.341110544980931074e-01 1.649545254765418800e-01
-4.160132390768618293e-01 -1.995868178735951126e-01 1.002810399880356140e-01
-2.401822349362203735e-01 -3.078505085365677019e-01 -1.402304861585937923e-01
-6.170069791707959439e-01 -1.801521231746017193e-01 1.345813978963789737e+00
-5.626537471857675499e-01 -2.687302842478693776e-01 1.172585509051100594e+00
-5.100029511256565229e-01 -3.385372291664001665e-01 1.020818245175916239e+00
-2.845107794220682607e-01 -1.020032682470788377e-01 -8.632739596113800928e-01
-1.627476625077044492e-01 -4.469819555838290270e-01 9.467529795008573501e-01
-1.892755885328520904e-01 -4.331600322726911756e-01 1.181294083923451588e+00
-2.191003174549199795e-01 -4.159826674235151955e-01 1.439025845018157668e+00
-5.291369017890170667e-01 -1.478439446679031821e-01 4.703134373930479839e-01
-7.155825865548548492e-01 -1.769414947104519520e-02 3.838323012647246735e-01
-1.958864691524992985e-01 -1.985783216463290479e-01 4.878254995347588441e-01
-6.315085508524784785e-01 -1.358377079058553649e-01 6.732216695901542813e-01
-1.516079597779262933e-01 -3.076463782921736723e-01 2.878464817275105947e-01
-1.753011568714952784e-01 -4.551501120249730192e-01 -1.375249184903747368e-01
-7.854659237734349375e-01 7.625374629003212057e-02 3.200639577151824788e-01
-6.665262802619622562e-01 -7.815082652626237358e-02 2.889217562838024556e-01
-5.691907770042581305e-01 -1.453361969203433857e-01 2.301603392468116738e-01
-4.183075864105507691e-01 -1.842490193895889306e-01 2.353674236208227466e-01
-3.061749372803104219e-01 -2.090634410779750318e-01 2.761795631048902244e-01
-2.222631391602156725e-01 -2.368225759833531008e-01 3.230515588213149769e-01
-4.634847734769043104e-02 -4.069267175358484145e-01 4.194938506996335192e-01
-7.706549522265575547e-01 8.438387756737864009e-02 7.875157134100274625e-02
-6.944621414236742396e-01 -1.007212520256882682e-01 7.025387837903718236e-01
-1.581312175693121158e-02 -5.168963897146348074e-01 -2.892580444193937339e-01
-2.003562842883395145e-01 -2.877121501441597395e-01 9.930507805253108167e-02
-8.668589359772633784e-01 5.110141730184016851e-01 6.231401157771356836e-01
-1.568928593919685088e-01 -2.564565389288588904e-01 3.768365395693589193e-01
-2.449893880084161868e-01 -2.312089574292000016e-01 -1.337908804643223037e-01
-5.852526816727721126e-01 -1.038474561773031768e-01 5.949536660056340409e-01
-1.795045566234123591e-01 -4.357976292901599713e-01 -5.633704421086627168e-02
-8.023494324173103820e-01 6.374166886116432451e-01 -1.505332674893192779e-01
-1.914491041691872564e-01 -1.856182611263452742e-01 5.273259616164733821e-01
-1.161676140942425883e-01 -5.209446563583686185e-01 -5.455426046593214728e-03
-5.993490131976839663e-01 2.282343723918898171e-01 -7.954905530723825891e-01
-5.917708528328127215e-01 3.816931326967578642e-01 -8.991026745953716315e-01
-8.316535776495292964e-01 3.623062371710017437e-01 9.881227462797492755e-02
-6.895020195847934019e-01 3.052895880130876982e-01 -6.235862936375298204e-01
-8.070344093760715154e-01 1.551925045494777500e-01 7.796567203044979522e-01
-2.891663473890300207e-01 2.653825249786556650e-02 -1.201083268931671277e+00
-2.205069035751808237e-03 -4.086514430461303249e-01 -2.980743860913115384e-01
-2.711836962622540259e-01 -2.468267627912075213e-01 2.479258117878094247e-02
-7.809058117602702964e-01 7.469608236482361274e-02 5.524160371463255892e-01
-4.562905451947543156e-01 -1.799995227410895460e-01 4.969956931697416813e-01
-3.902365469744024651e-01 -1.988161912093562300e-01 4.829225541134745114e-01
-2.734226211204997536e-01 -1.147922117223486582e-01 -7.343303777409460054e-01
-7.517962937765858555e-01 1.394098266691224941e-01 -1.448346508192314142e-01
-1.417802413931847916e-01 6.285488716614112681e-02 -1.344847030718421266e+00
-3.760435820977678922e-01 2.045960743416852523e-01 -1.177802495660020377e+00
-4.764833063967923721e-01 2.836352280597398412e-01 -1.065576671729516534e+00
2.650944721028217210e-02 -4.531406335671670504e-01 1.160701607562235615e+00
2.333672885304843847e-02 3.888492646770147498e-02 -1.369041658176850973e+00
-3.225629877930247247e-01 -2.040868179129504689e-01 4.900991749588072821e-01
-2.561955196259180223e-01 -1.976333260580624973e-01 5.084462864927106196e-01
-2.121659113928990870e-01 -1.849126084337973097e-01 5.188508838007588331e-01
-7.486702501385993358e-01 -2.582215100616880310e-02 7.467232444210258890e-01
-2.711793315141557414e-01 -2.226257263355702065e-01 6.208061885433338034e-01
-3.443850339518519377e-01 -2.376503679560184601e-01 6.619636710861587225e-01
-4.143646534618152799e-01 -2.338827247642427665e-01 6.720056831801484165e-01
-4.802758857443700791e-01 -2.121864643839441733e-01 6.574271838305492111e-01
-5.193549303843436604e-01 -1.837597624360909343e-01 6.311451047706464479e-01
-8.571253635515025948e-01 3.545964345301535481e-01 8.639326762522312464e-01
-4.994984573691185759e-01 -1.578917973733990898e-01 5.230488676999422992e-01
2.892741739996179673e-02 -3.358783730779135723e-01 -4.028210999998864672e-01
-2.305384718692222723e-01 -2.462268576189785563e-01 -4.165528030917431401e-01
-1.615528449449517012e-01 -3.661710764581100896e-01 -2.156018894355677951e-01
-8.217479225677748467e-02 -3.255230144845353557e-01 -4.027937656643163500e-01
2.853175287083267730e-02 -4.020196356738581223e-01 5.982463341781198984e-01
-4.975634571154747832e-01 1.705555218234180437e-01 -9.547057145101787157e-01
-3.988649291133050667e-01 1.044189797407607534e-01 -1.080055091407122525e+00
-1.511169295508867361e-01 -4.344773006502278268e-02 -1.289197978461402272e+00
-6.759633444835779770e-01 5.011898432988504126e-01 -7.048361715703883590e-01
-2.169404669792975859e-01 -2.014977303743461512e-01 5.630315353519597110e-01
-9.924438071767516245e-02 -4.085490778289879721e-01 2.328583060713107500e-01
1.716035936700191500e-02 -6.486973340300128399e-02 -1.311540702869512742e+00
-2.686062664685704426e-01 1.199346719249716475e-01 -1.276561007137226866e+00
-8.037069611591700635e-01 3.828568708837818413e-01 -1.529204650257043330e-01
-1.508039007482885330e-01 -2.022158188421634417e-01 -7.527214241182917931e-01
-1.675897376598469712e-01 -2.095570775201567315e-01 -7.867536160859867067e-01
-1.811347486172829591e-01 -2.190176685390063938e-01 -8.305648899586142164e-01
-1.892899832458856402e-01 -2.040740926559783119e-01 -8.759475024802947374e-01
-2.003291963747448889e-01 -1.374637283237127861e-01 -9.445082116216196866e-01
-2.387822725356865128e-01 -1.387932388486210478e-01 -6.570931719531736270e-01
-2.530893384085506348e-01 -1.408150226297436580e-01 -6.478606438770881937e-01
-2.651928687004283525e-01 -1.428098221773916876e-01 -6.375200600935237993e-01
-3.711313773174031994e-01 -1.318335749872857621e-01 -5.360972331359210585e-01
-6.556211136799969807e-01 -6.982853700729818591e-03 -2.350447054246358469e-01
-9.759777489343268719e-02 -3.523994112933306333e-01 3.622547530829201001e-01
-1.368718335317722357e-01 -2.480743072476538913e-01 6.064355134844414685e-01
-1.853490832436257563e-01 -2.194659802122678194e-01 5.998931497383037659e-01
-2.242939478074781334e-01 -1.307050071738384833e-01 -6.656828314483163034e-01
-6.607574461087697415e-01 1.414769624488388944e-01 -4.876296207070232036e-01
-7.284660521915442555e-02 -3.477819866384703751e-01 5.953420747083519871e-01
-2.415651225641641808e-01 -8.015654006176142765e-02 -1.022176720812859152e+00
2.633408608877013668e-02 -5.445058244261291591e-01 1.675524871368514468e-01
-4.481642314020461981e-02 -4.684782847179040921e-01 2.810739760364042716e-01
2.746413686724169523e-02 -4.899575968593934405e-01 2.978026374144131516e-01
-1.550174726257389501e-01 -3.827978007154553275e-01 5.473298019114797297e-02
1.496954309432235730e-02 -1.214311850155000982e-01 -1.219076504525849813e+00
1.497401792088016992e-02 -1.393454250951601248e-01 -1.104490763126113606e+00
-1.165154787008584325e-01 -1.204832315123022246e-01 -1.089922379038331890e+00
-4.198933162871849589e-01 -1.565492261560245957e-02 -7.852794762866812661e-01
-3.145076149694077117e-01 -2.005284616299887190e-01 -2.133805268636925767e-01
-3.404665013016638930e-01 -4.264301884719995384e-02 -9.219636465725171703e-01
-4.918638683621665564e-01 -1.700394622473426764e-01 -1.736549470054136179e-01
-3.887830260086264644e-01 -1.719392142529563294e-01 -3.150731596735609763e-01
-5.574949464334508775e-01 -8.457218790199871883e-02 -3.398556777586203559e-01
-1.418730563081792573e-01 -9.765127563490882956e-02 -1.198847703369474438e+00
-2.014429408148845635e-01 -3.185343437149668055e-01 1.082568028326402754e-03
-4.790555829681450994e-01 6.827571867098386482e-02 -8.510920416258294097e-01
-3.799965695130467225e-01 2.960364267243958958e-02 -9.890759939738797968e-01
-4.802242558969185282e-01 -2.439580903022178782e-02 -6.339115818202478714e-01
-7.290321250282403298e-01 1.917883206047243938e-01 -3.340704896125532564e-01
-5.715945741754135945e-01 5.517909519678448893e-02 -6.324546411184135408e-01
-7.628089399783890556e-01 3.793062337093302538e-01 -3.914479947799094361e-01
-4.522291751234557289e-01 -1.161495651029339493e-01 -4.455891349829035342e-01
-1.483536993624703371e-01 -3.448435350854168746e-01 1.682222641783637229e-01
-1.507263543287074015e-01 -4.664010796422233263e-01 -1.939583141214158424e-01
-1.964166110881837568e-01 -3.758985901914968508e-01 -2.056663779863248109e-01
-1.180344739475206461e-01 -5.303903395762290529e-01 -1.288884264199506857e-01
-2.013449826075648375e-01 -2.849762818361742944e-01 7.196443610498342025e-01
-3.332976897825945528e-01 -3.043597413908241123e-01 8.064390414514219785e-01
-4.470038345742963770e-01 -2.983853404938634490e-01 8.263437248223075571e-01
-5.393842253242704388e-01 -2.632388049738336733e-01 8.059228133716755949e-01
-6.016070428805297965e-01 -2.097458151139988125e-01 7.564323625874562751e-01
-6.402266287206890283e-01 -6.721107345936638833e-02 5.759806541697067850e-01
-8.502877001973310200e-01 3.145411332881371536e-01 3.384378633489637522e-01
-5.877940332321749395e-01 -1.074766547558831942e-01 3.996861931793587175e-01
-5.113914935206702594e-01 -1.501978883089594152e-01 3.537490762829542668e-01
-4.078658566266666341e-01 -1.832871541420058037e-01 3.443129412690746349e-01
-3.075208266939080115e-01 -2.033433742368679908e-01 3.650369887659161705e-01
-2.278804778794145669e-01 -2.099119333749546179e-01 3.994290442800698671e-01
-1.726355665328898059e-01 -2.200318872990361108e-01 4.313531137497714774e-01
-8.552666070280272592e-01 5.974028880456083712e-01 3.841060464787875439e-01
-1.959437900574987346e-01 -3.335937815314169441e-01 -2.291708185423453337e-01
-1.001064829253915933e-01 -4.551671658508760210e-01 1.174055529093266381e-01
-9.736072487171509859e-02 -5.252601357018860107e-01 -2.142812800853439725e-01
-5.775754212677453037e-02 -4.856304336420476098e-01 -2.643310579548430184e-01
-9.758445964923412319e-02 -4.851696327385024432e-01 -2.259623678285884729e-01
-1.747358111909573797e-01 -3.024718014213276795e-01 -2.590286112922175477e-01
-4.167518905392780804e-02 -5.053171200736983337e-01 -2.790301727730781778e-01
-2.991751563039535267e-02 -4.094914809203165085e-01 -2.895554050843762717e-01
-1.657691363579185673e-01 -1.950604451790636240e-01 5.219095757129013080e-01
-1.290044126338651953e-01 -2.369469252625076017e-01 4.884457623807021420e-01
-1.077995264068750680e-01 -2.875493100484423081e-01 4.587929590353030385e-01
-5.396098662259589673e-01 -1.550238447896292726e-01 6.111306024743083931e-01
-5.891687262998894781e-01 -1.561266711424624809e-01 6.623167404865868413e-01
9.295316725041602446e-02 -5.158924143929577433e-01 1.519324481228487844e-01
5.646655829758797651e-01 -1.512948213310270074e-01 5.115499152124209914e-01
1.060227293071354104e-01 -4.172130716933275529e-01 -2.791419520617148819e-01
8.307641267037286781e-01 1.455397812551577630e-01 9.627892691257384783e-01
3.445722945369293910e-01 -2.129169427323422958e-01 4.145823004007174184e-01
4.207519190122246400e-01 -2.072176498821840518e-01 4.030533388000003825e-01
4.932296477670981005e-01 -1.879050207966734831e-01 4.069454227349904585e-01
5.892491702648401386e-01 -1.346636024938958620e-01 4.761481489455756666e-01
2.815594944081978301e-01 -2.070078473069281166e-01 4.435427620166123575e-01
4.614851479314721061e-01 -2.827281234823608713e-01 7.389914610698991027e-01
3.715370084551024021e-01 -2.799379260313799023e-01 7.247025415795262937e-01
5.426253362454556139e-01 -2.576531060741826806e-01 7.175156573510848013e-01
5.927137857553113065e-01 -2.229668396869475266e-01 6.679990241636688530e-01
6.457438176501897331e-01 -8.810580402222389917e-02 3.993175925358380951e-01
3.017362696655334631e-01 -4.493155274308757718e-02 -1.124481358831620703e+00
5.920399570488976693e-01 -1.317952999936118363e-01 5.497796332847202372e-01
8.723956465649251868e-01 2.401524551991953693e-01 4.859036851256779421e-01
7.263108795472170698e-01 -2.347487090045136116e-02 4.872968199172764692e-01
4.053119080727523027e-01 -2.300149317827688833e-01 -9.045596701195901534e-02
7.337679544495617767e-02 -3.293595640668351976e-01 -5.551384041729794383e-01
6.724427387074177753e-02 -2.849507122520782421e-01 -6.308681907949811318e-01
1.608838433653820843e-01 -2.689579553286480795e-01 -5.854598071877350485e-01
2.200750492994891783e-01 -2.030165181071708069e-01 -6.182582143307921996e-01
1.375713461838670160e-01 -2.415821546959966426e-01 -6.363603838676050728e-01
1.942761456194135317e-01 -1.810270409388061719e-01 -6.499712876463359379e-01
3.577295527731063629e-01 -7.546060892322009606e-02 -7.926187077344977183e-01
9.128631230999606494e-02 -5.647749405368251985e-01 -2.450819262327428305e-01
1.012211880230492467e-01 -6.031721641986083071e-01 -1.357110249473526542e-01
6.847820509746114226e-01 -2.131933031119324085e-01 7.710894853548388994e-01
2.521893807047212999e-01 -2.723856226552427984e-01 2.004511484970072921e-01
2.689966627984752279e-01 -3.813996744884384782e-01 -1.846969764947066217e-01
2.735448224001808537e-01 -3.663644688754383871e-01 -1.184352244116124719e-01
6.258085950026091027e-01 -1.348952840596191471e-01 -6.611673854004762596e-02
9.731361505890745445e-02 -5.743395590942732554e-01 1.638801532694192375e-02
5.231327027383727568e-01 -3.580096411822935032e-01 8.893039071980162191e-01
6.210005947641157320e-01 -2.942992364408407724e-01 8.540516249991130238e-01
7.574851259646351309e-01 -2.820696755728957505e-02 1.137855521516248025e+00
1.953556642171037083e-01 -4.039016708538576417e-01 7.739142588064815698e-01
2.953035705032536207e-01 -2.493854628430516307e-01 6.712537795146098496e-01
4.178093555136603854e-01 -6.835193394954885981e-02 -6.712036490499451169e-01
7.984013428041549787e-01 5.750454327867249305e-01 -5.132315755522820488e-01
2.141628678086588966e-01 -3.434229576210494628e-01 -2.442828371621441619e-01
1.566625183250454079e-01 -3.454785652766352300e-01 -2.762338691421377668e-01
2.985477343193059241e-01 -6.741443372805128176e-02 -6.948315621195231273e-01
2.789477039851386841e-01 -9.041325318878273842e-02 -7.017039925798802535e-01
6.568614388062554710e-01 -2.675924294102980383e-01 9.238109267752223630e-01
2.717850185835919419e-01 -3.330935565758439409e-01 -2.264897662167761894e-01
3.872031022960706892e-01 -3.987364979376506469e-01 8.720436146635117680e-01
3.993343763438224059e-01 -4.263282622492852170e-01 9.548708952972244646e-01
4.604390080539406682e-01 -3.459510024362280056e-01 1.363637473864780958e+00
7.079682558724096353e-01 -1.639536405655945828e-01 1.016153526541661911e+00
4.202681502230021238e-01 -3.877582540541917311e-01 1.152851596370602749e+00
7.258795614018085374e-01 -1.544192324765739643e-01 8.219839478625754481e-01
7.836353815709999893e-01 -1.080166578416659473e-02 8.744269303465639354e-01
7.102365243338709666e-02 -3.154395599729573618e-01 -5.975956658407701738e-01
1.491496198186239575e-01 -2.583351751934535034e-01 -6.128740428797518902e-01
2.072466816542100077e-01 -1.984515942167266456e-01 -6.339879303737019356e-01
1.976630289626859494e-01 -3.245281626480100989e-01 -2.615675498328569049e-01
2.884142999903058779e-01 -8.000475449657840077e-02 -6.986219603495413821e-01
2.480093934342746387e-01 -1.263077933501920436e-01 -7.560914138415917307e-01
2.691689079828178954e-01 -9.257457464610696629e-02 -7.031556330441808278e-01
1.759401412597572101e-01 -4.519939766606673182e-01 -2.252412641376349001e-01
1.840565696755840364e-01 -1.654782150262525953e-01 -6.614816834176862059e-01
1.292632610263770854e-01 -2.064198340984946256e-01 -6.519605410630617826e-01
6.402333616015370987e-02 -2.452850144646259167e-01 -6.515959707341973939e-01
1.154647461292394039e-01 -1.573030211369046416e-01 -1.004197605351471623e+00
7.189591608910173015e-02 -2.310723082064225498e-01 -9.318166379473336036e-01
6.716525004830864454e-02 -2.428116496772436683e-01 -8.843742290406284567e-01
6.295495320574417963e-02 -2.292072833201792559e-01 -8.333266769464673374e-01
5.565881135318795359e-02 -2.242363443210300122e-01 -7.883409406229491267e-01
1.763770794606904779e-01 -1.629829231867991890e-01 -7.599577850871490625e-01
1.909120705101809978e-01 -1.732919408045723308e-01 -7.812692871250259685e-01
2.051558384290288473e-01 -1.823918922049434510e-01 -8.070281169770243679e-01
2.194512405126329835e-01 -1.657315252497892910e-01 -8.333933399018160770e-01
3.406504611903518054e-01 -2.033542729853794473e-01 -4.897493919648168159e-01
8.805598986744369583e-01 6.103226897497995296e-01 4.795237494054083172e-02
2.191619127015378421e-01 -1.212457521330629895e-01 -7.357657073529280112e-01
2.329095405897221305e-01 -1.284227661167446355e-01 -7.467059855983277927e-01
1.325604841315866089e-01 -3.412378886595317518e-01 -3.172078547654271219e-01
2.487882944926624873e-01 -2.708514537421624624e-01 -2.836834654784192722e-01
1.443176154152251423e-01 -3.451679950580128775e-01 -2.977604361816417189e-01
3.300959168442698655e-01 -2.380152019637273852e-01 1.364007354036957942e-01
4.529736313065964026e-01 -2.083489115559613580e-01 5.922443490089318585e-02
2.867134331626328692e-01 -3.170596113575059327e-01 -1.618719688059098161e-01
6.414053685404468297e-01 -2.025213650950163924e-01 1.273904735627894524e+00
5.936308616890757506e-01 -2.874352004314930653e-01 1.112942644370758849e+00
5.478117619857361120e-01 -3.566669194339824323e-01 9.721750404244957622e-01
2.950552863016606686e-01 -1.067675422547413877e-01 -8.820028862267488279e-01
2.202308977123275113e-01 -4.538662867510008248e-01 9.128613182674136795e-01
2.361840335948985903e-01 -4.409109777289468290e-01 1.157517493671010200e+00
2.619447952876321484e-01 -4.267036305857376810e-01 1.409541216531241759e+00
5.543754591259411058e-01 -1.589811058987886661e-01 4.295927284206277896e-01
7.241047111751086618e-01 -3.750955004240758006e-02 3.156012329929196447e-01
2.402304497485465706e-01 -1.981297655084310883e-01 4.714754680550141686e-01
6.575376248449753547e-01 -1.524382129926701301e-01 6.201439994224031693e-01
2.003797655281087664e-01 -3.085233059100973563e-01 2.719850458463688447e-01
2.232511560630712211e-01 -4.620104647025922162e-01 -1.552473861922325504e-01
8.138694207313985629e-01 5.557813383661386331e-02 2.432159558644317876e-01
6.746092044069085247e-01 -9.483739401279400738e-02 2.278747055211995942e-01
5.797026374242530977e-01 -1.589378267509786724e-01 1.797739818667540845e-01
4.372372594962481429e-01 -1.922060104227374389e-01 2.006939635348852224e-01
3.322533915709273700e-01 -2.137991743479550344e-01 2.532380205728235190e-01
2.542582344699908514e-01 -2.401752918559121319e-01 3.066630441481406066e-01
1.015226871416864407e-01 -4.074325126488074211e-01 4.124043738433034179e-01
8.019721119150418076e-01 6.600489611332099882e-02 5.561233339249155305e-03
7.107298706691773660e-01 -1.184499011346703545e-01 6.375021921945811521e-01
6.573447510614310874e-02 -5.178034530190132045e-01 -2.925290254220631603e-01
2.478711346695092743e-01 -2.905252579184920414e-01 7.953461742334633211e-02
8.948676534405652916e-01 4.883482282546567355e-01 5.342112701055174995e-01
1.965945160106707945e-01 -2.577541766968129977e-01 3.659629636404142516e-01
2.958215758608926382e-01 -2.405613786876945603e-01 -1.562320512632151548e-01
6.193815494695318336e-01 -1.169537383767291772e-01 5.455523185675184017e-01
2.257203327372538926e-01 -4.427368421000865695e-01 -7.380929659822677014e-02
8.517499828935495287e-01 6.108195711999755417e-01 -2.231645241008166636e-01
2.402542809048300310e-01 -1.832384973298721853e-01 5.098410112110007830e-01
1.628898575290835815e-01 -5.246897207266485452e-01 -1.767697690746580785e-02
6.318583714825125597e-01 2.058107276618450499e-01 -8.352110419368194982e-01
6.325892403816233411e-01 3.577729134521021592e-01 -9.343566529019220468e-01
8.757158754516387589e-01 3.400221748253478005e-01 2.039467156212554366e-02
7.261867512679662795e-01 2.822349253639133693e-01 -6.758390688710580463e-01
8.318145392460651877e-01 1.345737962761751616e-01 6.986805348642652902e-01
3.199552625958741459e-01 1.319601557428458360e-02 -1.212011539727646081e+00
6.336425316993721246e-02 -4.108270299926934932e-01 -3.010938274778784951e-01
3.147166808783179448e-01 -2.534288034147063051e-01 -1.760046528241077102e-03
7.855151330853278324e-01 5.538541203530877866e-02 4.688306585917718650e-01
4.903069977071599084e-01 -1.891514602536013001e-01 4.663937073871022854e-01
4.248306932351075815e-01 -2.051906755986676600e-01 4.587390889899682911e-01
2.632675447903181087e-01 -1.109998645162834086e-01 -7.658207720931375917e-01
7.857701669742098716e-01 1.205012722545887316e-01 -2.122416406932372546e-01
1.849574714142505627e-01 5.585333261282926509e-02 -1.347853660741769488e+00
4.178409819471831099e-01 1.880327219077009282e-01 -1.190370455357014023e+00
5.182768191874087549e-01 2.638241600521284980e-01 -1.086515012940039604e+00
3.599065201891589183e-01 -2.083933325366071898e-01 4.686813109176588554e-01
2.990311206291644819e-01 -1.984511362017435943e-01 4.884912273404622418e-01
2.598318888748896160e-01 -1.831744073577961096e-01 4.996542158425887337e-01
7.591647252328357354e-01 -4.346364919136452842e-02 6.665421131831275048e-01
3.108487773968922063e-01 -2.240242137262509203e-01 5.890940325367450825e-01
3.776231248033887766e-01 -2.431033195801739488e-01 6.247418159699957840e-01
4.466308604034674445e-01 -2.424585523610982563e-01 6.326412522851452280e-01
5.133628863284034338e-01 -2.237730473356838168e-01 6.157826466349862748e-01
5.530360523761856939e-01 -1.964688038987767449e-01 5.875631591247012508e-01
8.761883732457720342e-01 3.307024879133209083e-01 7.748481516781255962e-01
5.346860620379212392e-01 -1.685820783823230862e-01 4.867013245224680595e-01
2.741221021294044657e-01 -2.528500604153522957e-01 -4.380071203480895292e-01
2.131498766308532744e-01 -3.747025759637678810e-01 -2.311587488717714578e-01
1.358670846677666466e-01 -3.266318562512173784e-01 -4.118612665180436672e-01
5.293564151575598231e-01 1.494540710634046921e-01 -9.827422143265627241e-01
4.290761978977237767e-01 8.564403576004220309e-02 -1.098007046674667642e+00
1.825776707844601887e-01 -5.116597137371403647e-02 -1.295033600948505281e+00
7.227436464347896106e-01 4.776565475796759053e-01 -7.537435975948145739e-01
2.624739058904326239e-01 -1.992458150221696478e-01 5.406176478133133401e-01
1.507125786680427737e-01 -4.103505585440849757e-01 2.214034863680987009e-01
3.100826812306793911e-01 1.079270038998491055e-01 -1.282411758588061446e+00
8.483612440366856688e-01 3.601623907717397266e-01 -2.249868524734970343e-01
1.215677642826393789e-01 -1.965289835239785177e-01 -7.745773868031946563e-01
1.352157283302244384e-01 -2.054440004760631489e-01 -8.094091750893337434e-01
1.454320598174222434e-01 -2.154140776371014088e-01 -8.521932136908585420e-01
1.554146692873372704e-01 -2.011241086520136889e-01 -8.944826131892069654e-01
2.155472820576678217e-01 -1.390453716967541276e-01 -9.579470225691952834e-01
2.385039449234218623e-01 -1.322804015282846857e-01 -6.713990827034863607e-01
2.524251551058651621e-01 -1.325375822448849883e-01 -6.642593991364695860e-01
2.647076305655149397e-01 -1.341307320653333246e-01 -6.546407239531895073e-01
3.915321597299872280e-01 -1.367999157111202679e-01 -5.673387742270681322e-01
6.817877257110529499e-01 -2.475827257304322182e-02 -2.931366270537296703e-01
1.503460871610560190e-01 -3.532440360919952838e-01 3.502496576716858101e-01
1.886628478831557931e-01 -2.503837194081124373e-01 5.867258771994352529e-01
2.313876911013259541e-01 -2.178692559079586921e-01 5.778470246892544182e-01
2.249431321950803309e-01 -1.220735818739326906e-01 -6.787673651456405111e-01
6.909119466903943518e-01 1.207803972845815643e-01 -5.411820771639970218e-01
1.219832357687165025e-01 -3.481053094975989914e-01 5.834026972916284137e-01
2.611590619216279663e-01 -8.895760605129565679e-02 -1.035366958301555229e+00
9.791214725646102401e-02 -4.703292325781149863e-01 2.745918278606684915e-01
2.032273124541026377e-01 -3.878411658514004934e-01 3.829239383517077377e-02
1.422528598505309327e-01 -1.271865740043350845e-01 -1.097597059603297787e+00
4.333443572734161364e-01 -2.885128638881986896e-02 -8.200534590542591928e-01
3.561402398301227734e-01 -2.120910292588584767e-01 -2.424115162149251823e-01
3.554228132102741355e-01 -5.501427975437828133e-02 -9.439556335963139588e-01
5.200069826842761422e-01 -1.852826333036277084e-01 -2.192220762045942184e-01
4.197251600016271844e-01 -1.839710700300885016e-01 -3.509157993548170928e-01
5.805055575816875368e-01 -1.012456209437544441e-01 -3.889644446461453242e-01
1.694049026280015635e-01 -1.045935534859973037e-01 -1.206952508663284185e+00
2.483580158740423816e-01 -3.249163789343216813e-01 -1.809478381561033244e-02
5.024846195627068468e-01 4.974330306656721268e-02 -8.804564412831581421e-01
4.043681066821620540e-01 1.252936875471052924e-02 -1.009331020063312323e+00
4.954912380320513066e-01 -3.538144132682491394e-02 -6.774278360116077202e-01
7.633712744766114611e-01 1.707350876658157990e-01 -3.957736743792334977e-01
5.923908239841324530e-01 3.629455103903517221e-02 -6.761727966316524174e-01
8.062914813664310287e-01 3.583610415017921547e-01 -4.555973789967660004e-01
4.715573066621074894e-01 -1.275447902018939095e-01 -4.880273413024456275e-01
1.979039036068388491e-01 -3.463288754382558565e-01 1.523547657584805037e-01
1.983744492351560140e-01 -4.714757609486923684e-01 -2.090090154084034424e-01
2.446877599731684949e-01 -3.854993260373924535e-01 -2.237423726550482606e-01
1.675330839227020530e-01 -5.361596157292289888e-01 -1.419388088240971513e-01
2.509184286751402482e-01 -2.891425720209266359e-01 6.963332511389319635e-01
3.773346462624118658e-01 -3.156072368236371162e-01 7.779635317190765065e-01
4.873028723493870729e-01 -3.131104904114665466e-01 7.920035241671756765e-01
5.748259062157057286e-01 -2.797768907682094408e-01 7.657669496429893030e-01
6.317075244324525940e-01 -2.271862066819076986e-01 7.099721435621075827e-01
6.634719879260471131e-01 -8.293938536340883516e-02 5.173222893078008866e-01
8.848704281296777552e-01 2.944130513912517344e-01 2.554552251984634204e-01
6.068657355893236627e-01 -1.206420794363900484e-01 3.472378849611383878e-01
5.306042674830209194e-01 -1.615178164602135702e-01 3.100068071297990002e-01
4.309634405630768939e-01 -1.908540435117878076e-01 3.137865537532977811e-01
3.362304321714688626e-01 -2.075093697550820515e-01 3.445149670283407239e-01
2.639603144094728737e-01 -2.134526464989368044e-01 3.839732398490776077e-01
2.141647450220096616e-01 -2.215910784530317201e-01 4.190925629056483359e-01
8.905736253114682199e-01 5.756419851934744258e-01 2.974687065599064262e-01
2.438663975396508921e-01 -3.437713156439410334e-01 -2.464090825154898745e-01
1.517724389562629117e-01 -4.566269070482018577e-01 1.061070394496546054e-01
1.460619948192966033e-01 -5.305075599332589320e-01 -2.250602550225382359e-01
1.062118538902887543e-01 -4.908898605173006580e-01 -2.715141466524615410e-01
1.459859800607494762e-01 -4.900098976543576512e-01 -2.369801839631437979e-01
2.248046475482450290e-01 -3.136998596488056457e-01 -2.742014334140114862e-01
9.054366055023521653e-02 -5.093937389192548792e-01 -2.846801131752920710e-01
8.821042287843139373e-02 -4.137791005114364040e-01 -2.944397550439661337e-01
2.139546846135327307e-01 -1.946024965452579636e-01 5.055345118785421477e-01
1.752496638939307072e-01 -2.377220087581379815e-01 4.755954437479257280e-01
1.517611679611736708e-01 -2.892175278216018164e-01 4.488736236601726937e-01
5.749325755025633811e-01 -1.682308727020096484e-01 5.665447220443526888e-01
6.213018912995078580e-01 -1.729250211567747719e-01 6.141659341729432953e-01
-3.988113432383739720e-01 -1.894643224506209478e-01 5.906030728021161025e-01
-3.199642499252917105e-01 -1.968118325826528903e-01 5.882152196100980390e-01
-3.978344499973385240e-01 -1.996561013434083875e-01 6.848972874264536159e-01
-4.787232140875339326e-01 -1.820525750132437892e-01 5.926898997509630895e-01
-4.004979408368587457e-01 -1.792756375564854565e-01 4.962345822143969798e-01
4.319408494705543333e-01 -1.972925442065407431e-01 5.544096049297446704e-01
5.091283071734045151e-01 -2.042864544926357162e-01 5.505115547572150270e-01
4.308273782890257309e-01 -2.076579921903274339e-01 6.494673326755782128e-01
3.541401170349072203e-01 -1.903293897403788293e-01 5.589060863661661216e-01
4.333454511919043739e-01 -1.869471335473571472e-01 4.593121652820713052e-01
