-1.399090317065434727e-02 -2.775067307253162308e-01 -4.647086495954279028e-01
2.188070787408201087e-02 -4.623625763831901159e-01 -2.007307219711517710e-01
2.475779069733213822e-02 -2.900153455123629098e-01 -2.605623778097246324e-01
-3.258963274281471284e-02 -4.193741814738142226e-01 1.280948712396204336e-01
2.168333316875777766e-02 -4.956256507744706274e-01 -1.086083962122320334e-01
2.066911182357028878e-02 -4.866156448639021304e-01 2.236283808719481681e-02
2.284842465297420855e-02 -3.577097211246888508e-01 3.558506518867757262e-01
-4.289991477795630503e-01 -1.131430950760141524e-01 4.476786514004121309e-01
2.330246537574248711e-02 -3.423643098800892015e-01 6.093014552554161245e-01
2.234334725806494393e-02 -3.694593027530282403e-01 7.315692349730843480e-01
2.098214310294914398e-02 -3.581018455037336401e-01 1.161604873863811616e+00
-1.297282870666563795e-02 -2.668836139164226240e-01 -4.911895930889198514e-01
-1.154270722612217928e-02 -2.447117522784157118e-01 -5.170789097588444072e-01
-9.426347915360339461e-03 -2.111773263572553072e-01 -5.352993362434369518e-01
-1.719239964639610735e-02 -1.885130216192851260e-01 -6.246908105564561442e-01
-1.822555586834776267e-02 -1.916528837710780031e-01 -6.646016718057645711e-01
-1.995480284825068215e-02 -2.009670675340807511e-01 -7.081215923014754221e-01
-1.971645856487349441e-02 -1.901249227581224277e-01 -7.491555076190635765e-01
1.059698491179163898e-02 -1.286080191031302722e-01 -8.104989361636931733e-01
2.083850301891414236e-02 -4.235855656487180765e-01 -2.403086990171025006e-01
-4.015813062556606444e-02 -3.350341286973277932e-01 -2.211033586752907676e-01
-6.655861414338142268e-01 1.376074772182643569e-01 8.529010376102252877e-01
-2.548667863807608791e-01 -1.703192599359596160e-01 3.437523299991174786e-01
-3.201353328558059763e-01 -1.633562102933584226e-01 3.373248644118744810e-01
-3.809106628422543883e-01 -1.453357497488701744e-01 3.490397000845978370e-01
-4.551863433984211782e-01 -9.985506543857153305e-02 4.219322895304499221e-01
-1.973523888162327100e-01 -1.659514765814289472e-01 3.677019700204957053e-01
-3.469659977600815237e-01 -2.216374162350649435e-01 6.362118154194937869e-01
-2.724256900863507580e-01 -2.209713013778639989e-01 6.220855520228749658e-01
-4.129035010068842215e-01 -1.979192161532895289e-01 6.214939834588846246e-01
-4.546896963934700109e-01 -1.675019055040053995e-01 5.852616738494568205e-01
-5.099706183504406631e-01 -5.935272200904070233e-02 3.689556007946748206e-01
-2.272567585362640641e-01 -2.640679327023988734e-02 -9.039059250818404223e-01
-4.498722024965087218e-01 -9.669543021453287646e-02 4.847802613559647478e-01
-6.866690790194946992e-01 2.130023336417504742e-01 4.630214204810576550e-01
-5.796503546855089617e-01 -3.894652145683421239e-03 4.522649777670934013e-01
-2.982101116252989792e-01 -1.785148628792475600e-01 -4.462437058202915058e-02
-8.549007736126573720e-02 -2.658776165668477187e-01 -4.451061815941171340e-01
-7.441883565964194092e-02 -2.318161173796560726e-01 -5.083226880988160890e-01
-1.459315186432161293e-01 -2.214028222007564106e-01 -4.649741545430677303e-01
-1.789494324774728584e-01 -1.741162351327819047e-01 -4.955843559650505159e-01
-1.237700555653370310e-01 -2.014293995416743810e-01 -5.103411191640527811e-01
-1.563886218301833719e-01 -1.555302966673005882e-01 -5.254088771806328939e-01
-2.813281193373370348e-01 -5.805153969616583948e-02 -6.192100762986935125e-01
-3.233097633587112690e-02 -4.555185599180241462e-01 -1.940923453413990751e-01
-4.188271577939842172e-02 -4.863566118307812158e-01 -1.043568728807211382e-01
-5.395033756152289861e-01 -1.584411938547672372e-01 6.710908027633144535e-01
-1.674804714852697884e-01 -2.192803323017361861e-01 1.798883536215355183e-01
-1.796021644311967813e-01 -3.029861488567883177e-01 -1.339511594681918605e-01
-1.846186970492424417e-01 -2.908071934391002755e-01 -7.955317571774292440e-02
-4.854711609995829846e-01 -9.837179006410071147e-02 -7.542264434198578914e-03
-3.780777197381974403e-02 -4.657929668218352415e-01 1.822915488777463941e-02
-3.941477623793518958e-01 -2.766538905638122325e-01 7.555299849835516168e-01
-4.801065237632312632e-01 -2.238534215468210020e-01 7.307538996231534023e-01
-6.020369233506838169e-01 -3.919268735190092022e-03 9.906779695548066922e-01
-1.142192832463022056e-01 -3.245064068482443331e-01 6.465616474338878872e-01
-2.064028396581767122e-01 -1.993818747883989162e-01 5.758109073349171325e-01
-3.171880826280422117e-01 -5.821051811994247538e-02 -5.254892167540254899e-01
-6.077090258271804490e-01 4.863332866110048336e-01 -3.665361094400044206e-01
-1.316096621681132062e-01 -2.718324876647744692e-01 -1.862956839464100511e-01
-8.129875349892404235e-02 -2.719410252990140942e-01 -2.154075264563281022e-01
-2.248556533790775913e-01 -6.928978710745113678e-02 -5.465201827051202610e-01
-2.137916164402269559e-01 -8.460691397638607503e-02 -5.520166740160946661e-01
-5.117509731180994725e-01 -2.015705977204107213e-01 7.957440930671498824e-01
-1.834481274007818685e-01 -2.626571005789805069e-01 -1.678609369260403161e-01
-2.757589267975715241e-01 -3.117266760654354707e-01 7.366131247580995911e-01
-2.855213520231945079e-01 -3.334772840826006890e-01 8.091714082642739170e-01
-3.457999153451314922e-01 -2.682028144593217034e-01 1.150240326785570533e+00
-5.559025388625636888e-01 -1.172828073086469719e-01 8.810174444897331814e-01
-3.081030854311898048e-01 -3.041632046642283038e-01 9.713999001576848480e-01
-5.741262710850812967e-01 -1.105680662110763574e-01 7.237109523302318603e-01
-6.190607095026916529e-01 7.262518191917526067e-03 7.714706295848429152e-01
-8.156106240530013041e-02 -2.555404436849285643e-01 -4.802381246741425636e-01
-1.350804932500120903e-01 -2.139038177154103104e-01 -4.887634499310595793e-01
-1.686501487697418811e-01 -1.697258565943520481e-01 -5.100847996310298171e-01
-1.168342991471311015e-01 -2.555442105303448175e-01 -2.015339996653882082e-01
-2.188890024020077041e-01 -7.725510532965747246e-02 -5.494540116128745488e-01
-2.079330805058846598e-01 -1.085350282267147498e-01 -5.820017348310382310e-01
-2.075131950487207055e-01 -8.601713984672082480e-02 -5.537775809602930588e-01
-1.026198818448394307e-01 -3.648824890277307942e-01 -1.723322780421579214e-01
-1.473739989509405823e-01 -1.426824271624752560e-01 -5.369944053872026668e-01
-1.130917778983235866e-01 -1.741771678340975071e-01 -5.270243833134024003e-01
-6.707330058896276981e-02 -2.017737038060469223e-01 -5.270220574373016831e-01
-7.761588443296289774e-02 -1.239300585676975097e-01 -8.021236928251905818e-01
-9.567059143309769587e-02 -1.869450167790383255e-01 -7.349674199156843724e-01
-9.262478633081223933e-02 -1.976627757810477393e-01 -6.927877482780949725e-01
-8.519068916820397852e-02 -1.872189538768175010e-01 -6.486426898620025749e-01
-7.632024708707918492e-02 -1.838965924235558824e-01 -6.111744538678265393e-01
-1.618558938502208111e-01 -1.374035850430372907e-01 -5.798151400095280517e-01
-1.763989052078080988e-01 -1.435362975660183504e-01 -5.961938549476832883e-01
-1.914468637048845623e-01 -1.497082752000468697e-01 -6.168399876097517831e-01
-2.023992103013482480e-01 -1.356732267620052168e-01 -6.397145331376287158e-01
-2.462948135745135214e-01 -1.616221549916241340e-01 -3.786728376861054346e-01
-6.797326536290562160e-01 5.163860460154104937e-01 1.055384021391531923e-01
2.457386637514463387e-02 -3.367295270303816146e-01 -2.472519989481534730e-01
-1.832428185147381150e-01 -1.072515780771988031e-01 -5.667586911036737174e-01
-1.956860210807733480e-01 -1.110629665389131909e-01 -5.741780797484322685e-01
-6.020119661374759290e-02 -2.722535683078089463e-01 -2.507065545486375502e-01
-1.604803545491807204e-01 -2.098366563605779112e-01 -2.160057465111222819e-01
-7.041814974261384474e-02 -2.731698055831889849e-01 -2.335435955471985847e-01
-2.337181257815952873e-01 -1.901378147779184125e-01 1.339710040266039182e-01
-3.378731874337977392e-01 -1.620982891658917513e-01 8.144518361535052486e-02
-1.950686412359119160e-01 -2.500267366566864546e-01 -1.138908979206555289e-01
-5.011141356557142768e-01 -1.463140264839572768e-01 1.093028817483006510e+00
-4.569701084635479083e-01 -2.182544908914368365e-01 9.523379695043482362e-01
-4.142087474904425082e-01 -2.749495495318227678e-01 8.290772547554581262e-01
-2.366925055167768133e-01 -8.286785735247483020e-02 -6.927903198046482247e-01
-1.321786575852663959e-01 -3.630250287073140680e-01 7.689237188850586158e-01
-1.537238250948720353e-01 -3.517992867190000150e-01 9.594108067935083195e-01
-1.779465547551323246e-01 -3.378483580750391568e-01 1.168732634891141320e+00
-4.297487550949509738e-01 -1.200743152755802956e-01 3.764933976630465695e-01
-5.811742191857025563e-01 -1.437064531185639274e-02 3.117368172131693704e-01
-1.590929794796242802e-01 -1.612792194757602104e-01 3.912354779834474883e-01
-5.128918671956101960e-01 -1.103232182159517849e-01 5.510293956180093433e-01
-1.231313328493347375e-01 -2.498609483359154892e-01 2.337626433534475412e-01
-1.423742205042209108e-01 -3.696589547293592237e-01 -1.116935188252077549e-01
-6.379313213080947120e-01 6.193095295007945700e-02 2.599461253105096459e-01
-5.413321925048018013e-01 -6.347170322285465571e-02 2.346533849047610365e-01
-4.622792834937087814e-01 -1.180375994773592147e-01 1.869291651893625339e-01
-3.397365859362922458e-01 -1.496413998767243403e-01 1.906423676547844004e-01
-2.486658891526927206e-01 -1.697949117428030896e-01 2.221389987522381093e-01
-1.805153014931553113e-01 -1.923400293253519355e-01 2.592874569373017080e-01
-3.764281110119680612e-02 -3.304933934576237409e-01 3.407000332803831188e-01
-6.259023046916064592e-01 6.853399604536601630e-02 6.395960969980248045e-02
-5.640208417299091836e-01 -8.180271024116526901e-02 5.728481302512143936e-01
-1.284293226963764169e-02 -4.198187956207788396e-01 -2.349414102723331732e-01
-1.627232261769106236e-01 -2.336709799148441458e-01 8.065253716762996183e-02
-7.040362282797322235e-01 4.150300308824391160e-01 5.060952807903189576e-01
-1.274235661489923066e-01 -2.082861315625681720e-01 3.022847900612383176e-01
-1.989728634539094099e-01 -1.877808205892597948e-01 -1.086608477747313395e-01
-4.753242696067732087e-01 -8.434171738121873374e-02 4.850012438673947934e-01
-1.457880928016269673e-01 -3.539414620820620638e-01 -4.575521863657887323e-02
-6.516435889590730390e-01 5.176902753927061784e-01 -1.222585007216435149e-01
-1.554890878004901167e-01 -1.507534560002069257e-01 4.256357809162785721e-01
-9.434777157019601235e-02 -4.230952647347999696e-01 -4.430729663341946914e-03
-4.867728775261128127e-01 1.853649538969423805e-01 -6.460730176194758867e-01
-4.806181282132178656e-01 3.099994501425421545e-01 -7.302236033879310195e-01
-6.754435165205212588e-01 2.942540085934403082e-01 8.025229745889730926e-02
-5.599923829734489988e-01 2.479468357002725665e-01 -5.064576529796760429e-01
-6.554485834867065375e-01 1.260425901212204880e-01 6.332132645057282350e-01
-2.357179361508253967e-01 2.149357505930048207e-02 -9.759924304780857041e-01
-1.795925317421675832e-03 -3.319258280718805909e-01 -2.421277843690421150e-01
-2.202470768467010842e-01 -2.004651228727436230e-01 2.013577368129257361e-02
-6.342277382578005440e-01 6.066586602357753460e-02 4.486553545131089504e-01
-3.705851795557235651e-01 -1.461900890943949871e-01 3.989691019851541731e-01
-3.169381490646258626e-01 -1.614724098358358562e-01 3.865958543058393149e-01
-2.180155970386228881e-01 -9.641957574885988425e-02 -5.907191937217569633e-01
-6.105858809754853844e-01 1.132243834096780255e-01 -1.176302591794741864e-01
-1.151495615402710754e-01 5.104881069906433422e-02 -1.092243491788874366e+00
-3.054111808840387354e-01 1.661666463615712186e-01 -9.565751181565543826e-01
-3.869851205902000157e-01 2.303598287869740302e-01 -8.654286756144096149e-01
2.153015958319342421e-02 -3.680269179866703100e-01 9.426862293719857622e-01
1.895337508814462849e-02 3.158114406737606850e-02 -1.111893625799736052e+00
-2.619757608571261498e-01 -1.657530511155910213e-01 3.929056131662422291e-01
-2.080741396940832821e-01 -1.605117230561101116e-01 4.090365802124193428e-01
-1.723146429334454222e-01 -1.501803465362353263e-01 4.181844080701557220e-01
-6.080470042551976428e-01 -2.097195872362168229e-02 6.064826477533730165e-01
-2.202435319322277596e-01 -1.808097836710098050e-01 5.078245474629909939e-01
-2.796989571389835172e-01 -1.930123365647974654e-01 5.440106225760079628e-01
-3.365342567840201582e-01 -1.899523723743710979e-01 5.528396628860736683e-01
-3.900653371612041731e-01 -1.723313354421047439e-01 5.400220986815106317e-01
-4.218041380793548512e-01 -1.492440403919172431e-01 5.169146292116459929e-01
-6.961309194296888547e-01 2.879923434634331647e-01 7.016596099231873218e-01
-4.056773199912225847e-01 -1.282348729251505948e-01 4.218753171524681767e-01
2.345173216666212798e-02 -2.727428993689625658e-01 -3.272913319088592843e-01
-1.871545749121213409e-01 -2.000270308137893083e-01 -3.385081758531486296e-01
-1.312082634237128620e-01 -2.974093744987416077e-01 -1.751135754846601111e-01
-6.678271131616647649e-02 -2.643479703303555084e-01 -3.272596749090573298e-01
2.317261418634938147e-02 -3.265080121428646787e-01 4.858773154620706913e-01
-4.044988050143200065e-01 1.384927349795259943e-01 -7.756189839516467455e-01
-3.251935174593493239e-01 8.471946805640608036e-02 -8.779283145727559967e-01
-1.227653782902655977e-01 -3.528918805754710508e-02 -1.047064231868848561e+00
-5.489966864897772858e-01 4.070510117432619701e-01 -5.724463106884992714e-01
-1.761923904737304480e-01 -1.636502736627520049e-01 4.570284876120738748e-01
-8.060324071027683002e-02 -3.318110247056710316e-01 1.891203710572501862e-01
1.393711731315149839e-02 -5.268520694554931078e-02 -1.065188913717814767e+00
-2.181537674565693641e-01 9.740726040386440965e-02 -1.036783678789281682e+00
-6.527461321475130918e-01 3.109446026998423651e-01 -1.241973092819030899e-01
-1.256473729247995497e-01 -1.631430429591606834e-01 -5.933943025334419419e-01
-1.398289505460704740e-01 -1.690540488126616170e-01 -6.216450603621745952e-01
-1.511280877354530261e-01 -1.767443671433429342e-01 -6.575620327620260719e-01
-1.581042702914453035e-01 -1.647065306755139957e-01 -6.964194601428318476e-01
-1.675313203704762444e-01 -1.110375964722582764e-01 -7.587087018136424721e-01
-1.815334338375908241e-01 -1.192648673954005145e-01 -5.448345979898412406e-01
-1.917069030235197535e-01 -1.218939284537710055e-01 -5.382648626131510960e-01
-2.004734546869922363e-01 -1.242695855961594154e-01 -5.305248970260346697e-01
-2.888846563254496291e-01 -1.150552385642489989e-01 -4.459480929468659371e-01
-5.324753508313945227e-01 -5.671259479471911502e-03 -1.908960974114266296e-01
-7.926591798584046999e-02 -2.862079884949838560e-01 2.940465004963062623e-01
-1.111631032894696697e-01 -2.014783401994331702e-01 4.942681800621972488e-01
-1.505348379835713679e-01 -1.782435348263077257e-01 4.891912990997193678e-01
-1.712179542060384974e-01 -1.117537388134297316e-01 -5.508805174585998943e-01
-5.366469224219523326e-01 1.149032477155329801e-01 -3.960378150488992888e-01
-5.916377746473541754e-02 -2.824578578757399039e-01 4.837537497681020926e-01
-2.005111245208052451e-01 -6.510658176314086665e-02 -8.253566082455467967e-01
2.138773666124816827e-02 -4.422309224662281379e-01 1.360809886022231185e-01
-3.639852368487984935e-02 -3.804836876162774884e-01 2.282796585965495562e-01
2.230552922797388038e-02 -3.979285258460282249e-01 2.418661640496710397e-01
-1.259004345636052236e-01 -3.108966276106479576e-01 4.445244701874230542e-02
1.215972477635660944e-02 -9.857614846806468656e-02 -9.901390878889871905e-01
1.167929350338783867e-02 -1.125122207842506328e-01 -8.912956921648049757e-01
-9.665956188221513923e-02 -9.749574361573448700e-02 -8.803150017180205733e-01
-3.414225823832857665e-01 -1.378834224013659321e-02 -6.377924727470873911e-01
-2.554334342284772519e-01 -1.628630633305454267e-01 -1.733011163484118045e-01
-2.816159593304908282e-01 -3.494115072954318002e-02 -7.449235728438187154e-01
-3.994767410667394714e-01 -1.381008335853078361e-01 -1.410372193648527783e-01
-3.157636132509136773e-01 -1.396437538704765613e-01 -2.558934384280595609e-01
-4.527802887900468365e-01 -6.868693592085169108e-02 -2.760203530218980905e-01
-1.162087723153720636e-01 -7.933890863353093570e-02 -9.742900200991353454e-01
-1.636057752637719853e-01 -2.587038197556599806e-01 8.792285340635142433e-04
-3.907506238304637169e-01 5.533532403361199337e-02 -6.921789890807882317e-01
-3.121100837065302058e-01 2.380152727844180721e-02 -8.052837431086418141e-01
-3.847815603361960379e-01 -2.337082497446358806e-02 -5.192486387214660937e-01
-5.920975216354033011e-01 1.557645889805948924e-01 -2.713218007278573318e-01
-4.642288310029023535e-01 4.480520781204916370e-02 -5.136617201302345892e-01
-6.195300142981186031e-01 3.080608839157791268e-01 -3.179220497990462024e-01
-3.650997631265770482e-01 -9.703906323116849586e-02 -3.641372420462305470e-01
-1.204883223967116446e-01 -2.800713376905816232e-01 1.366249609632659845e-01
-1.224153199554961213e-01 -3.788001927124610146e-01 -1.575286815051262224e-01
-1.595235444924097412e-01 -3.053008116927388715e-01 -1.670392078699488581e-01
-9.586397785853176257e-02 -4.307667588040516304e-01 -1.046792249759157106e-01
-1.635262166136293716e-01 -2.314489916250738744e-01 5.892531679881434226e-01
-2.706941564192871241e-01 -2.471916426949203605e-01 6.605734888948142647e-01
-3.630427981520160108e-01 -2.423394176105872488e-01 6.763259459601641543e-01
-4.380713168316983652e-01 -2.137944799308186816e-01 6.594832901885749887e-01
-4.886067799469977491e-01 -1.703491149962499951e-01 6.192009803152767056e-01
-5.199724225264085176e-01 -5.458677146767101224e-02 4.682008954915783394e-01
-6.905775790667721958e-01 2.554606567784414306e-01 2.748688475528912045e-01
-4.773882773620810038e-01 -8.728924107721214298e-02 3.208196660491379748e-01
-4.153364790163219800e-01 -1.219861160702089414e-01 2.821798854295116676e-01
-3.312561334097524623e-01 -1.488602024374220123e-01 2.730643872545961415e-01
-2.497589792358706207e-01 -1.651492489744070258e-01 2.894877269019739408e-01
-1.850775316331445819e-01 -1.704840311504682293e-01 3.178699677651175559e-01
-1.402093098247053360e-01 -1.787031471973516694e-01 3.444770492571106457e-01
-6.946212944171687997e-01 4.851922943943453581e-01 3.119591446761736941e-01
-1.591400195243752314e-01 -2.709472860289806606e-01 -1.861304387158940477e-01
-8.130341366982309081e-02 -3.696728053234617506e-01 9.535318740643621005e-02
-7.907339323206895310e-02 -4.266026488160766794e-01 -1.740341404343402065e-01
-4.690890342821434078e-02 -3.944294709194293147e-01 -2.146985260216544011e-01
-7.925510375307996680e-02 -3.940492882307938260e-01 -1.835270859172967728e-01
-1.419223064743749818e-01 -2.456794352443181784e-01 -2.103825564510350687e-01
-3.384730976248965378e-02 -4.104154935135215787e-01 -2.266348263775402050e-01
-2.430191715501678687e-02 -3.326075821333920879e-01 -2.352051002487794695e-01
-1.346326059326436175e-01 -1.584221081549022081e-01 4.209712074565612472e-01
-1.047734248399188328e-01 -1.924410219942301048e-01 3.929078900507474437e-01
-8.755146752484804784e-02 -2.335387261858421493e-01 3.697060556038989643e-01
-4.382545754482705114e-01 -1.259056098395874290e-01 4.991140151727104790e-01
-4.785047608892938342e-01 -1.268012915631897553e-01 5.428251980719938086e-01
7.549371017772435466e-02 -4.189919888382729329e-01 1.233948722706506573e-01
4.586040597592012658e-01 -1.228770114113999917e-01 4.138374447551839141e-01
8.610633929122690766e-02 -3.388754467993420061e-01 -2.267416780727717074e-01
6.747211317550976251e-01 1.182029444548820113e-01 7.819479010235916849e-01
2.798510444401021147e-01 -1.729246075419839657e-01 3.295996763466030877e-01
3.417217978711539761e-01 -1.682958167715877529e-01 3.195395848632535118e-01
4.005859851905555491e-01 -1.526106920353469121e-01 3.230036820335980829e-01
4.785700950092078299e-01 -1.093696457999601135e-01 3.831019434376967125e-01
2.286739817200146019e-01 -1.681254215577457911e-01 3.546676429787740115e-01
3.748040765023730736e-01 -2.296231063947278273e-01 6.070931161624910644e-01
3.017509576736094878e-01 -2.273569936421036553e-01 5.957688743923389429e-01
4.407036476685662896e-01 -2.092579466814000755e-01 5.892899425203528274e-01
4.813839493990239582e-01 -1.810868254679531553e-01 5.484278851406223509e-01
5.244533140802959403e-01 -7.155683047711207390e-02 3.217564604636034553e-01
2.451307474976313072e-01 -3.632714409290285079e-02 -9.135782675519694696e-01
4.808366864000733210e-01 -1.070400985229412461e-01 4.471778937038804469e-01
7.085329747253572563e-01 1.950444550472898719e-01 3.946360631299736244e-01
5.898874095569912601e-01 -1.906556983404437966e-02 3.951381577294488801e-01
3.291818947620407387e-01 -1.868110695978428271e-01 -7.346556079826907504e-02
5.805594761810091431e-02 -2.670435343903179159e-01 -4.532543295716927600e-01
5.205993825212609089e-02 -2.300475271888883233e-01 -5.181929364603761190e-01
1.250398628156531022e-01 -2.179943489716898997e-01 -4.810763530244739350e-01
1.666862608223642628e-01 -1.648912564693505445e-01 -5.117488298629463417e-01
1.057485908902572186e-01 -1.951660229625293841e-01 -5.242088361658425733e-01
1.462151554832169797e-01 -1.465614807890974203e-01 -5.373624870561493072e-01
2.691264568626213216e-01 -6.302752954755917736e-02 -6.504961994031804862e-01
7.413994174247169611e-02 -4.586943017609567685e-01 -1.990490922957824926e-01
8.220874294547314554e-02 -4.898779234558756634e-01 -1.102203301487935105e-01
5.561589693002483292e-01 -1.731490589621832166e-01 6.271597523182247391e-01
2.048204765904499958e-01 -2.212232445820382642e-01 1.628002719762874084e-01
2.184708353764271138e-01 -3.097620439436377104e-01 -1.500054126635891050e-01
2.221647110448935758e-01 -2.975499797461120810e-01 -9.618945514398244412e-02
5.082625379571925617e-01 -1.095578104585038792e-01 -5.369798630909337900e-02
7.903513208766872744e-02 -4.664609663171105369e-01 1.330984313456913190e-02
4.248723288645507856e-01 -2.907644450611895914e-01 7.222653451824628812e-01
5.043576276967234318e-01 -2.390208092806108409e-01 6.936566913353178210e-01
6.152061759171014721e-01 -2.290883357623229102e-02 9.241313393163875789e-01
1.586618759988176197e-01 -3.280365433659095942e-01 6.285494134841690395e-01
2.398364985881644429e-01 -2.025432205412744657e-01 5.516019940256753351e-01
3.154605330849486466e-01 -5.993484420036075677e-02 -5.649494129731899017e-01
6.484370717221907832e-01 4.670342552704224715e-01 -4.168309371795764218e-01
1.739349776865315444e-01 -2.789347945139742380e-01 -1.984083564475511985e-01
1.272274785445569045e-01 -2.806165585196768730e-01 -2.243710065291297517e-01
2.141892680078743005e-01 -5.822210638594033788e-02 -5.814913291261566419e-01
1.992701633211173828e-01 -7.634049333752083999e-02 -5.840041757870659822e-01
5.334827048396300064e-01 -2.173303601073775237e-01 7.502908874148938034e-01
2.207354523845478644e-01 -2.705343841988149811e-01 -1.839503745619874009e-01
3.144744783779757080e-01 -3.238415484164263725e-01 7.082470649950203256e-01
3.243271269120514555e-01 -3.462507327384947153e-01 7.755168409970475407e-01
3.739544337945892583e-01 -2.809707886903328178e-01 1.107504513128585222e+00
5.749900934507584660e-01 -1.331581159585112917e-01 8.252887134173635397e-01
3.413288957049673833e-01 -3.149253556011190613e-01 9.363106913814128740e-01
5.895371061942651369e-01 -1.254145622991822140e-01 6.675901399196401131e-01
6.364446111013685181e-01 -8.772781504821997034e-03 7.101827210829677606e-01
5.563309245040688744e-02 -2.552634744221138341e-01 -4.894920372240857409e-01
1.152659446884255340e-01 -2.090681313280795262e-01 -5.042892416543549583e-01
1.566780836417938361e-01 -1.609023984698622345e-01 -5.243331699122927292e-01
1.605298778079482791e-01 -2.635931687832232528e-01 -2.124482036040967192e-01
2.062682049972442977e-01 -6.819603625037985728e-02 -5.831673747183893086e-01
1.847526015534410315e-01 -1.024167757338484558e-01 -6.097945991195433679e-01
1.922255637500769609e-01 -7.777762762954108788e-02 -5.837472907012556389e-01
1.428931840171648038e-01 -3.671063670062733042e-01 -1.829421534695561402e-01
1.382006980174951827e-01 -1.337933312437811495e-01 -5.466042465207185952e-01
9.852403119127126074e-02 -1.664793400087264952e-01 -5.374614978600015247e-01
4.901759430673750112e-02 -1.976086332192725503e-01 -5.360302495590103522e-01
9.337851152134109267e-02 -1.259453098338900456e-01 -8.081511192752517392e-01
5.762770633468155407e-02 -1.850708333095012759e-01 -7.436477777992899219e-01
5.372429483809896406e-02 -1.943758478736541118e-01 -7.018378775420058835e-01
4.995977344420382549e-02 -1.832277668691677242e-01 -6.585707515356825636e-01
4.363135549695213583e-02 -1.793372729617875860e-01 -6.213236843838134682e-01
1.360944341810352565e-01 -1.305522328997054948e-01 -6.024713020675234176e-01
1.484603494185994799e-01 -1.388296336197231140e-01 -6.198834102048681460e-01
1.609554910696881502e-01 -1.461471613782863721e-01 -6.414096524265386901e-01
1.731351234681987872e-01 -1.326821871524159202e-01 -6.637060367812859241e-01
2.688542328864355624e-01 -1.666090125229930385e-01 -4.058003151576415335e-01
7.151637297690548456e-01 4.956853608950514967e-01 3.894544751059637183e-02
1.629386854824668163e-01 -9.797226846056565630e-02 -5.912587005241615179e-01
1.736202882890881816e-01 -1.038778983808867767e-01 -6.005786936190731229e-01
1.076423950500964982e-01 -2.771722308708204907e-01 -2.576694248041974666e-01
2.020478227913098668e-01 -2.199893506904203044e-01 -2.304043608085386552e-01
1.171962902486392566e-01 -2.803651625261573965e-01 -2.418640321954397265e-01
2.680937746850144965e-01 -1.933086435509462353e-01 1.107804918454673576e-01
3.678912838750904024e-01 -1.692145927903244695e-01 4.810026871394508519e-02
2.328598526280261927e-01 -2.575060873870152478e-01 -1.314674460312840742e-01
5.209297588384460553e-01 -1.644816383727025766e-01 1.034626336576953909e+00
4.821287703320004669e-01 -2.334460498564036590e-01 9.038978649491502537e-01
4.449159035096201253e-01 -2.896739276585577061e-01 7.895707366926313364e-01
2.343763256134523409e-01 -8.561869176219755184e-02 -7.088525556867523170e-01
1.788647773484028369e-01 -3.686162712359500881e-01 7.413979515951034660e-01
1.918214247910889070e-01 -3.580943667812159226e-01 9.401001899959899877e-01
2.127435249703051867e-01 -3.465555953832037406e-01 1.144786124368347480e+00
4.502467369201920144e-01 -1.291195758840970043e-01 3.427553977012217645e-01
5.880956273013255853e-01 -3.046410560750873603e-02 2.563216372295619161e-01
1.951077998270142611e-01 -1.609149159444810406e-01 3.788751598025510425e-01
5.340318823915453095e-01 -1.238056390063121959e-01 5.071143026660148712e-01
1.627422969193305924e-01 -2.505731620387151026e-01 2.208262189856824986e-01
1.813177385044076884e-01 -3.752307226645592575e-01 -1.260871633074255871e-01
6.609997699775379543e-01 4.513885493161669260e-02 1.975325362842376697e-01
5.478968954712235551e-01 -7.702402133672835161e-02 1.850728433898822523e-01
4.708166939709428345e-01 -1.290844258882641593e-01 1.460069118280142297e-01
3.551106855604695411e-01 -1.561038238339949313e-01 1.627524084246150804e-01
2.698460094560068967e-01 -1.736411289889537024e-01 2.040005680940612243e-01
2.065007361359326166e-01 -1.950630022791336182e-01 2.466038574219026336e-01
8.245361127814564151e-02 -3.309041847280724813e-01 3.349421779399866517e-01
6.513371408251901196e-01 5.360715125258214142e-02 4.516663037283286455e-03
5.772329922486880704e-01 -9.620137504481210411e-02 5.199133533175425148e-01
5.338752360840668537e-02 -4.205557259033191331e-01 -2.375988755376957640e-01
2.013133296658040083e-01 -2.359556997290922498e-01 6.459557572791510549e-02
7.267840491573990258e-01 3.966214461596967444e-01 4.338700014459314080e-01
1.596680334114504718e-01 -2.093400331397536618e-01 2.942809868429842046e-01
2.402572066446716226e-01 -1.953765701568531687e-01 -1.268868780636815963e-01
5.030426887887824439e-01 -9.498623759024922564e-02 4.434707448186985257e-01
1.833231280326221846e-01 -3.595772777969032941e-01 -5.994564589044465430e-02
6.917652002025731495e-01 4.960889127621031514e-01 -1.812473786829617850e-01
1.951271547608899593e-01 -1.488206848676388305e-01 4.122777133006446659e-01
1.322941440183837136e-01 -4.261368910976131019e-01 -1.435669824795498747e-02
5.131528578097329651e-01 1.671531577155628834e-01 -6.783533400018704196e-01
5.137695700702801238e-01 2.905721820627060747e-01 -7.588558028020351287e-01
7.112295627460964997e-01 2.761555767194957545e-01 1.656392639168905237e-02
5.897865963774535647e-01 2.292225460166832374e-01 -5.488957536506792190e-01
6.755742445901292692e-01 1.092967079178652767e-01 5.674468912190866465e-01
2.598578464699114465e-01 1.071739893385805290e-02 -9.843435546127180524e-01
5.145737302908146016e-02 -3.336916221658812187e-01 -2.445800676315355582e-01
2.556032311445176619e-01 -2.058270976838789956e-01 -1.429455797182537262e-03
6.379712876012291201e-01 4.498233215661333328e-02 3.807698749751036171e-01
3.982122984932374710e-01 -1.536230119153343121e-01 3.743114906164728972e-01
3.450344531380064028e-01 -1.666495704561152813e-01 3.676225358566437840e-01
1.956355693423483255e-01 -9.037337027700495518e-02 -6.200179255851674398e-01
6.381784183000773769e-01 9.786743577771686575e-02 -1.723761479474304470e-01
1.502167828723413034e-01 4.536236284991536361e-02 -1.094685384435553743e+00
3.393576241088784307e-01 1.527144069592215048e-01 -9.667823573859550823e-01
4.209285292469898687e-01 2.142698873638198553e-01 -8.824341538536939478e-01
2.923050319849328504e-01 -1.692506701477494990e-01 3.763105016343228915e-01
2.428639004207491237e-01 -1.611759233603466124e-01 3.936213053219056457e-01
2.110274872162982429e-01 -1.487686329589160694e-01 4.033760297553670160e-01
6.165702949043185832e-01 -3.529984220731020861e-02 5.418703674552667326e-01
2.524618386233192235e-01 -1.819455922172084072e-01 4.815325975539500591e-01
3.066939146195265531e-01 -1.974410565504018389e-01 5.126832468012479938e-01
3.627398799751617164e-01 -1.969173963997169485e-01 5.195861306256253087e-01
4.169375837626779768e-01 -1.817416025818172909e-01 5.048543175933170035e-01
4.491589118576665984e-01 -1.595659338916397552e-01 4.801948505372303777e-01
7.116133109559213965e-01 2.685864130946963302e-01 6.293078923959753990e-01
4.342556127734196192e-01 -1.369171911298864286e-01 3.920572064769859422e-01
2.194184505240572292e-01 -2.054247856097765057e-01 -3.584378636985616762e-01
1.731137893067900002e-01 -3.043373200312322058e-01 -1.877492638275614356e-01
1.099941759968067201e-01 -2.652728335915927604e-01 -3.348709918941820129e-01
4.299258996859783299e-01 1.213820105828849194e-01 -7.981529990933994290e-01
3.484852933404490316e-01 6.956149106282495664e-02 -8.917687964026907999e-01
1.482839818248830599e-01 -4.155543192458156093e-02 -1.051780507384247443e+00
5.869902122834387281e-01 3.879379911891383537e-01 -6.121674213837349221e-01
2.131732523661686307e-01 -1.618213371136186796e-01 4.391717351098162747e-01
1.224041317866097767e-01 -3.332741320641315341e-01 1.798171178737987264e-01
2.518396388247419182e-01 8.765500086076254138e-02 -1.041535479587648139e+00
6.890129704863022786e-01 2.925128423317741033e-01 -1.827274178692022133e-01
9.530964674168031225e-02 -1.571047369604481048e-01 -6.121814646271855898e-01
1.071067859554916679e-01 -1.641776346533761199e-01 -6.408534073884313287e-01
1.164133788843582096e-01 -1.722256875165527334e-01 -6.757655936429132204e-01
1.251019215336420243e-01 -1.607724485348846766e-01 -7.122861850460440181e-01
1.745021361777388536e-01 -1.112848106829540107e-01 -7.685228990602817056e-01
1.743754827399385809e-01 -1.086939886844612291e-01 -5.603339161147625758e-01
1.842004676740249258e-01 -1.094070033134399156e-01 -5.560211934371417364e-01
1.932960514460110579e-01 -1.110858697436298281e-01 -5.492697301167617230e-01
3.018046276743834855e-01 -1.148267384014471648e-01 -4.774209504158731798e-01
5.539175971179139957e-01 -2.054849067813805871e-02 -2.386825328555136350e-01
1.221064786304078137e-01 -2.868939668391917719e-01 2.842961475440147767e-01
1.532261759411034374e-01 -2.033539738919665218e-01 4.784353527276802298e-01
1.879259825933271844e-01 -1.769467243417493785e-01 4.715238388309364037e-01
1.646335296901593748e-01 -9.999815611512435920e-02 -5.650772394070623372e-01
5.610431621070730568e-01 9.687367428534009173e-02 -4.419685599405684395e-01
9.907104104215756768e-02 -2.827204507807791756e-01 4.741091738432567926e-01
2.120772862106574674e-01 -7.158907728808704130e-02 -8.342521231410163773e-01
7.952124157259260473e-02 -3.819869706721026881e-01 2.230150567525939487e-01
1.650549871557947523e-01 -3.149926940186678626e-01 3.109990726588825541e-02
1.153716117678937336e-01 -1.026458191665207409e-01 -8.853574648565786243e-01
3.379343407227588525e-01 -2.454669645130480929e-02 -6.707401699648433135e-01
2.892461746454390026e-01 -1.722538259619320056e-01 -1.968791950850967698e-01
2.865919958770770104e-01 -4.412647611268478293e-02 -7.611791814862239880e-01
4.223407051114700939e-01 -1.504970309821057062e-01 -1.780676701758722447e-01
3.406073322126811354e-01 -1.502447300588886092e-01 -2.867722007932113071e-01
4.714564693159164488e-01 -8.460919760893020891e-02 -3.203306231960922346e-01
1.375733623303778130e-01 -8.491002248314521994e-02 -9.802753206760600468e-01
2.017087596402015459e-01 -2.638871129284037775e-01 -1.469602822612805539e-02
4.045195228058334758e-01 4.037349681213565911e-02 -7.163413425547442426e-01
3.279358114239755428e-01 1.034499282476650586e-02 -8.200221282588346927e-01
3.868089884959720615e-01 -3.262014733335538708e-02 -5.640493640968914368e-01
6.199885536509225359e-01 1.386615626338870977e-01 -3.214410579717942307e-01
4.758932819170231809e-01 2.691057502223727013e-02 -5.560320579398844165e-01
6.548452001539833978e-01 2.910498415069413536e-01 -3.700222112394858653e-01
3.769442290851535704e-01 -1.070695930442319699e-01 -4.062975061127525045e-01
1.607314778385684206e-01 -2.812776855475664917e-01 1.237378656399939353e-01
1.611136405592197007e-01 -3.829222464884833310e-01 -1.697530555895414572e-01
1.987278904191216444e-01 -3.130983719998240433e-01 -1.817208250704207828e-01
1.360652300181222074e-01 -4.354523878655819913e-01 -1.152783451420247851e-01
2.037882483511206655e-01 -2.348327246707339055e-01 5.694437365769023929e-01
3.064596212004939146e-01 -2.563265133566434151e-01 6.358372874305687761e-01
3.957724400590835190e-01 -2.542987325332112247e-01 6.469035138880266933e-01
4.668559625256021861e-01 -2.272262057427151538e-01 6.255764890512204301e-01
5.130534674317711596e-01 -1.845136658702047905e-01 5.803554165018482980e-01
5.388515899903717488e-01 -6.736082380146929394e-02 4.192268622190745697e-01
7.186646095242310572e-01 2.391132462909287826e-01 2.074728952760002687e-01
4.928777288023700742e-01 -9.798179502235375427e-02 2.786458304720292878e-01
4.309405044855812439e-01 -1.311798143632557090e-01 2.476724650342809753e-01
3.500152823347527642e-01 -1.550057977939553744e-01 2.496735069774921600e-01
2.730760397964843711e-01 -1.685327427009464252e-01 2.739584383122718458e-01
2.143804677549655813e-01 -1.733596897031700612e-01 3.059160483773932793e-01
1.739380342729039131e-01 -1.799694744089280207e-01 3.351531756014523578e-01
7.232965712729748642e-01 4.675187568300051000e-01 2.415949556562914657e-01
1.980600280194986795e-01 -2.792117045917448248e-01 -2.001316903541027203e-01
1.232649177909447974e-01 -3.708583623318477684e-01 8.617688160758944782e-02
1.186270702875797250e-01 -4.308645539172999972e-01 -1.827886970039326875e-01
8.626200862452457208e-02 -3.987001662179539552e-01 -2.205324727117472239e-01
1.185653334331966124e-01 -3.979804684995342789e-01 -1.924762342229541789e-01
1.825717777072849435e-01 -2.547946404833126843e-01 -2.227069633766156631e-01
7.353678277142428055e-02 -4.137262656617954892e-01 -2.312242055355618886e-01
7.163786566876167994e-02 -3.360877223662998015e-01 -2.391716418027761692e-01
1.737674296548315511e-01 -1.580501763266550230e-01 4.085714849690947337e-01
1.423323994879023002e-01 -1.930705210259846538e-01 3.835353947887406578e-01
1.232557638345832124e-01 -2.348936014720274523e-01 3.626224851611921096e-01
4.669425960472465276e-01 -1.366319526530636874e-01 4.618279873241322719e-01
5.046023314975004448e-01 -1.404443959883247273e-01 5.028265262343492026e-01
-3.239023354730497517e-01 -1.538771089915935419e-01 4.807425075634328415e-01
-2.598651457030886625e-01 -1.598445312628667681e-01 4.789408470319395095e-01
-3.231089327585986992e-01 -1.621545590741144960e-01 5.636591501690325634e-01
-3.888043048851702599e-01 -1.478575151520373498e-01 4.828802816938514986e-01
-3.252721382893800639e-01 -1.456021717598385001e-01 3.984376021215496610e-01
3.508091038576648946e-01 -1.602349504931774860e-01 4.510925361810796952e-01
4.134983885108271529e-01 -1.659151898197732955e-01 4.477726719918539988e-01
3.499047767308320345e-01 -1.686534492823811293e-01 5.339423159001219776e-01
2.876217362848280112e-01 -1.545796900997904733e-01 4.550628764085512534e-01
3.519498782756151911e-01 -1.518327254041721974e-01 3.681887659212279007e-01
