-1.519500916585803801e-02 -3.110060153317286136e-01 -5.144854850877971231e-01
2.438884209853453555e-02 -5.153549355712232494e-01 -2.237344571335310728e-01
2.769799811314742344e-02 -3.230665449998642580e-01 -2.901250037952919913e-01
-3.632530590818856819e-02 -4.674460602932450914e-01 1.427780858952802379e-01
2.416884279366290217e-02 -5.524380566791474712e-01 -1.210579220902696096e-01
2.303836363443785215e-02 -5.423952549231764175e-01 2.492623799377968047e-02
2.546748598210196723e-02 -3.987131474825229005e-01 3.966409768938887748e-01
-4.781743139121639175e-01 -1.261124226980321061e-01 5.003721517003589803e-01
2.597357232801113247e-02 -3.816087277381814413e-01 6.791442520117780823e-01
2.490451275002603451e-02 -4.118095560953742851e-01 8.154273005508427818e-01
2.338727695518632438e-02 -3.991502201594465116e-01 1.294756916119250922e+00
-1.394041582859594647e-02 -2.996073996171876308e-01 -5.430035886004288548e-01
-1.207829868384997958e-02 -2.753186982853597087e-01 -5.708670858927101799e-01
-9.393910248121193837e-03 -2.380465914550817796e-01 -5.906233255238496627e-01
-1.811794395160163523e-02 -2.117754738347175092e-01 -7.138051661991705599e-01
-1.917807032129530131e-02 -2.153395108861053675e-01 -7.575114652287364692e-01
-2.114941890932124299e-02 -2.256331507410155313e-01 -8.041510673258521757e-01
-2.088591925163359175e-02 -2.134017442303202117e-01 -8.470301553181236454e-01
1.262515505470045152e-02 -1.444914625302290145e-01 -9.100033563921239299e-01
2.322717174521277128e-02 -4.720765886325146710e-01 -2.677659240029257037e-01
-4.475143720539546954e-02 -3.732739720812769391e-01 -2.462772951436466573e-01
-7.418807197563396238e-01 1.533810995863286175e-01 9.506670831518859721e-01
-2.840815683373815181e-01 -1.898425572345269763e-01 3.942086173622967316e-01
-3.568316952135907050e-01 -1.820813495425759876e-01 3.876839083550415732e-01
-4.245735587335345285e-01 -1.619952458711775289e-01 3.995346610133818643e-01
-5.073632863451941200e-01 -1.113012173890799428e-01 4.741348190419013564e-01
-2.199744302746708402e-01 -1.849741051182937079e-01 4.189476731324646153e-01
-3.867378963070288167e-01 -2.470431934282636965e-01 6.969730151248368921e-01
-3.036532079919769256e-01 -2.463007233872919199e-01 6.814426473308810017e-01
-4.602336609007666723e-01 -2.206062316999339301e-01 6.814207333677883005e-01
-5.068097098589043892e-01 -1.867022560718790691e-01 6.426603825034499229e-01
-5.684273542435716031e-01 -6.615618547774272662e-02 4.151681388575423348e-01
-2.512890696446649086e-01 -2.929812725192239287e-02 -1.006925278110945898e+00
-5.014399979355157466e-01 -1.077794004388755722e-01 5.376741383375569505e-01
-7.653803450294088817e-01 2.374182915700561169e-01 5.160964805416249357e-01
-6.460943153274251172e-01 -4.341086829463530056e-03 5.042490306977791548e-01
-3.323932372969861104e-01 -1.989776029211839936e-01 -4.973955751956032900e-02
-9.495531187591232936e-02 -2.973640794447603986e-01 -4.935948392242206495e-01
-8.212838187847111560e-02 -2.602916516852791795e-01 -5.620849374330291193e-01
-1.635636367250646039e-01 -2.466747312925010593e-01 -5.146686086666605320e-01
-2.044871412110557118e-01 -1.918384588408240388e-01 -5.461459037080337309e-01
-1.383865921511737151e-01 -2.249560965440250415e-01 -5.642534807476462522e-01
-1.783972141163404079e-01 -1.716328395058792644e-01 -5.798431929316286704e-01
-3.157274601370028133e-01 -6.289948009466712897e-02 -6.918821618116596239e-01
-3.603700024843992794e-02 -5.077265844092687663e-01 -2.163356368641075611e-01
-4.668363325719890322e-02 -5.421065295410065765e-01 -1.163190563086918816e-01
-6.013453822073028254e-01 -1.766029362973403072e-01 7.472327221302064171e-01
-1.866783651218473505e-01 -2.444159224919772999e-01 2.005085342901183898e-01
-2.001895392998690737e-01 -3.377135216237914794e-01 -1.493053630714509805e-01
-2.057811052861133194e-01 -3.241417399619557216e-01 -8.867216966573593373e-02
-5.411195815577702906e-01 -1.096479177883801226e-01 -8.406816441083563018e-03
-4.214158812505474500e-02 -5.191857221347909723e-01 2.031871993118817415e-02
-4.393279959441908078e-01 -3.083660771733211514e-01 8.421346151373123590e-01
-5.351400085372705062e-01 -2.495132142314732127e-01 8.145162501937009969e-01
-6.710470038530864656e-01 -4.368525336909618098e-03 1.104237062870873309e+00
-1.273119717941815499e-01 -3.617038151658372169e-01 7.206754926293730268e-01
-2.300623130696410334e-01 -2.222365514638569572e-01 6.323745002514490343e-01
-3.618242729412257108e-01 -5.978901768214670009e-02 -5.791323708161418837e-01
-6.773692861330782300e-01 5.420805312102465745e-01 -4.085512839889549608e-01
-1.466891002363138186e-01 -3.028859075470105577e-01 -2.076037243596502990e-01
-9.057024260252233283e-02 -3.029253143789011893e-01 -2.399838472669243439e-01
-2.594575346707934660e-01 -7.191064377594792723e-02 -6.054492892165600493e-01
-2.458211671203481830e-01 -8.968701652571917093e-02 -6.140108553605191366e-01
-5.704117869025914223e-01 -2.246761625721203082e-01 8.869583721121048203e-01
-2.044763559843112977e-01 -2.927305307525165379e-01 -1.870934022085165571e-01
-3.073685258096101602e-01 -3.474591738170580424e-01 8.210493595919425847e-01
-3.182499949419912433e-01 -3.717030030172144284e-01 9.019248301662670109e-01
-3.854381485997903090e-01 -2.989462740361814030e-01 1.282089677663912797e+00
-6.196243430749761583e-01 -1.307266604345838357e-01 9.820064078075896319e-01
-3.434202194872016944e-01 -3.390287194285451222e-01 1.082749192385163983e+00
-6.399370189801018016e-01 -1.232422243137958340e-01 8.066682413995069911e-01
-6.900221866840009488e-01 8.095003883060263722e-03 8.599024996504627261e-01
-9.039532456930594873e-02 -2.862972228371386541e-01 -5.317274845438773045e-01
-1.512783655503352753e-01 -2.385710215334032602e-01 -5.405906752671274518e-01
-1.924443963136430458e-01 -1.872744243805556930e-01 -5.625462516352176534e-01
-1.301957741243247313e-01 -2.846969766005085223e-01 -2.245796035485291275e-01
-2.522139724970641206e-01 -8.110674946038270994e-02 -6.098756489765537747e-01
-2.343459244162164334e-01 -1.189336240435944214e-01 -6.558782051541793834e-01
-2.380661403060053138e-01 -9.170357300687351221e-02 -6.171205403044986992e-01
-1.143829582153800262e-01 -4.066512250317801946e-01 -1.920482637660899106e-01
-1.678924032389906285e-01 -1.574542713769533364e-01 -5.930219719518329269e-01
-1.265058989487396202e-01 -1.945557639699160013e-01 -5.826638349799064809e-01
-7.371402955090067266e-02 -2.269641082292559453e-01 -5.824892422271102932e-01
-8.462543205577199856e-02 -1.389451739516937012e-01 -9.003021106166504417e-01
-1.046783948947907494e-01 -2.094678631481732833e-01 -8.315201268752248076e-01
-1.013501363085428930e-01 -2.215279919037491108e-01 -7.871808934452300122e-01
-9.308400081221634981e-02 -2.099424281679127535e-01 -7.392471153588163757e-01
-8.343266198293781966e-02 -2.061983108275760590e-01 -6.981036601683960896e-01
-1.798517083096021485e-01 -1.527047584058450203e-01 -6.596151415843118926e-01
-1.954252385987615970e-01 -1.597001552357580345e-01 -6.778506744338347323e-01
-2.114082312035725497e-01 -1.668044337569569713e-01 -7.003767128041625822e-01
-2.228853875483124414e-01 -1.512759060531486122e-01 -7.251695961965475279e-01
-2.775305513692984949e-01 -1.784780865757897017e-01 -4.187760468555139504e-01
-7.576488134652014095e-01 5.755781673349913419e-01 1.176360211927255928e-01
2.741517505571992169e-02 -3.751614017059402006e-01 -2.753596598426037434e-01
-2.068449095815019234e-01 -1.176006559222841918e-01 -6.397655916013674782e-01
-2.206692456126147506e-01 -1.218096408166120526e-01 -6.477840913257747468e-01
-6.700550623977728770e-02 -3.032714132847239008e-01 -2.792217028725190175e-01
-1.788186677749360742e-01 -2.337975950095372846e-01 -2.407463845305213290e-01
-7.841850868986821599e-02 -3.042869254188224071e-01 -2.601487992900868851e-01
-2.605086863759386584e-01 -2.119328665354530128e-01 1.493277856995898489e-01
-3.766027984593790512e-01 -1.806792358666042264e-01 9.078105368899272443e-02
-2.174289020655341131e-01 -2.786867150653202785e-01 -1.269459442777901015e-01
-5.585556737096002422e-01 -1.630856601739510969e-01 1.218320147234239315e+00
-5.093515202160822097e-01 -2.432724912868304834e-01 1.061502238537514575e+00
-4.616885247274016280e-01 -3.064663715262072596e-01 9.241124371534352733e-01
-2.601111043637495124e-01 -9.235099845849034650e-02 -7.797675630708065242e-01
-1.473299870915887044e-01 -4.046377363067877875e-01 8.570636413421990341e-01
-1.713448266206455406e-01 -3.921252138432810286e-01 1.069385818576452873e+00
-1.983441509697149441e-01 -3.765751229694609403e-01 1.302701715675646632e+00
-4.790098469559808114e-01 -1.338381524125459021e-01 4.275009084314627117e-01
-6.477928568411944754e-01 -1.601791837682417508e-02 3.474704774207715841e-01
-1.773294345796725957e-01 -1.797662781389441355e-01 4.431889317892763192e-01
-5.716834589923467380e-01 -1.229693098161951381e-01 6.080911581603193339e-01
-1.372455887408310926e-01 -2.785019228181803141e-01 2.605832845262280317e-01
-1.586942434752039166e-01 -4.120320937094869018e-01 -1.244966850725042762e-01
-7.110558924614027720e-01 6.902995253136420817e-02 2.897431399755330816e-01
-6.033838320876085959e-01 -7.074731584741102142e-02 2.615511520588300054e-01
-5.152692735277769609e-01 -1.315679728103641422e-01 2.083564163658964130e-01
-3.786797939617876363e-01 -1.667944425746880066e-01 2.132341639874124062e-01
-2.771698765015582211e-01 -1.892581042377984857e-01 2.507043641556797597e-01
-2.012073471215622966e-01 -2.143875157713706625e-01 2.934282659749138378e-01
-4.195771825003484501e-02 -3.683770760083326379e-01 3.797536796195081221e-01
-6.976480178830994916e-01 7.638988727196960316e-02 7.129115005053540677e-02
-6.286732279592857076e-01 -9.117956320656840641e-02 6.352639938529368591e-01
-1.431508745492707929e-02 -4.678795580550729749e-01 -2.617911009602236216e-01
-1.813758079414648228e-01 -2.604561362890580045e-01 8.989754864230012354e-02
-7.847382498763234571e-01 4.626039499083797191e-01 5.641077970366789041e-01
-1.420298306765966634e-01 -2.321614823079478640e-01 3.423357734310815137e-01
-2.217806561193926829e-01 -2.093056956310578864e-01 -1.211163857502319807e-01
-5.298095758031873270e-01 -9.400961047795640402e-02 5.380200434294966083e-01
-1.624994399471434980e-01 -3.945129417439388608e-01 -5.100003188324174486e-02
-7.263399651923714284e-01 5.770318974668585676e-01 -1.362727060645517185e-01
-1.733124372499500743e-01 -1.680339710833818057e-01 4.782102396604107630e-01
-1.051626353414151227e-01 -4.715936826009847760e-01 -4.938613661725863024e-03
-5.425705107966819485e-01 2.066129038059894563e-01 -7.201308523253701077e-01
-5.357102570054386170e-01 3.455339600376702291e-01 -8.139274223731362001e-01
-7.528680226296846634e-01 3.279836548490031034e-01 8.945142979022815966e-02
-6.241829964239453687e-01 2.763683993362337499e-01 -5.645117058916877539e-01
-7.305811173184487695e-01 1.404905566057114696e-01 7.057970158735416000e-01
-2.621658246475333520e-01 2.399694815459117725e-02 -1.087584879943861882e+00
-1.974384994703476739e-03 -3.698013987222810162e-01 -2.696596877277235293e-01
-2.454934826967226646e-01 -2.234439697354529963e-01 2.244389015403981322e-02
-7.069277763724608477e-01 6.761985211080946689e-02 5.000836655217819615e-01
-4.130644895153237073e-01 -1.629475161321068399e-01 4.513995388619902460e-01
-3.532680257431232151e-01 -1.799816134568852921e-01 4.389594682597377506e-01
-2.456299117390440268e-01 -1.053657640614513585e-01 -6.643973860534373443e-01
-6.805759084396383329e-01 1.262030290737927163e-01 -1.311139397473851109e-01
-1.283488857071073963e-01 5.690041591269340282e-02 -1.217444801497696849e+00
-3.404196674054014715e-01 1.852139440603801646e-01 -1.066225032846312981e+00
-4.313443173260547159e-01 2.567654362776475296e-01 -9.646307349180869295e-01
2.399811127923961659e-02 -4.102129804227730991e-01 1.050744142071033504e+00
2.112595602113036958e-02 3.520121669226324024e-02 -1.239347384282672326e+00
-2.920054278845379825e-01 -1.847529346066951184e-01 4.453033031874649161e-01
-2.319251903087855560e-01 -1.789108054048006990e-01 4.615213893184780813e-01
-1.920666663050303868e-01 -1.673951674257297961e-01 4.707186209089946338e-01
-6.777460062356021053e-01 -2.337592501328004946e-02 6.759780627435507672e-01
-2.454895314370174608e-01 -2.015355851007838428e-01 5.608428836864941536e-01
-3.117601925880855163e-01 -2.151368880128400884e-01 5.972243919966681025e-01
-3.751103893295539837e-01 -2.117261673041248571e-01 6.061011138489490468e-01
-4.347776118982332738e-01 -1.920852722368066590e-01 5.932143239307601235e-01
-4.701545571252430111e-01 -1.663515347041069625e-01 5.699820554917705007e-01
-7.759267740139620395e-01 3.210042297312931114e-01 7.820892053317038961e-01
-4.521791597036112220e-01 -1.429341356456618750e-01 4.744294657982616181e-01
2.636973729534506511e-02 -3.042636663305225975e-01 -3.640875386422100513e-01
-2.084555475085065890e-01 -2.229126783321395688e-01 -3.766884838404163660e-01
-1.462483589232650427e-01 -3.314111343906787632e-01 -1.951410700078696769e-01
-7.420459730379588836e-02 -2.948227803155185067e-01 -3.641037127938718254e-01
2.582883660133171097e-02 -3.639348597808020336e-01 5.415722925536958776e-01
-4.506059663344880173e-01 1.543858146704276124e-01 -8.643703004369971410e-01
-3.616456398715270915e-01 9.448774238697395245e-02 -9.781189164851840090e-01
-1.368159923181850035e-01 -3.933280227861261913e-02 -1.167087638530460936e+00
-6.119268890417280948e-01 4.537103145193216447e-01 -6.380644886634496693e-01
-1.963889109509641684e-01 -1.824091207063049391e-01 5.097724841327901935e-01
-8.984260114553478671e-02 -3.698457442359628922e-01 2.107987950231515750e-01
1.553469638255313909e-02 -5.872438864949314219e-02 -1.187311878243666685e+00
-2.431602221608614722e-01 1.085728259022160358e-01 -1.155627760209764210e+00
-7.275688903205905778e-01 3.465874526115947929e-01 -1.384337558538427382e-01
-1.379569468038190361e-01 -1.825639546960517168e-01 -6.770680986495460907e-01
-1.534017656181568268e-01 -1.891864334799481240e-01 -7.081091938573365052e-01
-1.657990803623695664e-01 -1.977538388223025745e-01 -7.479040509272791848e-01
-1.733419433413923572e-01 -1.842708274928531731e-01 -7.895770963156899525e-01
-1.835448910386353605e-01 -1.241659719831641473e-01 -8.534529344650154670e-01
-2.102423097897238580e-01 -1.287654853450534431e-01 -6.001218871829874235e-01
-2.225361457489331563e-01 -1.310350650982692877e-01 -5.921073986188214455e-01
-2.330085351581304143e-01 -1.331736368917082469e-01 -5.829616083715178920e-01
-3.301129616905732478e-01 -1.229794979333572180e-01 -4.896401229671232258e-01
-5.935117514260721538e-01 -6.321342803258203635e-03 -2.127780693287593672e-01
-8.835198425376164511e-02 -3.190153389421001573e-01 3.279897117348019031e-01
-1.239054690968815486e-01 -2.245733297878944601e-01 5.484326930172114256e-01
-1.677902933962474030e-01 -1.986751731699101797e-01 5.424349032935200654e-01
-1.977961394582439247e-01 -1.210121392534244944e-01 -6.075557312941526344e-01
-5.981615004840248329e-01 1.280743373552826192e-01 -4.414347009183066106e-01
-6.594558251241246227e-02 -3.148353396455527142e-01 5.388684144362791972e-01
-2.206424297413923097e-01 -7.256570004684889663e-02 -9.244652822268619730e-01
2.383936275179141667e-02 -4.929228158972714935e-01 1.516796337647189352e-01
-4.057080108554522724e-02 -4.240976403388343474e-01 2.544468204528871902e-01
2.486235972784428538e-02 -4.435421394596251732e-01 2.695907151602224272e-01
-1.403321060899393458e-01 -3.465339788546992206e-01 4.954792683697604311e-02
1.355229659553717353e-02 -1.099064355920073011e-01 -1.104058227773906831e+00
1.333650735319524133e-02 -1.258450517398158053e-01 -9.985338682139908162e-01
-1.063991437322470424e-01 -1.089072676773467641e-01 -9.856526393486446658e-01
-3.802961074194814994e-01 -1.465958839038713352e-02 -7.114325275091203382e-01
-2.847131696988620675e-01 -1.815316743000457977e-01 -1.931662168538733071e-01
-3.105288396775292559e-01 -3.874307936887486786e-02 -8.339864007491630815e-01
-4.452678229598925341e-01 -1.539310082366051047e-01 -1.572039850310411602e-01
-3.519263734695330381e-01 -1.556507898552875191e-01 -2.852221694274004737e-01
-5.046814313402379071e-01 -7.656035828667603904e-02 -3.076599187088804865e-01
-1.288797176147996049e-01 -8.841383204768346604e-02 -1.085958326919683081e+00
-1.823595215602167585e-01 -2.883584318486423492e-01 9.800124387749353794e-04
-4.344342465206840753e-01 6.175497631128179510e-02 -7.711810530499407790e-01
-3.455824471015298549e-01 2.668943932380057199e-02 -8.968090301265885245e-01
-4.323502033816696288e-01 -2.370026531027933855e-02 -5.758847762880814347e-01
-6.599682718311203899e-01 1.736195184841679562e-01 -3.024227823853887220e-01
-5.174441046388431609e-01 4.994743772145000121e-02 -5.725559451905805064e-01
-6.905452867874170009e-01 3.433731811153111768e-01 -3.543647087110830540e-01
-4.083548822132974654e-01 -1.063752134801921323e-01 -4.043138624900727840e-01
-1.342996161989575832e-01 -3.121752582489296657e-01 1.522859604016718604e-01
-1.364475009683130402e-01 -4.222018675302725566e-01 -1.755766265701251272e-01
-1.778093542500236435e-01 -3.402558554682644232e-01 -1.861686367468322612e-01
-1.068526408004627504e-01 -4.801445420426233568e-01 -1.166783591706379575e-01
-1.822708432886056551e-01 -2.579794466930971364e-01 6.499505680554101827e-01
-3.017231926818081389e-01 -2.755266409321646126e-01 7.282595971941880908e-01
-4.046575426212593030e-01 -2.701182166668543716e-01 7.464100672032287775e-01
-4.882864044248215185e-01 -2.383012397303351237e-01 7.280055188263463428e-01
-5.446146291508263682e-01 -1.898758345103562228e-01 6.832313476072447989e-01
-5.795756417739342803e-01 -6.084392520390698167e-02 5.212865361288843147e-01
-7.697368672700846126e-01 2.847435127058807192e-01 3.063764194729617918e-01
-5.321101759265487452e-01 -9.729500205314348116e-02 3.630280786713218633e-01
-4.629455254731039693e-01 -1.359690984483129250e-01 3.218658083336857767e-01
-3.692272470522387495e-01 -1.659236983051439740e-01 3.137850101986636719e-01
-2.783882649372302343e-01 -1.840799200422286730e-01 3.326755011763488090e-01
-2.062925350022145055e-01 -1.900262157868992108e-01 3.636664247820990958e-01
-1.562811741620909467e-01 -1.991874698290690415e-01 3.923502977891409893e-01
-7.742441042269408991e-01 5.408087491276297731e-01 3.477182897594118249e-01
-1.773792234137417378e-01 -3.019364864427657169e-01 -2.074392968007675031e-01
-9.062303328924363466e-02 -4.120475319647062817e-01 1.062833000900437752e-01
-8.813739083901407645e-02 -4.754895921701820516e-01 -1.939753213674317855e-01
-5.228596100774564326e-02 -4.395585543007922702e-01 -2.392166711958410019e-01
-8.833993041086357634e-02 -4.391670839971550944e-01 -2.045241828698046160e-01
-1.581511179778574971e-01 -2.737261705911542831e-01 -2.344575855551729315e-01
-3.772714741933352184e-02 -4.573927978182046328e-01 -2.525313754581615111e-01
-2.706675344061065802e-02 -3.705640155574271843e-01 -2.619643089874193476e-01
-1.500652257825194902e-01 -1.765816628484634943e-01 4.733913682640114029e-01
-1.167833576635134984e-01 -2.145000849930134845e-01 4.433789967865757742e-01
-9.758728690344430079e-02 -2.603087226252893682e-01 4.162552167228666944e-01
-4.884906695467954307e-01 -1.403378745956692653e-01 5.523547960318416772e-01
-5.333546393418785447e-01 -1.413362262145104187e-01 5.980119213971096803e-01
8.414737711196171310e-02 -4.670200578122887247e-01 1.375393373700314059e-01
5.111727675164764451e-01 -1.369621150329529968e-01 4.636675832269314679e-01
9.598776090250821236e-02 -3.775687128612711940e-01 -2.525630409443451185e-01
7.520628325928864211e-01 1.317522707437961405e-01 8.715807561407751258e-01
3.119297132998248845e-01 -1.927465497260307248e-01 3.778354887943466967e-01
3.808925660846137484e-01 -1.875871715260197248e-01 3.676463556207478778e-01
4.465042171359931977e-01 -1.701040977292564982e-01 3.710619889007547023e-01
5.334274625587233087e-01 -1.219064317817362686e-01 4.323246055089035034e-01
2.548863439111469509e-01 -1.873972443084612194e-01 4.035024062086097763e-01
4.177669887239395807e-01 -2.559442645212395284e-01 6.665287231303689275e-01
3.363399622230912600e-01 -2.534183925787374392e-01 6.534936278553247213e-01
4.912204731716338646e-01 -2.332446943145499718e-01 6.472158006562136467e-01
5.365638624776116750e-01 -2.018443835491351979e-01 6.026197688094094840e-01
5.845701674171318585e-01 -7.975922227591432379e-02 3.623978121193192070e-01
2.731834037580652685e-01 -4.060014122796154479e-02 -1.018690162185408976e+00
5.359538680046455061e-01 -1.193098539640879696e-01 4.974610569204893640e-01
7.897504478203121181e-01 2.174019434708368004e-01 4.398722694645924580e-01
6.575048197887709556e-01 -2.125101131207881439e-02 4.413571663393205391e-01
3.669152432932725194e-01 -2.082247843579549951e-01 -8.188674557491114336e-02
6.603820970140528157e-02 -2.988686993468657738e-01 -5.015706456549964276e-01
6.007024488104373283e-02 -2.586009275984568756e-01 -5.712614448721484717e-01
1.434178928313626367e-01 -2.436873125890157143e-01 -5.305690735572985428e-01
1.940915368766206461e-01 -1.839671313569905542e-01 -5.625052564075943007e-01
1.221777600394301222e-01 -2.188834905103347328e-01 -5.772629773010179433e-01
1.709732004603856936e-01 -1.639049966919785828e-01 -5.912526857213369347e-01
3.141177452040433415e-01 -6.910251490888560943e-02 -7.219319725374799823e-01
8.263842937611329265e-02 -5.112655987761627330e-01 -2.218597888408788688e-01
9.163213833639634320e-02 -5.460314808587786173e-01 -1.228546282333388695e-01
6.199101675322991056e-01 -1.929967294860976956e-01 6.977198261389403466e-01
2.282985674347453031e-01 -2.465815462500513533e-01 1.814616853201203583e-01
2.435136348327193723e-01 -3.452642714523779244e-01 -1.671991159971523699e-01
2.476309308054222003e-01 -3.316574360487656858e-01 -1.072154264816420899e-01
5.665234806009881163e-01 -1.221161653137662895e-01 -5.985326023397499751e-02
8.809474390936918031e-02 -5.199302928454794248e-01 1.483551950045306975e-02
4.735744474239913515e-01 -3.240940914377473114e-01 8.050569276949253172e-01
5.621709596359631966e-01 -2.664192040474981926e-01 7.731363411452445433e-01
6.857258169539424131e-01 -2.553481913642360879e-02 1.030062348487120527e+00
1.768489147179739263e-01 -3.656386029529174464e-01 7.005985585480076772e-01
2.673283939072537696e-01 -2.257602748657438485e-01 6.053775277233441887e-01
3.674116075914796165e-01 -6.388474844635003147e-02 -6.168717463993929062e-01
7.227658924052118294e-01 5.205692965669139749e-01 -4.646112898705003769e-01
1.938810724920874973e-01 -3.108148075395305021e-01 -2.211006611654969811e-01
1.418603031803948311e-01 -3.126226212568640195e-01 -2.499685964537419758e-01
2.575559220208479827e-01 -6.260401165948634161e-02 -6.376225828487884772e-01
2.402956209267618770e-01 -8.316949505613552285e-02 -6.427079045946055835e-01
5.946345760616172926e-01 -2.422424295584566512e-01 8.362949733106765926e-01
2.460378395770336235e-01 -3.015123562884506336e-01 -2.050234617003152682e-01
3.505219502639714824e-01 -3.609627455713432242e-01 7.894317661366655470e-01
3.615039847910429538e-01 -3.859406421336046833e-01 8.644125175783339277e-01
4.168199534653200811e-01 -3.131778112072041709e-01 1.234455157920280488e+00
6.408998592775420056e-01 -1.484217184809306644e-01 9.198896242074243723e-01
3.804546264646324616e-01 -3.510245104857133702e-01 1.043637789905324631e+00
6.571143619731792951e-01 -1.397905392763504340e-01 7.441144318884049813e-01
7.093987641506193098e-01 -9.778384854098492660e-03 7.915893007335699227e-01
6.370498969572913062e-02 -2.862622108488047656e-01 -5.404675754869895377e-01
1.327031778625013536e-01 -2.340713872377123694e-01 -5.556583660314745599e-01
1.826759901267948072e-01 -1.797415016539921917e-01 -5.766465037451909970e-01
1.789635218569476383e-01 -2.936920414400287505e-01 -2.367404279784902643e-01
2.485397934316050383e-01 -7.388736675001443543e-02 -6.405481540699833332e-01
2.169732982928783138e-01 -1.142665647307981591e-01 -6.851685930873512298e-01
2.318574496645699479e-01 -8.498154579949980525e-02 -6.434412045560538029e-01
1.592726945584561904e-01 -4.091285290287424714e-01 -2.038682512938232438e-01
1.618467322934925567e-01 -1.497688735073547384e-01 -6.017427026405542945e-01
1.144268495292155852e-01 -1.869752555898062107e-01 -5.917776148779261280e-01
5.694438789385319888e-02 -2.225635326694274108e-01 -5.905940533900748690e-01
1.043454122258050676e-01 -1.415784928010463684e-01 -9.077734595357771497e-01
6.473800466049331459e-02 -2.080016440997359828e-01 -8.409760793833218617e-01
6.042764772148775942e-02 -2.185247294741347601e-01 -7.971743238252256836e-01
5.645950303560325068e-02 -2.061641782180186899e-01 -7.505186053899864929e-01
4.967165644722854045e-02 -2.017308014162033369e-01 -7.095663727744353499e-01
1.564193984920347336e-01 -1.467175381537569046e-01 -6.851330260136347938e-01
1.698322362532139473e-01 -1.560066793198025548e-01 -7.044366604797811515e-01
1.831475457037058385e-01 -1.642113273422674269e-01 -7.278743293878855436e-01
1.963472629063510999e-01 -1.491592607553917926e-01 -7.518973464797549244e-01
3.049901323079338145e-01 -1.847676892140438232e-01 -4.464316443813091118e-01
7.971412707628530159e-01 5.525046112308059643e-01 4.340967281583202331e-02
1.915937793535190947e-01 -1.095327119858124365e-01 -6.660275509163576801e-01
2.038158405578423538e-01 -1.160646458020269112e-01 -6.761084698677005678e-01
1.200854638434275534e-01 -3.087844591090784241e-01 -2.869718147413728992e-01
2.252646606103488880e-01 -2.451403115456479709e-01 -2.567859331464117378e-01
1.307066720201968679e-01 -3.123378395803262375e-01 -2.694134336427670973e-01
2.988247352882880126e-01 -2.154671599738507970e-01 1.234789998004325873e-01
4.100617988910999490e-01 -1.886112646848810970e-01 5.361388977747535978e-02
2.595520313837753612e-01 -2.870234062277491893e-01 -1.465372510252536120e-01
5.806427153020781162e-01 -1.833357828030690584e-01 1.153223126919481700e+00
5.373940604872274873e-01 -2.602054230255709255e-01 1.007509558408888228e+00
4.959155700202957373e-01 -3.228785705829583796e-01 8.800773783754047841e-01
2.647154526465805291e-01 -9.615593618698067835e-02 -7.971015507049938886e-01
1.993676272652468162e-01 -4.108698898527450294e-01 8.263826599069088452e-01
2.138094648156834698e-01 -3.991418841685073216e-01 1.047861669858175970e+00
2.371298162676145349e-01 -3.862804504682498252e-01 1.276010272815925273e+00
5.018574643617503828e-01 -1.439202500298042975e-01 3.910809714903545342e-01
6.555076497355960541e-01 -3.395613435599299096e-02 2.857031853267640309e-01
2.174725493140917676e-01 -1.793602153483143113e-01 4.282480800797697773e-01
5.952467045482638941e-01 -1.379971891821238361e-01 5.601682000483027002e-01
1.813970647183597573e-01 -2.792957759073012580e-01 2.462444025512644519e-01
2.021017656053736289e-01 -4.182425403350384929e-01 -1.405402391117090422e-01
7.367686232969357096e-01 5.031301577687164600e-02 2.201752276244140494e-01
6.107010315581745674e-01 -8.585310424992065315e-02 2.062873099608749650e-01
5.247853073443187188e-01 -1.438810708723901044e-01 1.627433410810539272e-01
3.958161905673718284e-01 -1.739976390331696154e-01 1.817686201821505643e-01
3.007778246213764772e-01 -1.935452043459326421e-01 2.298421102329902266e-01
2.301714311910350030e-01 -2.174226167283659916e-01 2.784857207349881736e-01
9.190507535172730280e-02 -3.688349553186404672e-01 3.733358136174489417e-01
7.259983896276471782e-01 5.975201334563853828e-02 5.034397716665198891e-03
6.433998563041688490e-01 -1.072287131859359088e-01 5.763436885045526425e-01
5.950721029972735887e-02 -4.686996478877500927e-01 -2.647484246361790361e-01
2.243894044838121715e-01 -2.630027481770167985e-01 7.200001522178874069e-02
8.100936001083114402e-01 4.420852316902308399e-01 4.836035015059243491e-01
1.779704055949687946e-01 -2.333361901510985215e-01 3.323401636815182525e-01
2.677973267415469927e-01 -2.177721281564643507e-01 -1.414316232948185093e-01
5.607052923650710508e-01 -1.058742872238846999e-01 4.937315659532168777e-01
2.043370282317536757e-01 -4.007947777958936753e-01 -6.681707453089845428e-02
7.710606226312279876e-01 5.529544213018846577e-01 -2.020233406026177292e-01
2.174941228586423358e-01 -1.658796509290212939e-01 4.621816492226298312e-01
1.474587114636716767e-01 -4.749839634599171134e-01 -1.600237278252806053e-02
5.719896384673884837e-01 1.863135321424027602e-01 -7.560978129087305710e-01
5.726617708889700786e-01 3.238797897826826144e-01 -8.458416636519339171e-01
7.927561394012739848e-01 3.078106433860313129e-01 1.846261065142301011e-02
6.573924506309106741e-01 2.554977888465365110e-01 -6.118143865080127863e-01
7.530137357513017049e-01 1.218251333523489022e-01 6.324919986744329536e-01
2.896447419384868827e-01 1.194590921810668137e-02 -1.097258319816479366e+00
5.738372096090979535e-02 -3.717758641202336123e-01 -2.723931487196387669e-01
2.849024300371454377e-01 -2.294205751431784290e-01 -1.593310887027209188e-03
7.111004399969818035e-01 5.013855138987372007e-02 4.244166320791249447e-01
4.438584402998217993e-01 -1.712324574627852591e-01 4.238028792411777657e-01
3.845849432551823321e-01 -1.857522198565214611e-01 4.170412443494314614e-01
2.300999123266494473e-01 -1.005855792086166184e-01 -6.947835535355497694e-01
7.113313136020336103e-01 1.090857502509379184e-01 -1.921352214945142856e-01
1.674357803735855299e-01 5.056214433681704284e-02 -1.220166602571233661e+00
3.782573926289169997e-01 1.702197012516011854e-01 -1.077602351515525525e+00
4.691785793060826437e-01 2.388311420023575549e-01 -9.835855112431821645e-01
3.258112722272566986e-01 -1.886514775051717496e-01 4.258236118049290031e-01
2.707028197114197399e-01 -1.796511414320920430e-01 4.433225162282155019e-01
2.352170731306717499e-01 -1.658216324320845314e-01 4.531832390953850487e-01
6.872463017012506725e-01 -3.934618025152488568e-02 6.032114170711765366e-01
2.814009470590843054e-01 -2.028015887167005094e-01 5.321890649372882365e-01
3.418495187304757543e-01 -2.200732617832458771e-01 5.636782014886017045e-01
4.043199016442583504e-01 -2.194895756976837919e-01 5.706560962811267901e-01
4.647301611012932820e-01 -2.025742162278431624e-01 5.557642032469949367e-01
5.006449444636995594e-01 -1.778566026466669725e-01 5.308367819178436697e-01
7.931838757683457031e-01 2.993738436834343375e-01 7.014439813270371138e-01
4.840333151597192574e-01 -1.526116876226413788e-01 4.417414225109519421e-01
2.468991144887406897e-01 -2.289385788727931192e-01 -3.972833195427862840e-01
1.929574169528284755e-01 -3.391390722945367142e-01 -2.092203448019491763e-01
1.230490464187760091e-01 -2.957214511513880373e-01 -3.724262852156500769e-01
4.792080484597109891e-01 1.352957454637237766e-01 -8.896434529333498986e-01
3.884295146142051069e-01 7.753249780877792541e-02 -9.940304231177705674e-01
1.652814268752612614e-01 -4.631883362171806962e-02 -1.172376535575644363e+00
6.542755235868562558e-01 4.324064126426285792e-01 -6.823387371155307246e-01
2.376088023069803379e-01 -1.803705374501441416e-01 4.893679027440853702e-01
1.364350303258680119e-01 -3.714765641593422707e-01 2.004291323514432732e-01
2.807074259569074526e-01 9.770268787176387970e-02 -1.160924248788743007e+00
7.679929112776785471e-01 3.260429027825046400e-01 -2.036730332094834339e-01
1.084962053271458504e-01 -1.767711224448705876e-01 -6.977838652362615690e-01
1.211749152656146078e-01 -1.847654689003804251e-01 -7.294309209476754763e-01
1.308817494349999166e-01 -1.937686375718758736e-01 -7.681231431925186204e-01
1.401825214179733547e-01 -1.809017289926284633e-01 -8.069049566245510841e-01
1.948739481094933224e-01 -1.251266651739633695e-01 -8.652303033843680158e-01
2.074318778402801655e-01 -1.204332534107548924e-01 -6.142506064041650671e-01
2.193543353576590804e-01 -1.208834669433233033e-01 -6.084210635563573888e-01
2.300671218741058288e-01 -1.224917554102966932e-01 -6.000846009445983675e-01
3.471952009781626991e-01 -1.255342421857076340e-01 -5.206781915482947554e-01
6.172860340376163935e-01 -2.261292314066524686e-02 -2.656419314577612711e-01
1.361032578864882492e-01 -3.197799493750064226e-01 3.171282087028629570e-01
1.707901331115699584e-01 -2.266639629714795601e-01 5.304625740109508714e-01
2.094674972151875370e-01 -1.972297123410546305e-01 5.223183337884232946e-01
1.957270611034994667e-01 -1.110023674785318437e-01 -6.204660870846454568e-01
6.254165200765410271e-01 1.087841574456475668e-01 -4.910207493840170745e-01
1.104273221149608963e-01 -3.151280329594095542e-01 5.280326756777157238e-01
2.364057609883447597e-01 -8.023078800336429228e-02 -9.356331008986438214e-01
8.863657498442559235e-02 -4.257732412055390547e-01 2.485787496471900115e-01
1.839748532124311220e-01 -3.510995677481298372e-01 3.466481673161951604e-02
1.287032510718199019e-01 -1.148419782798491551e-01 -9.921478489883903684e-01
3.859272730841563082e-01 -2.662428392877145764e-02 -7.452162633437839911e-01
3.224017852452004673e-01 -1.919988780267128936e-01 -2.194469954559664093e-01
3.208115406444372875e-01 -4.955077968522263870e-02 -8.532286028997400074e-01
4.707480127572645223e-01 -1.677374783496145549e-01 -1.984644694091422801e-01
3.798404731541150103e-01 -1.669193504918062287e-01 -3.184759970035389576e-01
5.255065634496802751e-01 -9.273541980048408129e-02 -3.541263532752376708e-01
1.533510668513591579e-01 -9.466792751826953733e-02 -1.093084327043514214e+00
2.248301616687309323e-01 -2.941358737608486540e-01 -1.638059920916936155e-02
4.532551692302401181e-01 4.501891040959588725e-02 -7.978136973982423719e-01
3.658430591529364118e-01 1.141917889108425357e-02 -9.143413092621475169e-01
4.414604986995011027e-01 -3.379375559463477369e-02 -6.197558955709097095e-01
6.910551797351884851e-01 1.545588104859672851e-01 -3.582832459791887025e-01
5.338970137280907302e-01 3.169053976753138241e-02 -6.152343822698405074e-01
7.299085695694749187e-01 3.244122028129570734e-01 -4.124369894613852394e-01
4.241504484930473939e-01 -1.170432044732589438e-01 -4.463016501948761094e-01
1.791557501625578586e-01 -3.135198869313847725e-01 1.379216475669696740e-01
1.795817192995504685e-01 -4.267934116746801010e-01 -1.891986805528467208e-01
2.215076024001885191e-01 -3.489464849693428294e-01 -2.025285534834275203e-01
1.516620682068307302e-01 -4.853672737737722009e-01 -1.284924314710802484e-01
2.271480172933364461e-01 -2.617510491215517821e-01 6.289794875547908282e-01
3.415883688063328094e-01 -2.857086203928563828e-01 7.028425280316348278e-01
4.411389066158204475e-01 -2.834483998096044011e-01 7.156721314969961556e-01
5.203705665429236848e-01 -2.532726127691928841e-01 6.919276137433575391e-01
5.718635830845607559e-01 -2.056640346293633348e-01 6.413851212761211285e-01
6.006188839249705369e-01 -7.508223704532074327e-02 4.686438191929874764e-01
8.010434481533791340e-01 2.665222368955065813e-01 2.312550266532203413e-01
5.493751468563790041e-01 -1.092132183786316268e-01 3.155408562136042261e-01
4.803382037841226193e-01 -1.462166488137323639e-01 2.820982564852551056e-01
3.901367132206828847e-01 -1.727737488434777369e-01 2.858998736167158716e-01
3.043781057640488896e-01 -1.878512557189732646e-01 3.139560765150001265e-01
2.389543979643844462e-01 -1.932315043349090433e-01 3.497080305666727673e-01
1.938761431862184859e-01 -2.005989531588564523e-01 3.812464438732220406e-01
8.062063608135483506e-01 5.211093354039184611e-01 2.692884187848036404e-01
2.207674127539708264e-01 -3.111561933174787353e-01 -2.230407852455523199e-01
1.373944862109869047e-01 -4.133689865923504403e-01 9.605513512432697909e-02
1.322250131259485317e-01 -4.802394409157419997e-01 -2.037322828168013356e-01
9.615002035368197530e-02 -4.443234137259679528e-01 -2.457190096202530594e-01
1.321561995207455320e-01 -4.435485291269120056e-01 -2.144947101057553263e-01
2.035412285525438625e-01 -2.839073387654215685e-01 -2.481865133594233774e-01
8.196613170686761762e-02 -4.610837974897014080e-01 -2.576431734940961560e-01
7.987094804349066657e-02 -3.744546819724129394e-01 -2.663875806557652326e-01
1.936859825609136831e-01 -1.761670973470756962e-01 4.583572852687755050e-01
1.586476286138719660e-01 -2.152017420223469868e-01 4.315105891761800150e-01
1.373842829580773361e-01 -2.618189040877967888e-01 4.070394752622396028e-01
5.204671306619632620e-01 -1.522937529282206714e-01 5.122703422821712760e-01
5.624437132594934940e-01 -1.565432077012734458e-01 5.545547400561677831e-01
-3.610305005056969607e-01 -1.715156810909351792e-01 5.343121282750198375e-01
-2.896528778656435321e-01 -1.781671349811336791e-01 5.321067259679991279e-01
-3.601461518989401700e-01 -1.807419558624306921e-01 6.176604234256856119e-01
-4.333720304500308096e-01 -1.648060753279448898e-01 5.360604888869960893e-01
-3.625573206061190046e-01 -1.622922072123952342e-01 4.506829900524929045e-01
3.910215286429322701e-01 -1.786023070521231548e-01 5.015975539717898446e-01
4.608967389640336032e-01 -1.849336588902567580e-01 4.981235220398716468e-01
3.900135406185654130e-01 -1.879857986127317915e-01 5.856426885802757942e-01
3.205911413252808817e-01 -1.722987974237264464e-01 5.055548635566993187e-01
3.922930673568325588e-01 -1.692369546077981957e-01 4.175241981293190130e-01
