-1.653621188789389240e-02 -3.017265911452131633e-01 -5.195817059129188564e-01
2.411774924432563694e-02 -5.096564313262597068e-01 -2.212706903301189243e-01
2.696416743959773044e-02 -3.202775324345767949e-01 -2.881704558714655029e-01
-3.592153393660924010e-02 -4.622501889123231678e-01 1.411910438099095444e-01
2.390019532981901840e-02 -5.462974613629079101e-01 -1.197123086808712378e-01
2.278228195049691873e-02 -5.363662898262511192e-01 2.464917080091005852e-02
2.518440352019091222e-02 -3.942812730735223425e-01 3.922321381013706976e-01
-4.728591932088477279e-01 -1.247106268898390269e-01 4.944497154801816841e-01
2.568486449071594180e-02 -3.773669765810083732e-01 6.715952608397657286e-01
2.462768798660308622e-02 -4.072321092653297114e-01 8.063634625296245417e-01
2.312731694411485073e-02 -3.947134874927638037e-01 1.280365115701691536e+00
-1.535928986791795792e-02 -2.896195383210813379e-01 -5.486009721427107522e-01
-1.347428720684727688e-02 -2.649164263156669197e-01 -5.761384374391451679e-01
-1.059580702214817094e-02 -2.282830856710915679e-01 -5.947251200719843034e-01
-1.748576807405781419e-02 -2.101030705876729687e-01 -6.896410596114792568e-01
-1.849641481201030890e-02 -2.136539774565295868e-01 -7.330591204729079990e-01
-2.046393764758644429e-02 -2.237968430833103817e-01 -7.805933943582168411e-01
-2.020425943816783754e-02 -2.116410316513726020e-01 -8.251388776087065224e-01
1.282010178547132728e-02 -1.433558240551000562e-01 -8.918788146239569059e-01
2.296899137493646492e-02 -4.670941026583794731e-01 -2.651593927397215555e-01
-4.429534179740879374e-02 -3.698092467411009387e-01 -2.442503896707244326e-01
-7.336343847729587253e-01 1.516762002762028771e-01 9.400999946475252500e-01
-2.809238750415055108e-01 -1.877323725655255515e-01 3.869328639646183454e-01
-3.528653518202951034e-01 -1.800574341575700288e-01 3.803132312861912112e-01
-4.198542343230649010e-01 -1.601945964842954595e-01 3.923482702949709910e-01
-5.017237171987609656e-01 -1.100640547317865980e-01 4.678598428027718192e-01
-2.175293164018921033e-01 -1.829180354652670815e-01 4.119090419960245164e-01
-3.824391321542641720e-01 -2.442971981838493178e-01 6.924113452826459181e-01
-3.002779671949085127e-01 -2.435629810284289931e-01 6.769972747438703919e-01
-4.551179585548936757e-01 -2.181540950726112982e-01 6.768086919142595193e-01
-5.011762939619401891e-01 -1.846269772504705031e-01 6.380536569749768461e-01
-5.621090307557352617e-01 -6.542082934989890131e-02 4.095269805163170851e-01
-2.476642959219748086e-01 -2.891657050004955987e-02 -9.925956590326254769e-01
-4.958662687807802172e-01 -1.065813849763778132e-01 5.323981405705837666e-01
-7.568728012333103550e-01 2.347792814012628071e-01 5.103598355313496704e-01
-6.389126889376761653e-01 -4.292834049713652178e-03 4.986069033808488982e-01
-3.286985382598395233e-01 -1.967658781463210715e-01 -4.918668016029137391e-02
-9.538535354145749601e-02 -2.902676352119049064e-01 -4.975045898130949773e-01
-8.273197131542975313e-02 -2.515655112257260129e-01 -5.668518009460918883e-01
-1.638169681167058744e-01 -2.418422572622520583e-01 -5.171688475015563391e-01
-2.061157772476294170e-01 -1.876449203815109268e-01 -5.438973343781636771e-01
-1.388800422857074945e-01 -2.187108972534754781e-01 -5.664034067965610930e-01
-1.799047068892358769e-01 -1.673224489916500524e-01 -5.759523536498067919e-01
-3.131641933543276579e-01 -6.145580093415781153e-02 -6.785583689515100048e-01
-3.563643323737447632e-02 -5.021121278140547872e-01 -2.139520376768615506e-01
-4.616472385865488803e-02 -5.360807737554385000e-01 -1.150261187636140159e-01
-5.946611601614470999e-01 -1.746399159182221439e-01 7.391320795480051942e-01
-1.846033518590006750e-01 -2.416991305354443398e-01 1.982797900140229608e-01
-1.979643433117894702e-01 -3.339730904819275814e-01 -1.476470319153666555e-01
-2.034937565489780553e-01 -3.205387599967934875e-01 -8.768653896352951449e-02
-5.351047961390875685e-01 -1.084291316641902148e-01 -8.313371242541667261e-03
-4.167316589788044867e-02 -5.134147413432721407e-01 2.009286924329550805e-02
-4.344446693855452679e-01 -3.049384507339691908e-01 8.327739134064415794e-01
-5.291916887388303792e-01 -2.467397636045198794e-01 8.054631246221957142e-01
-6.635880172046881853e-01 -4.319967151350342927e-03 1.091962970536559219e+00
-1.258968424629403060e-01 -3.576833159869341472e-01 7.126648632003096395e-01
-2.275050678816992189e-01 -2.197662931054455981e-01 6.278171196430077927e-01
-3.615338717628771015e-01 -5.702485203794432911e-02 -5.694524931709397109e-01
-6.698400244982138929e-01 5.360550618912482967e-01 -4.040100543061431182e-01
-1.450863584874115819e-01 -2.999610623416559818e-01 -2.054901738677794576e-01
-8.976173368115825113e-02 -3.003397468480843990e-01 -2.377966595365734737e-01
-2.610569593410447808e-01 -6.888201833887375169e-02 -5.923430408757450749e-01
-2.471270245755532446e-01 -8.673520632627634841e-02 -5.999189082566456221e-01
-5.640714055609485911e-01 -2.221787868484881301e-01 8.770994343368343493e-01
-2.022035101174157745e-01 -2.896197012224535072e-01 -1.850514245087322429e-01
-3.039519875984453279e-01 -3.435970101780227992e-01 8.119230298777679877e-01
-3.147125043496856733e-01 -3.675713584069928430e-01 8.918995285036741549e-01
-3.811538317223117645e-01 -2.956233529087182177e-01 1.267838679249742029e+00
-6.127369422290129819e-01 -1.292735753165930035e-01 9.710909687363766807e-01
-3.396029506263964493e-01 -3.352602640489354968e-01 1.070713952345059283e+00
-6.328238336846148115e-01 -1.218723320403825028e-01 7.977017642261685637e-01
-6.823522824179484303e-01 8.005023204615518972e-03 8.503442949281021512e-01
-9.095376186504167126e-02 -2.782055148030739833e-01 -5.366340734426193748e-01
-1.516969292207162034e-01 -2.329570377520342461e-01 -5.432872483899178206e-01
-1.939993190090887332e-01 -1.829086722029313883e-01 -5.598818340047198028e-01
-1.288775540224280647e-01 -2.821141018145802981e-01 -2.223155434835430988e-01
-2.537099052672833199e-01 -7.808905801866067309e-02 -5.962603645489350512e-01
-2.330856432599730521e-01 -1.167697682155923733e-01 -6.388246592253876699e-01
-2.391450629717857268e-01 -8.892036315575407857e-02 -6.027289222864338214e-01
-1.131115406347427133e-01 -4.023680307955226354e-01 -1.900720627126790685e-01
-1.692763157437067179e-01 -1.534298964878340055e-01 -5.881829008740520059e-01
-1.270595040702651168e-01 -1.885180037921270202e-01 -5.831985001179784689e-01
-7.423267272702549491e-02 -2.185040601366148305e-01 -5.861892921964901859e-01
-8.290687068879148969e-02 -1.377343030808373392e-01 -8.826241377875136962e-01
-1.027075432198927274e-01 -2.075903514675689898e-01 -8.100797375568342673e-01
-9.944376289003997726e-02 -2.195633384029940238e-01 -7.643530916447680568e-01
-9.127779979044148284e-02 -2.081293910247461465e-01 -7.160451289373446215e-01
-8.183097016331031259e-02 -2.044100248479994164e-01 -6.753042024005084798e-01
-1.776264165696586073e-01 -1.508222828977676677e-01 -6.401136553806558993e-01
-1.927609326794810229e-01 -1.578057479635219806e-01 -6.582339116397664114e-01
-2.082407069608389616e-01 -1.649237228808466682e-01 -6.810155919429847771e-01
-2.192891485099519588e-01 -1.496153348071307398e-01 -7.060660779927010466e-01
-2.768316103928880612e-01 -1.757390573475468010e-01 -4.160322633491655431e-01
-7.492272090897067471e-01 5.691803593713018472e-01 1.163284462539991848e-01
2.700856031640611055e-02 -3.716853096536323342e-01 -2.732744964428355239e-01
-2.059199591409046626e-01 -1.154918450158446408e-01 -6.224866279338723274e-01
-2.195697207915765503e-01 -1.196378495121196428e-01 -6.304953374126913701e-01
-6.666222906943608528e-02 -3.006914530824342791e-01 -2.770457189721076130e-01
-1.770691230279466399e-01 -2.315825781041251918e-01 -2.381519826488491809e-01
-7.784465591728118028e-02 -3.017196290936245973e-01 -2.579457496759480772e-01
-2.576130161735346036e-01 -2.095771382291378160e-01 1.476679420388056219e-01
-3.724166904381398524e-01 -1.786709056002688811e-01 8.977198305881128881e-02
-2.150120828737778211e-01 -2.755889879689732425e-01 -1.255348841347118105e-01
-5.523470783523976024e-01 -1.612728903459093033e-01 1.204777975583795069e+00
-5.036898509636777987e-01 -2.405684090779658391e-01 1.049703162829895398e+00
-4.565566509214136204e-01 -3.030598611621471150e-01 9.138405103463638213e-01
-2.556895221353552294e-01 -9.131796082943055559e-02 -7.634887003951424944e-01
-1.456923485948591335e-01 -4.001400074514016580e-01 8.475369968286372568e-01
-1.694402524750238115e-01 -3.877665672540508979e-01 1.057499113361639154e+00
-1.961394672957306184e-01 -3.723893225736318868e-01 1.288221605268660142e+00
-4.736854389303424284e-01 -1.323504816738951817e-01 4.206934252467453561e-01
-6.405923504051891371e-01 -1.583987333037062406e-02 3.436081881371411129e-01
-1.753583388482216066e-01 -1.777680958048133419e-01 4.364018468181480870e-01
-5.653289424484242431e-01 -1.216024517382244818e-01 6.029294936689026940e-01
-1.357200428281135629e-01 -2.754062497700537904e-01 2.576802428664910494e-01
-1.569302862017751821e-01 -4.074521732746383407e-01 -1.231128482793127921e-01
-7.031521891773095945e-01 6.826265508874063137e-02 2.865225157865669559e-01
-5.966769517624470609e-01 -6.996092725845526328e-02 2.586438943855551287e-01
-5.095418258087569541e-01 -1.301055355010823922e-01 2.060404444143206781e-01
-3.744705992094665703e-01 -1.649404479766225506e-01 2.106705022708132979e-01
-2.740890110003963986e-01 -1.871544160244464905e-01 2.471054483166992277e-01
-1.989708377457333199e-01 -2.120045029443407003e-01 2.890095732987143506e-01
-4.149133950394512382e-02 -3.642824005597500303e-01 3.755325456328182376e-01
-6.898933491031300491e-01 7.554077961488658843e-02 7.049871587281475449e-02
-6.216852447231957512e-01 -9.016606107806379722e-02 6.290532701302007368e-01
-1.415596895381916742e-02 -4.629374126441256898e-01 -2.592188925127392185e-01
-1.793597349659359352e-01 -2.575610502043002015e-01 8.889829604817367503e-02
-7.760155343367181047e-01 4.574619007433433637e-01 5.578374823202265631e-01
-1.404511057816071329e-01 -2.295809039179630417e-01 3.371164677119837805e-01
-2.193154652410056471e-01 -2.069791695007250354e-01 -1.197701237494200877e-01
-5.239205061412732789e-01 -9.296465237042783603e-02 5.327141222205815652e-01
-1.606931862183014204e-01 -3.901277544944736775e-01 -5.043314441852830843e-02
-7.182663726251448111e-01 5.706179306445768873e-01 -1.347579735474443430e-01
-1.713859922348826004e-01 -1.661661985732720836e-01 4.719037338359659550e-01
-1.039937057605988535e-01 -4.663517085488066982e-01 -4.883719398007024814e-03
-5.365395976525810795e-01 2.043163092574307171e-01 -7.121262768161251699e-01
-5.297555986410174000e-01 3.416931960081903696e-01 -8.048802561666157374e-01
-7.444995588759439897e-01 3.243379728033404241e-01 8.845713852252257148e-02
-6.172449241134358999e-01 2.732964438693543663e-01 -5.582369065811576547e-01
-7.224603824543329722e-01 1.389289414283378932e-01 6.979517673475044148e-01
-2.590160150162272856e-01 2.374653808856536097e-02 -1.075101973079660489e+00
-2.066561497676235037e-03 -3.664084874511353007e-01 -2.675894928865441003e-01
-2.427647131780608092e-01 -2.209602903845997446e-01 2.219441646517142375e-02
-6.990699589393045699e-01 6.686822667573222301e-02 4.945250126065747764e-01
-4.084730935407776542e-01 -1.611362818366846028e-01 4.446284123742194616e-01
-3.493412941249296466e-01 -1.779810375746837536e-01 4.319727540838202984e-01
-2.442473755239358280e-01 -1.033264895033579878e-01 -6.479434186936288143e-01
-6.730110037680958612e-01 1.248002255062171661e-01 -1.296565504762728915e-01
-1.269222306153938717e-01 5.626794336323953649e-02 -1.203912359705405777e+00
-3.366357177035266268e-01 1.831552104502995881e-01 -1.054373446609884191e+00
-4.265497329149425809e-01 2.539113714526251009e-01 -9.539084341983539161e-01
2.373136157230282262e-02 -4.056532802431966900e-01 1.039064647402365260e+00
2.089113160049893558e-02 3.480993884440086727e-02 -1.225571485516994130e+00
-2.887596573567741132e-01 -1.826993233625184843e-01 4.384265272283061066e-01
-2.293472384097272609e-01 -1.769221320315406132e-01 4.549256683593436712e-01
-1.899317596720440093e-01 -1.655344955030990661e-01 4.642822918806692734e-01
-6.702125571888295497e-01 -2.311609181322149542e-02 6.684706194045642036e-01
-2.427608058383690093e-01 -1.992954272134639382e-01 5.559683893238700492e-01
-3.082948390425599428e-01 -2.127455455792226502e-01 5.929803840029617135e-01
-3.709408701012151255e-01 -2.093727365519271189e-01 6.020109388228851444e-01
-4.299448648871440071e-01 -1.899501587905927380e-01 5.889008276184455326e-01
-4.649285795943924882e-01 -1.645024632245029039e-01 5.652659474151651153e-01
-7.673020019573506545e-01 3.174361271077388302e-01 7.733959351033448115e-01
-4.471529867298151828e-01 -1.413453589977375913e-01 4.680574398868730945e-01
2.511965036704183474e-02 -2.998118036945642828e-01 -3.630408507044511346e-01
-2.071492310643472390e-01 -2.204720457465536576e-01 -3.748085238929248497e-01
-1.446227432058933005e-01 -3.281004132884586255e-01 -1.931609126218696293e-01
-7.435121308595615819e-02 -2.908242925994581896e-01 -3.628425350657407122e-01
2.554173756617206248e-02 -3.598895615462449626e-01 5.355524750504425668e-01
-4.454902869804424625e-01 1.526771591827253971e-01 -8.546981131484585603e-01
-3.572861435416001541e-01 9.346099486605996542e-02 -9.668293896400594889e-01
-1.352862803176180240e-01 -3.889498200005336859e-02 -1.154051521743326703e+00
-6.051250488294179775e-01 4.486671220770510615e-01 -6.309721173773397140e-01
-1.942059606415735828e-01 -1.803815619986703922e-01 5.040129544047560195e-01
-8.884396057556864790e-02 -3.657347438851932253e-01 2.084556749438140066e-01
1.536202130578645519e-02 -5.807164088613703257e-02 -1.174019184358064294e+00
-2.404573878733895498e-01 1.073659917910447792e-01 -1.142782442393830422e+00
-7.194816377026214127e-01 3.427349810589022105e-01 -1.368950016756602661e-01
-1.355607951201333039e-01 -1.808315193288512202e-01 -6.561816045893609228e-01
-1.506845858029781660e-01 -1.873943620845022195e-01 -6.869249607741130248e-01
-1.628628957163660296e-01 -1.958647084734352894e-01 -7.262730036296227709e-01
-1.702258889234185002e-01 -1.825046500087843526e-01 -7.684649482560983458e-01
-1.801898383346491883e-01 -1.229508412336259848e-01 -8.355413903350505933e-01
-2.126646706090162819e-01 -1.248344776915675247e-01 -5.894168807710973290e-01
-2.252205189276517139e-01 -1.268530036237088821e-01 -5.816144485168566192e-01
-2.358732650732602298e-01 -1.288119444642041866e-01 -5.727930521753141768e-01
-3.306533758373619847e-01 -1.193958638293832752e-01 -4.835348093460507535e-01
-5.869146036791406118e-01 -6.251077630377799288e-03 -2.104129462165449382e-01
-8.736991255517079225e-02 -3.154693412099884853e-01 3.242818142254737523e-01
-1.225282045619824345e-01 -2.220770970965091351e-01 5.429891789149023928e-01
-1.659252294722790566e-01 -1.964668100365773995e-01 5.371468068041909127e-01
-1.999117202399904869e-01 -1.174404584960685449e-01 -5.966355406943439910e-01
-5.915126687031246888e-01 1.266507346200299589e-01 -4.365279573945546332e-01
-6.521256795954721852e-02 -3.113358044693637083e-01 5.329668606390862706e-01
-2.170140598971643797e-01 -7.175749394153263516e-02 -9.092001367786020083e-01
2.357437760551861494e-02 -4.874437590184577118e-01 1.499936444893665843e-01
-4.011983854212530787e-02 -4.193836059735200905e-01 2.516185305930296323e-01
2.458600351405770823e-02 -4.386119708168401132e-01 2.665940941584654666e-01
-1.387722521606971071e-01 -3.426820991701884367e-01 4.899717922362806233e-02
1.340113377478718837e-02 -1.086974442163004539e-01 -1.089616308425114255e+00
1.331951758245816797e-02 -1.246258565895176362e-01 -9.828501763671777525e-01
-1.046640543013467317e-01 -1.077939098312546973e-01 -9.702621323400029141e-01
-3.759605699308314897e-01 -1.420429931705592674e-02 -7.009323172874610819e-01
-2.815484558722403108e-01 -1.795138688004449534e-01 -1.910190882262785550e-01
-3.056889610715898264e-01 -3.822864260554131866e-02 -8.203968436299398093e-01
-4.403184725755693307e-01 -1.522199964466430799e-01 -1.554565926446827007e-01
-3.481498301956289509e-01 -1.539206619258326469e-01 -2.820673471007526523e-01
-4.990716722079469037e-01 -7.570935576825643665e-02 -3.042401415357165462e-01
-1.271793397524844105e-01 -8.742303101407511434e-02 -1.071803930703334906e+00
-1.803325141692058153e-01 -2.851531993079081673e-01 9.691191635585738595e-04
-4.291489648925161937e-01 6.110015344720404196e-02 -7.609817212542084874e-01
-3.407914811574697111e-01 2.645855571706917653e-02 -8.837594945171574068e-01
-4.289717169057665203e-01 -2.246844318778104532e-02 -5.681628297709289122e-01
-6.526324302288344370e-01 1.716896601242634546e-01 -2.990612183175489491e-01
-5.116932293574136814e-01 4.939485313903574371e-02 -5.661176704174399887e-01
-6.828695680304797122e-01 3.395564325905140457e-01 -3.504257869727211983e-01
-4.046020702024835103e-01 -1.044561798487882998e-01 -3.996016776191528841e-01
-1.328068160845674583e-01 -3.087052910635179614e-01 1.505932315354061579e-01
-1.349308261570314471e-01 -4.175892941114534018e-01 -1.736633210230753566e-01
-1.758329239974543157e-01 -3.366439763707131938e-01 -1.841737680023156631e-01
-1.056649260554443082e-01 -4.748075213751690171e-01 -1.153814265558125163e-01
-1.802448215961227618e-01 -2.551118901174831421e-01 6.445189074966366505e-01
-2.983694048654506048e-01 -2.724640394687938283e-01 7.222681825987802284e-01
-4.001595936098567563e-01 -2.671157322506534371e-01 7.400618078349214812e-01
-4.828588833267666303e-01 -2.356524151990591065e-01 7.217652864259935797e-01
-5.385609947198055636e-01 -1.877652799495965752e-01 6.774559080482296380e-01
-5.731334000994969813e-01 -6.016761721759100734e-02 5.156448874277326233e-01
-7.611808987868329268e-01 2.815784616032068755e-01 3.029709064496119986e-01
-5.261955340684920657e-01 -9.621352472427791014e-02 3.575701755038300789e-01
-4.577996795433669774e-01 -1.344577412943470662e-01 3.163662104570210687e-01
-3.651231215734362934e-01 -1.640793824178743421e-01 3.078307366418955304e-01
-2.752938565053615338e-01 -1.820337896550139334e-01 3.263581851388930311e-01
-2.039995014957529662e-01 -1.879139896712000990e-01 3.571734395008783203e-01
-1.545440392299957111e-01 -1.969734122899513551e-01 3.857932652006668128e-01
-7.656380357952663473e-01 5.347974187499993093e-01 3.438532459311449685e-01
-1.754185825486846984e-01 -2.988670667751880394e-01 -2.052452842161127666e-01
-8.961571786802791095e-02 -4.074674399267674829e-01 1.051019119335229179e-01
-8.715770444190917843e-02 -4.702606092630392531e-01 -1.918522844521086679e-01
-5.170477923833738387e-02 -4.350201666358191055e-01 -2.369418277685402252e-01
-8.735799269611099760e-02 -4.344985651056676446e-01 -2.024181492832359819e-01
-1.565573231207590954e-01 -2.711621867872868741e-01 -2.320206922962420037e-01
-3.730779366887554405e-02 -4.525904544932290996e-01 -2.500661633760881131e-01
-2.685266585937703954e-02 -3.671513209671277700e-01 -2.598928763285583976e-01
-1.483971838881759098e-01 -1.746188789332148161e-01 4.670388306729806871e-01
-1.154852583448275904e-01 -2.121158209088935820e-01 4.370281193939669073e-01
-9.650256069814622251e-02 -2.574152751091318692e-01 4.105363555282814936e-01
-4.830608779508338557e-01 -1.387779565469138277e-01 5.472549807172168990e-01
-5.274261647180900070e-01 -1.397652110423752703e-01 5.932070018994863858e-01
8.321204149646543868e-02 -4.618289216388848928e-01 1.360105250520919906e-01
5.054908542882863287e-01 -1.354397200568913107e-01 4.582566868135384830e-01
9.487394617418387632e-02 -3.740016874922544865e-01 -2.504616061045397135e-01
7.437033188854158539e-01 1.302877855099282556e-01 8.618927423905260454e-01
3.084624754560039150e-01 -1.906040858856794529e-01 3.725127419046594390e-01
3.766587753835359820e-01 -1.855020564747800194e-01 3.623268631093847780e-01
4.415411236791300098e-01 -1.682133148384679089e-01 3.657523866929897061e-01
5.274981784724097622e-01 -1.205513874379082750e-01 4.269489203243970188e-01
2.520531685520799314e-01 -1.853142403829277640e-01 3.981386655566008237e-01
4.131233223739805283e-01 -2.530993299028949650e-01 6.602106191961567561e-01
3.326013935786598097e-01 -2.506015341532474849e-01 6.473647522918763997e-01
4.857603385912412364e-01 -2.306520755401386680e-01 6.410553344417611044e-01
5.305997159077691094e-01 -1.996007932293775156e-01 5.968529722979258878e-01
5.780724093632549909e-01 -7.887266232885570272e-02 3.579658247066643817e-01
2.701278449709136886e-01 -4.019373808873982767e-02 -1.004430371638039610e+00
5.299965017953489621e-01 -1.179836717404425528e-01 4.920363687822750798e-01
7.809720194657643333e-01 2.149854239358806041e-01 4.349828930630916801e-01
6.501963605543181757e-01 -2.101479716068849202e-02 4.363519025217197367e-01
3.628368167671069955e-01 -2.059102730383699509e-01 -8.097653851601693820e-02
6.422946804956203293e-02 -2.912761744226912697e-01 -5.052364426452200519e-01
5.838967452398619029e-02 -2.500022739136020800e-01 -5.752520064972270752e-01
1.417730186288306271e-01 -2.391290375884176367e-01 -5.325722189094532766e-01
1.935915704493960110e-01 -1.810581754843079150e-01 -5.610761461974567155e-01
1.207402494978806473e-01 -2.135703548139507024e-01 -5.792126832776967049e-01
1.705143158985122920e-01 -1.610692998648837193e-01 -5.890465554882866606e-01
3.164504800585921096e-01 -6.786053818532883364e-02 -7.056749841974427895e-01
8.171986638749739740e-02 -5.056149500439497402e-01 -2.194180148704449884e-01
9.061360626265058116e-02 -5.399620974892904712e-01 -1.214890436340606561e-01
6.130195896200518746e-01 -1.908514847861653152e-01 6.901071923196298030e-01
2.257609270659388656e-01 -2.438406824198580125e-01 1.794446577792374597e-01
2.408068722058231970e-01 -3.414476157860755201e-01 -1.653450598075418831e-01
2.448784025980055290e-01 -3.279709157705656963e-01 -1.060236804702558988e-01
5.602263195175716248e-01 -1.207587896882156286e-01 -5.918796581786023303e-02
8.711553155190232545e-02 -5.141510358185286123e-01 1.467061498551883170e-02
4.683104562876394539e-01 -3.204916411071767612e-01 7.961083609918517823e-01
5.559221787637369516e-01 -2.634578358058448089e-01 7.645460865080089263e-01
6.781036687530672680e-01 -2.525098949471460408e-02 1.018612741175554781e+00
1.748831601790357126e-01 -3.615743668533522026e-01 6.928110931929865046e-01
2.643569196149275768e-01 -2.232508487505935335e-01 5.996638787792409886e-01
3.697102897494328744e-01 -6.197100065107563616e-02 -6.034060512593009129e-01
7.147320272505908179e-01 5.147829367286860247e-01 -4.594469282267699128e-01
1.916912807258173146e-01 -3.077498866490366858e-01 -2.188545064563729436e-01
1.400792424321271046e-01 -3.098154968116135777e-01 -2.476962175864640958e-01
2.617441384997243325e-01 -6.096347411097441382e-02 -6.219423289034295976e-01
2.442642792560218989e-01 -8.145295541194835787e-02 -6.265707589563711544e-01
5.880249476182264345e-01 -2.395497969449777997e-01 8.269991767695001883e-01
2.433030192889340526e-01 -2.982973020892241145e-01 -2.027974784903672223e-01
3.466257424991248115e-01 -3.569504837114045870e-01 7.806568750381854827e-01
3.574857068158543427e-01 -3.816507398164503684e-01 8.548041870287548250e-01
4.121868138345163857e-01 -3.096967001986516976e-01 1.220733638431923396e+00
6.337759715828461538e-01 -1.467719449030369105e-01 9.096646358490785289e-01
3.762257036576954761e-01 -3.471227165399248804e-01 1.032037290542433539e+00
6.498102428514407336e-01 -1.382367057328274251e-01 7.358432681987281399e-01
7.015134805865663736e-01 -9.669693825184080826e-03 7.827904327089996173e-01
6.192048370704056337e-02 -2.779298085897594639e-01 -5.448317897940611054e-01
1.311546326449188893e-01 -2.290480532553291759e-01 -5.578843203140491092e-01
1.821381031980815468e-01 -1.767900135796678374e-01 -5.751680900369628979e-01
1.768389935269241153e-01 -2.909114252456754812e-01 -2.343597236854204624e-01
2.526625894203069489e-01 -7.218988627104672151e-02 -6.245880122818388003e-01
2.189523885135642445e-01 -1.130417766953356606e-01 -6.660152396700684818e-01
2.356436070521257253e-01 -8.333148336911566645e-02 -6.273448601537903180e-01
1.575023075433223951e-01 -4.048240116147439061e-01 -2.017859575755789336e-01
1.614342028327779843e-01 -1.471128943447375104e-01 -5.988807184127771244e-01
1.132689217560824968e-01 -1.821402318304410350e-01 -5.927947656597347681e-01
5.549330952681158502e-02 -2.145597258992022471e-01 -5.935546810458709466e-01
1.032940239745151478e-01 -1.404978857402838788e-01 -8.897261992799823105e-01
6.422637885178605899e-02 -2.063971256083376726e-01 -8.188796114041707597e-01
5.998062344684718106e-02 -2.168656682451373108e-01 -7.734099839958377132e-01
5.615051648036062382e-02 -2.046694689793426836e-01 -7.259567641831647933e-01
4.954774878893997148e-02 -2.002454221507787846e-01 -6.851987444148432971e-01
1.566281162798282001e-01 -1.455814740784833194e-01 -6.629938257479430774e-01
1.697391351894508293e-01 -1.547932963146201324e-01 -6.822273101859464006e-01
1.826541440894093871e-01 -1.629266656371168853e-01 -7.059879727480282696e-01
1.955521508281679033e-01 -1.480239250886936642e-01 -7.306821437260726526e-01
3.029667318118205444e-01 -1.822279634140984150e-01 -4.420329257569961534e-01
7.882806901159433721e-01 5.463632761310499575e-01 4.292715494735865889e-02
1.934075196036453281e-01 -1.084512677961899652e-01 -6.467748594800486472e-01
2.056421467519260471e-01 -1.148897216196046456e-01 -6.567229652206449941e-01
1.183164028366484599e-01 -3.060159133190398784e-01 -2.847550618521059729e-01
2.225251529452327848e-01 -2.426899250612850611e-01 -2.540529959250716896e-01
1.289354424729961535e-01 -3.095529076287681924e-01 -2.671471938869973695e-01
2.955031651181982966e-01 -2.130721464201279503e-01 1.221064756619139047e-01
4.055037791616555864e-01 -1.865147663815669432e-01 5.301794717314772809e-02
2.566669948281541380e-01 -2.838330130920407868e-01 -1.449084241433595821e-01
5.741886126295980830e-01 -1.812979238330569842e-01 1.140404537674726271e+00
5.314206858963466118e-01 -2.573131237305226193e-01 9.963106354146828991e-01
4.904032473450214979e-01 -3.192896313086546201e-01 8.702949259135550619e-01
2.632045208561053506e-01 -9.538510503209596259e-02 -7.804330542979220908e-01
1.971515671958989913e-01 -4.063028878319574488e-01 8.171970481817680820e-01
2.114328772827622771e-01 -3.947052441600806816e-01 1.036214220186302271e+00
2.344940126304306816e-01 -3.819867710299451602e-01 1.261826849697271768e+00
4.962790948815509751e-01 -1.423205122808202105e-01 3.857633285756438823e-01
6.482213899367650356e-01 -3.357869772623750526e-02 2.825274670350186312e-01
2.150552449637066488e-01 -1.773665465831530952e-01 4.228495264146761023e-01
5.886302720238134611e-01 -1.364632882662671909e-01 5.544868339009587643e-01
1.793807554642778967e-01 -2.761912788281328801e-01 2.434959683826236621e-01
1.998553143693015954e-01 -4.135935880168872814e-01 -1.389780716911293013e-01
7.285791115450379607e-01 4.975376511705981164e-02 2.177278817995631499e-01
6.039128172983687648e-01 -8.489880871675126173e-02 2.039943320166091034e-01
5.189520846665018894e-01 -1.422817686172095364e-01 1.609343787988284369e-01
3.914165171261529963e-01 -1.720635776947698758e-01 1.797094798033964658e-01
2.974345449925230866e-01 -1.913938631033840210e-01 2.270233563651284925e-01
2.276129731065212880e-01 -2.150058674009347470e-01 2.750020174103440240e-01
9.088350946136136699e-02 -3.647351903373685644e-01 3.691860221058509417e-01
7.179285938251211974e-01 5.908784276103790090e-02 4.978437354954817762e-03
6.362481800278452226e-01 -1.060368175995559659e-01 5.702774428428627473e-01
5.884576081013265236e-02 -4.637538550987239105e-01 -2.621631702145834630e-01
2.218952162041887277e-01 -2.600793553656632895e-01 7.119970232074412930e-02
8.010890485456556576e-01 4.371712597433643488e-01 4.782280354782533216e-01
1.759921851848922358e-01 -2.307425543596686168e-01 3.281813463150200505e-01
2.648206400516839309e-01 -2.153514938536726930e-01 -1.398595477416009203e-01
5.544728030380596806e-01 -1.046974473150896756e-01 4.883050865624536385e-01
2.020657310549500707e-01 -3.963397651378208764e-01 -6.607437358479162359e-02
7.624899400169127262e-01 5.468080863626312293e-01 -1.997777610954187821e-01
2.150765787086905689e-01 -1.640358246479767246e-01 4.567601366073361646e-01
1.458196421381519059e-01 -4.697043049243632140e-01 -1.582449974589003605e-02
5.656380132376011005e-01 1.842425741607911505e-01 -7.476878516224196858e-01
5.662963799721154601e-01 3.202797215105590567e-01 -8.364397564239567373e-01
7.839443014446523250e-01 3.043891883244085328e-01 1.825738955840933153e-02
6.500852404297496889e-01 2.526578170043869420e-01 -6.050137968115265608e-01
7.446436523312449651e-01 1.204709920476950691e-01 6.254615630662270220e-01
2.864252114875753819e-01 1.181312518944950540e-02 -1.084721255705652254e+00
5.662964152368876736e-02 -3.683349251062253416e-01 -2.702922443580908496e-01
2.817356124974779163e-01 -2.268704631584217424e-01 -1.575600840664936886e-03
7.031962415471681993e-01 4.958123903583633307e-02 4.196990544948566715e-01
4.389247558321685005e-01 -1.693291323504553247e-01 4.183848218393193541e-01
3.803101101355288449e-01 -1.836875011112404366e-01 4.116237957499229161e-01
2.323470772604512291e-01 -9.940690499553250792e-02 -6.760761526396237286e-01
7.034245488891599507e-01 1.078732141278152534e-01 -1.899995528400300060e-01
1.655746570199312373e-01 5.000012261463077090e-02 -1.206603906746437360e+00
3.740528930557474041e-01 1.683276333761174470e-01 -1.065624320906515266e+00
4.639634502038525454e-01 2.361764273710598161e-01 -9.726525197332058781e-01
3.221897346665691941e-01 -1.865545322184303245e-01 4.204053772568170366e-01
2.676938371717207943e-01 -1.776542388937940586e-01 4.379027053070019271e-01
2.326025304862922027e-01 -1.639784510525021943e-01 4.477625346535023532e-01
6.796072526344687503e-01 -3.890883022925689660e-02 5.965893998768576623e-01
2.782730500639285509e-01 -2.005473586347150672e-01 5.267612455634562707e-01
3.380497089089118390e-01 -2.176270493541831996e-01 5.582475452578634645e-01
3.998257056628595763e-01 -2.170498511997109858e-01 5.652248061214484309e-01
4.595644781508312349e-01 -2.003225134924502271e-01 5.503342598458882406e-01
4.950800526827947579e-01 -1.758796472071022521e-01 5.254090868058267638e-01
7.843672833312886894e-01 2.960461699287009196e-01 6.936471136879402977e-01
4.786530690451762382e-01 -1.509153406695507016e-01 4.363217539305304093e-01
2.440430213018340844e-01 -2.263218424427801967e-01 -3.943234312943948439e-01
1.908126092292317111e-01 -3.357180545546740724e-01 -2.071037336707275411e-01
1.207536539339135739e-01 -2.922635650352929382e-01 -3.709962242045223846e-01
4.738817469724780906e-01 1.337918741866446215e-01 -8.797546888847973534e-01
3.841111928757290350e-01 7.666959159039621330e-02 -9.827841955359728487e-01
1.634442501213051457e-01 -4.580397913377609598e-02 -1.159208051108198134e+00
6.470029594195381151e-01 4.276000250849834039e-01 -6.747542378172610711e-01
2.349676745264028810e-01 -1.783656385043475012e-01 4.839439436644217274e-01
1.349184941313374964e-01 -3.673474365179885126e-01 1.982012731797677674e-01
2.775872377580235195e-01 9.661667956236608124e-02 -1.148020058140701849e+00
7.594563276428623055e-01 3.224187930613866548e-01 -2.014091166334086580e-01
1.082223073286893156e-01 -1.754895356682211194e-01 -6.741803117406064416e-01
1.205660784441053845e-01 -1.834406477073025066e-01 -7.056533231094324066e-01
1.298902874369703975e-01 -1.923571731175230948e-01 -7.444144516235340348e-01
1.389295220253901064e-01 -1.795917349026163734e-01 -7.845183740030234887e-01
1.928599432745734532e-01 -1.241832473113717583e-01 -8.469529726784719159e-01
2.089439152666237032e-01 -1.182140590761157073e-01 -6.051349043039491171e-01
2.211714913692091056e-01 -1.185774839669127001e-01 -5.991626101020233186e-01
2.320360509143215566e-01 -1.201051546090952105e-01 -5.911608458603936356e-01
3.472378379754861299e-01 -1.231088635490261707e-01 -5.126342783400050784e-01
6.103727584670872730e-01 -2.224163469104031843e-02 -2.625242460662249311e-01
1.345904094905492343e-01 -3.162254526570151825e-01 3.135769914346009379e-01
1.688917246316234966e-01 -2.241444919601054409e-01 5.248685742245018382e-01
2.071391725881044366e-01 -1.950374161493240166e-01 5.168621729293891853e-01
1.970528764645824715e-01 -1.090299085505319621e-01 -6.110971583879241109e-01
6.184904129127639649e-01 1.079072108887000336e-01 -4.848994014041272393e-01
1.091998731932841693e-01 -3.116252443665334937e-01 5.222087381068969414e-01
2.337856523939381148e-01 -7.951853552306198392e-02 -9.204870328297065640e-01
8.765133993297258286e-02 -4.210405817894891101e-01 2.458156860107418851e-01
1.819298906898758617e-01 -3.471969395074037124e-01 3.427950168032287137e-02
1.273167018621723656e-01 -1.137427346867784239e-01 -9.765855718589557810e-01
3.854526485716363027e-01 -2.602493211624820613e-02 -7.322581994495127589e-01
3.188181456525107649e-01 -1.898647248906648599e-01 -2.170077442563655978e-01
3.178094920117331412e-01 -4.915093107294893349e-02 -8.395610581453798460e-01
4.655135358098418941e-01 -1.658686019066402118e-01 -1.962523976922569968e-01
3.756716495193823668e-01 -1.648382738396216851e-01 -3.144531720166017230e-01
5.196686806969590400e-01 -9.105656390276872791e-02 -3.489853147701000857e-01
1.516497956655791235e-01 -9.362590114395075158e-02 -1.078724512240548883e+00
2.223310741764761289e-01 -2.908664223772650104e-01 -1.619852264627605343e-02
4.491924339939030730e-01 4.452571570957158942e-02 -7.876758937694967599e-01
3.619070974878835223e-01 1.124623836995314319e-02 -9.016893592773262966e-01
4.408039230143714349e-01 -3.236068768238692384e-02 -6.080992045354904896e-01
6.833732955207336701e-01 1.528419736920303418e-01 -3.542991825347017176e-01
5.293857995793915805e-01 3.203701667091646277e-02 -6.065268864006201355e-01
7.217953103734586762e-01 3.208062140161458409e-01 -4.078525684297229503e-01
4.210387182340151746e-01 -1.147944329960820520e-01 -4.386639646322167962e-01
1.771643541191014748e-01 -3.100349735986362987e-01 1.363885844424959082e-01
1.775855884192090173e-01 -4.221423407580289222e-01 -1.871488333892075140e-01
2.190454466356372976e-01 -3.452411160050599115e-01 -2.003710766299375834e-01
1.499762766969547911e-01 -4.799722001144601791e-01 -1.270641808041972354e-01
2.246231658023489786e-01 -2.588415695032963981e-01 6.226044479682384392e-01
3.377914617826149879e-01 -2.825328416879280269e-01 6.956616228031542448e-01
4.362354509776267264e-01 -2.802977444642262839e-01 7.082954587468845986e-01
5.145864156775203924e-01 -2.504573747512850446e-01 6.848119531091176881e-01
5.655070643810411468e-01 -2.033779871847762877e-01 6.348460679563627806e-01
5.939427372314476372e-01 -7.424766450355058112e-02 4.632883413074533330e-01
7.921394930649050536e-01 2.635597233978081988e-01 2.286845239220003378e-01
5.432685971484829679e-01 -1.079992647613181589e-01 3.115013088043543377e-01
4.749990304800633112e-01 -1.445913855683667038e-01 2.783143061654409500e-01
3.858001697024882048e-01 -1.708532915902338800e-01 2.819049019498645059e-01
3.009948074050328160e-01 -1.857632052541813295e-01 3.095431739562015672e-01
2.362983132881124604e-01 -1.910836500078527678e-01 3.448836455328065931e-01
1.917211234109039708e-01 -1.983692063531883321e-01 3.761842876197856178e-01
7.972450176488621310e-01 5.153169727932294109e-01 2.662951579420447246e-01
2.182958755389885486e-01 -3.079511531234171429e-01 -2.206929030879412057e-01
1.358672852364994910e-01 -4.087742059970267405e-01 9.498744072743048328e-02
1.307552731497207965e-01 -4.749601123622970711e-01 -2.015054131607987298e-01
9.508127000692034869e-02 -4.397128039904858454e-01 -2.433733053156943438e-01
1.306872244384216231e-01 -4.388327957521345191e-01 -2.122963444486800633e-01
2.011052124363656990e-01 -2.811422789434505631e-01 -2.456311541001461318e-01
8.105504160660359503e-02 -4.562374223942691209e-01 -2.551363460003690520e-01
7.889401667489359671e-02 -3.709504070795599517e-01 -2.642584241089427355e-01
1.915330765057365880e-01 -1.742089215122177848e-01 4.529453365990216973e-01
1.568841894854111629e-01 -2.128096787074973406e-01 4.262832810533789818e-01
1.358571953972953494e-01 -2.589086702313370125e-01 4.022088796961660329e-01
5.146819064433216795e-01 -1.506009399610164223e-01 5.068443173129324464e-01
5.561919006091287088e-01 -1.548031601495569731e-01 5.490253709987902297e-01
-3.570174855194530039e-01 -1.696092078216970833e-01 5.287753828529284661e-01
-2.864332569802741091e-01 -1.761867278362139189e-01 5.266461308705632227e-01
-3.561429668417659400e-01 -1.787329284353766923e-01 6.135727789465166282e-01
-4.285549071034466806e-01 -1.629741823183827876e-01 5.306704287120909136e-01
-3.585273343336936591e-01 -1.604882569677990034e-01 4.439523278736676737e-01
3.866751500068055236e-01 -1.766170627756036282e-01 4.961512529577536412e-01
4.557736662098399449e-01 -1.828780388150885727e-01 4.926915230678496904e-01
3.856783662187623918e-01 -1.858962526436869211e-01 5.801538606614924376e-01
3.170276278470751663e-01 -1.703836194672803117e-01 5.001148614120300984e-01
3.879325550009582457e-01 -1.673558103994388091e-01 4.121173001458195984e-01
