-1.620722277837796654e-02 -3.271053726051620369e-01 -5.435926960421406662e-01
2.570756041884969534e-02 -5.432243274475743178e-01 -2.358348941407821808e-01
2.914061064659406730e-02 -3.406385546717778379e-01 -3.059763512338193880e-01
-3.828943549657354284e-02 -4.927211299737728201e-01 1.504981767814708160e-01
2.547566562863198825e-02 -5.823086910962635976e-01 -1.276035915014030464e-01
2.428406082957616785e-02 -5.717228694376097486e-01 2.627401348851435281e-02
2.684452717992846793e-02 -4.202717901606563000e-01 4.180875764755325186e-01
-5.040294662606221721e-01 -1.329313918626738866e-01 5.273789858321182855e-01
2.737797789735291198e-02 -4.022425248830954203e-01 7.158659612116782256e-01
2.625111367061484791e-02 -4.340763289052427254e-01 8.595179103377725838e-01
2.465184008854401365e-02 -4.207324956014495410e-01 1.364765146060753942e+00
-1.488033972838567753e-02 -3.150118616271814220e-01 -5.736611669491780141e-01
-1.287809724771573489e-02 -2.893530328162289278e-01 -6.029080879673642812e-01
-9.973601644930225885e-03 -2.501140484302527556e-01 -6.235150413481873599e-01
-1.890251109749489095e-02 -2.235349409771022477e-01 -7.519561675446966298e-01
-2.000288866630972606e-02 -2.273036814433323505e-01 -7.979623647159117539e-01
-2.208901965282335234e-02 -2.381374405553930984e-01 -8.471207028404657002e-01
-2.181167660120791885e-02 -2.252173401475444647e-01 -8.923106617588674183e-01
1.345963496555940830e-02 -1.525172375093252208e-01 -9.587404560068391035e-01
2.448307790040327170e-02 -4.976362531266516065e-01 -2.822919563853951708e-01
-4.717651316176357801e-02 -3.935455268850625021e-01 -2.596854530978860431e-01
-7.819946248232008124e-01 1.616745013475680004e-01 1.002070183553618321e+00
-2.994420174770673349e-01 -2.001074503848128128e-01 4.151338985412009741e-01
-3.761257843649388199e-01 -1.919265898561344219e-01 4.082338404622916084e-01
-4.475304882983439647e-01 -1.707544193354690876e-01 4.207679351078410512e-01
-5.347967027433804255e-01 -1.173193364064308852e-01 4.996362184979643573e-01
-2.318685706373873057e-01 -1.949757583422511154e-01 4.412795870032417689e-01
-4.076490304625477457e-01 -2.604009569402341295e-01 7.350878043593627176e-01
-3.200719066240678146e-01 -2.596183411292680709e-01 7.187101135706619459e-01
-4.851187521159836535e-01 -2.325345339187536720e-01 7.186645325441802790e-01
-5.342131940671484003e-01 -1.967973513835565846e-01 6.777510722838795409e-01
-5.991625389145287528e-01 -6.973328731213140896e-02 4.374782644335435400e-01
-2.644998305150619844e-01 -3.085698131740551020e-02 -1.060801513550873487e+00
-5.285531388195634506e-01 -1.136070929270832086e-01 5.668408315861230840e-01
-8.067648879659539141e-01 2.502556312603307909e-01 5.440021053048349486e-01
-6.810289959830906348e-01 -4.575811863573253646e-03 5.315090503504007469e-01
-3.503659253730115886e-01 -2.097364330962470103e-01 -5.242900318821530625e-02
-1.002842477528347320e-01 -3.129649505138329957e-01 -5.214642200587535914e-01
-8.670959578383313771e-02 -2.736731378282508675e-01 -5.936744273079153089e-01
-1.728453857948409889e-01 -2.596685506604958782e-01 -5.433612839137260675e-01
-2.167716470484885027e-01 -2.016134429800523487e-01 -5.755233641629629027e-01
-1.462430236029526043e-01 -2.365797173279106103e-01 -5.955397947695644234e-01
-1.890914531235114993e-01 -1.803232273885355674e-01 -6.108970607536186037e-01
-3.332099827219252575e-01 -6.596333550864502682e-02 -7.286061741239175937e-01
-3.798554102934345589e-02 -5.351834108373636489e-01 -2.280357476183227927e-01
-4.920784339339234759e-02 -5.714185325126914794e-01 -1.226084927615869735e-01
-6.338604630442623566e-01 -1.861519557454898166e-01 7.876636498847373602e-01
-1.967721686365068168e-01 -2.576316279963508649e-01 2.113501424546271323e-01
-2.110138995521358973e-01 -3.559756124113009346e-01 -1.573785508594758298e-01
-2.169078046357231226e-01 -3.416682649662874383e-01 -9.346672342797979205e-02
-5.703782197005127230e-01 -1.155766418912047011e-01 -8.861377744272341817e-03
-4.442020738358101739e-02 -5.472583842422857892e-01 2.141736459352724942e-02
-4.630827061734952288e-01 -3.250396032755140663e-01 8.876693043475007983e-01
-5.640753278255163927e-01 -2.630045331484764937e-01 8.585576778994963298e-01
-7.073308903204491571e-01 -4.604733932769604354e-03 1.163943777237901767e+00
-1.341958012487386442e-01 -3.812613425654565180e-01 7.596428192163786619e-01
-2.425019108920094535e-01 -2.342530059833054512e-01 6.669002732054480909e-01
-3.829839375759844788e-01 -6.207105452644215426e-02 -6.091327255847569511e-01
-7.139950219360979844e-01 5.713911281125303443e-01 -4.306418802053653128e-01
-1.546242501454857532e-01 -3.193202073110390504e-01 -2.188540461054120367e-01
-9.549303635772377064e-02 -3.194056364047244134e-01 -2.530219682260226310e-01
-2.752679498876062780e-01 -7.479993186151040474e-02 -6.367253807296022750e-01
-2.606654764947038405e-01 -9.366632461953403044e-02 -6.459044314090252037e-01
-6.012542709562871401e-01 -2.368245282274035191e-01 9.349167069086314896e-01
-2.155325068101021646e-01 -3.085771099340561818e-01 -1.972145112734002836e-01
-3.239881137521534171e-01 -3.662464854992988350e-01 8.654439572527303781e-01
-3.354579500008920689e-01 -3.918011920913244683e-01 9.506924090625115120e-01
-4.062790046705031521e-01 -3.151104661191321821e-01 1.351412982943910102e+00
-6.531277775400061714e-01 -1.377951240119942300e-01 1.035104043005308228e+00
-3.619891426519319388e-01 -3.573601917312123621e-01 1.141294046238252591e+00
-6.745387711816808185e-01 -1.299060002479865972e-01 8.502852439637189619e-01
-7.273320718900229132e-01 8.532705124116093942e-03 9.063979076543930979e-01
-9.546808293871328344e-02 -3.011778854383112547e-01 -5.617590966217402837e-01
-1.598772704927756694e-01 -2.510195947066197197e-01 -5.706895673156378024e-01
-2.039765520132265086e-01 -1.968073339425198132e-01 -5.928023649104776638e-01
-1.372521946209036559e-01 -3.001658519756316146e-01 -2.367527540834748478e-01
-2.675316114114976163e-01 -8.454976175821796169e-02 -6.414586090294100984e-01
-2.475429685236152366e-01 -1.249832004226842930e-01 -6.906653975428804770e-01
-2.523496697159248736e-01 -9.587614039304090396e-02 -6.492794971204998156e-01
-1.205677086812305121e-01 -4.286696936442346839e-01 -2.024528991476244322e-01
-1.779251281131213336e-01 -1.654155892324535859e-01 -6.246936641536873225e-01
-1.337111719880342831e-01 -2.045120191182473457e-01 -6.146997506141334000e-01
-7.778448223291345442e-02 -2.385462772546623755e-01 -6.149957614273202644e-01
-8.884890194684516573e-02 -1.466090715693422197e-01 -9.485238740925945322e-01
-1.099728293248685151e-01 -2.209980583465183113e-01 -8.760430446310008001e-01
-1.064770555910985461e-01 -2.337315288752270792e-01 -8.293333759692593787e-01
-9.776771990339638840e-02 -2.215298691788395447e-01 -7.788185133206693145e-01
-8.763855815209992128e-02 -2.175756674494595533e-01 -7.355169490657322839e-01
-1.894729268657920906e-01 -1.608777708846662602e-01 -6.949727817123161344e-01
-2.057691596409618739e-01 -1.682812214203528445e-01 -7.142056578027582425e-01
-2.224689328579725345e-01 -1.758115946228766546e-01 -7.379707415236596013e-01
-2.344302948503271811e-01 -1.594649559442939957e-01 -7.641031995357798756e-01
-2.932791657174893540e-01 -1.878061566924157377e-01 -4.413211718134102401e-01
-7.986153081698286194e-01 6.067000004655476175e-01 1.239966668353615353e-01
2.888436555333107059e-02 -3.955362528790320464e-01 -2.903745564108757282e-01
-2.185620115352765458e-01 -1.235963750403195061e-01 -6.737240498477787831e-01
-2.331250393075656735e-01 -1.280256079585930240e-01 -6.821581672247671868e-01
-7.068040793492408325e-02 -3.197716705834567907e-01 -2.944392345626376528e-01
-1.885182563314747872e-01 -2.464887420800874196e-01 -2.537742190424077116e-01
-8.269711775348786986e-02 -3.208451866090480387e-01 -2.743041604694442803e-01
-2.745945366158657475e-01 -2.233921950533084289e-01 1.574020226766189579e-01
-3.969659222109647168e-01 -1.904486631102269012e-01 9.568963615134540301e-02
-2.291854042955870918e-01 -2.937554614740385261e-01 -1.338099825012886712e-01
-5.887570910979675887e-01 -1.719037929488975713e-01 1.284195398370634678e+00
-5.368924415306568498e-01 -2.564263708270129172e-01 1.118898257073384972e+00
-4.866522812426765654e-01 -3.230371794825392939e-01 9.740797123575126726e-01
-2.734824523300760646e-01 -9.734151820860958981e-02 -8.216429635185855673e-01
-1.552962018189844029e-01 -4.265167248132031297e-01 9.034055513413576932e-01
-1.806095371404388139e-01 -4.133276432683214985e-01 1.127208106690231748e+00
-2.090687300438004437e-01 -3.969367502918421664e-01 1.373139525368575420e+00
-5.049101770429991198e-01 -1.410748560998505985e-01 4.503392407028352640e-01
-6.828193785856240261e-01 -1.688401633654923462e-02 3.662584002951814188e-01
-1.869177361959020178e-01 -1.894863412480878306e-01 4.669017597217426374e-01
-6.025947030665230741e-01 -1.296183291922832770e-01 6.411861667504212825e-01
-1.446665344144204557e-01 -2.935606774068371116e-01 2.746722871363811436e-01
-1.672749298954042674e-01 -4.343108992525004375e-01 -1.312282903196062001e-01
-7.495030818920662696e-01 7.276244079999882874e-02 3.054097134572784089e-01
-6.360091330486454808e-01 -7.457266266632894824e-02 2.756933690007421500e-01
-5.431301710706493147e-01 -1.386819265367608689e-01 2.196223645497572541e-01
-3.991552220207763568e-01 -1.758131112864433909e-01 2.247377951855848988e-01
-2.921566067641164777e-01 -1.994913956879693639e-01 2.641506869727416884e-01
-2.120867408114808228e-01 -2.259795685450260994e-01 3.091382403618687658e-01
-4.422639552103441174e-02 -3.882954303506040983e-01 4.002871729509482890e-01
-7.353702360432343710e-01 8.052033116206347430e-02 7.514590220741867999e-02
-6.626659406863648627e-01 -9.610969305736921653e-02 6.697276332180952529e-01
-1.508911224278932511e-02 -4.932114713357784730e-01 -2.759899252702691097e-01
-1.911828992264071880e-01 -2.745391451164234109e-01 9.475835916796182534e-02
-8.271694855447910832e-01 4.876172039747133091e-01 5.946094201855092187e-01
-1.497094629850014291e-01 -2.447145833840096429e-01 3.606555897014420697e-01
-2.337724601228198251e-01 -2.206229715500966915e-01 -1.276652164866927675e-01
-5.584566756149511590e-01 -9.909276272866557322e-02 5.672019273356057045e-01
-1.712858754668571404e-01 -4.158444769507874117e-01 -5.375763218635382090e-02
-7.656135729760640274e-01 6.082323345979632201e-01 -1.436410473469229010e-01
-1.826835375759353619e-01 -1.771196617942285556e-01 5.039338542016569278e-01
-1.108488377973192995e-01 -4.970930165373088627e-01 -5.205647343306474273e-03
-5.719076014941255615e-01 2.177845789663630516e-01 -7.590687299068030747e-01
-5.646764099470029663e-01 3.642171743350846036e-01 -8.579369329088923912e-01
-7.935760173024153374e-01 3.457179146632001210e-01 9.428811874540465876e-02
-6.579329198228478504e-01 2.913117934431765921e-01 -5.950351692682644966e-01
-7.700840465674780866e-01 1.480869595049847387e-01 7.439598549085335577e-01
-2.762345325453773315e-01 2.530187039700060314e-02 -1.146294442298973149e+00
-2.095885825894178156e-03 -3.898894809289190633e-01 -2.843601317027966147e-01
-2.587674524834880918e-01 -2.355257100355303557e-01 2.365744385623248791e-02
-7.451517562594780486e-01 7.127609521791872238e-02 5.271234687543249198e-01
-4.353991172764430928e-01 -1.717581793815183833e-01 4.755707612481683277e-01
-3.723694252948885897e-01 -1.897133198669955778e-01 4.624103854691428150e-01
-2.594431410332117549e-01 -1.106698400176056585e-01 -6.996097911161172078e-01
-7.173750281025768061e-01 1.330268972945187200e-01 -1.382033438149257720e-01
-1.352887816763452822e-01 5.997705331794786487e-02 -1.283272722200989868e+00
-3.588263339556971854e-01 1.952285663974078211e-01 -1.123876407285192780e+00
-4.546673455913401440e-01 2.706488865679694822e-01 -1.016788857773455845e+00
2.529570256582212850e-02 -4.323934254938861521e-01 1.107558464319529978e+00
2.226824826799808643e-02 3.710456606733986140e-02 -1.306359589875919269e+00
-3.077943245376490999e-01 -1.947426290175042762e-01 4.691215410938929242e-01
-2.444655149444169284e-01 -1.885846126251864430e-01 4.862786863329571219e-01
-2.024518182755505880e-01 -1.764463176658552790e-01 4.960084565643056997e-01
-7.143921115050697601e-01 -2.463987442207798972e-02 7.125294302000861890e-01
-2.587632875769627638e-01 -2.124327268016523718e-01 5.913510922917937229e-01
-3.286172404073255393e-01 -2.267694597623275410e-01 6.298391621525678552e-01
-3.953928176855585619e-01 -2.231743194790425378e-01 6.392298639070355115e-01
-4.582862803194998058e-01 -2.024714302404546640e-01 6.255969039108641994e-01
-4.955760767429362446e-01 -1.753462551398110580e-01 6.010194410315348179e-01
-8.178815682588571612e-01 3.383611081293980138e-01 8.243772056814053784e-01
-4.766287395383872472e-01 -1.506626642290533891e-01 4.999341660529923459e-01
2.767192179846575395e-02 -3.205771491646642879e-01 -3.841615971724967604e-01
-2.198684418139863483e-01 -2.349663553664860238e-01 -3.973460521627927289e-01
-1.541560894112050661e-01 -3.493789194176744051e-01 -2.057168656420986785e-01
-7.834239118142716229e-02 -3.106708072536583654e-01 -3.841509568626479965e-01
2.722541622905620684e-02 -3.836130210094201853e-01 5.708554090329547304e-01
-4.749220312895983120e-01 1.627368982884693782e-01 -9.110781557882252635e-01
-3.810462152838081096e-01 9.960740121911987321e-02 -1.030886349309928729e+00
-1.442096604645651814e-01 -4.145926852211984093e-02 -1.230182785332146977e+00
-6.450141178659811736e-01 4.782426847505649725e-01 -6.725649921044709600e-01
-2.070077691046827706e-01 -1.922720837898388435e-01 5.373236161816197232e-01
-9.470044079190748088e-02 -3.898435102899677762e-01 2.221968039857675770e-01
1.637466609646741345e-02 -6.189964915790602262e-02 -1.251498195948676617e+00
-2.563080312466687882e-01 1.144434194298608043e-01 -1.218113198948365117e+00
-7.669089467726672993e-01 3.653276301662835568e-01 -1.459189462245943369e-01
-1.450256861362390626e-01 -1.925697146063479748e-01 -7.134621099620455098e-01
-1.612379814040536541e-01 -1.995566033963611652e-01 -7.461347268461580029e-01
-1.742688533425642561e-01 -2.085864251383662271e-01 -7.880515713258215982e-01
-1.821760774510567948e-01 -1.943621906724488646e-01 -8.319345291163071643e-01
-1.928738321897109920e-01 -1.309544284097430289e-01 -8.992093093477238064e-01
-2.233227848876486732e-01 -1.348258666713475495e-01 -6.310621761286354658e-01
-2.364603063790202686e-01 -1.371021900947999028e-01 -6.225498541528837748e-01
-2.476310178709306697e-01 -1.392698834052492618e-01 -6.128818650496319353e-01
-3.496138704853239965e-01 -1.286390790348139190e-01 -5.151089145322429452e-01
-6.256032634693982075e-01 -6.663141259600935395e-03 -2.242830984339330147e-01
-9.312922541186618997e-02 -3.362646765787473679e-01 3.457159280488826258e-01
-1.306051070471030418e-01 -2.367161352170734645e-01 5.781746513937258136e-01
-1.768628083183880761e-01 -2.094176507993295022e-01 5.718645118995122623e-01
-2.100180580302613009e-01 -1.267716517176831204e-01 -6.389613308748962606e-01
-6.305044270571107390e-01 1.349993884230070162e-01 -4.653033218627504741e-01
-6.951129700806696343e-02 -3.318586623845269923e-01 5.680172119688446930e-01
-2.320402186214620688e-01 -7.648864072829220095e-02 -9.742078143734098639e-01
2.512837041678897543e-02 -5.195754279892628169e-01 1.598810359931057690e-01
-4.276448697047641190e-02 -4.470288367301076260e-01 2.682049022150929662e-01
2.620668141096937909e-02 -4.675247107835969196e-01 2.841676357713904810e-01
-1.479199414812855107e-01 -3.652712647283429259e-01 5.222701088690270832e-02
1.428484000596871861e-02 -1.158548744804579478e-01 -1.163462890072410438e+00
1.411705648619742542e-02 -1.327309083976220827e-01 -1.052414739086372286e+00
-1.119020456004418129e-01 -1.148399588833934337e-01 -1.038782858712048895e+00
-4.008098524726904088e-01 -1.531985521203717976e-02 -7.495540983246153921e-01
-3.001077698770906466e-01 -1.913471933660919611e-01 -2.036108221369785642e-01
-3.266906609242832271e-01 -4.079999515755014516e-02 -8.788425005790441169e-01
-4.693437029550047157e-01 -1.622541438658440249e-01 -1.657040923444359493e-01
-3.709727067966719360e-01 -1.640669150376317109e-01 -3.006463004807924388e-01
-5.319698383397337693e-01 -8.070001963979123172e-02 -3.242952624283124141e-01
-1.357270336226987228e-01 -9.319077582391688264e-02 -1.144345297233681169e+00
-1.922198027902065620e-01 -3.039501333882166367e-01 1.033002258952864238e-03
-4.577176920231635915e-01 6.510841721221780065e-02 -8.125801979642757189e-01
-3.638382318184225639e-01 2.816234098482386927e-02 -9.447171305623247584e-01
-4.563738556936187685e-01 -2.454322324746700812e-02 -6.064639735112400398e-01
-6.956531250674586886e-01 1.830072228640788889e-01 -3.187749512173916333e-01
-5.454229346350973895e-01 5.264930224953232041e-02 -6.035043841891805094e-01
-7.278834563083296239e-01 3.619395605638595637e-01 -3.735254065237327836e-01
-4.307298491026616549e-01 -1.117934025311498325e-01 -4.259510197262301734e-01
-1.415612714910512437e-01 -3.290547489003827764e-01 1.605201470501231853e-01
-1.438252935900852236e-01 -4.450409446895859933e-01 -1.850751021622478731e-01
-1.874236053909994482e-01 -3.586756717894474811e-01 -1.962445016598282077e-01
-1.126302227958823621e-01 -5.061062257270236842e-01 -1.229872231674857264e-01
-1.921263296348976191e-01 -2.719285395300792274e-01 6.853352428114409811e-01
-3.180375343076202732e-01 -2.904245203667104036e-01 7.679203325492958143e-01
-4.265376020661655332e-01 -2.847236595792443925e-01 7.870313182756696335e-01
-5.146883231577539242e-01 -2.511863209210116743e-01 7.676186212261217889e-01
-5.740622464698952321e-01 -2.001425269815408914e-01 7.204190552012463833e-01
-6.109136205811211973e-01 -6.413379015689363305e-02 5.494933560485111279e-01
-8.113569697985294482e-01 3.001397535474539247e-01 3.229423633463817112e-01
-5.608816704725168023e-01 -1.025557971808584989e-01 3.824655819849669403e-01
-4.879772487210884968e-01 -1.433210235785059572e-01 3.390104009201919677e-01
-3.891915706179145396e-01 -1.748952853876888369e-01 3.304193286959624665e-01
-2.934408741433188750e-01 -1.940332241794686663e-01 3.503106219203537819e-01
-2.174468876423516495e-01 -2.003010394577369180e-01 3.829999796589294014e-01
-1.647313845761514406e-01 -2.099576476251112656e-01 4.132691241091910328e-01
-8.161079155762060999e-01 5.700505803871869226e-01 3.665196119854450263e-01
-1.869716394192186826e-01 -3.182994078667373827e-01 -2.186700959580516468e-01
-9.552307133771814618e-02 -4.343271722628061493e-01 1.120300972712665044e-01
-9.290302881127227019e-02 -5.012068535867937324e-01 -2.044679500243120618e-01
-5.511309213589138389e-02 -4.633706284124381458e-01 -2.522008835774172120e-01
-9.311651981094715147e-02 -4.629406158430438012e-01 -2.156045406737967518e-01
-1.667236424100250192e-01 -2.885885336501814447e-01 -2.471566999270349285e-01
-3.976707540219118209e-02 -4.821606883592521875e-01 -2.662300471331713325e-01
-2.854147885743865687e-02 -3.906918720754595231e-01 -2.762374480920717357e-01
-1.581793363943361230e-01 -1.861295320293450128e-01 4.988410087321735187e-01
-1.230978990381260130e-01 -2.260982244473848102e-01 4.671611409555791461e-01
-1.028638860363386143e-01 -2.743837607134826939e-01 4.386152826479232658e-01
-5.149036330090126512e-01 -1.479260218933435844e-01 5.823609912093283825e-01
-5.621934227200973133e-01 -1.489783549420764519e-01 6.305949010878717509e-01
8.869727281245010087e-02 -4.922720933006285993e-01 1.449761660335783242e-01
5.388121646902637174e-01 -1.443677331247573692e-01 4.885381239402968312e-01
1.011718173956466238e-01 -3.980654372401908336e-01 -2.663104705464840460e-01
7.927272901904016678e-01 1.388761896437182841e-01 9.187076139987371270e-01
3.287959271986737875e-01 -2.031684633730310718e-01 3.973904913895345281e-01
4.014876399687410391e-01 -1.977301147107775048e-01 3.865647338576683190e-01
4.706469496550820253e-01 -1.793017213445953217e-01 3.902023327870298708e-01
5.622701835289691807e-01 -1.284979806673016700e-01 4.552564489155521699e-01
2.686681909523386258e-01 -1.975299180224376894e-01 4.246355514454211999e-01
4.403558832449410154e-01 -2.697833139209659947e-01 7.034179315501862817e-01
3.545260519212303230e-01 -2.671208666711208934e-01 6.897125604359173323e-01
5.177810386412113886e-01 -2.458563652690881618e-01 6.830163188638920246e-01
5.655761703440358446e-01 -2.127582221546571173e-01 6.359294689796062272e-01
6.161782030166977897e-01 -8.407184791111305122e-02 3.816783212302046202e-01
2.879459774084249801e-01 -4.281573979575281630e-02 -1.073353714786192459e+00
5.649331931290624276e-01 -1.257610044361320289e-01 5.244407025383082122e-01
8.324526958323374970e-01 2.291569880346104870e-01 4.636564088672752160e-01
6.930564727966466165e-01 -2.240006540904795895e-02 4.651441759267773701e-01
3.867545555237947852e-01 -2.194836148004633003e-01 -8.631440774627324730e-02
6.959988594224428282e-02 -3.144999116120970051e-01 -5.297124009665850064e-01
6.340585250286914776e-02 -2.719422659844720203e-01 -6.030187998255205351e-01
1.516555391156697574e-01 -2.566562943085468618e-01 -5.598222396896874731e-01
2.058559083618373142e-01 -1.937987274869419352e-01 -5.927245750875371755e-01
1.292942482751996414e-01 -2.304259665233316934e-01 -6.089467906961041344e-01
1.814168684588149949e-01 -1.726728695924241164e-01 -6.229779554717942425e-01
3.337411099515956714e-01 -7.262433559317268972e-02 -7.592838483797654803e-01
8.710673542935143399e-02 -5.389141881005370394e-01 -2.338590107204736590e-01
9.658673925864019738e-02 -5.755557081414077736e-01 -1.294974465495952187e-01
6.534290566854501492e-01 -2.034321704925208252e-01 7.355571945223067232e-01
2.406427985450855234e-01 -2.599143482411356842e-01 1.912734200429133669e-01
2.566805531391747053e-01 -3.639356310489909596e-01 -1.762402388303618839e-01
2.610204736057927244e-01 -3.495903389401473493e-01 -1.130126246641259824e-01
5.971557217602403433e-01 -1.287190546086038889e-01 -6.308955962231876935e-02
9.285807593831113538e-02 -5.480432143073539208e-01 1.563768418742052246e-02
4.991808824211112494e-01 -3.416180400597499389e-01 8.485868056267573678e-01
5.925678575545259008e-01 -2.808246392806177383e-01 8.149429820380813538e-01
7.228033950479257896e-01 -2.691550123809360873e-02 1.085758394599919630e+00
1.864112343567754237e-01 -3.854088865268729958e-01 7.384803140906033292e-01
2.817829895441292809e-01 -2.379672590785257835e-01 6.389016229513799772e-01
3.902051248169731146e-01 -6.679396849032903649e-02 -6.476217250936111558e-01
7.618462480761749589e-01 5.487167693170702520e-01 -4.897330819302514460e-01
2.043598449318796417e-01 -3.276711163578673869e-01 -2.330830205354306184e-01
1.495043836423088912e-01 -3.296125833029317498e-01 -2.635499309584448113e-01
2.748823946645293503e-01 -6.556125728594283664e-02 -6.694611539109596166e-01
2.565470744104860756e-01 -8.730782958084618017e-02 -6.750353350097608729e-01
6.267867998604015334e-01 -2.553406130854058986e-01 8.815139091739525590e-01
2.593412430444943517e-01 -3.178329195685458686e-01 -2.161160352382540673e-01
3.694748679801214131e-01 -3.804802029238918415e-01 8.321167822017234705e-01
3.810507072506355009e-01 -4.068086683104752410e-01 9.111517854220005930e-01
4.393576412607016479e-01 -3.301115104573197900e-01 1.301202838100424586e+00
6.755536727920214979e-01 -1.564469637345879960e-01 9.696285695558786166e-01
4.010260207087945616e-01 -3.700046019138745201e-01 1.100067868371578328e+00
6.926449027087850929e-01 -1.473490919287503975e-01 7.843491150184052074e-01
7.477563517275451765e-01 -1.030710759730591591e-02 8.343909765501331677e-01
6.718482956562840669e-02 -3.011360285467068465e-01 -5.707101434833514730e-01
1.403796639438770200e-01 -2.464703439113290484e-01 -5.862523483369246335e-01
1.937654412467628706e-01 -1.893572034283254046e-01 -6.076614158785575981e-01
1.886227026346840585e-01 -3.096346546901045382e-01 -2.495735150144100523e-01
2.653298208177401474e-01 -7.748571885509353274e-02 -6.726340925536131721e-01
2.307408606593936984e-01 -1.204655518734055186e-01 -7.210536582457791610e-01
2.475377580059041627e-01 -8.925708704782048253e-02 -6.759398015755466727e-01
1.678846581519560788e-01 -4.312817495974174964e-01 -2.149152677202108563e-01
1.717647366564167832e-01 -1.577875804184962760e-01 -6.339727131128789495e-01
1.211915016199792694e-01 -1.968200819673215918e-01 -6.240929098017145016e-01
6.017400970334776944e-02 -2.340016247979928021e-01 -6.232009917854708370e-01
1.100365415562777893e-01 -1.494570199592241133e-01 -9.564452802449157076e-01
6.833260135867835761e-02 -2.195688036124533449e-01 -8.858964080786835282e-01
6.379673901288207549e-02 -2.306891474945820253e-01 -8.397250268424341080e-01
5.965657048584110944e-02 -2.176724625852729522e-01 -7.905289008752744984e-01
5.255134630017588293e-02 -2.129812798739935120e-01 -7.473895368651128912e-01
1.657589506306922367e-01 -1.548746907016081975e-01 -7.215298022844844894e-01
1.798278651893731039e-01 -1.646778450427779372e-01 -7.418873930471185929e-01
1.937488900424055860e-01 -1.733351434939666147e-01 -7.666172496194336716e-01
2.075921368167487069e-01 -1.574610590911372787e-01 -7.919871185452569406e-01
3.223430154398894132e-01 -1.945672153151239980e-01 -4.699454044156761157e-01
8.402431447012408405e-01 5.823788442897197548e-01 4.575685808153040490e-02
2.037889165154419535e-01 -1.155168215234398943e-01 -7.010126798374956003e-01
2.167336962423429547e-01 -1.223924878541359784e-01 -7.115980792258054244e-01
1.265224455897372424e-01 -3.255663618978774654e-01 -3.026142620467109356e-01
2.374144082185261073e-01 -2.584306452615339200e-01 -2.706861709233339131e-01
1.377329216182239802e-01 -3.293148616264569561e-01 -2.840748797267558245e-01
3.149823557032265242e-01 -2.271175897128201449e-01 1.301555783174916936e-01
4.322340694923179072e-01 -1.988095811589833950e-01 5.651282271558197290e-02
2.735861547537145055e-01 -3.025429221860134188e-01 -1.544606020705758809e-01
6.120383913711933133e-01 -1.932488510239771529e-01 1.215578545792411091e+00
5.664512576239313368e-01 -2.742748756466855120e-01 1.061986162560062841e+00
5.227300020000162917e-01 -3.403367953131313239e-01 9.276636539956122363e-01
2.796770138045336918e-01 -1.014900827514321202e-01 -8.398139036294374193e-01
2.101475462745319156e-01 -4.330858543838058683e-01 8.710656320958793941e-01
2.253702620511603971e-01 -4.207237088788222668e-01 1.104520135873708675e+00
2.499515579370913398e-01 -4.071668502716534466e-01 1.345004861278729535e+00
5.289931778887373426e-01 -1.517020983689694180e-01 4.114708346327182742e-01
6.909513146427137542e-01 -3.579216163662377048e-02 3.011513162031962398e-01
2.292314115752634995e-01 -1.890583224154680497e-01 4.509063903387655614e-01
6.274320264763675326e-01 -1.454587742302723696e-01 5.908814871018717163e-01
1.912053053691067372e-01 -2.943974545760776884e-01 2.595501567217257666e-01
2.130295210024968355e-01 -4.408571481973817541e-01 -1.481393283718432929e-01
7.766061144516891446e-01 5.303346877586120889e-02 2.320802252120330866e-01
6.437219775833047386e-01 -9.049522956988820255e-02 2.174413797549776817e-01
5.531607421530404523e-01 -1.516608007726212293e-01 1.715429647964952231e-01
4.172181931663354604e-01 -1.834057886024520467e-01 1.915668043734268799e-01
3.170410496679063606e-01 -2.040103016945049585e-01 2.420641786697672604e-01
2.426169290912004728e-01 -2.291787791067261271e-01 2.932411820484206455e-01
9.687443413090240929e-02 -3.887780674510750156e-01 3.935222899982284694e-01
7.652535282296888397e-01 6.298283805494905851e-02 5.306610312733425761e-03
6.781888460548315400e-01 -1.130266295440982005e-01 6.077718338672366549e-01
6.272479837155389704e-02 -4.940766103904481454e-01 -2.791097146229557513e-01
2.365222649690252865e-01 -2.772234537321651704e-01 7.589309619586520617e-02
8.538958137319374586e-01 4.659890275221469924e-01 5.097522133864393901e-01
1.875933648721583857e-01 -2.459528083366451234e-01 3.499479726923822032e-01
2.822772778388039638e-01 -2.295471888130424798e-01 -1.490789101958229779e-01
5.910229408353080416e-01 -1.115989690947323254e-01 5.204758686005817037e-01
2.153856455281099036e-01 -4.224659753882487045e-01 -7.042991116824898201e-02
8.127523013517405914e-01 5.828529758426874707e-01 -2.129468555160194398e-01
2.292541516134228852e-01 -1.748488563453263200e-01 4.869507095722485079e-01
1.554318863897947711e-01 -5.006666117767117896e-01 -1.686763008167994904e-02
6.029202883389124246e-01 1.963876089340015341e-01 -7.969779095781550637e-01
6.036259128340599744e-01 3.413921509944479737e-01 -8.915767950467401448e-01
8.356209068366085013e-01 3.244541365478494921e-01 1.946089420399746417e-02
6.929380277756309603e-01 2.693126970570491885e-01 -6.448955322574034810e-01
7.937296092139400905e-01 1.284122863051268548e-01 6.666911938176816044e-01
3.053059949833860642e-01 1.259183121484975382e-02 -1.156543691166967314e+00
6.047147332870128622e-02 -3.919673371316927390e-01 -2.872413503536783708e-01
3.003072636276202800e-01 -2.418254738372713764e-01 -1.679462137643500386e-03
7.495500381377864230e-01 5.284957088004715864e-02 4.473650768571721947e-01
4.678581141869662119e-01 -1.804910921194231577e-01 4.461671506646025520e-01
4.053796660361563831e-01 -1.957959461791713984e-01 4.389818358564250289e-01
2.447637068753005796e-01 -1.059968458473578568e-01 -7.310599534909654196e-01
7.497933952076714093e-01 1.149840778034486033e-01 -2.025240802824372910e-01
1.764891265784953589e-01 5.329606761240426871e-02 -1.286141692579466422e+00
3.987099812118071185e-01 1.794235756139903604e-01 -1.135868912806830444e+00
4.945473272577349810e-01 2.517448753049822407e-01 -1.036768529446038034e+00
3.434280697740779154e-01 -1.988519683089373657e-01 4.483145015634097952e-01
2.853398724370951323e-01 -1.893649790351599194e-01 4.669098760282435201e-01
2.479353917099275106e-01 -1.747877007558404916e-01 4.773884646163546464e-01
7.244060932551406040e-01 -4.147365024430563207e-02 6.358920144619202297e-01
2.966164535083695153e-01 -2.137671839405017593e-01 5.613447445511134948e-01
3.603335132276104247e-01 -2.319727460208562686e-01 5.948069699020432921e-01
4.261817046528704189e-01 -2.313574997024945290e-01 6.022220941895457536e-01
4.898583805949163761e-01 -2.135275172941202282e-01 5.863970855708409147e-01
5.277150963622645463e-01 -1.874734085348508383e-01 5.599077286192524205e-01
8.360717711480591952e-01 3.155611546961303304e-01 7.393714487014428904e-01
5.102052669795376083e-01 -1.608634868490705916e-01 4.652297119299331207e-01
2.605141291430298489e-01 -2.413019430463820836e-01 -4.187231477302857385e-01
2.033907323086106000e-01 -3.575215591113465319e-01 -2.205600043483182393e-01
1.296096837188558948e-01 -3.116892064412670749e-01 -3.928918735185600308e-01
5.051192356305094222e-01 1.426112621843472761e-01 -9.377469804247957619e-01
4.094317738470734103e-01 8.172422609299928586e-02 -1.047751874618193302e+00
1.742182859827026142e-01 -4.882331883777757398e-02 -1.235749889905091159e+00
6.896525667446216090e-01 4.557868693202904442e-01 -7.192331739100117360e-01
2.504564430192545155e-01 -1.901232731978936830e-01 5.158404365471915831e-01
1.438121486530348214e-01 -3.915625095578771919e-01 2.112664475338890124e-01
2.958854333326708108e-01 1.029855268807816082e-01 -1.223696071624392090e+00
8.095187171311226670e-01 3.436722250480086505e-01 -2.146857479239570043e-01
1.147847472818546155e-01 -1.866386670384478919e-01 -7.348769115546183173e-01
1.280611457646486651e-01 -1.950859339764574596e-01 -7.682254750102499585e-01
1.381684237109706559e-01 -2.045819911743845809e-01 -8.090618898633232803e-01
1.479004736589825120e-01 -1.910005454163679062e-01 -8.499846024380768306e-01
2.054797720005860917e-01 -1.320949467118224252e-01 -9.116880371846054487e-01
2.208386040001306672e-01 -1.267183142095116843e-01 -6.458493519274457473e-01
2.335929082672891788e-01 -1.271381006016906734e-01 -6.395476286862857851e-01
2.449975754479472023e-01 -1.287914889934710372e-01 -6.307002817543949647e-01
3.678964612239532528e-01 -1.318608786054831783e-01 -5.470822055707726950e-01
6.506395474705040094e-01 -2.378130368023086139e-02 -2.799306390236916409e-01
1.434624370924693082e-01 -3.370706299250114668e-01 3.342551031459661814e-01
1.800248510433747340e-01 -2.389198101051033252e-01 5.593804981808174759e-01
2.207935218362920837e-01 -2.078940330957601557e-01 5.508327506015398001e-01
2.083481022988955544e-01 -1.168317348758823870e-01 -6.524844457142391363e-01
6.592447682100881501e-01 1.148166304941913296e-01 -5.172700823458082908e-01
1.163981891265232216e-01 -3.321671817894158441e-01 5.566190511398216856e-01
2.491918154295431620e-01 -8.465021940631595188e-02 -9.861700426175659118e-01
9.342920412236133121e-02 -4.487950382719707587e-01 2.620195415419590557e-01
1.939224763274745023e-01 -3.700837175644104970e-01 3.653916272205524896e-02
1.356822533015668575e-01 -1.211318270783229845e-01 -1.045719678989006862e+00
4.085222433143851362e-01 -2.792647488771600461e-02 -7.844778621750601033e-01
3.398342299257417487e-01 -2.023803646471455941e-01 -2.313126171233144124e-01
3.384133665559923010e-01 -5.229836629420561711e-02 -8.992830012673671547e-01
4.962007591348209790e-01 -1.768051451985839240e-01 -2.091928141544500130e-01
4.004101727091435858e-01 -1.758425685243689696e-01 -3.354779163539338693e-01
5.539225171876374088e-01 -9.745620406940325164e-02 -3.727285892318294991e-01
1.616443365359044870e-01 -9.979131686387393563e-02 -1.151891801886875566e+00
2.369868541412197827e-01 -3.100399648129468222e-01 -1.726630750383827129e-02
4.782046348496300503e-01 4.745637332703031563e-02 -8.406731632850510394e-01
3.856835155318629749e-01 1.201578386825054301e-02 -9.634252676654355696e-01
4.672553169373920845e-01 -3.514214716053562504e-02 -6.514252064180083845e-01
7.284206940394062357e-01 1.629164140002755667e-01 -3.776551033412984815e-01
5.634096547630074170e-01 3.372048263878515972e-02 -6.476541286544250653e-01
7.693751337859096040e-01 3.419533515696426829e-01 -4.347376879439524000e-01
4.478235981710587676e-01 -1.229425954840743240e-01 -4.692122250620376356e-01
1.888428016828662681e-01 -3.304720824070526142e-01 1.453791477939283538e-01
1.892918032091199798e-01 -4.498823763120469721e-01 -1.994356298937147720e-01
2.334846422364408314e-01 -3.678366103439272283e-01 -2.134914940138894490e-01
1.598625209808167691e-01 -5.116113534812445351e-01 -1.354400890399869439e-01
2.394300375146238835e-01 -2.759040746093441854e-01 6.634689002935183488e-01
3.600582427811431785e-01 -3.011570451463492226e-01 7.413375591586248703e-01
4.649915337970442764e-01 -2.987746131731900956e-01 7.548194573079647363e-01
5.485072938496360351e-01 -2.669672044658151222e-01 7.297887864670298264e-01
6.027845665690532151e-01 -2.167844039031456838e-01 6.765249663167378635e-01
6.330946825938501554e-01 -7.914197555696822484e-02 4.938696913424047708e-01
8.443563150037394216e-01 2.809332431722908474e-01 2.437591151655198463e-01
5.790801680278789831e-01 -1.151184381227512432e-01 3.321877642795041385e-01
5.063103588671005184e-01 -1.541226647183309151e-01 2.968464386552138734e-01
4.112316233059210013e-01 -1.821157219863156485e-01 3.007221430822735186e-01
3.208360000237355791e-01 -1.980084780836095515e-01 3.302127287796645660e-01
2.518747957857491171e-01 -2.036796397485953758e-01 3.678868398186523336e-01
2.043591345828077444e-01 -2.114454506472518425e-01 4.012184183522062852e-01
8.497983892363869529e-01 5.492860083557555839e-01 2.838489940620350094e-01
2.327021550284983364e-01 -3.280133478130740077e-01 -2.351176912071366587e-01
1.448234828539888275e-01 -4.357200786805721648e-01 1.012488901169502631e-01
1.393744934706336314e-01 -5.062138459843272820e-01 -2.147530727690976082e-01
1.013489056811118783e-01 -4.683906382328892892e-01 -2.590549899591929606e-01
1.393019590753454828e-01 -4.675591603107971395e-01 -2.261165694282938343e-01
2.145243918435684183e-01 -2.993088455265000558e-01 -2.616323690739008612e-01
8.639808624946176963e-02 -4.860508742407816385e-01 -2.716202073779645509e-01
8.417809915279600430e-02 -3.947866642344828314e-01 -2.808987829281726079e-01
2.041586918662343653e-01 -1.856925507396454122e-01 4.828938970486742477e-01
1.672257945424725500e-01 -2.268378204643677343e-01 4.545069559650087854e-01
1.448127279054930439e-01 -2.759755985315301974e-01 4.288098210407955690e-01
5.486090792445503794e-01 -1.605283612480663535e-01 5.401779276425207055e-01
5.928553591188903127e-01 -1.650075864152171778e-01 5.850343036637135619e-01
-3.805516214054063262e-01 -1.807896298074074259e-01 5.632568809305171786e-01
-3.053145708246702839e-01 -1.878007315261620569e-01 5.609391864276975781e-01
-3.796194555753240607e-01 -1.905147744112745123e-01 6.514318391399398500e-01
-4.568046982969793390e-01 -1.737172319116049302e-01 5.651221517164106700e-01
-3.821609975218178690e-01 -1.710674375423431037e-01 4.748198457550620866e-01
4.121642811924703942e-01 -1.882594335941962793e-01 5.288198452337737887e-01
4.858176831806475526e-01 -1.949331251640635809e-01 5.251390286181574218e-01
4.111017906923803977e-01 -1.981502957868137571e-01 6.181039662596199413e-01
3.379256834773167739e-01 -1.816150896779040735e-01 5.330303001929146411e-01
4.135045727151442918e-01 -1.783876913100157502e-01 4.395033024308248049e-01
