-1.822352785019461588e-02 -2.610329194836563671e-01 -4.959612372028706639e-01
2.188424047119689325e-02 -4.625199470970060012e-01 -2.008271634254108484e-01
2.358314251745887921e-02 -2.922813984829134015e-01 -2.641195051530177418e-01
-3.259489427472060663e-02 -4.194418886079736564e-01 1.281155519038465473e-01
2.168683390011591494e-02 -4.957056685579018795e-01 -1.086259290827045476e-01
2.067244881089333811e-02 -4.866942079996559589e-01 2.236644591206961297e-02
2.285211348605371146e-02 -3.577674726533908167e-01 3.559081102356486115e-01
-4.290684088455419265e-01 -1.131613618054790049e-01 4.478673017223531172e-01
2.330622751280084573e-02 -3.424195839224228322e-01 6.093998257731942925e-01
2.234695454739556511e-02 -3.695189512285019795e-01 7.316873453826596707e-01
2.098553062855462725e-02 -3.581596603401430157e-01 1.161792412678811282e+00
-1.752785714204971659e-02 -2.477590758632657042e-01 -5.258322162739215155e-01
-1.636660624238480202e-02 -2.233256399058244357e-01 -5.530760178610227840e-01
-1.416083691179577733e-02 -1.901827939139421608e-01 -5.697633134572042124e-01
-1.761023608300297041e-02 -1.878867623706453327e-01 -5.608398117681456796e-01
-1.867987885397927664e-02 -1.910016126418440097e-01 -6.023280040555509807e-01
-2.039197861432862080e-02 -2.003523288046952788e-01 -6.519051778062219249e-01
-2.015273590099110612e-02 -1.895665924816468118e-01 -7.021549730428989777e-01
1.027565441878255242e-02 -1.281755080240152278e-01 -7.819253170241631246e-01
2.084186735411146935e-02 -4.243868258360473100e-01 -2.413707745598626941e-01
-4.027899559584782047e-02 -3.369819466501795535e-01 -2.231052664865674495e-01
-6.656935990031245254e-01 1.376296936739569987e-01 8.530387367999443526e-01
-2.549079341205611748e-01 -1.703467576444305798e-01 3.447417744079128710e-01
-3.201870180736574589e-01 -1.633825838312029100e-01 3.383673025873228934e-01
-3.809721601172204597e-01 -1.453592139189147092e-01 3.499820533746555995e-01
-4.552598323354646315e-01 -9.987118684186915840e-02 4.223246580056468358e-01
-1.973842509700241554e-01 -1.659782691198950499e-01 3.685300130025987997e-01
-3.470220147358440421e-01 -2.216731991586179396e-01 6.352864880877604481e-01
-2.724696726765098997e-01 -2.210069767584876554e-01 6.211761383723821695e-01
-4.129701634624488582e-01 -1.979511698202361114e-01 6.206383249277692693e-01
-4.547631051478345232e-01 -1.675289483561620274e-01 5.845374908442377837e-01
-5.100529521005841005e-01 -5.936230264809628371e-02 3.693464100522694249e-01
-2.280946749747984614e-01 -2.646491347039073294e-02 -8.972550608996879840e-01
-4.499448334759884593e-01 -9.671104324176550693e-02 4.846324730057680052e-01
-6.867799403874810249e-01 2.130367224482561384e-01 4.630961674126061745e-01
-5.797439380916027396e-01 -3.895281793096429246e-03 4.523499920561881438e-01
-2.982582570594420890e-01 -1.785436837516435338e-01 -4.463157509861419292e-02
-8.958303745247012118e-02 -2.552914765937880359e-01 -4.715651444410908777e-01
-7.926614589542417544e-02 -2.150106394476801741e-01 -5.414865556325316742e-01
-1.497256243290081279e-01 -2.165058357596391092e-01 -4.900784716323003942e-01
-1.814326544835501154e-01 -1.722623321324922019e-01 -5.136954385710967852e-01
-1.281289428086634097e-01 -1.917462634213354666e-01 -5.373155494000860788e-01
-1.591880841471569885e-01 -1.521286474994465177e-01 -5.398075571716431931e-01
-2.806637714547791651e-01 -5.877825618912583400e-02 -6.032456902389647935e-01
-3.233619697861436770e-02 -4.556727645624137901e-01 -1.941819773402388982e-01
-4.188947766122499278e-02 -4.864351331461629346e-01 -1.043737228327558664e-01
-5.395904773707633773e-01 -1.584667738729051700e-01 6.711329323836912053e-01
-1.675075108769463472e-01 -2.193157346787387718e-01 1.799173892780705220e-01
-1.796311608462830001e-01 -3.030721585059762968e-01 -1.339762846423375731e-01
-1.846485033736220416e-01 -2.908541436867085883e-01 -7.956601942100144376e-02
-4.855495393606752419e-01 -9.838767025470783467e-02 -7.543482988314252277e-03
-3.781387683441281289e-02 -4.658681681773030880e-01 1.823210056007627811e-02
-3.942113967579211065e-01 -2.766985557885962010e-01 7.556519638089412849e-01
-4.801840360142264341e-01 -2.238895622400593477e-01 7.308716738239089405e-01
-6.021341210241194508e-01 -3.919901275793559806e-03 9.908378986318872039e-01
-1.142377237242237914e-01 -3.245587977673676794e-01 6.466660335361780199e-01
-2.064361629893997629e-01 -1.994140645986962612e-01 5.751061712812395310e-01
-3.147292316991188166e-01 -6.024285375660320963e-02 -5.269147655582439027e-01
-6.078071392503696657e-01 4.864117971973446752e-01 -3.665952859716852252e-01
-1.317077599908950958e-01 -2.730990482715611734e-01 -1.868627306004810029e-01
-8.186036579034478011e-02 -2.741476187678854037e-01 -2.167714347265363162e-01
-2.234411412636644334e-01 -7.132703256631918454e-02 -5.363075889643845739e-01
-2.131177255920858882e-01 -8.632948256455919012e-02 -5.362330568159119348e-01
-5.118335943030072333e-01 -2.016031408957070226e-01 7.958725643809453354e-01
-1.834777447390012473e-01 -2.630951986327927927e-01 -1.679922146469335908e-01
-2.758034475322211354e-01 -3.117770037222388768e-01 7.367320494937288355e-01
-2.855674488821354773e-01 -3.335311233321537339e-01 8.093020334651523928e-01
-3.458557440591890075e-01 -2.682461152745428401e-01 1.150426030816866785e+00
-5.559922882306482794e-01 -1.173017423864839703e-01 8.811596830178682893e-01
-3.081528280664347363e-01 -3.042123112134970109e-01 9.715567307549604070e-01
-5.742189626387771417e-01 -1.105859172072115454e-01 7.238277940355791751e-01
-6.191606556328128619e-01 7.263687664736713165e-03 7.715951680693884374e-01
-8.609498972755830204e-02 -2.415970400993793787e-01 -5.115926894418858506e-01
-1.392089823986941699e-01 -2.065300797899319030e-01 -5.158806870255059351e-01
-1.714146175658279592e-01 -1.668680827444631309e-01 -5.272977879407969581e-01
-1.172100134930463833e-01 -2.571949558901440724e-01 -2.022091665875599409e-01
-2.178558285619276447e-01 -7.912415935487908392e-02 -5.365062568090932515e-01
-2.076285426090619668e-01 -1.093636741919418592e-01 -5.483384301994671528e-01
-2.071360659561096440e-01 -8.758214703087344177e-02 -5.357450388380581296e-01
-1.026364496222907513e-01 -3.655969589617845683e-01 -1.727986833549188805e-01
-1.502269128783596530e-01 -1.393921841679429952e-01 -5.490747407979130745e-01
-1.172438985474062029e-01 -1.642063525944734148e-01 -5.508313595985325772e-01
-7.180287815946861940e-02 -1.844878208150297905e-01 -5.587603517400591135e-01
-7.837792924761871616e-02 -1.236286771646695065e-01 -7.748842615861106786e-01
-9.646387083448318411e-02 -1.865408389751190277e-01 -6.882157211988750856e-01
-9.339109410223483954e-02 -1.972151289924440054e-01 -6.377148810725656869e-01
-8.594780875740140602e-02 -1.867476170029231386e-01 -5.895786712000052887e-01
-7.698225373381656356e-02 -1.834409698155267110e-01 -5.511041513198315922e-01
-1.621120110400434688e-01 -1.376041056600597057e-01 -5.316627531282919206e-01
-1.769014885535406534e-01 -1.436743860890190294e-01 -5.482855106228201603e-01
-1.922655520050485234e-01 -1.497580792900585767e-01 -5.708461625247422955e-01
-2.035098146122413520e-01 -1.356749670211193082e-01 -5.960052306474389328e-01
-2.479326748095916078e-01 -1.621495293472734467e-01 -3.880016408420546292e-01
-6.798423951248488972e-01 5.164694155236924100e-01 1.055554463283711469e-01
2.429591734763317940e-02 -3.387042182456025952e-01 -2.499914158515776641e-01
-1.829791729760825159e-01 -1.080412593501805796e-01 -5.308814749905674812e-01
-1.954367915677617529e-01 -1.118688675766756901e-01 -5.388466241119485023e-01
-6.132194479673427207e-02 -2.744863730962124881e-01 -2.533140084463257891e-01
-1.611651142887153831e-01 -2.109323885537025545e-01 -2.162664169148175441e-01
-7.125356133516709545e-02 -2.754690343320242985e-01 -2.354867576168811483e-01
-2.337558591118688300e-01 -1.901685121529659572e-01 1.339926368624903552e-01
-3.379277363932736700e-01 -1.621244596148522232e-01 8.145833626116676107e-02
-1.951001346831623962e-01 -2.500671029800084488e-01 -1.139092871222220221e-01
-5.011950395442006378e-01 -1.463376485948505445e-01 1.093205284829006363e+00
-4.570438853859418171e-01 -2.182897276483677096e-01 9.524917086640665165e-01
-4.142756206754767412e-01 -2.749939395941098930e-01 8.292110937159784534e-01
-2.382051848533338068e-01 -8.288751347185362162e-02 -6.638145531990145010e-01
-1.321999975687405682e-01 -3.630836383819380231e-01 7.690478601023598149e-01
-1.537486435031312493e-01 -3.518560840197288986e-01 9.595656878488521002e-01
-1.779752838753029531e-01 -3.379029030258638988e-01 1.168921324469095024e+00
-4.298181371835519404e-01 -1.200937010368708507e-01 3.772175738203178419e-01
-5.812680486167138838e-01 -1.437296890580387967e-02 3.117871465072409864e-01
-1.591186647272653243e-01 -1.613052576875351751e-01 3.918991753734732963e-01
-5.129746725756156867e-01 -1.103410314226691002e-01 5.506027827761300619e-01
-1.231512121600809445e-01 -2.499012878930401138e-01 2.338024874231284522e-01
-1.423972065412121568e-01 -3.697186354382505091e-01 -1.117115497826391413e-01
-6.380343140612596553e-01 6.194095506185704619e-02 2.599880930995585038e-01
-5.414195895192148722e-01 -6.348194886330030262e-02 2.346912692307747406e-01
-4.623539175719357797e-01 -1.180566546740947770e-01 1.869593514974960680e-01
-3.397914357377797012e-01 -1.496655591854868517e-01 1.907355829974842210e-01
-2.487060392514858220e-01 -1.698223247962927229e-01 2.224369770812270330e-01
-1.805444453324184795e-01 -1.923710822435930057e-01 2.597027411793365048e-01
-3.764888845877854134e-02 -3.305467509639227197e-01 3.407550316653120137e-01
-6.260033553837720532e-01 6.854506072380764370e-02 6.396993237097833851e-02
-5.641119017819744563e-01 -8.181591538652634166e-02 5.726661194916558006e-01
-1.284500595331400721e-02 -4.206019838863613303e-01 -2.359138241510857492e-01
-1.627494975207183781e-01 -2.337087056335106494e-01 8.066555487900980981e-02
-7.041498935397003667e-01 4.150970366620568841e-01 5.061769749483967518e-01
-1.274441384323359849e-01 -2.083197589475533906e-01 3.027899504035759248e-01
-1.990049872301337952e-01 -1.878111374322460336e-01 -1.086783925950208368e-01
-4.754010097722701778e-01 -8.435533592588864704e-02 4.848618995195056458e-01
-1.458116300015648847e-01 -3.539986052327765420e-01 -4.576260746715897498e-02
-6.517487955307953440e-01 5.177738554662479897e-01 -1.222782373745569945e-01
-1.555141912069302190e-01 -1.507777948482364738e-01 4.260243032709515321e-01
-9.436300383176464412e-02 -4.231635726305099099e-01 -4.431446736711943529e-03
-4.868514660467699873e-01 1.853948807030176560e-01 -6.461773248334461428e-01
-4.806957230617418531e-01 3.100494989421280767e-01 -7.303414965479415599e-01
-6.755525655435901111e-01 2.943015222857858770e-01 8.026525751559718258e-02
-5.600827926387959010e-01 2.479868731909201374e-01 -5.065394195684914669e-01
-6.555544043672880683e-01 1.260629394487092492e-01 6.333154955379313167e-01
-2.359831068800388454e-01 2.148131035013857784e-02 -9.755886896162655475e-01
-2.112000091324566127e-03 -3.339650518859599848e-01 -2.447324780030247782e-01
-2.202826353027030060e-01 -2.004974875713070315e-01 2.013902499742680624e-02
-6.343301330747892486e-01 6.067565866714338257e-02 4.487277890348828624e-01
-3.706450098017854966e-01 -1.462136911958412389e-01 3.995994525855953716e-01
-3.169893181034625917e-01 -1.614984792378132417e-01 3.873383990911433150e-01
-2.176564068999563561e-01 -9.727153729861992559e-02 -5.604206686170178919e-01
-6.106844588612618807e-01 1.132426615221761579e-01 -1.176492520935379787e-01
-1.151681522097877802e-01 5.105705504004240392e-02 -1.092419832345589814e+00
-3.054605210157316231e-01 1.661934717505899883e-01 -9.567295742038646189e-01
-3.870475985743844216e-01 2.303970129635926345e-01 -8.655683973665673214e-01
2.153363558497839447e-02 -3.680863352064496219e-01 9.428384102773035291e-01
1.895643507315695336e-02 3.158624103996723193e-02 -1.112073138831817465e+00
-2.620180563268295071e-01 -1.657798116186571802e-01 3.935909407242135227e-01
-2.081077328533994519e-01 -1.605376373571024695e-01 4.095756245675932772e-01
-1.723424627925643771e-01 -1.502045928568727096e-01 4.186405135154660506e-01
-6.081451722443371732e-01 -2.097534634578705065e-02 6.065785125366105479e-01
-2.202790898159101562e-01 -1.808389750538396124e-01 5.074677719220614946e-01
-2.797441139837579804e-01 -1.930434980257159094e-01 5.433257105567739220e-01
-3.365885895757843027e-01 -1.899830398101084450e-01 5.520746886627941885e-01
-3.901283124402767366e-01 -1.723591579961963327e-01 5.393733684976041998e-01
-4.218722375252136336e-01 -1.492681355477749328e-01 5.164754382521496989e-01
-6.962433083931407474e-01 2.880388462222980284e-01 7.017728914828111897e-01
-4.057428157941198599e-01 -1.282555761923726001e-01 4.222979394575947509e-01
2.080750510851625545e-02 -2.698266267867046042e-01 -3.356462172947621281e-01
-1.898548875554468274e-01 -2.002097565104914434e-01 -3.450420210083580685e-01
-1.312294467389641395e-01 -2.984896757726128724e-01 -1.756646083358681665e-01
-6.948151118153100825e-02 -2.623944853387992771e-01 -3.350215455148479737e-01
2.317635535918940309e-02 -3.265607262172137704e-01 4.859557593959995536e-01
-4.046671978354334787e-01 1.385079532469019048e-01 -7.758061838539734856e-01
-3.255732642358037943e-01 8.471047645907739398e-02 -8.776771389960447145e-01
-1.227938133573245882e-01 -3.529548383424624403e-02 -1.047077859532526745e+00
-5.490853209216219888e-01 4.071167293259825293e-01 -5.725387310159041343e-01
-1.762208363875387429e-01 -1.636766946765472186e-01 4.571323533028313624e-01
-8.061625394445653958e-02 -3.318645949409353424e-01 1.891509111312476565e-01
1.393936743324329652e-02 -5.269371286826093209e-02 -1.065097481251797706e+00
-2.181889879519004483e-01 9.742299009548444078e-02 -1.036951065468612931e+00
-6.528515167226580651e-01 3.109948110556752798e-01 -1.242173572108254825e-01
-1.264988638960207745e-01 -1.628833741487368258e-01 -5.391064923847098678e-01
-1.408266310146805700e-01 -1.687818687391273720e-01 -5.681035801721892042e-01
-1.522058312147367420e-01 -1.764751903320901927e-01 -6.043501325294755588e-01
-1.592756620158696235e-01 -1.644613445849117395e-01 -6.478939645011443371e-01
-1.688252373934189809e-01 -1.108965183644678998e-01 -7.274704377910451436e-01
-1.820797500100185540e-01 -1.190420388108821559e-01 -5.451405071116671719e-01
-1.918889918452045262e-01 -1.220471275769259289e-01 -5.398364223218263813e-01
-2.003976964313230746e-01 -1.247569784291247680e-01 -5.333623045468065538e-01
-2.878129065869121650e-01 -1.170502794167780081e-01 -4.547988053087146376e-01
-5.325613179261943220e-01 -5.672173352317454696e-03 -1.909269172097092515e-01
-7.927871531190491816e-02 -2.862541962100283444e-01 2.941140294302565517e-01
-1.111810503531671657e-01 -2.015108684799346572e-01 4.941373916079878637e-01
-1.505591415361534624e-01 -1.782723118933248474e-01 4.890310496505541060e-01
-1.720071923349321685e-01 -1.113280048031861924e-01 -5.498928980080146633e-01
-5.367335630087548548e-01 1.149218003589764781e-01 -3.961017545727426037e-01
-5.917332933987493743e-02 -2.825034601395949307e-01 4.838033839805220837e-01
-2.016764031981116978e-01 -6.511864045899899700e-02 -8.070642554498936860e-01
2.139118966913339942e-02 -4.423023197761233871e-01 1.361029516461091937e-01
-3.640440015471325952e-02 -3.805451159569357977e-01 2.283165138970264796e-01
2.230913041165816582e-02 -3.979927706213993721e-01 2.419052128646466682e-01
-1.259207609403596440e-01 -3.109468212577660706e-01 4.445962290820335699e-02
1.216219184900328189e-02 -9.857985817213786583e-02 -9.844337013041034590e-01
1.155471904899445235e-02 -1.123573120409292192e-01 -8.731990069625829021e-01
-9.720741667475502057e-02 -9.741783727140093663e-02 -8.634792518957538077e-01
-3.415821247305268482e-01 -1.407223396677707503e-02 -6.308497382861726344e-01
-2.554746734524545593e-01 -1.628893572507857379e-01 -1.733290954717173205e-01
-2.829989603750245331e-01 -3.502752444182832825e-02 -7.294024521449007370e-01
-3.995412357984035046e-01 -1.381231296924125274e-01 -1.410599895456480235e-01
-3.161889081262544976e-01 -1.396662990790170367e-01 -2.559777777251515118e-01
-4.528533892743212275e-01 -6.869802529113447354e-02 -2.760649159632959093e-01
-1.164855793380705912e-01 -7.935946369349083929e-02 -9.693993165330424544e-01
-1.636321890933885026e-01 -2.587455869769280103e-01 8.793704837755907458e-04
-3.912534016870243825e-01 5.531380291129285587e-02 -6.888113879941557549e-01
-3.130754682903402752e-01 2.374199113424239893e-02 -7.990180905330852568e-01
-3.834696901636672206e-01 -2.430762993314970061e-02 -5.201569055484214221e-01
-5.921931146120428258e-01 1.557897368661569637e-01 -2.713656050972577116e-01
-4.643030604336700340e-01 4.480993662746678846e-02 -5.135444726182164521e-01
-6.196300361965731973e-01 3.081106127744413503e-01 -3.179733776867152417e-01
-3.651049153447027962e-01 -9.776446480184147747e-02 -3.658535715983092795e-01
-1.205077749986350200e-01 -2.801165546554614805e-01 1.366470118304164427e-01
-1.224350836673733928e-01 -3.790837896807987550e-01 -1.576601119887586222e-01
-1.595492992539226385e-01 -3.058211018363301559e-01 -1.672722632963336564e-01
-9.587945490861407571e-02 -4.308363052473430099e-01 -1.046961234894445425e-01
-1.635526175986588837e-01 -2.314863586081150337e-01 5.887697021058548863e-01
-2.707378594567522723e-01 -2.472315512979160190e-01 6.600012882299560735e-01
-3.631014106954819076e-01 -2.423785428314165213e-01 6.758063406787844229e-01
-4.381420425814711583e-01 -2.138289966277797383e-01 6.589921237084499506e-01
-4.886856645475824990e-01 -1.703766175247616310e-01 6.187139097404230625e-01
-5.200563710481018731e-01 -5.459558265341508954e-02 4.682272191590892141e-01
-6.906890714543791887e-01 2.555019003974457470e-01 2.749132176227715441e-01
-4.774653507575573608e-01 -8.730333375295940002e-02 3.213305920340011057e-01
-4.154035342713861545e-01 -1.220058104879657712e-01 2.828456857249506129e-01
-3.313096140589117944e-01 -1.488842356233993081e-01 2.739044444580516213e-01
-2.497993058119007959e-01 -1.651759119948088550e-01 2.903798177868363029e-01
-1.851074120354624930e-01 -1.705115554609266670e-01 3.187121783230336125e-01
-1.402319463411387801e-01 -1.787319984678792384e-01 3.452413148586954694e-01
-6.947334396546409607e-01 4.852706277329743578e-01 3.120095098645756515e-01
-1.591961730219607629e-01 -2.717844553268096708e-01 -1.864697575455739886e-01
-8.131653994554569054e-02 -3.697324882685041891e-01 9.536857676798435324e-02
-7.908615947539172908e-02 -4.268272974199512348e-01 -1.741537869867558208e-01
-4.691647677811995598e-02 -3.954547103558970766e-01 -2.157961746791331181e-01
-7.926789933320790849e-02 -3.947023442423894801e-01 -1.840197674045701004e-01
-1.423993649792330007e-01 -2.470434297064755813e-01 -2.108847299738339232e-01
-3.385277521427280945e-02 -4.112614621125671999e-01 -2.276171622013769547e-01
-2.454594287725159890e-02 -3.346156302169859265e-01 -2.375685631233620532e-01
-1.346543421012366959e-01 -1.584476850916914648e-01 4.213911261297083599e-01
-1.047903403761901997e-01 -1.924720912175383603e-01 3.934304100136261084e-01
-8.756560253653791759e-02 -2.335764305524050399e-01 3.701181472701006725e-01
-4.383253307847854163e-01 -1.259259370518800436e-01 4.988590053240180566e-01
-4.785820145388334224e-01 -1.268217633815293399e-01 5.423182876562103738e-01
7.550589848828087591e-02 -4.190596342681852104e-01 1.234147906477007783e-01
4.586781004798080041e-01 -1.228968496624518181e-01 4.150345660877573506e-01
8.599055428804137924e-02 -3.406729081438791829e-01 -2.287316002751804966e-01
6.748300641505714514e-01 1.182220280870457940e-01 7.820741310429393245e-01
2.798962258390713109e-01 -1.729525258786853981e-01 3.345911315581608370e-01
3.417769681811915206e-01 -1.683229877991520018e-01 3.250131620027305601e-01
4.006506590074944141e-01 -1.526353307304699203e-01 3.282673644575797578e-01
4.786473592068120064e-01 -1.093873033134844380e-01 3.856713056298617381e-01
2.287109006831816727e-01 -1.681525650753391554e-01 3.585887523659261888e-01
3.748645878810231147e-01 -2.296601785922011141e-01 6.023948472226297035e-01
3.017996747703609040e-01 -2.273936999801440539e-01 5.908737988403405250e-01
4.407747984029589117e-01 -2.092917309640185963e-01 5.848396119352130551e-01
4.814616678878673173e-01 -1.811160615786345796e-01 5.444196665727938367e-01
5.245379860330898758e-01 -7.156838144540071667e-02 3.235840613255538400e-01
2.451886330922516954e-01 -3.628976207504544527e-02 -9.060401428253332945e-01
4.809143165343854331e-01 -1.070573799356540207e-01 4.467891810361155902e-01
7.086473659761666211e-01 1.950759445897279898e-01 3.946997763437354312e-01
5.899826457153962700e-01 -1.906864880308098420e-02 3.956389945176530532e-01
3.292350405294630078e-01 -1.868412298764447754e-01 -7.347742340891777468e-02
5.359534164032229986e-02 -2.550053164795382243e-01 -4.808849862792171637e-01
4.674781480717308396e-02 -2.131134182227394369e-01 -5.522727258068758083e-01
1.192772335965203295e-01 -2.125469282310500085e-01 -5.082691764358762132e-01
1.591319832497136155e-01 -1.625726735120179844e-01 -5.346165807004918946e-01
9.954579518964908058e-02 -1.863122894855421818e-01 -5.544751693817162597e-01
1.385534115346495621e-01 -1.433599858325886045e-01 -5.588455288730297399e-01
2.635428640861025018e-01 -6.349427775707049137e-02 -6.349654143562650788e-01
7.415191148978542146e-02 -4.588577231617547159e-01 -1.991484583774256745e-01
8.222201538482099004e-02 -4.899570132800716293e-01 -1.102381232628197039e-01
5.562487600685213085e-01 -1.731770135361236640e-01 6.266328834625333188e-01
2.048535444522778248e-01 -2.212589606383949803e-01 1.628265557589874124e-01
2.185061070617481949e-01 -3.098704689620291886e-01 -1.500419069183200893e-01
2.222005790991531671e-01 -2.975980186032658459e-01 -9.620498822334602740e-02
5.083445959411263537e-01 -1.095754983508410857e-01 -5.370665922465069769e-02
7.904789215380525480e-02 -4.665362755197791089e-01 1.331198893606873150e-02
4.249409236637581300e-01 -2.908113884071564792e-01 7.223819534973878742e-01
5.044390552406003980e-01 -2.390593987186729885e-01 6.937532869910825184e-01
6.153054997403801796e-01 -2.291253564382891850e-02 9.242805245713150430e-01
1.586874916456523232e-01 -3.280895042186087185e-01 6.286508915468267400e-01
2.398752197176559353e-01 -2.025759207446061194e-01 5.472257636417228177e-01
3.089351427314663834e-01 -6.110422138792595548e-02 -5.669337101335267803e-01
6.485417606080321473e-01 4.671096570294614447e-01 -4.168982337119622739e-01
1.738669944061686790e-01 -2.800587737164527691e-01 -1.990255616375313785e-01
1.266829285767807067e-01 -2.825097519113923816e-01 -2.258077350565703412e-01
2.050414934720577731e-01 -5.914168441101580465e-02 -5.754193524064048493e-01
1.900027199510383735e-01 -7.711596519525140692e-02 -5.737630398317974389e-01
5.335688345697466861e-01 -2.173654476652165379e-01 7.504120064718544647e-01
2.207710896878168072e-01 -2.709554616158401652e-01 -1.841265724108226420e-01
3.145252496620409288e-01 -3.238938319954677847e-01 7.083613961598056452e-01
3.243794888867830295e-01 -3.463066342361308947e-01 7.756420466609053044e-01
3.740148080001005626e-01 -2.810161508698019173e-01 1.107683317547085711e+00
5.750829244668709261e-01 -1.331796140736073164e-01 8.254219407253594598e-01
3.413840025817255763e-01 -3.149761996784223861e-01 9.364618568951635913e-01
5.896322857968836484e-01 -1.254348119736260203e-01 6.676979210305522550e-01
6.365473638281042845e-01 -8.774198070687931617e-03 7.102973786820718782e-01
5.065397609435397935e-02 -2.403509755830062489e-01 -5.219687537347347250e-01
1.091951464859697157e-01 -2.017622235570562250e-01 -5.338029996201099081e-01
1.490855144073491012e-01 -1.580571268808910190e-01 -5.473051742526036101e-01
1.601814969850739734e-01 -2.649747129842507931e-01 -2.131764028751907680e-01
1.969782343847064077e-01 -6.905125007448113805e-02 -5.750148363584630662e-01
1.800064646389767098e-01 -1.023896299463758763e-01 -5.741846081210383312e-01
1.831052664436959021e-01 -7.846983940933230373e-02 -5.721985186214741947e-01
1.429162538397912574e-01 -3.678383881991751370e-01 -1.834802556821819586e-01
1.306742294453287490e-01 -1.305109190240106853e-01 -5.665135084603927229e-01
9.236807668176671982e-02 -1.578276935096306621e-01 -5.662148387552334849e-01
4.380734544039507211e-02 -1.809738434552767283e-01 -5.689000829864252484e-01
9.328908906524865929e-02 -1.254905433481436905e-01 -7.791632142507503023e-01
5.743663614078060170e-02 -1.844190282126935143e-01 -6.958650011803835245e-01
5.351651372809607121e-02 -1.936653978996706327e-01 -6.448913496126090772e-01
4.966088232778931993e-02 -1.824895422579509707e-01 -5.962195930705480595e-01
4.322581577549319820e-02 -1.786369108664072614e-01 -5.575423772838183911e-01
1.342401076519573466e-01 -1.300966052363001502e-01 -5.482292261469199346e-01
1.467551730646728392e-01 -1.383503550449511899e-01 -5.661412877003367816e-01
1.594954168244894777e-01 -1.456498717588811109e-01 -5.898676147726473751e-01
1.718263473432604937e-01 -1.322000515029591039e-01 -6.156085073372861149e-01
2.647799508683589265e-01 -1.667687555787597531e-01 -4.154692924133924770e-01
7.152791915421835567e-01 4.957653883185637600e-01 3.895173517625623305e-02
1.585914716915284017e-01 -9.785699211546619591e-02 -5.527608676092831130e-01
1.691934239937052387e-01 -1.037836857378800631e-01 -5.624619960493144610e-01
1.064581549851197628e-01 -2.790535668581959339e-01 -2.604035638307650724e-01
2.014285487788179951e-01 -2.207843088796592745e-01 -2.307773505236954403e-01
1.163342703333057337e-01 -2.823109643225182874e-01 -2.439186401968803097e-01
2.681370578959791917e-01 -1.933398528500430424e-01 1.107983771373021176e-01
3.679506791970098556e-01 -1.692419121524642855e-01 4.810803353702154672e-02
2.328974473917924948e-01 -2.575476612367555429e-01 -1.314886711910560613e-01
5.210138619201983845e-01 -1.645081936086899566e-01 1.034793374957641010e+00
4.822066090707142760e-01 -2.334837392605559891e-01 9.040437835495626073e-01
4.449877343044074118e-01 -2.897206949426416323e-01 7.896982113302200013e-01
2.330349242997024617e-01 -8.534540787521277538e-02 -6.801972573427097490e-01
1.788936547137993660e-01 -3.686757836056487880e-01 7.415176488315848857e-01
1.918523939816512147e-01 -3.581521804102003048e-01 9.402519673168150405e-01
2.127778719926613771e-01 -3.466115461003123066e-01 1.144970947829424546e+00
4.503194283675157616e-01 -1.291404219848661383e-01 3.470790578898032552e-01
5.881905741800207421e-01 -3.046902658846408624e-02 2.563630198521614223e-01
1.951392995963419641e-01 -1.609408953401696429e-01 3.817436715986420870e-01
5.341181007852943141e-01 -1.238256254416492258e-01 5.047987754431416674e-01
1.627685713420721769e-01 -2.506136165813368510e-01 2.209116602735405610e-01
1.813470118955431976e-01 -3.752913029243903908e-01 -1.261075198311673307e-01
6.611064870862255471e-01 4.514614512189665807e-02 1.975644275224823221e-01
5.479853523439781604e-01 -7.703645671300213271e-02 1.851027160720612186e-01
4.708927063972470073e-01 -1.291052663141358525e-01 1.460304913190835774e-01
3.551680174800077028e-01 -1.561290264883547496e-01 1.629488583703057880e-01
2.698895755618181402e-01 -1.736691630066291014e-01 2.051942770969573671e-01
2.065340752723487383e-01 -1.950944948159856751e-01 2.483508637937391350e-01
8.246692325100267451e-02 -3.309576085558116887e-01 3.349962606569941714e-01
6.514422979214660181e-01 5.361580515097923161e-02 4.517390067609339602e-03
5.773261853763862472e-01 -9.621690482619671414e-02 5.185017593069498609e-01
5.339614204835393951e-02 -4.213541642465062353e-01 -2.386265782769498023e-01
2.013458313056804005e-01 -2.359937943112647984e-01 6.460600281535927580e-02
7.269013870081661999e-01 3.966854868728630912e-01 4.339400558648558448e-01
1.596938115004142844e-01 -2.093738306750690392e-01 2.963720974946050246e-01
2.402959956966486676e-01 -1.954081133186203745e-01 -1.269073636997928300e-01
5.031239040383668204e-01 -9.500157293089708799e-02 4.432715949915853049e-01
1.833527251899401134e-01 -3.596353308389452219e-01 -5.995532573750667754e-02
6.918768843292695259e-01 4.961690053382682986e-01 -1.812766407146428338e-01
1.951586576550334851e-01 -1.488447116735823750e-01 4.135938848728319961e-01
1.323155026469146067e-01 -4.262056900578981011e-01 -1.435901741416674600e-02
5.132296404795344547e-01 1.671801442630772017e-01 -6.784682514633619821e-01
5.138525171536830749e-01 2.906190943681913885e-01 -7.589783185741494353e-01
7.113443893557218622e-01 2.762001545292613880e-01 1.656659799371204556e-02
5.898818162597696535e-01 2.292595535444737487e-01 -5.489843717871160100e-01
6.756833147189873490e-01 1.093143519149046561e-01 5.675384904736189284e-01
2.598998000065156910e-01 1.071912945437111103e-02 -9.835601547690012714e-01
5.114405428804857934e-02 -3.356589641345028019e-01 -2.471842554433562600e-01
2.556444977818720377e-01 -2.058603280626961629e-01 -1.429687450404543321e-03
6.380742868068733920e-01 4.498959446538833978e-02 3.808313564833776255e-01
3.982765890831427291e-01 -1.536478140475045773e-01 3.774823221548496144e-01
3.450901582697006864e-01 -1.666764757004601250e-01 3.711201273664726519e-01
1.905038662746218747e-01 -9.044636854334454912e-02 -5.882443665734362614e-01
6.382814509465645214e-01 9.788323802293522058e-02 -1.724039777364125836e-01
1.502410350755531421e-01 4.536968390268425466e-02 -1.094862119231019060e+00
3.394124127277267089e-01 1.527390623989143825e-01 -9.669384424900606678e-01
4.209964873275304220e-01 2.143044808143729496e-01 -8.825766211067614941e-01
2.923522240556190033e-01 -1.692779953345074917e-01 3.793836950550168452e-01
2.429031103182932860e-01 -1.612019448951675371e-01 3.958488574906105506e-01
2.110615571877447194e-01 -1.487926513611817214e-01 4.051270456418630816e-01
6.166698389619165166e-01 -3.530554216759069358e-02 5.415930493295806336e-01
2.525025980890490684e-01 -1.819749669740869935e-01 4.794656348681126112e-01
3.067434297469244231e-01 -1.974729330194240073e-01 5.090945603616623405e-01
3.627984436130854973e-01 -1.969491883248409292e-01 5.156602221363253413e-01
4.170048975129443392e-01 -1.817709444049717682e-01 5.016480785680998977e-01
4.492314276777803483e-01 -1.595916954968373824e-01 4.781932447337480241e-01
7.117281995209381318e-01 2.686297758411603231e-01 6.294094789870940954e-01
4.343257224853007137e-01 -1.369392961402520204e-01 3.943611660029362476e-01
2.159233964986077836e-01 -2.053299214214474866e-01 -3.651717218144478472e-01
1.731417381865142380e-01 -3.053512312805652940e-01 -1.883577988232087441e-01
1.071320168296938102e-01 -2.648430181146791962e-01 -3.426739751061314565e-01
4.299950120411712429e-01 1.214016109506182856e-01 -7.982818404384814936e-01
3.485422825542794367e-01 6.957377948332885143e-02 -8.913771809467948559e-01
1.483079219811793692e-01 -4.156214096707552125e-02 -1.051571236958746880e+00
5.870849806950600991e-01 3.880006299756323385e-01 -6.122662546060900768e-01
2.132076687671650150e-01 -1.618474628492166667e-01 4.391741272406610164e-01
1.224238936921792226e-01 -3.333279385151922680e-01 1.798461489926941326e-01
2.518802978375419555e-01 8.766915432851303536e-02 -1.041703633435842491e+00
6.891242102709416173e-01 2.925600749162620695e-01 -1.827569188502897179e-01
9.442697486276732666e-02 -1.564717424721292494e-01 -5.521657268427526688e-01
1.064129456012656988e-01 -1.635018213733313575e-01 -5.817101805127982139e-01
1.159857413109767893e-01 -1.715382329105394343e-01 -6.181515154630290443e-01
1.248280683399819874e-01 -1.601231790447594505e-01 -6.616335868580509594e-01
1.743837559232656043e-01 -1.108716899107054371e-01 -7.355424652050761569e-01
1.654008452670187868e-01 -1.075783667982769531e-01 -5.692913215916760583e-01
1.749324489743173394e-01 -1.085747177322847340e-01 -5.659038928579069871e-01
1.838840274610171466e-01 -1.104693294658587177e-01 -5.608745838229662883e-01
2.962349475501087070e-01 -1.157758360849254486e-01 -4.880584751505506191e-01
5.540569986956487281e-01 -2.066737029668325176e-02 -2.388800027253706049e-01
1.221261924804624560e-01 -2.869402853040862733e-01 2.844572272644260158e-01
1.532509140048887164e-01 -2.033868049898270303e-01 4.771830594450274798e-01
1.879563228724324409e-01 -1.769752920412724362e-01 4.700623703094999328e-01
1.560721985931123879e-01 -9.885992578545785281e-02 -5.722887342807225775e-01
5.611090024334368653e-01 9.656920265827001471e-02 -4.426791293343166900e-01
9.908703586626323168e-02 -2.827660954397407389e-01 4.739861322284699696e-01
2.121041579765791940e-01 -7.142764121238384667e-02 -8.147998800829852062e-01
7.953408012014638595e-02 -3.820486417148443725e-01 2.230510620934902932e-01
1.650816349578119180e-01 -3.150435489676257639e-01 3.110492784935321026e-02
1.153478013542696690e-01 -1.024915864897271434e-01 -8.670565755006761632e-01
3.343130435988482807e-01 -2.484299901171747871e-02 -6.628547940928932736e-01
2.892928728696430585e-01 -1.722816360022708659e-01 -1.969109808426939279e-01
2.860949369014047505e-01 -4.398817963943482678e-02 -7.444194865514324189e-01
4.224107246115655356e-01 -1.505255674036334590e-01 -1.781022486176193076e-01
3.405258283152483578e-01 -1.504864413588879457e-01 -2.872792182083223622e-01
4.715293505737005453e-01 -8.524726018026242136e-02 -3.215431255300458258e-01
1.375923992411862140e-01 -8.491385536500430098e-02 -9.744426806149465436e-01
2.017413251214671410e-01 -2.639297169821279154e-01 -1.469840391730309337e-02
4.036450410273429990e-01 4.037306769697278364e-02 -7.142657906643239407e-01
3.278629746445089754e-01 1.039099899579521216e-02 -8.136538993629851557e-01
3.827761484730584640e-01 -3.364424800105741964e-02 -5.650703768171257968e-01
6.200891291783563464e-01 1.386828380733767241e-01 -3.214944815371488795e-01
4.745987826416223077e-01 2.624169819258341182e-02 -5.579224947761050046e-01
6.549509236195162343e-01 2.910968239663701551e-01 -3.700819505954239808e-01
3.753081569384709715e-01 -1.080000639490811404e-01 -4.090460368979228489e-01
1.607574276185367301e-01 -2.813230972749277692e-01 1.237578359110311638e-01
1.611396520386052245e-01 -3.832412067359521890e-01 -1.699276158529846592e-01
1.987599746449328353e-01 -3.136285275980568721e-01 -1.820094882000145020e-01
1.360871974810473062e-01 -4.355226907944405590e-01 -1.152969566033999055e-01
2.038211495617358038e-01 -2.348706379507990161e-01 5.668251867254069376e-01
3.065090985016814540e-01 -2.563678967664839159e-01 6.331628472271259023e-01
3.958363367386583676e-01 -2.543397885618386978e-01 6.444646038263162069e-01
4.669313354996290077e-01 -2.272628909653072737e-01 6.231469714271065108e-01
5.131362989018160015e-01 -1.845434552375077863e-01 5.778534917135146332e-01
5.389385865164031397e-01 -6.737169907356685417e-02 4.199378646363091661e-01
7.187806365074884685e-01 2.391518506527639254e-01 2.075063913655915138e-01
4.929573029392205208e-01 -9.799761398983866667e-02 2.810310868082307456e-01
4.310100789797702836e-01 -1.312009930854624584e-01 2.505634058561059252e-01
3.500717916114937101e-01 -1.550308231741774900e-01 2.533069298632895094e-01
2.731201273843211208e-01 -1.685599519797346957e-01 2.780622512560217974e-01
2.144150790585047650e-01 -1.733876782830280072e-01 3.100869546541397126e-01
1.739661162253516302e-01 -1.799985301254854453e-01 3.388327870732873448e-01
7.234133460773178870e-01 4.675942368108647607e-01 2.416339606852069832e-01
1.980432792090612848e-01 -2.799585093703534922e-01 -2.005273600391509481e-01
1.232848186687162673e-01 -3.709182366827301069e-01 8.619079817671071453e-02
1.186462223940223937e-01 -4.310966727846526347e-01 -1.829225414549423556e-01
8.627593545561912380e-02 -3.996728055404371593e-01 -2.216349800660275537e-01
1.185844755723458738e-01 -3.986382744621398411e-01 -1.930215368011722610e-01
1.821209890513880714e-01 -2.559168600175684150e-01 -2.233055863651070838e-01
7.354865513991212800e-02 -4.145644546802726982e-01 -2.322493541492616775e-01
7.140280251141194190e-02 -3.379625895276489045e-01 -2.415120665995530713e-01
1.737954840635002607e-01 -1.580756932157845740e-01 4.100319214582672234e-01
1.423553787729729403e-01 -1.931016918806696125e-01 3.854921146095302564e-01
1.232756632344664954e-01 -2.349315245805320695e-01 3.640274253860269482e-01
4.670179830080845584e-01 -1.366540116122400839e-01 4.607236043373297840e-01
5.046837985483232369e-01 -1.404670704589554286e-01 5.001162777821102079e-01
-3.239546288660415940e-01 -1.539019521472354546e-01 4.806902685004522668e-01
-2.599071004181396916e-01 -1.598703378470603675e-01 4.788716451947173658e-01
-3.231610980582875214e-01 -1.621807386077405710e-01 5.628536406361022149e-01
-3.888670765730695700e-01 -1.478813864561306923e-01 4.827747698626490558e-01
-3.253246528343342048e-01 -1.456256789431910337e-01 3.990573786204476558e-01
3.508657412953243293e-01 -1.602608201097856233e-01 4.505972850662992024e-01
4.135651470098056226e-01 -1.659419764998134039e-01 4.473838233266473341e-01
3.499612681666612879e-01 -1.686806780490087698e-01 5.295391897053334240e-01
2.876681722466637448e-01 -1.546046466857660673e-01 4.543471462051956733e-01
3.520066998890537535e-01 -1.518572384981176082e-01 3.716164621387706424e-01
