-1.423762283908896684e-02 -2.769721336530905353e-01 -4.664317783120656147e-01
2.190200793406591601e-02 -4.628177482443566193e-01 -2.009300574212760093e-01
2.470952570429421624e-02 -2.904339197722585197e-01 -2.610318412910013208e-01
-3.262135754515066433e-02 -4.197824267313489122e-01 1.282195668599238059e-01
2.170444109176482284e-02 -4.961081240176496987e-01 -1.087141223628097370e-01
2.068923243960289760e-02 -4.870893471995100810e-01 2.238460732279071164e-02
2.287066674945695960e-02 -3.580579383103772440e-01 3.561970597648326242e-01
-4.294167625858725801e-01 -1.132532356951272551e-01 4.480698133498651203e-01
2.332514946407877876e-02 -3.426975888753923671e-01 6.098945876906149977e-01
2.236509768038111648e-02 -3.698189577219415658e-01 7.322813905704710358e-01
2.100256844335657985e-02 -3.584504444080046648e-01 1.162735653253276435e+00
-1.316319711589723253e-02 -2.663498341003333048e-01 -4.925697285168874062e-01
-1.154789780463252868e-02 -2.442049759285288002e-01 -5.178498829488723532e-01
-9.151299461074017400e-03 -2.107774833260415981e-01 -5.354321746079555577e-01
-1.640857552532715147e-02 -1.899631499625354381e-01 -6.311605389905559083e-01
-1.737268473577607136e-02 -1.931552887780149941e-01 -6.706802676863385937e-01
-1.913722674611247412e-02 -2.024109770587174117e-01 -7.135139954647822247e-01
-1.890030909601372183e-02 -1.914461022250379674e-01 -7.534676583808721517e-01
1.123037592174421992e-02 -1.296074805606149960e-01 -8.128880644304008474e-01
2.085878853101147401e-02 -4.240429070573832337e-01 -2.406054572958860049e-01
-4.020424581164284278e-02 -3.354765420183862812e-01 -2.214393149209153422e-01
-6.662340649296436546e-01 1.377414330087191607e-01 8.537313052307236028e-01
-2.551148897725276088e-01 -1.704850594372339656e-01 3.437287103822696532e-01
-3.204469727639861487e-01 -1.635152315232938358e-01 3.372742588396843155e-01
-3.812814652867521081e-01 -1.454772287268480957e-01 3.490396186781653531e-01
-4.556294504712838367e-01 -9.995227065221357066e-02 4.222186433376318715e-01
-1.975445040688080245e-01 -1.661130242071248153e-01 3.677650597423336443e-01
-3.473037563283690732e-01 -2.218531720637910709e-01 6.372254852016066007e-01
-2.726908864215602524e-01 -2.211864087684091151e-01 6.230784974320271452e-01
-4.133054472962651160e-01 -1.981118831913165346e-01 6.224656902131002756e-01
-4.551323199988386303e-01 -1.676649624149236795e-01 5.861454331661071215e-01
-5.104670558890893606e-01 -5.941049958221802235e-02 3.691877072101411583e-01
-2.259325965177995943e-01 -2.632862478528695538e-02 -9.034001409022562878e-01
-4.503101364497160697e-01 -9.678955974700624576e-02 4.853388927215690485e-01
-6.873375259754332944e-01 2.132096835368906540e-01 4.634721542842006325e-01
-5.802146228707772968e-01 -3.898443501611672038e-03 4.527006390632900557e-01
-2.985004081413888954e-01 -1.786886404969201814e-01 -4.466781075661635514e-02
-8.583986305077358214e-02 -2.655551947852463623e-01 -4.469606597690572447e-01
-7.445965996694572930e-02 -2.313689850450021401e-01 -5.095104772058947074e-01
-1.473131403965869390e-01 -2.208775489931099623e-01 -4.657909841176996468e-01
-1.835619688770876723e-01 -1.722059778718063594e-01 -4.933418904445294184e-01
-1.248163456331614629e-01 -2.006968156356405131e-01 -5.106446594983411469e-01
-1.602496511492342290e-01 -1.538154754820176273e-01 -5.230748410396648396e-01
-2.832689703044736218e-01 -5.672445264338232818e-02 -6.190716667551969810e-01
-3.236244939920038255e-02 -4.559669428350010545e-01 -1.942848662971817797e-01
-4.192348705441950596e-02 -4.868300620073103269e-01 -1.044584605443159009e-01
-5.400285622009763919e-01 -1.585954304979530771e-01 6.717694849257840328e-01
-1.676435075309635758e-01 -2.194937935964162423e-01 1.800634678541306322e-01
-1.797770004967226831e-01 -3.032833720914327458e-01 -1.340817707995777264e-01
-1.847984165237645249e-01 -2.910902834880901846e-01 -7.963061779248976901e-02
-4.859437492224712996e-01 -9.846755125713492485e-02 -7.549606603158776769e-03
-3.784457649517490585e-02 -4.662463990503757372e-01 1.824690045627963900e-02
-3.945314506507515140e-01 -2.769232028958309444e-01 7.562654654850239355e-01
-4.805738897101501372e-01 -2.240713345747720187e-01 7.314653337974639236e-01
-6.026229840327101961e-01 -3.923083985012159464e-03 9.916423570686208055e-01
-1.143304714948024658e-01 -3.248223018353173508e-01 6.471910512883194411e-01
-2.066037651899679806e-01 -1.995759656705192731e-01 5.766774217291510407e-01
-3.239400843750905867e-01 -5.436538513295412212e-02 -5.207821034363148138e-01
-6.083006080912176650e-01 4.868067136537707063e-01 -3.668929187883248622e-01
-1.317424976813740267e-01 -2.721721755634302076e-01 -1.865100044562122139e-01
-8.141157050513593563e-02 -2.723385333777498252e-01 -2.156988229498654208e-01
-2.321078709075230229e-01 -6.526952459036937382e-02 -5.426453653645760822e-01
-2.200639274384208477e-01 -8.113539155623195054e-02 -5.494025022259187985e-01
-5.122491437662781699e-01 -2.017668192433680341e-01 7.965187205157553407e-01
-1.836267073690379115e-01 -2.629370820598420644e-01 -1.680307395345698729e-01
-2.760273679154590099e-01 -3.120301304571758694e-01 7.373301903956728243e-01
-2.857992965010323072e-01 -3.338019118869253177e-01 8.099591058526425247e-01
-3.461365387753090328e-01 -2.684638999812670734e-01 1.151360043208706108e+00
-5.564436894273041556e-01 -1.173969777845352280e-01 8.818750823926059246e-01
-3.084030123914454080e-01 -3.044592962962509586e-01 9.723455220388781406e-01
-5.746851617792410050e-01 -1.106757001348120384e-01 7.244154581800588133e-01
-6.196633422110104927e-01 7.269587797773140181e-03 7.722216268593122823e-01
-8.181767612084051011e-02 -2.551362179233784278e-01 -4.819342238164002756e-01
-1.363402001698267862e-01 -2.132520490290734094e-01 -4.893831673902133694e-01
-1.728293835984366922e-01 -1.679482725828879697e-01 -5.079318171652107416e-01
-1.169699427916428697e-01 -2.558917918061240360e-01 -2.017696413685553802e-01
-2.257006687507143172e-01 -7.348023875080102185e-02 -5.461662015955039973e-01
-2.102008969807699912e-01 -1.070762060351036493e-01 -5.839610749388424171e-01
-2.131992518462468289e-01 -8.289008447930534818e-02 -5.518060760123053576e-01
-1.027197785050121825e-01 -3.652779383577584582e-01 -1.725269649854777043e-01
-1.508595615961153547e-01 -1.410863788419274845e-01 -5.345814858950626025e-01
-1.141182085951235464e-01 -1.733606978716951963e-01 -5.267726912854588939e-01
-6.690588137999203822e-02 -2.013641388297003898e-01 -5.276799073712450383e-01
-7.624579432507154475e-02 -1.246705893918609309e-01 -8.043819709524367978e-01
-9.426345450437645379e-02 -1.879647845277777618e-01 -7.395481856337864368e-01
-9.126575826872787567e-02 -1.987801564003732202e-01 -6.984163233926947711e-01
-8.383983129702425596e-02 -1.883686085701463675e-01 -6.547414916875526902e-01
-7.514144373842202018e-02 -1.850116690069111003e-01 -6.176115549034608687e-01
-1.615876980724729739e-01 -1.371933696186753704e-01 -5.849074642757337017e-01
-1.756561812184881388e-01 -1.434543795056126558e-01 -6.013172000498681058e-01
-1.901137777874580825e-01 -1.498045683906647496e-01 -6.218381314287767525e-01
-2.005171552815795954e-01 -1.358441913591816874e-01 -6.444609676830080902e-01
-2.492047377186129287e-01 -1.604785454934880007e-01 -3.775649756670315105e-01
-6.803943482313810076e-01 5.168887287356533911e-01 1.056411401915512416e-01
2.458047918205524124e-02 -3.371752239025499476e-01 -2.476584318902038118e-01
-1.855084507133930027e-01 -1.058662645583091505e-01 -5.691287732149195033e-01
-1.979284097710818369e-01 -1.096512657881537900e-01 -5.764217540228079306e-01
-6.032801456271822543e-02 -2.726529868450908167e-01 -2.511082139406093372e-01
-1.606770279652433298e-01 -2.101061197183066720e-01 -2.162298834540551939e-01
-7.053729330981300949e-02 -2.735741852216112546e-01 -2.338879317522686851e-01
-2.339456417343297179e-01 -1.903229069094566350e-01 1.341014200586428395e-01
-3.382020944874776225e-01 -1.622560858561265529e-01 8.152446770358295902e-02
-1.952585333446688609e-01 -2.502701284390280723e-01 -1.140017666050658629e-01
-5.016019517359655566e-01 -1.464564577781608534e-01 1.094092840617473694e+00
-4.574149519657391139e-01 -2.184669535674388929e-01 9.532650344458967195e-01
-4.146119643890081585e-01 -2.752172027508721364e-01 8.298843299492835168e-01
-2.340789989127290416e-01 -8.293641868867565603e-02 -6.958044166471790692e-01
-1.323073286205619370e-01 -3.633784201483782894e-01 7.696722376911940833e-01
-1.538734695540147634e-01 -3.521417503153578821e-01 9.603447568806097179e-01
-1.781197791458616897e-01 -3.381772409582564087e-01 1.169870352892386833e+00
-4.301670996162621496e-01 -1.201912031812465559e-01 3.766054291934362031e-01
-5.817399707967105815e-01 -1.438463481741447669e-02 3.120402814769421829e-01
-1.592478506120134640e-01 -1.614362188319401481e-01 3.913859724390250650e-01
-5.133911484619839705e-01 -1.104306138960995942e-01 5.517635659941872994e-01
-1.232511966485629606e-01 -2.501041787294574492e-01 2.339893926412710823e-01
-1.425128165429941363e-01 -3.700188040520884236e-01 -1.118022482285637720e-01
-6.385523238591859219e-01 6.199124065638027259e-02 2.601991732508944777e-01
-5.418591593761632463e-01 -6.353349047192691224e-02 2.348818112976665817e-01
-4.627292952814626714e-01 -1.181525046086309566e-01 1.871111342467042249e-01
-3.400673069395072634e-01 -1.497870702458821146e-01 1.908040008997478332e-01
-2.489079564140746770e-01 -1.699602008105013107e-01 2.222546951566390649e-01
-1.806910264638438568e-01 -1.925272652313159139e-01 2.593966222606359784e-01
-3.767945498580204527e-02 -3.308151165547668082e-01 3.410316917364356604e-01
-6.265115974398447474e-01 6.860071135618248106e-02 6.402187180090654350e-02
-5.645698951622826200e-01 -8.188234204770353242e-02 5.735110645617764735e-01
-1.285543440264066278e-02 -4.202713979867090943e-01 -2.352274919017875721e-01
-1.628816312202159278e-01 -2.338984499728206934e-01 8.073104921633252051e-02
-7.047215815132521488e-01 4.154340472700163711e-01 5.065879449761108155e-01
-1.275476082786142495e-01 -2.084888904093856743e-01 3.024039989037773379e-01
-1.991665561786205296e-01 -1.879636182741152295e-01 -1.087666251987277899e-01
-4.757869802061146514e-01 -8.442382103107953784e-02 4.855568618993015839e-01
-1.459300121188394361e-01 -3.542860110069198099e-01 -4.579975975681042921e-02
-6.522779398956529695e-01 5.181942277320188417e-01 -1.223775147441909655e-01
-1.556404506775987961e-01 -1.509002089148779313e-01 4.259274446275272963e-01
-9.443961563691259664e-02 -4.235071323292863843e-01 -4.435042921705406593e-03
-4.872467329219032361e-01 1.855453998249096959e-01 -6.467019458108520524e-01
-4.810859921881499579e-01 3.103012231437181079e-01 -7.309344490627297519e-01
-6.761010358064794001e-01 2.945404544170467931e-01 8.033042031656843773e-02
-5.605375148501920979e-01 2.481882032034707641e-01 -5.069506707764428466e-01
-6.560866384447533450e-01 1.261652879217468326e-01 6.338296742029920772e-01
-2.355093452043114099e-01 2.154484115021842311e-02 -9.766363169840960312e-01
-1.817061959916984031e-03 -3.323708584728810589e-01 -2.425210082093949004e-01
-2.204614792314462668e-01 -2.006602682568164320e-01 2.015537513908639486e-02
-6.348451355077475711e-01 6.072492189389397388e-02 4.490921039098025314e-01
-3.709459305240700999e-01 -1.463323997401329568e-01 3.991403983899681762e-01
-3.172466766326147436e-01 -1.616295972556872629e-01 3.867112998177816285e-01
-2.203232119658687371e-01 -9.490021282692279181e-02 -5.921521874868564961e-01
-6.111802637516252634e-01 1.133346030530969079e-01 -1.177447679937913688e-01
-1.152616553802895821e-01 5.109850498885636083e-02 -1.093306750437818886e+00
-3.057084254626564190e-01 1.663284070889798905e-01 -9.575062722417926331e-01
-3.873618362946867344e-01 2.305840751342468908e-01 -8.662711384272429038e-01
2.155111839737915841e-02 -3.683851785819818869e-01 9.436038987014294666e-01
1.897182549791191775e-02 3.161188703639845887e-02 -1.112976013127493280e+00
-2.622307845726613573e-01 -1.659144055814335550e-01 3.930495397415572079e-01
-2.082766921746560529e-01 -1.606679752829070496e-01 4.092533184222935660e-01
-1.724823848662800363e-01 -1.503265415500363300e-01 4.184424386496160553e-01
-6.086389155287362795e-01 -2.099237425679358060e-02 6.070738227910754681e-01
-2.204579308661298032e-01 -1.809857953092088023e-01 5.084871949205136410e-01
-2.799712337307090348e-01 -1.932002269369976766e-01 5.448366068688663688e-01
-3.368618604382250803e-01 -1.901372839845869578e-01 5.537054998040737974e-01
-3.904450513426188651e-01 -1.724990936244793771e-01 5.408300804744783363e-01
-4.222147488097870438e-01 -1.493893239463105760e-01 5.176183084425640679e-01
-6.968085771373755399e-01 2.882726937875872975e-01 7.023426496066227376e-01
-4.060722318606032610e-01 -1.283597048319176648e-01 4.221500068897827695e-01
2.331198035903014193e-02 -2.728266493018866590e-01 -3.281196621059787599e-01
-1.875658455849021911e-01 -2.002064886355265361e-01 -3.391865237021750579e-01
-1.313359898161766126e-01 -2.977622711764876806e-01 -1.753161382616717223e-01
-6.701275919932828118e-02 -2.644827440053405532e-01 -3.280515650216651036e-01
2.319517186935459233e-02 -3.268258556186743879e-01 4.863502990613091659e-01
-4.046937370947128465e-01 1.386413261582380152e-01 -7.762544790003950146e-01
-3.248788983317605350e-01 8.484566009107236129e-02 -8.783672641886022259e-01
-1.228682697296734350e-01 -3.532239004724822828e-02 -1.048063656412036249e+00
-5.495311144626060518e-01 4.074472608507653804e-01 -5.730035660033367950e-01
-1.763639072503995209e-01 -1.638095811525032142e-01 4.574618528931532202e-01
-8.068170498446333716e-02 -3.321340304681092426e-01 1.893044731724750629e-01
1.395068458147212878e-02 -5.273649404625295467e-02 -1.066209663339300562e+00
-2.183661320820321772e-01 9.750208298358536974e-02 -1.037792949361131534e+00
-6.533815563691161010e-01 3.112472961996062271e-01 -1.243182105560071693e-01
-1.241664747516176975e-01 -1.638535026446390763e-01 -5.995838185404918086e-01
-1.380843065551238813e-01 -1.697962347720741727e-01 -6.275936168519558045e-01
-1.492435377420388010e-01 -1.774906414612347771e-01 -6.633926404343153393e-01
-1.560480569930175476e-01 -1.653910652652778035e-01 -7.015664783427906226e-01
-1.652508953487831778e-01 -1.114523727235646466e-01 -7.616585860959520504e-01
-1.882452181490526510e-01 -1.159352235198577163e-01 -5.395282932919082119e-01
-1.991611989276023675e-01 -1.180756541006423299e-01 -5.325537408521916483e-01
-2.084757081064243789e-01 -1.200808623285195414e-01 -5.245495350282352032e-01
-2.956595466580614895e-01 -1.111199572560337967e-01 -4.414662884066677950e-01
-5.329936958949057502e-01 -5.676780133975307605e-03 -1.910819277030679220e-01
-7.934308042580789921e-02 -2.864866013880357221e-01 2.943250507128543081e-01
-1.112713164597971677e-01 -2.016744719131054464e-01 4.948301141536878833e-01
-1.506813780816875226e-01 -1.784170483161542642e-01 4.897592775815939881e-01
-1.771759013435902363e-01 -1.088965602250410725e-01 -5.459774710822135058e-01
-5.371693283561457255e-01 1.150151018850327223e-01 -3.964233432166799354e-01
-5.922137121426700873e-02 -2.827328201553106490e-01 4.842355857772297489e-01
-1.985211888289811766e-01 -6.516697608521550278e-02 -8.274034181300193858e-01
2.140855683198607598e-02 -4.426614179158943063e-01 1.362134579849341165e-01
-3.643395630169807276e-02 -3.808540744161820757e-01 2.285018804025896466e-01
2.232724283583624458e-02 -3.983158945508528115e-01 2.421016118163513975e-01
-1.260229939809530408e-01 -3.111992739809121833e-01 4.449571977865766914e-02
1.217058988975776648e-02 -9.869564987103041087e-02 -9.906715024549759274e-01
1.193457630197683125e-02 -1.129555644907419554e-01 -8.938986310288514758e-01
-9.572706536384269216e-02 -9.777127613270016060e-02 -8.825490893617518040e-01
-3.415535409201282957e-01 -1.325848886687101651e-02 -6.379152607360338845e-01
-2.556820892309695226e-01 -1.630216045001486869e-01 -1.734698185766369583e-01
-2.793102938064209173e-01 -3.481945120305277724e-02 -7.465846802438795837e-01
-3.998656169018296458e-01 -1.382352696399420655e-01 -1.411745138824581636e-01
-3.160939794578593309e-01 -1.397796919009524075e-01 -2.561451829014134707e-01
-4.532210536577222504e-01 -6.875380011298136418e-02 -2.762890486285475844e-01
-1.158241849301213933e-01 -7.940119844104845392e-02 -9.745599092462254864e-01
-1.637650394359773665e-01 -2.589556583575265414e-01 8.800844305282399561e-04
-3.902829367318084719e-01 5.544793515001465722e-02 -6.921130819226612996e-01
-3.106490885504440969e-01 2.394694269113132462e-02 -8.045801769863498709e-01
-3.878080041335337236e-01 -2.159396391442992141e-02 -5.175025102209598327e-01
-5.926739066774111553e-01 1.559162200479145000e-01 -2.715859224675973294e-01
-4.646821281626081213e-01 4.485366061333204146e-02 -5.141470178742404418e-01
-6.201331038573011378e-01 3.083607693668953820e-01 -3.182315351580163321e-01
-3.665977693368841495e-01 -9.576460590174562526e-02 -3.634313645862060627e-01
-1.206056133230007238e-01 -2.803439767810038674e-01 1.367579598829547771e-01
-1.225344867426498285e-01 -3.791825979619580789e-01 -1.576885378427346496e-01
-1.596788347639168104e-01 -3.056269289267281586e-01 -1.672144675902082489e-01
-9.595729789600192239e-02 -4.311860943143288605e-01 -1.047811262235925911e-01
-1.636854033384308460e-01 -2.316742986596177500e-01 5.900487232735416310e-01
-2.709576671705026252e-01 -2.474322746181297217e-01 6.614769327521485831e-01
-3.633962068909775689e-01 -2.425753260721084936e-01 6.772255247121715671e-01
-4.384977630590982667e-01 -2.140026009510783145e-01 6.603545213202429709e-01
-4.890824205789786605e-01 -1.705149435603215136e-01 6.200289260800652125e-01
-5.204785964515634689e-01 -5.463990956423743495e-02 4.686755729866962095e-01
-6.912498308029736416e-01 2.557093382810794457e-01 2.751364217840239768e-01
-4.778529971966467005e-01 -8.737421392551278365e-02 3.209558541259702746e-01
-4.157407937198252523e-01 -1.221048650432518951e-01 2.822166578392870662e-01
-3.315785990060333699e-01 -1.490051123397606592e-01 2.730248813498554195e-01
-2.500021105800267485e-01 -1.653100156611931881e-01 2.894452597854580422e-01
-1.852576977661666846e-01 -1.706499910504267192e-01 3.178760272361373929e-01
-1.403457984029887751e-01 -1.788771081028452392e-01 3.445405502585461854e-01
-6.952974825607303178e-01 4.856646111509057562e-01 3.122628253675102106e-01
-1.592968066543617722e-01 -2.712597574697893088e-01 -1.863306181012004403e-01
-8.138255953649384256e-02 -3.700326681292321895e-01 9.544600988764651017e-02
-7.915036825630797357e-02 -4.270274948694876560e-01 -1.742091771125538202e-01
-4.695456751104706145e-02 -3.948724707071338269e-01 -2.149727917024386870e-01
-7.933225566579168997e-02 -3.944690705887842208e-01 -1.837341729131429791e-01
-1.420883459521313230e-01 -2.459999055434976267e-01 -2.106161028362315557e-01
-3.388025892033690034e-02 -4.108628898736582102e-01 -2.269135133755961764e-01
-2.434031583146070016e-02 -3.330513553292561713e-01 -2.355768427853700830e-01
-1.347636657959103146e-01 -1.585763262188650269e-01 4.212460012711096713e-01
-1.048754178663469788e-01 -1.926283562128226767e-01 3.931142735252298737e-01
-8.763669564089854314e-02 -2.337660674997042998e-01 3.699307691085937932e-01
-4.386812000711569626e-01 -1.260281742948750616e-01 4.997286105546132617e-01
-4.789705675792867989e-01 -1.269247279315136590e-01 5.435816752646174255e-01
7.556720051288387530e-02 -4.193998620454100767e-01 1.235149924019977863e-01
4.590504938525565848e-01 -1.229966276381129486e-01 4.144551907456195394e-01
8.618219819863771891e-02 -3.393123299156715067e-01 -2.270823312384854242e-01
6.753779478262000868e-01 1.183180106502561696e-01 7.827090975343655721e-01
2.801234690831913010e-01 -1.730929432528089951e-01 3.308593751565871433e-01
3.420544514047760831e-01 -1.684596465257667819e-01 3.208814591851787412e-01
4.009759408337810749e-01 -1.527592529006189803e-01 3.243089175236077426e-01
4.790359652995507256e-01 -1.094761131057422204e-01 3.839516018548572163e-01
2.288965873850336008e-01 -1.682890854384853641e-01 3.557474853247866720e-01
3.751689344108857238e-01 -2.298466359975197826e-01 6.067722411658744708e-01
3.020447010723896764e-01 -2.275783172679300415e-01 5.953999068560980046e-01
4.411326563726944983e-01 -2.094616515542987445e-01 5.889994206846800306e-01
4.818525588725608988e-01 -1.812631067960966680e-01 5.481828930936707422e-01
5.249638499876786435e-01 -7.162648829858464516e-02 3.224072606059701362e-01
2.453340578221361867e-01 -3.644592104008081285e-02 -9.137694967432241633e-01
4.813047631333181031e-01 -1.071442981005940043e-01 4.475255771131620985e-01
7.092227053752556687e-01 1.952343236116866887e-01 3.950202267440967585e-01
5.904616431366188634e-01 -1.908412951468848456e-02 3.956058995782068544e-01
3.295023411637020283e-01 -1.869929232659687246e-01 -7.353707691188822448e-02
5.860708199806825835e-02 -2.666977730212446440e-01 -4.543661392487555184e-01
5.307814673933613364e-02 -2.298113563740168952e-01 -5.180174557037113825e-01
1.277067884605280756e-01 -2.180573986877566983e-01 -4.805091294384624123e-01
1.726371819303723909e-01 -1.648842623156052956e-01 -5.087945132876454668e-01
1.085536878847853520e-01 -1.952811455656087991e-01 -5.229578531051939372e-01
1.518862379199112655e-01 -1.467219424922564519e-01 -5.344110394654868479e-01
2.802190751639184185e-01 -6.220825719653332031e-02 -6.464975131350148008e-01
7.421211423412080177e-02 -4.591463105507855857e-01 -1.992469869753411005e-01
8.228877011671541231e-02 -4.903548014990564141e-01 -1.103276254574504095e-01
5.567003694905372502e-01 -1.733176131681658239e-01 6.276508520050967377e-01
2.050198617503093679e-01 -2.214385972299758587e-01 1.629587520208292117e-01
2.186835086557850083e-01 -3.100671723415509007e-01 -1.501521911113984920e-01
2.223809801756180260e-01 -2.978396336482288520e-01 -9.628309223531637817e-02
5.087573127427418296e-01 -1.096644609356228484e-01 -5.375025952681788954e-02
7.911206986609853331e-02 -4.669150488184576342e-01 1.332279958763106509e-02
4.252859263652530863e-01 -2.910474934962142823e-01 7.229684437871887193e-01
5.048486011965347409e-01 -2.392534871996424284e-01 6.943290138322605332e-01
6.158050563795121057e-01 -2.293113469233020590e-02 9.250309461465071603e-01
1.588163274679100789e-01 -3.283558748103408975e-01 6.291612830949291357e-01
2.400699705505735249e-01 -2.027403888765811346e-01 5.512900289145847843e-01
3.278220124658668411e-01 -5.775638247832702576e-02 -5.552428315603533671e-01
6.490683012328154478e-01 4.674888958473660816e-01 -4.172367066828378546e-01
1.740983988275545402e-01 -2.792725717128450302e-01 -1.986374277343533612e-01
1.273166346819709083e-01 -2.810031839548113308e-01 -2.246754107650119070e-01
2.285823827369468653e-01 -5.652324783671419661e-02 -5.726267111029049728e-01
2.131166802447286568e-01 -7.494284941472645345e-02 -5.764597438119392070e-01
5.340020305250172683e-01 -2.175419231762348860e-01 7.510212669935716345e-01
2.209503301848193546e-01 -2.708209108171661939e-01 -1.841384381368916523e-01
3.147806076536558972e-01 -3.241567961884019855e-01 7.089365164673202546e-01
3.246428473767363210e-01 -3.465877950227336801e-01 7.762717779637502424e-01
3.743184646073451360e-01 -2.812443033630424027e-01 1.108582627817463084e+00
5.755498250440476138e-01 -1.332877404603136084e-01 8.260921006062935668e-01
3.416611667628600135e-01 -3.152319237891028081e-01 9.372221552154337276e-01
5.901109987665230650e-01 -1.255366488447288709e-01 6.682400142338894566e-01
6.370641663950507017e-01 -8.781321496566463214e-03 7.108740576999390548e-01
5.641395597360292918e-02 -2.549546891182058461e-01 -4.900566918271465622e-01
1.180297358130207724e-01 -2.091495367199759092e-01 -5.034093820675157316e-01
1.624014562673048445e-01 -1.610023156036020087e-01 -5.214982772998951743e-01
1.606631667703979360e-01 -2.639319773786048540e-01 -2.126976177439716953e-01
2.204818037159690658e-01 -6.663414056455159440e-02 -5.748943587639885333e-01
1.933391115623213086e-01 -1.026007252173842949e-01 -6.101406489985523596e-01
2.056051392077653250e-01 -7.654236850857074059e-02 -5.768640588988187545e-01
1.430322852477270423e-01 -3.675050367572255117e-01 -1.831514655690816007e-01
1.437238133682425811e-01 -1.340091813717666502e-01 -5.436078041907972391e-01
1.015754761037509918e-01 -1.666485383625507799e-01 -5.358122837475151057e-01
5.026349469970690237e-02 -1.974793543802693396e-01 -5.352618479938275886e-01
9.367096599871305163e-02 -1.269842758323194154e-01 -8.107999621816823765e-01
5.807028199056751827e-02 -1.865658112049141115e-01 -7.479206632081141226e-01
5.419408681122429849e-02 -1.959958943960304900e-01 -7.071499226167606844e-01
5.060045782627536903e-02 -1.848870607870141125e-01 -6.644118214014450574e-01
4.446961028653370618e-02 -1.809185397292314423e-01 -6.274018680448090191e-01
1.398458817800842247e-01 -1.315987791726614953e-01 -6.069954157524576344e-01
1.519400078352207417e-01 -1.399324325685478432e-01 -6.244048678941424013e-01
1.639784563104496606e-01 -1.472941016461333241e-01 -6.457877864103085397e-01
1.758819172686146015e-01 -1.337825981543930842e-01 -6.678828548641199125e-01
2.729234822040672026e-01 -1.660199146318168117e-01 -4.026503073470709682e-01
7.158599152137881116e-01 4.961678922638249056e-01 3.898335946357565918e-02
1.706854038569369791e-01 -9.832049170139162131e-02 -5.924485155794445568e-01
1.816253304243541367e-01 -1.041930788510953276e-01 -6.015762322847770793e-01
1.076734046442356374e-01 -2.775548095081204480e-01 -2.580855714143691082e-01
2.022044842468381509e-01 -2.202501299323195716e-01 -2.306492676605449987e-01
1.172562889914997575e-01 -2.807547757492088181e-01 -2.422232280550375427e-01
2.683547540607718052e-01 -1.934968223670402998e-01 1.108883325577027790e-01
3.682494124356101017e-01 -1.693793169389821718e-01 4.814709249338712527e-02
2.330865330835839577e-01 -2.577567600407122406e-01 -1.315954247284319423e-01
5.214368646950993114e-01 -1.646417551652556988e-01 1.035633507055937041e+00
4.825981048611729385e-01 -2.336733009532860617e-01 9.047777752401914286e-01
4.453490126890438106e-01 -2.899559145152175166e-01 7.903393546070915932e-01
2.372647325806048202e-01 -8.625580393772211418e-02 -7.114582849809651943e-01
1.790388955948715166e-01 -3.689751055448562411e-01 7.421196750846636991e-01
1.920081558547163669e-01 -3.584429584052271633e-01 9.410153427667793391e-01
2.129506229247741800e-01 -3.468929544399538267e-01 1.145900531327122440e+00
4.506850354688107796e-01 -1.292452690164789808e-01 3.439005406399660014e-01
5.886681166471861015e-01 -3.049376144810047110e-02 2.565711568648307850e-01
1.952977300552116713e-01 -1.610715606646449249e-01 3.797777069377910042e-01
5.345517426809709427e-01 -1.239261591107678195e-01 5.071521736300048655e-01
1.629007205272983705e-01 -2.508170857459597336e-01 2.210506500745228475e-01
1.814942446178532398e-01 -3.755959958973339452e-01 -1.262099044983004403e-01
6.616432288103553105e-01 4.518279609801466312e-02 1.977248269037112649e-01
5.484302528381652664e-01 -7.709900137321143432e-02 1.852530045315484708e-01
4.712750166120895368e-01 -1.292100848034249960e-01 1.461490445849815689e-01
3.554563726811464375e-01 -1.562557851338996773e-01 1.629431958200379393e-01
2.701086945675175155e-01 -1.738101622069109786e-01 2.044198385528646633e-01
2.067017569663248677e-01 -1.952528888985747280e-01 2.471684844934134151e-01
8.253387681965466960e-02 -3.312263077153266844e-01 3.352682321918352137e-01
6.519711934458443103e-01 5.365933577853533587e-02 4.521059708126008367e-03
5.777949072210164516e-01 -9.629502341908534324e-02 5.201351444219972642e-01
5.343949433496993084e-02 -4.210099746543312649e-01 -2.378909123629587008e-01
2.015093007478237497e-01 -2.361853938773208761e-01 6.465845702531111683e-02
7.274915465533466907e-01 3.970075428983061983e-01 4.342923582756894607e-01
1.598234643375772424e-01 -2.095438179207840812e-01 2.949559827023728320e-01
2.404910881508161291e-01 -1.955667620230276404e-01 -1.270103977472988033e-01
5.035323822441922781e-01 -9.507870318002639709e-02 4.438509733677923341e-01
1.835015863186155727e-01 -3.599273129799512860e-01 -6.000400086685688666e-02
6.924386080440327884e-01 4.965718369736960569e-01 -1.814238163037229512e-01
1.953171038303996854e-01 -1.489655563010846562e-01 4.129166232643297074e-01
1.324229274754513686e-01 -4.265517196028866809e-01 -1.437067404296072000e-02
5.136640908868973510e-01 1.673158751334056504e-01 -6.790032906596357165e-01
5.142697057479456157e-01 2.908550433368115584e-01 -7.595945208641674551e-01
7.119219184247156385e-01 2.764244035338899175e-01 1.658005060118860480e-02
5.903607318191788078e-01 2.294456856887595597e-01 -5.494300833691214692e-01
6.762318911350294615e-01 1.094031041144352401e-01 5.679992789288959010e-01
2.601108084741095006e-01 1.072783193875925453e-02 -9.852439206295663388e-01
5.148771784361970416e-02 -3.341339406383870836e-01 -2.449756233145402029e-01
2.558520514380288047e-01 -2.060274627521487822e-01 -1.430847372981496014e-03
6.385923290580285405e-01 4.502612079355626518e-02 3.811405407953434299e-01
3.985999434402404118e-01 -1.537725582365747357e-01 3.752672115635956596e-01
3.453703314190312845e-01 -1.668117976503832312e-01 3.686340734796653140e-01
2.049967795814627569e-01 -9.034868996149825193e-02 -6.194245556756868831e-01
6.387996613909526777e-01 9.796270621426619862e-02 -1.725439497531218169e-01
1.503630133555680648e-01 4.540652127236330382e-02 -1.095751020176689794e+00
3.396879762067683273e-01 1.528630687871367355e-01 -9.677234842600132003e-01
4.213382876046032344e-01 2.144784711756352602e-01 -8.832931708707438823e-01
2.925895801243580396e-01 -1.694154294163806584e-01 3.772495426717753508e-01
2.431003194468911166e-01 -1.613328221615779601e-01 3.944158951798681922e-01
2.112329146714714834e-01 -1.489134537217535748e-01 4.040892199328796064e-01
6.171705032861192208e-01 -3.533420535177896754e-02 5.423285047345989263e-01
2.527076008873772039e-01 -1.821227095230257831e-01 4.815936055768755275e-01
3.069924698041069933e-01 -1.976332581177374093e-01 5.124843162527707996e-01
3.630929938344796826e-01 -1.971090882032603686e-01 5.193295978545526825e-01
4.173434570824443579e-01 -1.819185213112680388e-01 5.047207161500648631e-01
4.495961514488139299e-01 -1.597212654276594923e-01 4.802670219697552922e-01
7.123060401992320489e-01 2.688478720357280194e-01 6.299204995028591103e-01
4.346783445540206570e-01 -1.370504749523604460e-01 3.928648481329158892e-01
2.210710970346584925e-01 -2.055803272665502057e-01 -3.578361676868980767e-01
1.732823091790673398e-01 -3.046928159578960460e-01 -1.879675322124285120e-01
1.100853443295535528e-01 -2.655020478061413947e-01 -3.355436139545574514e-01
4.303449920693920294e-01 1.215001716953375277e-01 -7.989300079418277800e-01
3.488231287597031161e-01 6.962716623397492699e-02 -8.925989284297669579e-01
1.484283307977636579e-01 -4.159588460087269846e-02 -1.052781102381278311e+00
5.875616255486565409e-01 3.883156349054414092e-01 -6.127633437309785158e-01
2.133807686443665030e-01 -1.619788642012719992e-01 4.395862264588948354e-01
1.225232876824947637e-01 -3.335985621074786245e-01 1.799921631885521567e-01
2.520847954003043734e-01 8.774032986956808999e-02 -1.042549375861857586e+00
6.896836991339087009e-01 2.927975931944118981e-01 -1.829052962533805060e-01
9.713458493025894924e-02 -1.585275008248093198e-01 -6.174462155233444438e-01
1.085826676279556674e-01 -1.656920741717226864e-01 -6.460060378751647514e-01
1.173877720168413630e-01 -1.737729212000491408e-01 -6.809723593904042360e-01
1.257908622184975012e-01 -1.622313157714091181e-01 -7.168738842477586637e-01
1.749546763774200708e-01 -1.122246146260265781e-01 -7.719375123164781138e-01
1.840498565798800723e-01 -1.080603229687829986e-01 -5.536119113203654685e-01
1.946403609861782347e-01 -1.085295233618145255e-01 -5.485806868796421210e-01
2.041958674212118741e-01 -1.100232635259720121e-01 -5.413869411485443539e-01
3.101909118891421069e-01 -1.130523751538097393e-01 -4.698968125366293491e-01
5.543604291924366656e-01 -2.034560709309890872e-02 -2.386083309676073627e-01
1.222253447719521963e-01 -2.871732475067945711e-01 2.845947980966514468e-01
1.533753359571976560e-01 -2.035519314656790424e-01 4.786483246349445553e-01
1.881089215880255572e-01 -1.771189754345442458e-01 4.716905268878892610e-01
1.736607372840604513e-01 -9.956745445282294549e-02 -5.588885123797369125e-01
5.616370329024589214e-01 9.758539832307080997e-02 -4.411658968856644880e-01
9.916748303704230050e-02 -2.829956686848325020e-01 4.745327577561090360e-01
2.122979462555218411e-01 -7.199243370666850994e-02 -8.371791341280819809e-01
7.959865256063008987e-02 -3.823588208624718043e-01 2.232321536634197523e-01
1.652156620821861877e-01 -3.152993277581108700e-01 3.113018184884100772e-02
1.155657732111550623e-01 -1.030751854050725724e-01 -8.881183409087489711e-01
3.453532194299295255e-01 -2.400674043836819802e-02 -6.683624184187457740e-01
2.895277451003585023e-01 -1.724215086916938422e-01 -1.970708497010731641e-01
2.879189433062271930e-01 -4.444991575057839761e-02 -7.636111736796513672e-01
4.227483018962671646e-01 -1.506353582366696808e-01 -1.782297681370324516e-01
3.410764478118286647e-01 -1.499715660088885016e-01 -2.861561284625122603e-01
4.719216533098195554e-01 -8.348722722453549849e-02 -3.184035548706960483e-01
1.377134069259330351e-01 -8.501172723780700546e-02 -9.807982943549360400e-01
2.019051156586786910e-01 -2.641439972745001086e-01 -1.471033445320049475e-02
4.067259556641260598e-01 4.042619879205038708e-02 -7.162244860577761107e-01
3.284976492165188056e-01 1.026955547764538297e-02 -8.202230657841750316e-01
3.950844394242625235e-01 -3.068679800355415127e-02 -5.573963425869253863e-01
6.205911645415123079e-01 1.387986877889368087e-01 -3.217510226672390394e-01
4.790015408388188511e-01 2.823527010382385904e-02 -5.531002475541381136e-01
6.554826677406686564e-01 2.913331673373278918e-01 -3.703824141789947566e-01
3.803589772986278872e-01 -1.054124902133875413e-01 -4.016714768910634170e-01
1.608879439885196605e-01 -2.815514989730178996e-01 1.238583194489402545e-01
1.612704787304474197e-01 -3.833107947594026621e-01 -1.699273387867333285e-01
1.989213446716423250e-01 -3.134326082906861988e-01 -1.819136454405491099e-01
1.361976844879587700e-01 -4.358762846624795184e-01 -1.153905643481172860e-01
2.039866286749599800e-01 -2.350613256442698751e-01 5.694827598651708289e-01
3.067579483090950854e-01 -2.565760377386416824e-01 6.359282769636085408e-01
3.961577098941250208e-01 -2.545462829455636400e-01 6.470497165281670071e-01
4.673104295411514286e-01 -2.274474020513579109e-01 6.257043709028322631e-01
5.135529060099988108e-01 -1.846932831007581099e-01 5.804268994573316132e-01
5.393761420869160883e-01 -6.742639707248931913e-02 4.197572712263484274e-01
7.193642029459463849e-01 2.393460141939717511e-01 2.076748624673656063e-01
4.933575270451254768e-01 -9.807717667651769111e-02 2.793620082573069485e-01
4.313600091308544826e-01 -1.313075130616111752e-01 2.484555824996707574e-01
3.503560092688136063e-01 -1.551566902061143338e-01 2.505996698550620461e-01
2.733418692230874525e-01 -1.686968030937564533e-01 2.749969256868983747e-01
2.145891592127026348e-01 -1.735284489503899352e-01 3.069974200153172128e-01
1.741073565171757653e-01 -1.801446680371343867e-01 3.361687073154108196e-01
7.240006737381659008e-01 4.679738690513002841e-01 2.418301394116299241e-01
1.982498405300966993e-01 -2.795265910684887056e-01 -2.003488204503117986e-01
1.233849116301738158e-01 -3.712193792335249376e-01 8.626077182884281380e-02
1.187425493537681287e-01 -4.312939651865719259e-01 -1.829730408541820064e-01
8.634598150001877859e-02 -3.991440515247319798e-01 -2.208126580064214417e-01
1.186807524008403197e-01 -3.984043303831141247e-01 -1.926951749749353793e-01
1.827200175766035550e-01 -2.551090493849350604e-01 -2.229583066995890206e-01
7.360836811011939318e-02 -4.141763744719554330e-01 -2.315099432274461966e-01
7.169246009907589978e-02 -3.365266718872319540e-01 -2.395457918238837192e-01
1.739365858218165362e-01 -1.582040323287368377e-01 4.092343290089052177e-01
1.424709548154626804e-01 -1.932584680386061904e-01 3.842689877662602838e-01
1.233757487627742122e-01 -2.351222617068783327e-01 3.632314590970184831e-01
4.673971473973255186e-01 -1.367649588064284993e-01 4.620534217745360106e-01
5.050935432074129539e-01 -1.405811134142951890e-01 5.027853113717256628e-01
-3.242176424189770478e-01 -1.540269026669414398e-01 4.812603033719775603e-01
-2.601181148128203224e-01 -1.600001340031250718e-01 4.794632810739956619e-01
-3.234234673563228801e-01 -1.623124105410241325e-01 5.645517384666356442e-01
-3.891827914982960435e-01 -1.480014489753823104e-01 4.834207227666992290e-01
-3.255887786876950907e-01 -1.457439100897919837e-01 3.986124043398142636e-01
3.511506035476233967e-01 -1.603909332921190922e-01 4.514236562583440193e-01
4.139009139011945448e-01 -1.660767021216486561e-01 4.481208902841113395e-01
3.502453960917739639e-01 -1.688176271785845062e-01 5.336085902196738839e-01
2.879017254090737721e-01 -1.547301677118662899e-01 4.553558217524290574e-01
3.522924884672846146e-01 -1.519805289476974242e-01 3.691875481483295474e-01
