-1.859063492300551748e-02 -2.578145944462643113e-01 -4.969448142338471763e-01
2.176939143731715029e-02 -4.601014748299038781e-01 -1.997800632935032294e-01
2.333337020957700764e-02 -2.909847534722777018e-01 -2.631091898561124243e-01
-3.242383546544681805e-02 -4.172406472288759383e-01 1.274431983268287383e-01
2.157302086079125950e-02 -4.931041929801900370e-01 -1.080558573409561018e-01
2.056395928954191793e-02 -4.841400247892679309e-01 2.224906597297893196e-02
2.273218503071445032e-02 -3.558899001307385124e-01 3.540402964372649786e-01
-4.268166472507504139e-01 -1.125674881870191435e-01 4.457476033484122357e-01
2.318391585584617109e-02 -3.406225574984649840e-01 6.062016804535681480e-01
2.222967717862872616e-02 -3.675797066563768478e-01 7.278474321432746308e-01
2.087539804610036298e-02 -3.562800296068351358e-01 1.155695297435511248e+00
-1.796268219931475285e-02 -2.442588093241451763e-01 -5.272479410338024586e-01
-1.691512745953536664e-02 -2.196385188361904273e-01 -5.547754126007335973e-01
-1.481873901559870380e-02 -1.866667102580576443e-01 -5.714319197890872504e-01
-1.788728639304508483e-02 -1.863161669359432726e-01 -5.472073267187442802e-01
-1.898364593244011855e-02 -1.893919546515296370e-01 -5.888529109186515509e-01
-2.067124831530014334e-02 -1.987247790193505392e-01 -6.392496475118389920e-01
-2.043249566328723260e-02 -1.880474170582656090e-01 -6.908836686791250958e-01
9.934169987987014755e-03 -1.270993542196295345e-01 -7.734296530008720749e-01
2.073248872006566712e-02 -4.222379837934167046e-01 -2.402134520851980093e-01
-4.007983880891641260e-02 -3.354159129458904598e-01 -2.221446095508362584e-01
-6.622000225728131850e-01 1.369074096462146173e-01 8.485619684646477090e-01
-2.535701709936865056e-01 -1.694527736578371746e-01 3.447842802632108961e-01
-3.185066687037539368e-01 -1.625251480005883709e-01 3.385504029068653331e-01
-3.789728088222955593e-01 -1.445963651782385950e-01 3.499019982076518875e-01
-4.528706175040523862e-01 -9.934706038948856732e-02 4.207511869766578094e-01
-1.963483735514398032e-01 -1.651072110688496242e-01 3.681200011693342988e-01
-3.452008346414346951e-01 -2.205098527407284847e-01 6.299142185623718415e-01
-2.710397451124433310e-01 -2.198471266921897260e-01 6.159139680435617992e-01
-4.108028858565734298e-01 -1.969123171975399045e-01 6.154857726440609023e-01
-4.523764971529570245e-01 -1.666497523022291705e-01 5.798466707803120457e-01
-5.073761816248913981e-01 -5.905076763321634448e-02 3.680648105662099323e-01
-2.276108457256038609e-01 -2.637396466602399264e-02 -8.922007274628586115e-01
-4.475835118897123488e-01 -9.620350148706680038e-02 4.816408979220772602e-01
-6.831757023173822274e-01 2.119187004732056567e-01 4.606658265569555377e-01
-5.767014276021442676e-01 -3.874839337531122557e-03 4.499998345529470090e-01
-2.966929903683263592e-01 -1.776066820946203273e-01 -4.439734749143024739e-02
-8.954265882410043786e-02 -2.527872797493546653e-01 -4.719896537238672529e-01
-7.949637157105021723e-02 -2.119394080210986187e-01 -5.427082031327672418e-01
-1.489462346948232652e-01 -2.150146119930806399e-01 -4.906438317823409445e-01
-1.790554460135698744e-01 -1.719301178010428921e-01 -5.144353260585985410e-01
-1.276608710432277360e-01 -1.898320071584165269e-01 -5.380965572394397212e-01
-1.572566612084916327e-01 -1.516155864138597487e-01 -5.399706486457888088e-01
-2.784417547625888112e-01 -5.910833544211735457e-02 -5.982659533168329657e-01
-3.216649591218635751e-02 -4.532900061269616310e-01 -1.931691378987120400e-01
-4.166964064904030846e-02 -4.838823095669974039e-01 -1.038259671465244366e-01
-5.367586932337582439e-01 -1.576351363342254341e-01 6.674795226289254035e-01
-1.666284273274333261e-01 -2.181647602925985696e-01 1.789731776361253024e-01
-1.786884520826389489e-01 -3.014855939187028322e-01 -1.332735478712833710e-01
-1.836794634726160447e-01 -2.893277339652333691e-01 -7.914845498817651981e-02
-4.830013633995436373e-01 -9.787132914786776661e-02 -7.503894696546650755e-03
-3.761542876896654952e-02 -4.634232805376836684e-01 1.813641832571000201e-02
-3.921425656224919454e-01 -2.752464349416302580e-01 7.516862836608448895e-01
-4.776640183470245438e-01 -2.227145842940405074e-01 7.270356617628090934e-01
-5.989741063022622214e-01 -3.899329513930318430e-03 9.856379554069147897e-01
-1.136382013318603390e-01 -3.228555051897792350e-01 6.432723142388496740e-01
-2.053527809132259241e-01 -1.983675346681128826e-01 5.705064296367433618e-01
-3.102127452111156369e-01 -6.172743001561002696e-02 -5.263790745559391304e-01
-6.046173523889071255e-01 4.838590953413845486e-01 -3.646713848669551616e-01
-1.310247703163906208e-01 -2.717965321524420386e-01 -1.859394770822009324e-01
-8.148939855985173897e-02 -2.729400955108113314e-01 -2.157759085274739141e-01
-2.193103370553072806e-01 -7.282701600253599361e-02 -5.338772247045108221e-01
-2.095198184595855329e-01 -8.749907078946012051e-02 -5.325787312379868244e-01
-5.091474789731074146e-01 -2.005451226387121033e-01 7.916958055288001450e-01
-1.825148490081926200e-01 -2.617567715059785360e-01 -1.671217247738910339e-01
-2.743560242354671219e-01 -3.101407903151277012e-01 7.328656615227158166e-01
-2.840687838654180064e-01 -3.317807437686528527e-01 8.050547949390872704e-01
-3.440406845820628279e-01 -2.668383530439174534e-01 1.144388566625988313e+00
-5.530744269856158191e-01 -1.166861399485913109e-01 8.765353352630728123e-01
-3.065356344225739771e-01 -3.026157974992934596e-01 9.664579770635345346e-01
-5.712054473567966806e-01 -1.100055595855400081e-01 7.200291279155597302e-01
-6.159112852372823355e-01 7.225567326988081157e-03 7.675458161031533111e-01
-8.616596134958687259e-02 -2.387531214837668725e-01 -5.125238571993884218e-01
-1.385726656219264386e-01 -2.048136450258888352e-01 -5.166606596247274030e-01
-1.692936487727481620e-01 -1.663787944914868477e-01 -5.278186066337051674e-01
-1.166330429875848951e-01 -2.560172586584412713e-01 -2.012166705719756199e-01
-2.139755415259136373e-01 -8.046748376530227231e-02 -5.334863875565041269e-01
-2.056817324645439371e-01 -1.095117579734375124e-01 -5.404879615089590583e-01
-2.038369000640546658e-01 -8.858945223383342393e-02 -5.315462142366071951e-01
-1.020978110026191515e-01 -3.637483821871092537e-01 -1.719387198830872876e-01
-1.484940292095019432e-01 -1.389091723452396399e-01 -5.489205661601153086e-01
-1.168098012116877138e-01 -1.624220697330956975e-01 -5.513508256955692577e-01
-7.213613681843690506e-02 -1.814881473778505172e-01 -5.599198228282864509e-01
-7.863378501561238410e-02 -1.226937835365597418e-01 -7.666488895686995875e-01
-9.665002010673673372e-02 -1.851752196897810676e-01 -6.769393350037051782e-01
-9.356979812091249793e-02 -1.957532562530793774e-01 -6.251852115942641008e-01
-8.615846478051483737e-02 -1.853210910525309729e-01 -5.765774536547689788e-01
-7.715657056131471070e-02 -1.820462628660312610e-01 -5.380262514344585911e-01
-1.614589475366123295e-01 -1.370407039289501250e-01 -5.207668843291919369e-01
-1.763951322804928057e-01 -1.430226716499721773e-01 -5.373281121803071825e-01
-1.919577852008385599e-01 -1.489949634675323265e-01 -5.600780520324711853e-01
-2.034013147315231196e-01 -1.349449923952061037e-01 -5.855118633894516034e-01
-2.457901207871313609e-01 -1.618762640923708807e-01 -3.877612129575845890e-01
-6.762745654634385595e-01 5.137589712896601934e-01 1.050014893002963745e-01
2.413827246458807863e-02 -3.371319897392195952e-01 -2.489680545232980102e-01
-1.811590061209648606e-01 -1.081617815879207106e-01 -5.226652710707135885e-01
-1.935667878595908609e-01 -1.119831928198705417e-01 -5.307125870489960429e-01
-6.111890432647507088e-02 -2.732798688707182011e-01 -2.522590424549415733e-01
-1.603897526213100833e-01 -2.099389316206516365e-01 -2.151555850477334664e-01
-7.096771819547795235e-02 -2.742644585586882511e-01 -2.344546271604877330e-01
-2.325291025964639768e-01 -1.891705031097065670e-01 1.332894405708360819e-01
-3.361542832959629190e-01 -1.612736264511631379e-01 8.103084127509588286e-02
-1.940762443632009226e-01 -2.487547446543832141e-01 -1.133114885593559384e-01
-4.985647556121294288e-01 -1.455696650048569907e-01 1.087468116524714867e+00
-4.546453078001075898e-01 -2.171441377724347421e-01 9.474930071900504736e-01
-4.121014919979414382e-01 -2.735507646149857308e-01 8.248593719505579180e-01
-2.382675843060553245e-01 -8.245810551011814593e-02 -6.555974612026045367e-01
-1.315062087201095686e-01 -3.611781664903917499e-01 7.650118779600378893e-01
-1.529417668290289356e-01 -3.500095346104606375e-01 9.545298619575586230e-01
-1.770412651948532479e-01 -3.361295802546782063e-01 1.162786796520848487e+00
-4.275624409959465355e-01 -1.194634463311029654e-01 3.765532319398467442e-01
-5.782175395576190091e-01 -1.429753958261819474e-02 3.101508798705439607e-01
-1.582836060492997521e-01 -1.604587237157704682e-01 3.910331540532765437e-01
-5.102825688387906400e-01 -1.097619591537435657e-01 5.466910021343602821e-01
-1.225049115605093414e-01 -2.485897997690820205e-01 2.325796699687489588e-01
-1.416499024883272340e-01 -3.677783429184663944e-01 -1.111252846273347583e-01
-6.346858942406814474e-01 6.161588777381633852e-02 2.586236691730338655e-01
-5.385782061565302925e-01 -6.314879384345076230e-02 2.334596036599891344e-01
-4.599274728061903406e-01 -1.174370902517855308e-01 1.859781849529568709e-01
-3.380082019003314286e-01 -1.488801106386136719e-01 1.898583906159608259e-01
-2.474008241941003661e-01 -1.689310930462242233e-01 2.217893288235427418e-01
-1.795969436292602639e-01 -1.913615140581604868e-01 2.590801989513264458e-01
-3.745130616334416129e-02 -3.288120334602351313e-01 3.389667401082343545e-01
-6.227180743311386824e-01 6.818533455411401878e-02 6.363421621553450036e-02
-5.611514286047125655e-01 -8.138654325806171652e-02 5.691165374404605348e-01
-1.277759506844658097e-02 -4.184711377577880476e-01 -2.347756469183424344e-01
-1.618953841426796492e-01 -2.324821965807233881e-01 8.024221968476072386e-02
-7.004544975269397789e-01 4.129185971731594296e-01 5.035205442075598725e-01
-1.267753084497805494e-01 -2.072264917133225803e-01 3.021057189388134390e-01
-1.979606041476726364e-01 -1.868254999496777868e-01 -1.081080458956803075e-01
-4.729060935447839675e-01 -8.391263722800053337e-02 4.818858046203561285e-01
-1.450464069701259129e-01 -3.521408118193258829e-01 -4.552244436030963848e-02
-6.483284017731270055e-01 5.150565654992165232e-01 -1.216365179820887432e-01
-1.546980488949221133e-01 -1.499865092611661344e-01 4.244226052248433190e-01
-9.386778445970869744e-02 -4.209427997618477302e-01 -4.408190581020786369e-03
-4.842964575422711304e-01 1.844219237953737822e-01 -6.427861702914463571e-01
-4.781730200482913196e-01 3.084223515227206835e-01 -7.265086463564437436e-01
-6.720072490136530519e-01 2.927570213808050603e-01 7.984402383621645727e-02
-5.571434643257162644e-01 2.466854327069773756e-01 -5.038810881982064283e-01
-6.521140386805606148e-01 1.254013580324941923e-01 6.299918401933770618e-01
-2.349468293186834089e-01 2.135457184231612238e-02 -9.705157132937003439e-01
-2.134676397150553177e-03 -3.324246766483762716e-01 -2.437224010702346289e-01
-2.191265865982347238e-01 -1.994452718102350253e-01 2.003333494393495784e-02
-6.310011528874104325e-01 6.035723112747481967e-02 4.463728545278580206e-01
-3.686998556464878840e-01 -1.454463581373357517e-01 3.986244148350563399e-01
-3.153257503418901986e-01 -1.606509312345858753e-01 3.866541284678931545e-01
-2.156377933089574928e-01 -9.750557796985674652e-02 -5.531581234528185620e-01
-6.074795717554974939e-01 1.126483610546899494e-01 -1.170318261022370854e-01
-1.145637469057783214e-01 5.078910663476959853e-02 -1.086686786115309111e+00
-3.038574852389561154e-01 1.653212826300493044e-01 -9.517086506036085414e-01
-3.850163632285542592e-01 2.291878830112072940e-01 -8.610258730635085289e-01
2.142062653419098822e-02 -3.661546090385510155e-01 9.378903695513693961e-01
1.885695123423544034e-02 3.142047548164559473e-02 -1.106236951564247173e+00
-2.606429791032086052e-01 -1.649097950774741084e-01 3.927583924272911586e-01
-2.070155783373415215e-01 -1.596951318757691696e-01 4.083640025217099012e-01
-1.714380052961191891e-01 -1.494163154479940525e-01 4.172139216350884139e-01
-6.049536113773830159e-01 -2.086526739680743397e-02 6.033911077339602080e-01
-2.191230597182441397e-01 -1.798899276514373535e-01 5.039346610510552216e-01
-2.782760099722495495e-01 -1.920304009856701466e-01 5.389422379531598750e-01
-3.348221643540087999e-01 -1.889860041302799665e-01 5.474837359356716782e-01
-3.880809094320767372e-01 -1.714546128829106675e-01 5.350836261037344999e-01
-4.196582416150415051e-01 -1.484847726899569675e-01 5.127287142615319926e-01
-6.925894063342856732e-01 2.865272119957994468e-01 6.980899700354861181e-01
-4.036134674871072470e-01 -1.275824877644342048e-01 4.207846110558985941e-01
2.041521123963238593e-02 -2.680940875861480555e-01 -3.347722982053343288e-01
-1.891183424151566816e-01 -1.991847742842672297e-01 -3.439431916055754046e-01
-1.305407513650316265e-01 -2.970335548151630256e-01 -1.747986038305427703e-01
-6.940424290757520043e-02 -2.608040254349499598e-01 -3.340875068456920505e-01
2.305472527450085074e-02 -3.248469274697326492e-01 4.834054515821010756e-01
-4.026352582743779052e-01 1.377747033804977428e-01 -7.717899037915043614e-01
-3.241559470930097109e-01 8.424573583626740469e-02 -8.731831618526478822e-01
-1.221570569551974628e-01 -3.511078357699416730e-02 -1.041570211626805742e+00
-5.462037076114228951e-01 4.049801706868601525e-01 -5.695340336309318019e-01
-1.752960250907873718e-01 -1.628177153449604786e-01 4.547929365899916476e-01
-8.019317785494317619e-02 -3.301229613595448864e-01 1.881582432276844852e-01
1.386621328906773032e-02 -5.241717496316793123e-02 -1.059479663104702318e+00
-2.170439267603797018e-01 9.691171221224113841e-02 -1.031509120695323301e+00
-6.494253358569701540e-01 3.093627033594046338e-01 -1.235654610835106582e-01
-1.265748981373464033e-01 -1.617739662024115233e-01 -5.269404831295070313e-01
-1.409555663011295423e-01 -1.676295188636036104e-01 -5.559882733153932444e-01
-1.523446929866130728e-01 -1.752840338829879108e-01 -5.921472214524705624e-01
-1.594597802119943619e-01 -1.633563226108653288e-01 -6.363598872887161750e-01
-1.690669511417749460e-01 -1.101729913583413961e-01 -7.186718585403040205e-01
-1.786200321298747895e-01 -1.197416706677899567e-01 -5.446052317499968654e-01
-1.880415161985277694e-01 -1.229735310984302332e-01 -5.396518151787053075e-01
-1.962592907039805157e-01 -1.258596168187089415e-01 -5.334787832236392857e-01
-2.836002354093393185e-01 -1.182878942064348460e-01 -4.554973502262785745e-01
-5.297664229913644496e-01 -5.642405460523839192e-03 -1.899249280380022331e-01
-7.886265865813242570e-02 -2.847519271263918572e-01 2.926102761325671819e-01
-1.105975694580635660e-01 -2.004533344708540610e-01 4.911266030094318946e-01
-1.497690034470592624e-01 -1.773367344025088554e-01 4.859902721633954648e-01
-1.689251202244594352e-01 -1.118528640074683417e-01 -5.490066195634030199e-01
-5.339167720288016117e-01 1.143186881016650391e-01 -3.940230027928660617e-01
-5.886278624768598311e-02 -2.810208750113873388e-01 4.812079307029473174e-01
-2.016264652235053856e-01 -6.477827362676782941e-02 -7.999243482526705584e-01
2.127892817802650577e-02 -4.399811062902858616e-01 1.353886792537641326e-01
-3.621334896460028790e-02 -3.785480058002989590e-01 2.271183031994983281e-01
2.219205154488879811e-02 -3.959040947426478163e-01 2.406356883397017532e-01
-1.252599256804640404e-01 -3.093149646687090026e-01 4.422629761730303283e-02
1.209881292435563589e-02 -9.805164408119240727e-02 -9.786683994531076847e-01
1.138151028920744712e-02 -1.116135967548747970e-01 -8.655426676618153126e-01
-9.717105522298777331e-02 -9.682322566257399454e-02 -8.561803851512987951e-01
-3.398824438202708298e-01 -1.424911122634240843e-02 -6.268115509610894254e-01
-2.541339360635844757e-01 -1.620345098854331922e-01 -1.724194601026316220e-01
-2.827043908078722967e-01 -3.491556308135458642e-02 -7.231560302830710718e-01
-3.974444335362019576e-01 -1.373982561002722036e-01 -1.403197032405452127e-01
-3.145695585027915575e-01 -1.389333268958655443e-01 -2.546389998642055175e-01
-4.504768035154608219e-01 -6.833749635961786084e-02 -2.746161204737651573e-01
-1.161039610300979436e-01 -7.894987974551105625e-02 -9.639172799022346361e-01
-1.627734433282002069e-01 -2.573876837531876571e-01 8.747555257825588310e-04
-3.895914890664269326e-01 5.499640370023011621e-02 -6.850315643328263038e-01
-3.122469297913643138e-01 2.356097476316894312e-02 -7.945719396468866602e-01
-3.802334755419772283e-01 -2.501060772172260943e-02 -5.184213025964118371e-01
-5.890852705370820397e-01 1.549721484837313923e-01 -2.699414717070844905e-01
-4.618657461408405274e-01 4.457254117762078638e-02 -5.108289391771334564e-01
-6.163782024802642034e-01 3.064936399330447370e-01 -3.163046455561731585e-01
-3.627321083557008552e-01 -9.788316992599047084e-02 -3.645681294476130763e-01
-1.198753472225005667e-01 -2.786464960661199086e-01 1.359298841968021587e-01
-1.217925413277984176e-01 -3.771181294095643510e-01 -1.568440399137456254e-01
-1.587119805953372542e-01 -3.042664991234304561e-01 -1.664164468476626579e-01
-9.537627716389578125e-02 -4.285752656886204770e-01 -1.041466754643982640e-01
-1.626942894266379114e-01 -2.302715124873426777e-01 5.845326626662750158e-01
-2.693170204911868870e-01 -2.459340740174716933e-01 6.551916335681338133e-01
-3.611958455343955432e-01 -2.411065342591287575e-01 6.710129790078307455e-01
-4.358426623329855198e-01 -2.127068167782895924e-01 6.543487803580712026e-01
-4.861210301241012388e-01 -1.694824768327795883e-01 6.143029889791512543e-01
-5.173271023829869586e-01 -5.430906350266279103e-02 4.656722576824968152e-01
-6.870643181680027300e-01 2.541610201208965858e-01 2.734704655301146703e-01
-4.749596008176530937e-01 -8.684516370363989934e-02 3.205545572855577618e-01
-4.132234862754735616e-01 -1.213655209846265792e-01 2.825910581982485348e-01
-3.295708930308817175e-01 -1.481028874818553498e-01 2.740451442257290093e-01
-2.484883532646354198e-01 -1.643090647337500654e-01 2.905319903719020824e-01
-1.841359637704777508e-01 -1.696167066113266619e-01 3.186076530694297304e-01
-1.394960056272011584e-01 -1.777940085305794171e-01 3.448345319597072578e-01
-6.910874614241742098e-01 4.827239155069457111e-01 3.103720762594933680e-01
-1.583639640865883158e-01 -2.704429478506248929e-01 -1.855242231338341818e-01
-8.088978873782241841e-02 -3.677921230487252169e-01 9.486807956602918979e-02
-7.867111335939966366e-02 -4.246039508716299982e-01 -1.732496110066762962e-01
-4.667025795055314286e-02 -3.934821533316245068e-01 -2.147773134463436540e-01
-7.885189944195841738e-02 -3.926939525826169120e-01 -1.831035313330379166e-01
-1.417006016807314250e-01 -2.458885220466171528e-01 -2.098280571662221317e-01
-3.367511510784992890e-02 -4.091865093372056839e-01 -2.265237301703808548e-01
-2.444279417212328470e-02 -3.330684960053070798e-01 -2.365704124207805015e-01
-1.339476727919502730e-01 -1.576161477314064752e-01 4.198774725705621269e-01
-1.042403982305376842e-01 -1.914619929345186544e-01 3.922758923035352119e-01
-8.710605609417199080e-02 -2.323506156825068114e-01 3.688744801514016736e-01
-4.360249886352871029e-01 -1.252650746276233740e-01 4.955756191826120594e-01
-4.760704043198563107e-01 -1.261561996385945628e-01 5.382934046932725813e-01
7.510964167027459060e-02 -4.168603989692932776e-01 1.227671064095086917e-01
4.562709464928449421e-01 -1.222518839635429039e-01 4.095299518878728895e-01
8.552540910545883279e-02 -3.390713634563067291e-01 -2.277400375169873203e-01
6.712885393257688182e-01 1.176015959670929784e-01 7.779697852205015307e-01
2.784273235407935809e-01 -1.720448667561140232e-01 3.183018458010752894e-01
3.399833142204968239e-01 -1.674396246066333083e-01 3.073504652770220336e-01
3.985480344649223738e-01 -1.518342967492641304e-01 3.112069607225980139e-01
4.761354060574054525e-01 -1.088132360470970700e-01 3.762676065170106332e-01
2.275106202340703709e-01 -1.672700962654793400e-01 3.453354483581345113e-01
3.728972892758680158e-01 -2.284549163092043922e-01 6.133490397458321031e-01
3.002158226317310774e-01 -2.262003322328177135e-01 6.024622800220875707e-01
4.384616013869718776e-01 -2.081933627966668365e-01 5.951477871528644270e-01
4.789349451770734678e-01 -1.801655600193143303e-01 5.536194049843305987e-01
5.217851977419716292e-01 -7.119278862786704298e-02 3.166601134158965047e-01
2.439181756226514175e-01 -3.606081591846067858e-02 -9.005525961684706093e-01
4.783904663369977772e-01 -1.064955401646330013e-01 4.458009068457038371e-01
7.049283671171062693e-01 1.940521812199734741e-01 3.926283821801915819e-01
5.868864022357376253e-01 -1.896857615679022058e-02 3.922764447312615532e-01
3.275072069144954745e-01 -1.858606824926570811e-01 -7.309181226427816092e-02
5.253352157434842962e-02 -2.523219020152666636e-01 -4.817093930371608712e-01
4.542432985080120666e-02 -2.099516179205785649e-01 -5.540979164321027106e-01
1.168916142153690607e-01 -2.107715618250840250e-01 -5.095633487024188168e-01
1.550250035295311357e-01 -1.614780219863206634e-01 -5.361561448772389493e-01
9.714467248077610084e-02 -1.841993742026939440e-01 -5.562144132318527223e-01
1.346430658312564310e-01 -1.421778998714265385e-01 -5.600845840574164569e-01
2.571597609396234496e-01 -6.356747948989509289e-02 -6.314066089022483119e-01
7.376276042895027474e-02 -4.564591805222142362e-01 -1.981105098242888773e-01
8.179051221965427665e-02 -4.873857067870782100e-01 -1.096595906862409542e-01
5.533295528529565965e-01 -1.722681762967879227e-01 6.251928783723016414e-01
2.037784679972300395e-01 -2.200977881544788906e-01 1.619720379774131636e-01
2.173593816213156837e-01 -3.082505061177279737e-01 -1.492557957189478424e-01
2.210344649783251847e-01 -2.960362168598562049e-01 -9.570010244397586519e-02
5.056767909607038369e-01 -1.090004434322549148e-01 -5.342480572430472613e-02
7.863304686566086055e-02 -4.640878816363441239e-01 1.324212696403581808e-02
4.227108232130261656e-01 -2.892852030664431195e-01 7.185908751841822983e-01
5.017917466341242916e-01 -2.378048090965726169e-01 6.901577570906938242e-01
6.120763612980807400e-01 -2.279229046372992923e-02 9.194298760873910181e-01
1.578546957746560786e-01 -3.263676824064610793e-01 6.253517161590946838e-01
2.386163486468264594e-01 -2.015127973149656582e-01 5.574953513402636229e-01
3.017077775350737179e-01 -6.181586080297012120e-02 -5.682430951739159131e-01
6.451381974487562232e-01 4.646582540257181426e-01 -4.147103414965114254e-01
1.729442659770758506e-01 -2.787043670115858518e-01 -1.980436305970043331e-01
1.259576803608560003e-01 -2.812246890477417827e-01 -2.247724165356081993e-01
1.971794229829742229e-01 -5.964151028867428761e-02 -5.753028785528966349e-01
1.824136056577440046e-01 -7.739058606801353657e-02 -5.725901385977358871e-01
5.307686521627161813e-01 -2.162247084334373848e-01 7.464738242602743101e-01
2.196124775626852044e-01 -2.695738280179672541e-01 -1.831759336743503108e-01
3.128746133924380501e-01 -3.221940291746550056e-01 7.046438965885368777e-01
3.226771373266233423e-01 -3.444892084762323781e-01 7.715714580648440624e-01
3.720519690607249075e-01 -2.795413711773342413e-01 1.101870168169914788e+00
5.720648750919025138e-01 -1.324806841733915386e-01 8.210901045283122146e-01
3.395924109141912339e-01 -3.133231968120084865e-01 9.315472819675488791e-01
5.865378810147203748e-01 -1.247765271720036317e-01 6.641938258687939411e-01
6.332067475590326122e-01 -8.728150886015849721e-03 7.065697205156248328e-01
4.944834160452522831e-02 -2.373489134754870333e-01 -5.234411882021808848e-01
1.067803859854864201e-01 -1.997894049209112954e-01 -5.353988216138381162e-01
1.451121707330559341e-01 -1.568736193841467896e-01 -5.487493678509215433e-01
1.593008448314708059e-01 -2.637272685320528609e-01 -2.121318317694141919e-01
1.892076249434314905e-01 -6.944034130135114113e-02 -5.743955591872844657e-01
1.751272877029905195e-01 -1.018134038932571594e-01 -5.665883237538751338e-01
1.757528553363495449e-01 -7.866305448648805432e-02 -5.706021202822495475e-01
1.421662258138784996e-01 -3.659798863456716900e-01 -1.825717169466807566e-01
1.268782973925970947e-01 -1.293592393070313040e-01 -5.675270963907850241e-01
8.991119540850336933e-02 -1.558590889311119443e-01 -5.678556850778486709e-01
4.242193404490997993e-02 -1.779661353707744642e-01 -5.707192259981850313e-01
9.270648578499442183e-02 -1.244090521661618542e-01 -7.705246820963120857e-01
5.695684286140323405e-02 -1.828443864063153956e-01 -6.845376362901265388e-01
5.304297898318736937e-02 -1.919886905038498126e-01 -6.322062816913697203e-01
4.912702151275120943e-02 -1.808483643752814007e-01 -5.828576973616588219e-01
4.263170182271799891e-02 -1.770502143929171546e-01 -5.440892084726394184e-01
1.318654117157825600e-01 -1.289895126647181978e-01 -5.366800518128908015e-01
1.444457876813915742e-01 -1.371777039858363967e-01 -5.545709879944515919e-01
1.573355539719573093e-01 -1.444218283655216151e-01 -5.785253659722379149e-01
1.697347001680607759e-01 -1.310580176181034839e-01 -6.046699481142148169e-01
2.613521839406666158e-01 -1.662066351961484778e-01 -4.159428212873188535e-01
7.115253886989444387e-01 4.931635993300750309e-01 3.874731550910716360e-02
1.541995794276876386e-01 -9.722674215785323537e-02 -5.445597210289444545e-01
1.646376534794068702e-01 -1.031402349902294513e-01 -5.543389390873916245e-01
1.057709965073468650e-01 -2.777854339294494324e-01 -2.593248152354648006e-01
2.003017536425564793e-01 -2.197068182407085901e-01 -2.296021243039327586e-01
1.156295649828125716e-01 -2.810325733345412358e-01 -2.428540299362401678e-01
2.667298680011670475e-01 -1.923252005325681302e-01 1.102169045206759512e-01
3.660196649551955561e-01 -1.683537264222694785e-01 4.785556129713444684e-02
2.316751958422718638e-01 -2.561960447568526478e-01 -1.307986154008037860e-01
5.182795683193653913e-01 -1.636448505501941764e-01 1.029362753797383956e+00
4.796759768902147947e-01 -2.322584108368440647e-01 8.992993379817636468e-01
4.426524276968759053e-01 -2.882002335881376776e-01 7.855538556352075208e-01
2.305842102361719548e-01 -8.464194287467960431e-02 -6.721027227645820501e-01
1.779548164005329558e-01 -3.667409639980094282e-01 7.376261459171855606e-01
1.908455478850134002e-01 -3.562725889317492900e-01 9.353175017962050974e-01
2.116612084711877451e-01 -3.447925201554283836e-01 1.138962112048641728e+00
4.479561408980072823e-01 -1.284626898643795312e-01 3.326958015797834012e-01
5.851037355359902659e-01 -3.030912466441436359e-02 2.550176203994699575e-01
1.941152037379498818e-01 -1.600962735509928181e-01 3.714781720189124226e-01
5.313150358156140118e-01 -1.231757853184306251e-01 5.092051416591716340e-01
1.619143578641482617e-01 -2.492983901388493018e-01 2.196058004755537807e-01
1.803952983032622859e-01 -3.733217649081608247e-01 -1.254457044560053358e-01
6.576369839324188726e-01 4.490921731769716152e-02 1.965276045329055199e-01
5.451095116960111842e-01 -7.663216748767347208e-02 1.841312917071785404e-01
4.684214498570933305e-01 -1.284277186914764557e-01 1.452641204424806043e-01
3.533040869622339764e-01 -1.553096575056215345e-01 1.615928516681559013e-01
2.684731884110608258e-01 -1.727577429547307031e-01 2.007012282121231617e-01
2.054501793500985163e-01 -1.940706340941862063e-01 2.420232034239153396e-01
8.203413480331231411e-02 -3.292207348613457318e-01 3.332381927610969519e-01
6.480235126708125959e-01 5.333442798978464683e-02 4.493682460455654219e-03
5.742963633128228551e-01 -9.571195594987849664e-02 5.201819962388082308e-01
5.311591768454108214e-02 -4.192209883027404604e-01 -2.374800294335855655e-01
2.002891634157618062e-01 -2.347552930567234630e-01 6.426694873263880115e-02
7.230865905964005691e-01 3.946036723959043813e-01 4.316627284907522677e-01
1.588557344379942504e-01 -2.082750316464080931e-01 2.888023669366326929e-01
2.390349163831010371e-01 -1.943826067191820051e-01 -1.262413507242760580e-01
5.004834973778451435e-01 -9.450300233245528814e-02 4.417421105264344172e-01
1.823904855648091905e-01 -3.577479557504546492e-01 -5.964067889503844866e-02
6.882458973716218953e-01 4.935650981577027197e-01 -1.803252964320553597e-01
1.941344602050719126e-01 -1.480635709547021839e-01 4.077457013599081748e-01
1.316211076247839618e-01 -4.239689520819275304e-01 -1.428366107611905508e-02
5.105307999988231149e-01 1.663027787416298808e-01 -6.749124336500684773e-01
5.111558064668557666e-01 2.890939181913383393e-01 -7.549951816341832211e-01
7.076112364514294262e-01 2.747506485599703341e-01 1.647965579957988078e-02
5.867861019355816721e-01 2.280563937516110196e-01 -5.461032882604656136e-01
6.721373120141519442e-01 1.087406673131493112e-01 5.645600329855098298e-01
2.585358394443215135e-01 1.066287522181575895e-02 -9.782976646200916004e-01
5.084126437658643971e-02 -3.341019839334965491e-01 -2.461612151184180419e-01
2.543028691507316363e-01 -2.047799679824235386e-01 -1.422184508447977246e-03
6.347256572083396220e-01 4.475348796373518345e-02 3.788327448738264547e-01
3.961864237181020321e-01 -1.528414665288728713e-01 3.663472835922045867e-01
3.432791166056847754e-01 -1.658017534440550111e-01 3.590536371095324197e-01
1.852181119008771693e-01 -9.002369576435351184e-02 -5.814505612699666370e-01
6.349317341455148478e-01 9.736954456110681611e-02 -1.714991974080245507e-01
1.494525664170119061e-01 4.513158240312613312e-02 -1.089116255818911583e+00
3.376311680123857406e-01 1.519374840313533759e-01 -9.618639256893828371e-01
4.187870873760005663e-01 2.131798056121412821e-01 -8.779448372259193167e-01
2.908179523714097270e-01 -1.683896202388831531e-01 3.685270216553777067e-01
2.416283488028932447e-01 -1.603559531114859271e-01 3.874027421227283496e-01
2.099539009287090807e-01 -1.480117838561052779e-01 3.980392882451563308e-01
6.134335404337234454e-01 -3.512025790435685524e-02 5.398243342759851959e-01
2.511774582250076993e-01 -1.810199578580622137e-01 4.832613060891146062e-01
3.051336326602144267e-01 -1.964365901952565552e-01 5.172280087981164787e-01
3.608944684307219819e-01 -1.959155941257514355e-01 5.247549037868906030e-01
4.148164455232342673e-01 -1.808170060044229366e-01 5.086913345431173239e-01
4.468738500627326693e-01 -1.587541543417233525e-01 4.818026322322350730e-01
7.079930323714302975e-01 2.672200001504163591e-01 6.261063210249012689e-01
4.320463703788290366e-01 -1.362206353357987287e-01 3.856972462196242013e-01
2.137611290066926406e-01 -2.042530502731592368e-01 -3.645044516294713155e-01
1.722330860730834634e-01 -3.038518834638984645e-01 -1.874311095241941727e-01
1.061985688885863505e-01 -2.634025857622959710e-01 -3.417548587644083091e-01
4.277381220466760503e-01 1.207644926735716995e-01 -7.940924208383470795e-01
3.467137711572345626e-01 6.920959622931960320e-02 -8.866439547767375196e-01
1.475295983478474848e-01 -4.134402182593718139e-02 -1.046012038408029365e+00
5.840039442329139074e-01 3.859643938419267117e-01 -6.090530661972337612e-01
2.120887496616155332e-01 -1.609980833713872128e-01 4.370709821599038092e-01
1.217814100778701336e-01 -3.315786252706232062e-01 1.789023119659539640e-01
2.505584238205726400e-01 8.720906462989563845e-02 -1.036236747068614683e+00
6.855076694146606808e-01 2.910247131700382517e-01 -1.817978060315278144e-01
9.313200582484383594e-02 -1.550645322291114847e-01 -5.395511592093769071e-01
1.052214681926884887e-01 -1.620185851779455122e-01 -5.691094283574077428e-01
1.149796504303121775e-01 -1.700013022019742359e-01 -6.055512781876983830e-01
1.239112162940633199e-01 -1.586817915629063491e-01 -6.499744671261404871e-01
1.733381302332908658e-01 -1.099060969785295716e-01 -7.262938287053569697e-01
1.596121878075357214e-01 -1.071562918318171020e-01 -5.703260409346331272e-01
1.687575956936229193e-01 -1.082807643319202151e-01 -5.673588803613686116e-01
1.774656072238968707e-01 -1.102671767539116221e-01 -5.627533113882582372e-01
2.907590247240096071e-01 -1.160325173409972876e-01 -4.900253980371750417e-01
5.511937774268917956e-01 -2.066177312433060964e-02 -2.377678317309202816e-01
1.214852712094568188e-01 -2.854344156079584027e-01 2.826253880148151265e-01
1.524466494274721584e-01 -2.023194260196630456e-01 4.785916252305665308e-01
1.869699234530924070e-01 -1.760465213426376796e-01 4.721206294116030433e-01
1.506378419403577029e-01 -9.839761660515952690e-02 -5.728707244716637614e-01
5.581422669637199352e-01 9.577745678261057050e-02 -4.409249395904140667e-01
9.856702465754783871e-02 -2.812821319949985188e-01 4.720860052937180806e-01
2.109844717185009877e-01 -7.089879536686874428e-02 -8.071241570470986115e-01
7.911668330556032025e-02 -3.800436410179379720e-01 2.218804846169265543e-01
1.642152824649690535e-01 -3.133901926504806257e-01 3.094168837411052919e-02
1.147046777118863742e-01 -1.018016651576992837e-01 -8.593413996731866789e-01
3.292864713695998202e-01 -2.497284772250575949e-02 -6.595211206969096018e-01
2.877746567359322771e-01 -1.713774977263218535e-01 -1.958775871574133798e-01
2.841098557474078246e-01 -4.362788140870139247e-02 -7.376344088008242039e-01
4.201955347454640055e-01 -1.497393788639876377e-01 -1.771727530319697208e-01
3.386667171626323025e-01 -1.498902535358436205e-01 -2.861842832354908883e-01
4.690518737327021848e-01 -8.535569682320692797e-02 -3.208889407593233933e-01
1.368674855440131510e-01 -8.445943445651739323e-02 -9.687132778281377643e-01
2.006825816702464405e-01 -2.625446073162271410e-01 -1.462126665662168840e-02
4.006901406061121884e-01 4.015500462100340257e-02 -7.105505303427817054e-01
3.260303764914301849e-01 1.037593021675698758e-02 -8.087668550277136159e-01
3.771218788809924116e-01 -3.437460393951877885e-02 -5.650612042532665580e-01
6.168353130489268032e-01 1.379540379786911297e-01 -3.198086303179238366e-01
4.708873762784053785e-01 2.550470688873337360e-02 -5.565973798072778589e-01
6.515137250146414427e-01 2.895691399083704654e-01 -3.681397513887320616e-01
3.719166236208397702e-01 -1.082461547832966331e-01 -4.092272769398828114e-01
1.599137686724891871e-01 -2.798467067201535485e-01 1.231083509906192586e-01
1.602939871693716822e-01 -3.812574377310004037e-01 -1.690515635672164563e-01
1.977168773945633395e-01 -3.120338714373472877e-01 -1.810820219692986788e-01
1.353730085113789006e-01 -4.332370569687530315e-01 -1.146918753307551442e-01
2.027514911405429721e-01 -2.336380310485457745e-01 5.718274552040865100e-01
3.049005311911274774e-01 -2.550224717196258872e-01 6.380130497373036613e-01
3.937589778781228622e-01 -2.530050070768723458e-01 6.485675391818717106e-01
4.644808683316736242e-01 -2.260702097069179350e-01 6.273240066365879386e-01
5.104433469460438744e-01 -1.835749666317116335e-01 5.824598376556112678e-01
5.361102235186838705e-01 -6.701813073476067806e-02 4.158406956994401549e-01
7.150084579946909269e-01 2.378967758406326793e-01 2.064173927044967716e-01
4.903702508520784153e-01 -9.748332009400685616e-02 2.726687594841853413e-01
4.287481274522129127e-01 -1.305124470370053469e-01 2.408579940289174437e-01
3.482346062128025554e-01 -1.542172175895299424e-01 2.414029282402930798e-01
2.716867862179010995e-01 -1.676753451933502836e-01 2.646555027608168409e-01
2.132898234339593024e-01 -1.724777354699033038e-01 2.963298669510159300e-01
1.730531377556354944e-01 -1.790538933988010950e-01 3.263846247988474447e-01
7.196168549904080614e-01 4.651402907204742476e-01 2.403658596983916651e-01
1.969987340466932690e-01 -2.785643008612309623e-01 -1.995138337131879547e-01
1.226378168988911943e-01 -3.689716486260206096e-01 8.573846711375665564e-02
1.180235640918816664e-01 -4.288516455236890956e-01 -1.819737136081481244e-01
8.582315721791014540e-02 -3.976724147275332300e-01 -2.205858953802701805e-01
1.179621413190486690e-01 -3.966096669014692599e-01 -1.920635304083783412e-01
1.811138691699065439e-01 -2.546893792113170685e-01 -2.221938271587965974e-01
7.316266998328355142e-02 -4.124712788692834753e-01 -2.311361101053265310e-01
7.100171207034294829e-02 -3.363835921283144792e-01 -2.404906888600033543e-01
1.728834010755790906e-01 -1.572461080780413467e-01 4.037760738759715862e-01
1.416082942332477224e-01 -1.920882894378374561e-01 3.778925830224728610e-01
1.226287095125862675e-01 -2.336985981437438298e-01 3.581545049129964964e-01
4.645670611118669635e-01 -1.359368479880277425e-01 4.617753765294616008e-01
5.020352055229304611e-01 -1.397298958078469489e-01 5.057068545774476842e-01
-3.222545069817520647e-01 -1.530942709055866380e-01 4.779101330223612942e-01
-2.585431015432051449e-01 -1.590313343700182069e-01 4.760680116365576531e-01
-3.214651406432537661e-01 -1.613296100905084463e-01 5.581222871311228850e-01
-3.868262925618157211e-01 -1.471053012917570291e-01 4.798773998795747842e-01
-3.236173410304603593e-01 -1.448614317874938329e-01 3.980643905849651221e-01
3.490243892291055028e-01 -1.594197673721953201e-01 4.499044098406509429e-01
4.113947469155952996e-01 -1.650711089133335141e-01 4.463931112887281061e-01
3.481246627977352404e-01 -1.677954376892344945e-01 5.399723186059974811e-01
2.861584825819040723e-01 -1.537932776858435824e-01 4.542853745812406863e-01
3.501593600439875109e-01 -1.510602879641426699e-01 3.597533609032060875e-01
