-1.691481554479732502e-02 -2.678937219271714243e-01 -4.874523936677269687e-01
2.199005218055345018e-02 -4.647296595552974363e-01 -2.017775843578447081e-01
2.407618435254107320e-02 -2.929809619986755709e-01 -2.642662054625842805e-01
-3.275249268367811523e-02 -4.214699171003384315e-01 1.287349988323312489e-01
2.179169113601237343e-02 -4.981024373284186901e-01 -1.091511429918822496e-01
2.077240142968060990e-02 -4.890474057791337481e-01 2.247458995541289778e-02
2.296260492365017475e-02 -3.594973013802985617e-01 3.576289465865905570e-01
-4.311429821820305652e-01 -1.137085042636105658e-01 4.502504451052669054e-01
2.341891462090623863e-02 -3.440752046207824488e-01 6.123463131018966887e-01
2.245500350905295026e-02 -3.713055991096834152e-01 7.352251007290878659e-01
2.108699701805461305e-02 -3.598913853197251433e-01 1.167409753671970973e+00
-1.600912907212392530e-02 -2.556455259099626454e-01 -5.155894348636053115e-01
-1.448144535270527028e-02 -2.320764188150140905e-01 -5.415485812313829417e-01
-1.192022780901930493e-02 -1.988034132250225683e-01 -5.580415636813246261e-01
-1.643080208740930331e-02 -1.907959812262379762e-01 -5.975193760331112269e-01
-1.739495996039258641e-02 -1.940036410651185816e-01 -6.379821681809658696e-01
-1.916843148550467432e-02 -2.032928455075984631e-01 -6.843472087164615969e-01
-1.893065205825754729e-02 -1.922777646452759059e-01 -7.295704152870317039e-01
1.130955964697844332e-02 -1.301762529283486125e-01 -7.995407744091789226e-01
2.094263912244510514e-02 -4.262030941108136961e-01 -2.422087631927897222e-01
-4.043696557372317146e-02 -3.380023119434638623e-01 -2.235517221798004883e-01
-6.689122703438523665e-01 1.382951420894515671e-01 8.571632339241173071e-01
-2.561404303670425375e-01 -1.711703951672144952e-01 3.481556734509432260e-01
-3.217351428870703356e-01 -1.641725491259557468e-01 3.418514686696008109e-01
-3.828141849995699841e-01 -1.460620350616329277e-01 3.533316027231753198e-01
-4.574610428880627744e-01 -1.003540704497839497e-01 4.249731880290013031e-01
-1.983386165109571331e-01 -1.667807847198645443e-01 3.717497747359574389e-01
-3.486998884830223577e-01 -2.227450033252912909e-01 6.364350850036274432e-01
-2.737870810577451852e-01 -2.220755596970326873e-01 6.222905151426524339e-01
-4.149669007477447824e-01 -1.989082764502504430e-01 6.218508663336844711e-01
-4.569619139925514828e-01 -1.683389615899135994e-01 5.858323666318417944e-01
-5.125190909092466329e-01 -5.964932375688826449e-02 3.717518390403012907e-01
-2.267564022998544426e-01 -2.642879008211374350e-02 -9.024529508777577869e-01
-4.521203456674628418e-01 -9.717864679245569182e-02 4.865528218665334248e-01
-6.901005655441929676e-01 2.140667686948981574e-01 4.653352693881667723e-01
-5.825470372971391919e-01 -3.914115438153577785e-03 4.545595752646661714e-01
-2.997003549038109727e-01 -1.794069539390389378e-01 -4.484737163305072688e-02
-8.872651201852244096e-02 -2.600415105709011354e-01 -4.650875394202913515e-01
-7.764471099596191583e-02 -2.219611372098500568e-01 -5.316342104983459160e-01
-1.506174144022503492e-01 -2.185391886474828682e-01 -4.827938352425433233e-01
-1.873917713207290947e-01 -1.710108279677259036e-01 -5.051338151091837592e-01
-1.282561292707853073e-01 -1.953428047416755908e-01 -5.287403587963459550e-01
-1.639109165306131266e-01 -1.516987950174310262e-01 -5.327149000620118313e-01
-2.845913331461307205e-01 -5.687689436367225626e-02 -6.116638700685893548e-01
-3.249254428962167207e-02 -4.578500332442627663e-01 -1.951021134383071065e-01
-4.209201597829478891e-02 -4.887870782820714077e-01 -1.048783759318113462e-01
-5.421994320127244693e-01 -1.592329709105304858e-01 6.742540365290827786e-01
-1.683174204591080525e-01 -2.203761403531183105e-01 1.807873036591450544e-01
-1.804996890553320910e-01 -3.045256038701694146e-01 -1.346229434126394453e-01
-1.855412907562962732e-01 -2.922604421669978136e-01 -7.995072623925790489e-02
-4.878972025937060586e-01 -9.886338152435587834e-02 -7.579955933548872954e-03
-3.799670907961800320e-02 -4.681206707155806113e-01 1.832025309852495371e-02
-3.961174342004217808e-01 -2.780364110915030107e-01 7.593055896258615878e-01
-4.825057566936927778e-01 -2.249720826646951499e-01 7.344051331926929604e-01
-6.050454782033336532e-01 -3.938854320399728763e-03 9.956286680393108268e-01
-1.147900704614189804e-01 -3.261280604166095221e-01 6.497927053748167037e-01
-2.074342951067864593e-01 -2.003782444189964873e-01 5.763946782544894232e-01
-3.260919295218948633e-01 -5.437077449737431900e-02 -5.217726272241031138e-01
-6.107459258373589828e-01 4.887636317416000908e-01 -3.683677977434222650e-01
-1.323198629916438329e-01 -2.740263256930808855e-01 -1.875935511228831176e-01
-8.207978955958275535e-02 -2.747776862689334521e-01 -2.173921311246472532e-01
-2.347408085395105981e-01 -6.525270506913756485e-02 -5.370447892641010412e-01
-2.227392800727636679e-01 -8.118731966654718635e-02 -5.409489803435140187e-01
-5.143083426311748640e-01 -2.025779050406130710e-01 7.997206593869369273e-01
-1.843648714284229495e-01 -2.642400383469913350e-01 -1.687709677364582495e-01
-2.771369749291727191e-01 -3.132844655756824581e-01 7.402941963087982247e-01
-2.869481858532254570e-01 -3.351437677522256520e-01 8.132150652957066406e-01
-3.475279788126797720e-01 -2.695431024842571688e-01 1.155988414623113858e+00
-5.586805466823947519e-01 -1.178689038508607123e-01 8.854201467245672585e-01
-3.096427667976273113e-01 -3.056831972924163865e-01 9.762542699980221172e-01
-5.769953482328638028e-01 -1.111206072251657434e-01 7.273275479460469262e-01
-6.221543372012940942e-01 7.298809041124378928e-03 7.753258847820270194e-01
-8.492012359190348469e-02 -2.475437919847025825e-01 -5.030613636616236839e-01
-1.397610984764338371e-01 -2.093561648890543136e-01 -5.076042228453007121e-01
-1.766309414344125472e-01 -1.661849438210464547e-01 -5.192703876435766919e-01
-1.176619789920193421e-01 -2.579209484487206550e-01 -2.029802111068881032e-01
-2.283781156586098815e-01 -7.348168394951623550e-02 -5.391539876885067528e-01
-2.115977644797425450e-01 -1.074211762051313773e-01 -5.665901688121465218e-01
-2.158135142234423876e-01 -8.297984884610308531e-02 -5.422486371740335986e-01
-1.031327034534947756e-01 -3.671538358401602586e-01 -1.734931415102054231e-01
-1.543820309954430370e-01 -1.390344804164288794e-01 -5.428446068316099549e-01
-1.173886690546536160e-01 -1.677061068942843070e-01 -5.428249376225094958e-01
-6.991727557562389672e-02 -1.915751304085003548e-01 -5.488204457151368842e-01
-7.647332052260059909e-02 -1.252056192838201520e-01 -7.917559146544095317e-01
-9.456042617627366531e-02 -1.887661553511881807e-01 -7.158486284029388358e-01
-9.155346961165250486e-02 -1.996297667279343102e-01 -6.699672590819191198e-01
-8.409853271612406644e-02 -1.891786838778413971e-01 -6.239171217432689653e-01
-7.537504942114667261e-02 -1.858065373818485466e-01 -5.861754919041929357e-01
-1.622195488237906935e-01 -1.377260843275391333e-01 -5.600040282063869501e-01
-1.763123485451348060e-01 -1.440189456881446617e-01 -5.766298815028575442e-01
-1.907950117692287784e-01 -1.504040692425086534e-01 -5.983253999416496827e-01
-2.012096373879135036e-01 -1.363923983385763039e-01 -6.223057564510184880e-01
-2.521394741791586069e-01 -1.609487992979561077e-01 -3.840965402687520625e-01
-6.831294768042837084e-01 5.189665783454440184e-01 1.060658120169071239e-01
2.450404526421364609e-02 -3.397243572431483671e-01 -2.503320652682397007e-01
-1.868409294583305846e-01 -1.062104559677414517e-01 -5.505286149105602655e-01
-1.993053346047326535e-01 -1.100090283642948252e-01 -5.581283977353137526e-01
-6.126116787548778475e-02 -2.751096659736591010e-01 -2.537133373773564626e-01
-1.617324920546945322e-01 -2.116108006896772475e-01 -2.172394697140073438e-01
-7.133309026090191296e-02 -2.760757661187991374e-01 -2.360126152829496726e-01
-2.348860837160670345e-01 -1.910879891329041180e-01 1.346404987549384147e-01
-3.395616387201020325e-01 -1.629083417981490867e-01 8.185219143340023706e-02
-1.960434563750297066e-01 -2.512761934967655542e-01 -1.144600452875454005e-01
-5.036183497762828365e-01 -1.470452005321187805e-01 1.098491002650358928e+00
-4.592537219497145329e-01 -2.193451725128057195e-01 9.570970717781736026e-01
-4.162786699303099303e-01 -2.763235529681468683e-01 8.332203871325627453e-01
-2.348646139676139610e-01 -8.326915475004166567e-02 -6.820270340772299766e-01
-1.328391930545555766e-01 -3.648391711118565972e-01 7.727662559389223418e-01
-1.544920280771460708e-01 -3.535573308026195849e-01 9.642052541070201821e-01
-1.788358058127605399e-01 -3.395366852817648939e-01 1.174573134208994452e+00
-4.318963355047458208e-01 -1.206743618007840996e-01 3.802824044934606240e-01
-5.840785169946057787e-01 -1.444246201475138380e-02 3.132946574017020924e-01
-1.598880136990739054e-01 -1.620851789768566198e-01 3.949174070401281211e-01
-5.154549380905777411e-01 -1.108745368423242894e-01 5.523005634880241432e-01
-1.237466561868060533e-01 -2.511095766831934473e-01 2.349368877056439708e-01
-1.430857061878667846e-01 -3.715062488054213796e-01 -1.122516828662389610e-01
-6.411192509814063190e-01 6.224044244145084115e-02 2.612451522412463922e-01
-5.440373880359856695e-01 -6.378888872634598528e-02 2.358260166030242133e-01
-4.645894284826470599e-01 -1.186274667476963640e-01 1.878633097402266083e-01
-3.414343491707341194e-01 -1.503892017843727613e-01 1.917745972571684443e-01
-2.499085478180490816e-01 -1.706434266525463928e-01 2.240028079056500809e-01
-1.814173893306622320e-01 -1.933012087914966204e-01 2.616569556078373049e-01
-3.783092325447734439e-02 -3.321449657517643872e-01 3.424026063856738800e-01
-6.290301218453853149e-01 6.887648049835638775e-02 6.427923222544024151e-02
-5.668394190871551830e-01 -8.221150115618509890e-02 5.749215478020675008e-01
-1.290711231277766151e-02 -4.224055680192523310e-01 -2.367539818410256958e-01
-1.635364018024664523e-01 -2.348387022476099428e-01 8.105557914146159504e-02
-7.075545035364119162e-01 4.171040575159841168e-01 5.086243776367069813e-01
-1.280603390335287306e-01 -2.093269983724717898e-01 3.051076333840627708e-01
-1.999671891350623121e-01 -1.887192163538818357e-01 -1.092038590490729960e-01
-4.776996042124126984e-01 -8.476319883750468853e-02 4.867991017819578436e-01
-1.465166386051231506e-01 -3.557102112434496477e-01 -4.598387205600816541e-02
-6.549000428503882754e-01 5.202773253389687547e-01 -1.228694610718707864e-01
-1.562661123175790590e-01 -1.515068151780441796e-01 4.286824081695657096e-01
-9.481925502076980761e-02 -4.252095957043465213e-01 -4.452872506739212304e-03
-4.892054241790138591e-01 1.862912768680552444e-01 -6.493016337340938859e-01
-4.830199177809733069e-01 3.115486081989191081e-01 -7.338727446287455214e-01
-6.788189056212574624e-01 2.957244868240331281e-01 8.065334407540691863e-02
-5.627908289422857147e-01 2.491859034237741133e-01 -5.089885702215177776e-01
-6.587240520502231078e-01 1.266724618640352740e-01 6.363776166672003853e-01
-2.364321423085612994e-01 2.163310536216317415e-02 -9.801141243707486295e-01
-2.020665125709867910e-03 -3.349412756318034812e-01 -2.450907569167749822e-01
-2.213477160037501112e-01 -2.014669058113201794e-01 2.023639833784100436e-02
-6.373971600417682737e-01 6.096902993670753196e-02 4.508974167382551745e-01
-3.724371022485498117e-01 -1.469206437911175500e-01 4.025901852729401598e-01
-3.185219818319772189e-01 -1.622793347657502661e-01 3.904834744332761898e-01
-2.217380003282586887e-01 -9.519357240980984292e-02 -5.766341523435805083e-01
-6.136371574735185463e-01 1.137901976294536655e-01 -1.182180932298957377e-01
-1.157249976285169291e-01 5.130391834332879986e-02 -1.097701752453698276e+00
-3.069373444717096722e-01 1.669970336219097906e-01 -9.613553656639584055e-01
-3.889189985921921444e-01 2.315109995699231593e-01 -8.697534762049629053e-01
2.163775209717385198e-02 -3.698660562970783605e-01 9.473970990732147879e-01
1.904809065522010056e-02 3.173896310549026434e-02 -1.117450083940064509e+00
-2.632849304712035488e-01 -1.665813676638516760e-01 3.966573097779988455e-01
-2.091139471185240462e-01 -1.613138471527851836e-01 4.124407827650863889e-01
-1.731757496780197136e-01 -1.509308417182078366e-01 4.213915599632692688e-01
-6.110855932425802717e-01 -2.107676293383533087e-02 6.095075226439045091e-01
-2.213441533743007172e-01 -1.817133431222182072e-01 5.091006799247836945e-01
-2.810966947563013352e-01 -1.939768757471476701e-01 5.445072443219269864e-01
-3.382160170416722567e-01 -1.909016200193471013e-01 5.531460912806069885e-01
-3.920146079076485268e-01 -1.731925256040343086e-01 5.406046492154793492e-01
-4.239120169108117619e-01 -1.499898565778268189e-01 5.179949545272638511e-01
-6.996096895424477324e-01 2.894315303192250832e-01 7.051660085217880125e-01
-4.077046083888786754e-01 -1.288757001472928543e-01 4.250029511502860236e-01
2.175962981508644187e-02 -2.720831987413168118e-01 -3.345994077732757366e-01
-1.900034320624395534e-01 -2.010958650919894286e-01 -3.445597401815320149e-01
-1.318639495491321645e-01 -2.996009416114800428e-01 -1.763458542224554393e-01
-6.895307542063429385e-02 -2.643050838976100381e-01 -3.341624092127167822e-01
2.328841452708415097e-02 -3.281396683191907804e-01 4.883053867290125249e-01
-4.063097099828227310e-01 1.391994051863218174e-01 -7.793684267752526429e-01
-3.261504029502635404e-01 8.518911995884274890e-02 -8.815109508332914512e-01
-1.233612821965063278e-01 -3.546432132332153625e-02 -1.052176406586204260e+00
-5.517401837424622535e-01 4.090851648809805674e-01 -5.753069925820917252e-01
-1.770728754586205211e-01 -1.644680820161421309e-01 4.593988695991962912e-01
-8.100603871414099877e-02 -3.334691815891143163e-01 1.900654657056768393e-01
1.400676517077967080e-02 -5.294849035703293183e-02 -1.070331998964842324e+00
-2.192439457334306452e-01 9.789403539518513886e-02 -1.041964790523441486e+00
-6.560080957700944460e-01 3.124984887181385118e-01 -1.248179572369805118e-01
-1.245780303303907210e-01 -1.645423164437131713e-01 -5.714577222703216552e-01
-1.385366480657668486e-01 -1.705103567142861321e-01 -5.999265151954822350e-01
-1.497324944878996589e-01 -1.782355086510304387e-01 -6.360075982001542894e-01
-1.565546183917935763e-01 -1.660845605054493968e-01 -6.768756722289887007e-01
-1.657817013898917335e-01 -1.119171561638962198e-01 -7.467369836950245032e-01
-1.916989294525140164e-01 -1.149975236325532918e-01 -5.396956648534609879e-01
-2.027071787736756947e-01 -1.171921911888387513e-01 -5.333065416691357141e-01
-2.121008289231105237e-01 -1.192693112639068159e-01 -5.259356247598162559e-01
-2.985500126161363399e-01 -1.112725053675507614e-01 -4.467053644335062801e-01
-5.351362861304193030e-01 -5.699599234862570002e-03 -1.918500611268456613e-01
-7.966203299632650114e-02 -2.876382536485917463e-01 2.955736064258321916e-01
-1.117186178781360700e-01 -2.024851864817794056e-01 4.961326323975513986e-01
-1.512871046631426575e-01 -1.791342699803420702e-01 4.909480236628720462e-01
-1.804599693670494442e-01 -1.079849700482342217e-01 -5.455402646539204703e-01
-5.393287042861381053e-01 1.154774540908820590e-01 -3.980169320167867841e-01
-5.945943619078494780e-02 -2.838693825281674021e-01 4.860893535162895684e-01
-1.991998542128938510e-01 -6.542877885327552656e-02 -8.201431850985652083e-01
2.149461744616957756e-02 -4.444408799226124418e-01 1.367610204049226064e-01
-3.658041776946849982e-02 -3.823850760533207271e-01 2.294204389174798187e-01
2.241699649118798071e-02 -3.999170912495896846e-01 2.430748401180648222e-01
-1.265295959134588588e-01 -3.124502691256312858e-01 4.467458832264141477e-02
1.221946155036174493e-02 -9.909368420988814985e-02 -9.909818975450495060e-01
1.199587727551948424e-02 -1.134278717773606476e-01 -8.871962677055740265e-01
-9.605579760314947313e-02 -9.817417598951551361e-02 -8.764268760587250462e-01
-3.429155550189994517e-01 -1.328210615867391961e-02 -6.360759400124967877e-01
-2.567099099200345069e-01 -1.636769377633185696e-01 -1.741671527895952420e-01
-2.802921631918672829e-01 -3.495091642008978094e-02 -7.405555576083927560e-01
-4.014730433552570199e-01 -1.387909639027734843e-01 -1.417420236621752538e-01
-3.175973335585386415e-01 -1.403415946125542435e-01 -2.572016109671654838e-01
-4.550429645200370077e-01 -6.903018465919850966e-02 -2.773997075769183418e-01
-1.162625985158729919e-01 -7.971956719248875223e-02 -9.752049614524204157e-01
-1.644233612456281468e-01 -2.599966385216470610e-01 8.836222965889466846e-04
-3.918055117022453682e-01 5.567404149659872792e-02 -6.925403008756353396e-01
-3.118014598691974393e-01 2.404988620520107784e-02 -8.034389179307100948e-01
-3.895123740543901536e-01 -2.158245720773096371e-02 -5.192543382070531344e-01
-5.950564063862653352e-01 1.565429902577796240e-01 -2.726776752407798488e-01
-4.665501873914833508e-01 4.503423442756012557e-02 -5.160885192860185100e-01
-6.226259872502508674e-01 3.096003496311431347e-01 -3.195107994065684576e-01
-3.684566079549227990e-01 -9.607478757735904429e-02 -3.654981809658902070e-01
-1.210904378367693157e-01 -2.814709362025923367e-01 1.373077111551921359e-01
-1.230270651668048248e-01 -3.808451542178292737e-01 -1.583883231575716477e-01
-1.603207303713478360e-01 -3.071483075279696218e-01 -1.680147641547244941e-01
-9.634303823605046280e-02 -4.329194264765712230e-01 -1.052023365359782275e-01
-1.643434050176067196e-01 -2.326056100314982666e-01 5.905341275314865968e-01
-2.720468944097521602e-01 -2.484269317400260024e-01 6.619225633025084266e-01
-3.648570293556784860e-01 -2.435504586656488113e-01 6.778976631855205826e-01
-4.402604875203091073e-01 -2.148628735710056969e-01 6.610604334375665969e-01
-4.910484911474763403e-01 -1.712003994219861991e-01 6.206073297844811876e-01
-5.225708770303768569e-01 -5.485955636463684532e-02 4.703989534275065387e-01
-6.940285975110718208e-01 2.567372685090548723e-01 2.762424429400481829e-01
-4.797739264190561403e-01 -8.772545098335104985e-02 3.237431078766810355e-01
-4.174120370609556430e-01 -1.225957164239818153e-01 2.853735062973610237e-01
-3.329115173388531579e-01 -1.496041004726404722e-01 2.767177410335302512e-01
-2.510071003925570254e-01 -1.659745481465044747e-01 2.933651800225230977e-01
-1.860024182710144636e-01 -1.713359897917462460e-01 3.217326196016074835e-01
-1.409099768155471499e-01 -1.795961791690322551e-01 3.482362151795291294e-01
-6.980925204915457982e-01 4.876169424103575234e-01 3.135180959001623857e-01
-1.599561015477604931e-01 -2.728434095994337061e-01 -1.872718996559387672e-01
-8.170971064305845855e-02 -3.715201686149997573e-01 9.582969164614218993e-02
-7.946854613996667815e-02 -4.288409425996116964e-01 -1.749663923905015739e-01
-4.714332095904612968e-02 -3.970575515135907341e-01 -2.164977396702272294e-01
-7.965116472167724226e-02 -3.964212105888367255e-01 -1.847606118157325561e-01
-1.429418359544933903e-01 -2.478120370466745659e-01 -2.117538101081774815e-01
-3.401645527853237178e-02 -4.129992078227015528e-01 -2.284135831568706310e-01
-2.458741464761817624e-02 -3.356050600948840001e-01 -2.379694169880853249e-01
-1.353054045006270856e-01 -1.592137898338327195e-01 4.240869536177036547e-01
-1.052970085452268056e-01 -1.934027061503236222e-01 3.961914345589884201e-01
-8.798898785335634853e-02 -2.347057876079849392e-01 3.725669230033069046e-01
-4.404446619338677205e-01 -1.265347970518110876e-01 5.006432704943309941e-01
-4.808959893414912479e-01 -1.274349547593463805e-01 5.438282831868993528e-01
7.587097436085060709e-02 -4.210858145362466609e-01 1.240115102129356606e-01
4.608958385786040557e-01 -1.234910638301509184e-01 4.168353772610344787e-01
8.644802737299006612e-02 -3.417596689313115998e-01 -2.292094065774794021e-01
6.780929108875622946e-01 1.187936391919389295e-01 7.858555142151228967e-01
2.812495420822125336e-01 -1.737887624583759061e-01 3.353093075074056184e-01
3.434294817911360265e-01 -1.691368402646498681e-01 3.255969044943409774e-01
4.025878306968758147e-01 -1.533733323656671921e-01 3.289051793387407496e-01
4.809616499551400692e-01 -1.099161979562178204e-01 3.870792623204027394e-01
2.298167325890966284e-01 -1.689655935360128147e-01 3.596186809808451512e-01
3.766770822590271295e-01 -2.307706003178239818e-01 6.061811972508414081e-01
3.032588955969979239e-01 -2.284931631359926885e-01 5.946399627925681441e-01
4.429059728854224942e-01 -2.103036699361133799e-01 5.884953910806024480e-01
4.837895659995667397e-01 -1.819917693781711587e-01 5.477982719657502608e-01
5.270741609118870796e-01 -7.191441972976168884e-02 3.248251416748841325e-01
2.463183510102876506e-01 -3.659698749513893429e-02 -9.125825861986595067e-01
4.832395681671078913e-01 -1.075750092490923432e-01 4.490333975664276278e-01
7.120737215411975241e-01 1.960191493209385294e-01 3.966081751329256777e-01
5.928352497304186786e-01 -1.916084666584624840e-02 3.974723190576252008e-01
3.308269131130395779e-01 -1.877446192327045238e-01 -7.383269091430226527e-02
5.634497250531462359e-02 -2.603095524775105307e-01 -4.729498853218616072e-01
5.045691684898271495e-02 -2.203980341322862579e-01 -5.402217480319616572e-01
1.256848672200828188e-01 -2.155943347567935153e-01 -4.983097026538124141e-01
1.709031039293091303e-01 -1.640806615175873784e-01 -5.232313793746757868e-01
1.062502263715940087e-01 -1.907148287758394511e-01 -5.425014144853920195e-01
1.499113872562519434e-01 -1.453857562568953155e-01 -5.481106346617670155e-01
2.819301616200047267e-01 -6.241022060617425898e-02 -6.380355059988165323e-01
7.451044074818560792e-02 -4.610475923736759296e-01 -2.000897348887998306e-01
8.261956411428504621e-02 -4.923259869328073246e-01 -1.107711322344870908e-01
5.589382585780893198e-01 -1.740143355280675541e-01 6.297771179501708838e-01
2.058440245073097641e-01 -2.223287619351964894e-01 1.636138326222706108e-01
2.195625981345584177e-01 -3.113499282876172058e-01 -1.507634215443404702e-01
2.232749331817379390e-01 -2.990369241522603527e-01 -9.667014440570399769e-02
5.108024747379479313e-01 -1.101053029286768875e-01 -5.396633325458635722e-02
7.943009379342053089e-02 -4.687920084000021803e-01 1.337635423787685539e-02
4.269955403440856001e-01 -2.922174801629208174e-01 7.258747166759180747e-01
5.068780504970938905e-01 -2.402152662777717607e-01 6.971104330029177509e-01
6.182805413823195817e-01 -2.302331810686226304e-02 9.287494847969713918e-01
1.594547558678961752e-01 -3.296758380604893346e-01 6.316904590159669874e-01
2.410350318237242939e-01 -2.035553883426101940e-01 5.506850702504485495e-01
3.296026827461444042e-01 -5.786636178641255124e-02 -5.548625797639735735e-01
6.516775017076312793e-01 4.693681622461397529e-01 -4.189139634694035719e-01
1.747385439455764744e-01 -2.810659203508086290e-01 -1.997996896475887352e-01
1.274771643166088819e-01 -2.832814810292779706e-01 -2.264491711618880632e-01
2.291807452589317284e-01 -5.665456073648472007e-02 -5.677891486358497275e-01
2.133882489659868209e-01 -7.516369506375578102e-02 -5.696205685945314734e-01
5.361486741817051982e-01 -2.184164235765250206e-01 7.540403012365546331e-01
2.218385320972127983e-01 -2.721441884790292698e-01 -1.849697265452769357e-01
3.160459994612555557e-01 -3.254598794924596916e-01 7.117863735207120568e-01
3.259478845660614965e-01 -3.479810490726096828e-01 7.793923258133401699e-01
3.758231936377579574e-01 -2.823748820224535327e-01 1.113039037587251201e+00
5.778634873719303844e-01 -1.338235460681913291e-01 8.294129133436743961e-01
3.430346161777373948e-01 -3.164991298499524319e-01 9.409897101672800579e-01
5.924831957991791853e-01 -1.260412967924452732e-01 6.709262833971167961e-01
6.396251112482950196e-01 -8.816621812375120479e-03 7.137317121645957441e-01
5.391735565357989868e-02 -2.468158461444285579e-01 -5.114713789284214274e-01
1.158240656851893396e-01 -2.055478125354506524e-01 -5.225679996033929520e-01
1.605246932970170459e-01 -1.599083789585119264e-01 -5.360866115377584951e-01
1.610763474838086962e-01 -2.658253058007651881e-01 -2.139839877549137015e-01
2.209004071780595602e-01 -6.681305134123562139e-02 -5.690346001372633689e-01
1.943254559348119304e-01 -1.030177741817688009e-01 -5.911066499036754518e-01
2.057672987939477838e-01 -7.677842258831614475e-02 -5.694846271688945860e-01
1.436072631134979183e-01 -3.694005740469781252e-01 -1.842038552528739159e-01
1.417467809873865781e-01 -1.325994140611681527e-01 -5.563807537637659451e-01
9.936528599738178591e-02 -1.621209394685228233e-01 -5.543494786915409422e-01
4.777654244106700754e-02 -1.881691302140519884e-01 -5.565858067798543640e-01
9.405852635111401627e-02 -1.275448028689931401e-01 -7.972919736558410353e-01
5.832483290346114624e-02 -1.873876186336670968e-01 -7.235205550713497136e-01
5.443475015200371220e-02 -1.968619476196910856e-01 -6.774935616392393500e-01
5.083621057646336983e-02 -1.857111943647270502e-01 -6.315580534829450254e-01
4.469184734260622793e-02 -1.817226644633724852e-01 -5.936458501720671688e-01
1.406057543195827209e-01 -1.321780252408381040e-01 -5.783140569839375633e-01
1.527329923104128462e-01 -1.405478121140867898e-01 -5.960842164213694394e-01
1.647942207395478031e-01 -1.479410967768774454e-01 -6.188092782591597674e-01
1.767297976797700954e-01 -1.343734523472688847e-01 -6.429734714408494867e-01
2.729441695606997786e-01 -1.664924634864809738e-01 -4.087282976067260210e-01
7.187376124101073627e-01 4.981624458379619869e-01 3.914006931957862007e-02
1.715228144794891663e-01 -9.872954510571962938e-02 -5.719296213704264664e-01
1.825485238923686970e-01 -1.046236193035174900e-01 -5.812479523827562833e-01
1.073592903797890435e-01 -2.798122192551951715e-01 -2.607967946921829760e-01
2.026120977601938433e-01 -2.216076023843612797e-01 -2.317851937352677361e-01
1.171800373642275517e-01 -2.830648020040271717e-01 -2.444498609658830868e-01
2.694335178062582936e-01 -1.942746634660994509e-01 1.113340944126747917e-01
3.697297443821135898e-01 -1.700602076762771364e-01 4.834063925136299761e-02
2.340235215201471042e-01 -2.587929207335204485e-01 -1.321244273681123071e-01
5.235329974323854607e-01 -1.653036012990690140e-01 1.039796667440156863e+00
4.845381090209159303e-01 -2.346126481477817105e-01 9.084148978315983447e-01
4.471392786027540978e-01 -2.911215131253973576e-01 7.935164529423357482e-01
2.383638462895288634e-01 -8.663279724775803381e-02 -6.977794143275698469e-01
1.797586170332923505e-01 -3.704583547171763636e-01 7.451029343270627603e-01
1.927800126384679180e-01 -3.598838692238405246e-01 9.447981460164411871e-01
2.138066666807122984e-01 -3.482874352052534594e-01 1.150506955958785049e+00
4.524967517493687086e-01 -1.297648242260694418e-01 3.479796529509565639e-01
5.910345134139783907e-01 -3.061634545082690326e-02 2.576025515316850978e-01
1.960828106530818904e-01 -1.617190549141211131e-01 3.830780179440129163e-01
5.367005961347103282e-01 -1.244243308597305919e-01 5.076762429189601855e-01
1.635555678469723939e-01 -2.518253495264852204e-01 2.219707113266629894e-01
1.822238363547070972e-01 -3.771058604970575212e-01 -1.267172577955080759e-01
6.643029794459843762e-01 4.536442879578651138e-02 1.985196642286278235e-01
5.506348967460418242e-01 -7.740893293296979838e-02 1.859977018414878391e-01
4.731695029007860209e-01 -1.297294985754113283e-01 1.467365558920204760e-01
3.568852776740638610e-01 -1.568839203671096860e-01 1.637057272031989530e-01
2.711945090076600673e-01 -1.745088645728972709e-01 2.059749481121008474e-01
2.075326808019172242e-01 -1.960377892387325793e-01 2.492406592590869219e-01
8.286565612574191275e-02 -3.325578098665191717e-01 3.366159868710482117e-01
6.545920633054168603e-01 5.387504129510347489e-02 4.539232638693038377e-03
5.801175945921356325e-01 -9.668212030546513569e-02 5.212811897584390675e-01
5.365431610725748812e-02 -4.231565195260139078e-01 -2.394622110886845956e-01
2.023193513421794043e-01 -2.371348394760024458e-01 6.491837755151527722e-02
7.304160019382209823e-01 3.986034844609397942e-01 4.360381816886633732e-01
1.604659413438402904e-01 -2.103861666045438450e-01 2.974327959320892667e-01
2.414578422816221759e-01 -1.963529241069863207e-01 -1.275209689606509045e-01
5.055565404542623487e-01 -9.546091164254261185e-02 4.454641633075964724e-01
1.842392474018060833e-01 -3.613741907802424658e-01 -6.024521303147456486e-02
6.952221535375620043e-01 4.985680143719005697e-01 -1.821531249246238771e-01
1.961022623092315564e-01 -1.495643854219857460e-01 4.153659981402655355e-01
1.329552566072071396e-01 -4.282664219650380022e-01 -1.442844376649277637e-02
5.157296167682172694e-01 1.679884710066182618e-01 -6.817322590784746783e-01
5.163370271036061832e-01 2.920242563699170235e-01 -7.626480275301715794e-01
7.147837852021524663e-01 2.775356022692027080e-01 1.664669939956663416e-02
5.927339327578928785e-01 2.303680382222394463e-01 -5.516387465124021894e-01
6.789502869773218485e-01 1.098428943927265838e-01 5.702825800336979167e-01
2.611564322454234532e-01 1.077095706431498504e-02 -9.886187523267720989e-01
5.149476417974353792e-02 -3.366665847048672666e-01 -2.475546788297922074e-01
2.568805553610008507e-01 -2.068556759811986945e-01 -1.436599801229954771e-03
6.411594169978140911e-01 4.520712204647605453e-02 3.826726983319472808e-01
4.002022819918388263e-01 -1.543907111046203540e-01 3.787408572118016736e-01
3.467586913666889092e-01 -1.674823671741260400e-01 3.722881786637403656e-01
2.060770251835458700e-01 -9.070572980696055276e-02 -6.023788591663545855e-01
6.413675827894367298e-01 9.835650921073890718e-02 -1.732375620505754721e-01
1.509674601373580949e-01 4.558905008031756412e-02 -1.100155847953203647e+00
3.410534935600645912e-01 1.534775655833962582e-01 -9.716136520125069342e-01
4.230320324046311087e-01 2.153406567542043015e-01 -8.868439358001978245e-01
2.937657658507857317e-01 -1.700964653228249357e-01 3.806692668239813893e-01
2.440775624700428914e-01 -1.619813666604971170e-01 3.973685977985090267e-01
2.120820533833923660e-01 -1.495120733946282143e-01 4.067787453759669769e-01
6.196514772716888997e-01 -3.547624645345071048e-02 5.442781439573713964e-01
2.537234643812076307e-01 -1.828548276364194702e-01 4.821745800044237584e-01
3.082265539466482740e-01 -1.984277273437661804e-01 5.122248897313048666e-01
3.645525974079645848e-01 -1.979014503099193745e-01 5.188839331370959096e-01
4.190211429967193868e-01 -1.826498186050684314e-01 5.046725035487853450e-01
4.514034905063636360e-01 -1.603633316028223454e-01 4.808840914943492417e-01
7.151694511141880595e-01 2.699286180743752372e-01 6.324527187535878836e-01
4.364257152711676913e-01 -1.376014064392936942e-01 3.958597482030257741e-01
2.203700134087671347e-01 -2.063137980083890599e-01 -3.629275989943119840e-01
1.739788896198752599e-01 -3.065173818335180655e-01 -1.890825821956186314e-01
1.087964384778653953e-01 -2.662755385658938101e-01 -3.416621997273389111e-01
4.320749745057712587e-01 1.219885944234547631e-01 -8.021416419770559525e-01
3.502252920668088576e-01 6.990695017406506340e-02 -8.958523088333156803e-01
1.490250003169160675e-01 -4.176309659018852954e-02 -1.056777551330184028e+00
5.899235743134527699e-01 3.898766357223646395e-01 -6.152266013024479951e-01
2.142385415502471302e-01 -1.626300057353468054e-01 4.413100420093968856e-01
1.230158210873612962e-01 -3.349396005236135454e-01 1.807157166832502049e-01
2.530981552679840152e-01 8.809303976511184686e-02 -1.046740337462278791e+00
6.924561701232253563e-01 2.939746194445406191e-01 -1.836405603002060904e-01
9.761968550564230351e-02 -1.592341387787439000e-01 -5.856134798004399844e-01
1.090940922379897149e-01 -1.664321452088200759e-01 -6.147569877613541234e-01
1.179067012075801640e-01 -1.745468401141962722e-01 -6.507841106687940469e-01
1.263275148287816563e-01 -1.629546200273921663e-01 -6.907585751266545060e-01
1.756734217700216538e-01 -1.127211714880579085e-01 -7.561786541443005216e-01
1.828672464013353094e-01 -1.075456049570206463e-01 -5.584956704931421934e-01
1.935997237037804519e-01 -1.080970795409222918e-01 -5.537381409676538357e-01
2.032712461520299330e-01 -1.096577135650195350e-01 -5.473888740993616553e-01
3.110274415423883165e-01 -1.133754331055635556e-01 -4.751952547187949794e-01
5.565836463434206127e-01 -2.041522060360639532e-02 -2.395507697419266835e-01
1.227166804711502385e-01 -2.883276600275200274e-01 2.858116149104064641e-01
1.539918920247863032e-01 -2.043701932652788045e-01 4.797324708633598500e-01
1.888651037750039008e-01 -1.778309789539349872e-01 4.726152546289437151e-01
1.724520178409662263e-01 -9.908312308223715670e-02 -5.629399993050070439e-01
5.638973736880329435e-01 9.801141207972292879e-02 -4.428719936251888090e-01
9.956612805380721243e-02 -2.841332876868709612e-01 4.763142448488819070e-01
2.131521426322671164e-01 -7.230006549676433469e-02 -8.295807040982671188e-01
7.991863250983019529e-02 -3.838958714549125517e-01 2.241295283160201490e-01
1.658798152739737464e-01 -3.165668047772982607e-01 3.125532231481924911e-02
1.160348095255945705e-01 -1.035075365768522021e-01 -8.813307623052937245e-01
3.471288319170907077e-01 -2.407244453479184462e-02 -6.651523429598257264e-01
2.906916225051761060e-01 -1.731146287862853350e-01 -1.978630580921403870e-01
2.891336034716013303e-01 -4.464392353350930126e-02 -7.571825932578368779e-01
4.244475216498779790e-01 -1.512404531657857154e-01 -1.789456226736145239e-01
3.424160046481110053e-01 -1.505515262291595990e-01 -2.872554921106993397e-01
4.738190798359108169e-01 -8.375704623346152955e-02 -3.195611997880764554e-01
1.382673377893174627e-01 -8.535450788609340311e-02 -9.809937635246779308e-01
2.027167573959870739e-01 -2.652058341286482879e-01 -1.476947066539703590e-02
4.084599849252290582e-01 4.058944077592506472e-02 -7.174932781556752071e-01
3.298314358471760577e-01 1.030616896773981980e-02 -8.194069659205248657e-01
3.971041625785829976e-01 -3.070280344775372025e-02 -5.575633946611465719e-01
6.230858387653918085e-01 1.393567640314220535e-01 -3.230442740067811513e-01
4.810715829425414869e-01 2.841971148836182348e-02 -5.551339299866843158e-01
6.581176534342453310e-01 2.925042980605700449e-01 -3.718713206147329919e-01
3.819845315984334855e-01 -1.057400182612664719e-01 -4.030594424077962312e-01
1.615347001142612149e-01 -2.826833125331780772e-01 1.243562152417443389e-01
1.619187726139693917e-01 -3.850115149194734410e-01 -1.707019066387984729e-01
1.997209918982630616e-01 -3.149907150938566769e-01 -1.828061249935045429e-01
1.367451878283003630e-01 -4.376284709990209687e-01 -1.158544247996514676e-01
2.048066379211115895e-01 -2.360062525823393431e-01 5.700595902557442640e-01
3.079910896947725685e-01 -2.576074520262019441e-01 6.367301298217684646e-01
3.977502308704141121e-01 -2.555695377880241592e-01 6.480439523482217634e-01
4.691889785202484897e-01 -2.283617216511609482e-01 6.266209095746636537e-01
5.156173458904541596e-01 -1.854357347056915239e-01 5.811202933018748684e-01
5.415443892241810220e-01 -6.769744556911515276e-02 4.218510996313531991e-01
7.222559870868864307e-01 2.403081652229065446e-01 2.085096981059694488e-01
4.953407831853114951e-01 -9.847143875258411450e-02 2.819635665188930940e-01
4.330940404161646717e-01 -1.318353583203867585e-01 2.512555425485813454e-01
3.517644112258995759e-01 -1.557804071693178471e-01 2.538771335930842810e-01
2.744406807558786854e-01 -1.693749501822772174e-01 2.786671724886546353e-01
2.154517897479554522e-01 -1.742260188525642239e-01 3.108354349843103770e-01
1.748072535795199001e-01 -1.808688345886132198e-01 3.398106137316809217e-01
7.269110961052676068e-01 4.698550850019341252e-01 2.428022764169021352e-01
1.990164997130729474e-01 -2.810864732122392295e-01 -2.013800777695283761e-01
1.238809086914985924e-01 -3.727116501990260788e-01 8.660753510649969733e-02
1.192198845056562095e-01 -4.331287797271953233e-01 -1.837734332531867909e-01
8.669308514920391617e-02 -4.013131777477680351e-01 -2.223635165292094096e-01
1.191578391341280019e-01 -4.003748479408804628e-01 -1.937894486426292862e-01
1.831559939350267674e-01 -2.568065915254008624e-01 -2.242043468191693145e-01
7.390426761508450682e-02 -4.163208441283243744e-01 -2.330546430483717568e-01
7.182734788467325104e-02 -3.390112097070604458e-01 -2.419396018192266073e-01
1.746357964001981067e-01 -1.588399993532947918e-01 4.117604238310859088e-01
1.430436761796794742e-01 -1.940353509731305992e-01 3.870108218608175887e-01
1.238717089901357066e-01 -2.360674336028407982e-01 3.655422513457333711e-01
4.692760449749768248e-01 -1.373147425422512335e-01 4.631659992124155800e-01
5.071239771544413522e-01 -1.411462377735868134e-01 5.030428847939173442e-01
-3.255209703198105320e-01 -1.546460779783988548e-01 4.827715283854806527e-01
-2.611637679550068980e-01 -1.606433212067192307e-01 4.809129402683255949e-01
-3.247236027395943858e-01 -1.629648929035855398e-01 5.638980661268543360e-01
-3.907472738839538051e-01 -1.485964024651869053e-01 4.847658245730257498e-01
-3.268976184420522291e-01 -1.463297884614294941e-01 4.020258706570242757e-01
3.525621997074852576e-01 -1.610356914762841041e-01 4.528794380890883708e-01
4.155647610787973623e-01 -1.667443166226319773e-01 4.496309572580058922e-01
3.516533533931072153e-01 -1.694962599698562611e-01 5.329173627215814113e-01
2.890590663502519142e-01 -1.553521700901911995e-01 4.566877102180422199e-01
3.537086749093538707e-01 -1.525914780073570898e-01 3.727996616577867739e-01
