-1.640168828375365012e-02 -3.299375599444074880e-01 -5.485147698377867975e-01
2.593895745988250567e-02 -5.481152922173013753e-01 -2.379587061075876808e-01
2.938391514684658701e-02 -3.437404487867467551e-01 -3.087871287086055294e-01
-3.863408360523760965e-02 -4.971561759163926064e-01 1.518528301293836091e-01
2.570497535498331848e-02 -5.875501261407404252e-01 -1.287521677294202471e-01
2.450264476864587662e-02 -5.768690201467080447e-01 2.651050920403447836e-02
2.708615820427123788e-02 -4.240547103245405069e-01 4.218508363647435200e-01
-5.085662999852464949e-01 -1.341279243315751935e-01 5.326348065754107353e-01
2.762441057986696202e-02 -4.058631613230769819e-01 7.223095623353006367e-01
2.648740330402332352e-02 -4.379835054888834289e-01 8.672545410380949615e-01
2.487373445578706238e-02 -4.245195626339611228e-01 1.377049571784464854e+00
-1.501277283547739622e-02 -3.178203430189136536e-01 -5.784843025953932960e-01
-1.284950946004877019e-02 -2.920318780961083660e-01 -6.074886561937152818e-01
-9.716844622086497421e-03 -2.525308332400205136e-01 -6.278432893834032802e-01
-1.847175277595530449e-02 -2.264977336491624527e-01 -7.648936027295746287e-01
-1.952945324122175308e-02 -2.303373417596887573e-01 -8.109520084263852624e-01
-2.165959075207004106e-02 -2.412179043717709304e-01 -8.598412097857458525e-01
-2.138099628832172694e-02 -2.280973092213307296e-01 -9.043464887835359622e-01
1.404846845194403226e-02 -1.545462908186757967e-01 -9.693809062356106843e-01
2.470345321759498392e-02 -5.021273509701527082e-01 -2.848493925335411903e-01
-4.760299825158971487e-02 -3.971183979439315004e-01 -2.620546005785354127e-01
-7.890334585102344311e-01 1.631297542230937259e-01 1.011089945507051002e+00
-3.021373333948812467e-01 -2.019086431527470915e-01 4.229542398322299057e-01
-3.795113406814524248e-01 -1.936541456515751825e-01 4.162283574303392020e-01
-4.515587674923616790e-01 -1.722914017147278987e-01 4.284293497108220272e-01
-5.396104763007570915e-01 -1.183753427663527535e-01 5.055513205557934375e-01
-2.339556493130697246e-01 -1.967307600934263823e-01 4.486126312175406916e-01
-4.113183315511007576e-01 -2.627448592762138824e-01 7.372093486690282083e-01
-3.229529148140255490e-01 -2.619551990401848274e-01 7.207637346205304496e-01
-4.894853680826569686e-01 -2.346276070151525617e-01 7.209532668985471071e-01
-5.390217153882608248e-01 -1.985687495267992597e-01 6.802719962887789906e-01
-6.045556775999432197e-01 -7.036096552668923143e-02 4.428643944939745225e-01
-2.657206557859677631e-01 -3.105676046721566469e-02 -1.069528095392264566e+00
-5.333107132590957367e-01 -1.146296849364583231e-01 5.709545774902924364e-01
-8.140266819612956839e-01 2.525082142216054093e-01 5.488987377564366055e-01
-6.871590251247311487e-01 -4.616999315582875907e-03 5.363456884475473752e-01
-3.535196139023436546e-01 -2.116242975697527062e-01 -5.290092335506074717e-02
-1.012645076004276001e-01 -3.156631842654783471e-01 -5.264369027422924896e-01
-8.732637894514554133e-02 -2.761308436004718536e-01 -5.985669896279314228e-01
-1.752034239206785304e-01 -2.616042431213492225e-01 -5.477930431067455919e-01
-2.219161365504779548e-01 -2.019531073304171864e-01 -5.781757224861677757e-01
-1.481143194260790552e-01 -2.383083219837688060e-01 -5.999770836565783139e-01
-1.934408867357679251e-01 -1.806731832642434199e-01 -6.138870813228881618e-01
-3.374560058329587608e-01 -6.551854828977891898e-02 -7.350858726344641214e-01
-3.832745375904627466e-02 -5.400019650728294929e-01 -2.300892660061904516e-01
-4.965076948872451656e-02 -5.765619438461836443e-01 -1.237121075227487765e-01
-6.395659221849353537e-01 -1.878275333203417996e-01 7.944639775307795748e-01
-1.985433401066207526e-01 -2.599506032481258000e-01 2.132525320203556563e-01
-2.129132626646837723e-01 -3.591803922072502320e-01 -1.587951917216784969e-01
-2.188602195421499030e-01 -3.447436647412907007e-01 -9.430802936615073628e-02
-5.755122670452574862e-01 -1.166169620067356444e-01 -8.941140153333283769e-03
-4.482003936855911280e-02 -5.521843269895100326e-01 2.161014507501528986e-02
-4.672509728707677779e-01 -3.279653263387294904e-01 8.956593293477359552e-01
-5.691526420339362291e-01 -2.653718706070767874e-01 8.662848315879220218e-01
-7.136976661787777232e-01 -4.646181728642831063e-03 1.174420583898035053e+00
-1.354037148283257774e-01 -3.846931246985116348e-01 7.664804614408662342e-01
-2.446847016240334960e-01 -2.363615472666639739e-01 6.694152315774154482e-01
-3.912434050197635682e-01 -5.970106562573588432e-02 -6.107381179354910428e-01
-7.204217824958836225e-01 5.765342926632973652e-01 -4.345181428767645460e-01
-1.560172812404784781e-01 -3.222141527438202036e-01 -2.208326326436344522e-01
-9.636142026054517196e-02 -3.223154991401582792e-01 -2.553208702849355527e-01
-2.829611281819839341e-01 -7.240767821658787573e-02 -6.395144028043385775e-01
-2.674928110976689810e-01 -9.184575612458369120e-02 -6.498612375401254804e-01
-6.066662375894807946e-01 -2.389562161115494909e-01 9.433320118253971653e-01
-2.174725424848086841e-01 -3.113610285728849458e-01 -1.989913431366955310e-01
-3.269043722236137928e-01 -3.695431169825049711e-01 8.732339290596689008e-01
-3.384774499361804523e-01 -3.953278447587080247e-01 9.592497128686984231e-01
-4.099359739815847670e-01 -3.179468157482075452e-01 1.363577224138778687e+00
-6.590066642440233213e-01 -1.390354355563656330e-01 1.044421146954888080e+00
-3.652474532473722890e-01 -3.605768365470653491e-01 1.151566979995679585e+00
-6.806103809793534465e-01 -1.310753007798157732e-01 8.579387702525378412e-01
-7.338788809431374682e-01 8.609509045744468542e-03 9.145565109851997443e-01
-9.632644661539295494e-02 -3.038147184021899316e-01 -5.668107984683661282e-01
-1.620269137260229309e-01 -2.528616666114444356e-01 -5.751469390894268230e-01
-2.086863165329364833e-01 -1.972336057036432888e-01 -5.956918432672694275e-01
-1.384933698521142176e-01 -3.028936201188738853e-01 -2.388941518943942244e-01
-2.748242776838184520e-01 -8.242498606454358445e-02 -6.447993617682501455e-01
-2.513001467000837708e-01 -1.249338904397817585e-01 -6.988871123740327818e-01
-2.586667839103041211e-01 -9.433240640487235151e-02 -6.538034602856789279e-01
-1.216529540556801903e-01 -4.325387687655755098e-01 -2.042822713574374283e-01
-1.819027401627479335e-01 -1.657246254053659218e-01 -6.278089438005635126e-01
-1.354686610471413089e-01 -2.059180177367969933e-01 -6.189812361351434422e-01
-7.817640195188435559e-02 -2.407507578679051463e-01 -6.197185516066116007e-01
-8.856353711408283813e-02 -1.483940089485490388e-01 -9.589433231428521331e-01
-1.098366039688706830e-01 -2.236161323567486536e-01 -8.881328875636530507e-01
-1.063477004645803636e-01 -2.365296556214995793e-01 -8.420451842046041691e-01
-9.757153546580654702e-02 -2.242500233402416054e-01 -7.915688295694246479e-01
-8.748682580639803585e-02 -2.202367025270334788e-01 -7.481822164834097677e-01
-1.908585546122837651e-01 -1.620676656267707183e-01 -7.059601102387240701e-01
-2.069349322304627758e-01 -1.696295747694036016e-01 -7.253701819945735929e-01
-2.233309000388390420e-01 -1.773569858047934211e-01 -7.491867929341041732e-01
-2.349798677148967618e-01 -1.609295126321365621e-01 -7.752867030571860552e-01
-2.978366132340868333e-01 -1.885251645635606932e-01 -4.439383573790496862e-01
-8.058037467545534627e-01 6.121609848069242688e-01 1.251127767851071548e-01
2.913981434145917343e-02 -3.991274713688872100e-01 -2.930317573626706751e-01
-2.220730970827531625e-01 -1.235906955733258039e-01 -6.821705388746642784e-01
-2.367408419270721764e-01 -1.280372053535999421e-01 -6.905664648748984780e-01
-7.133451555763560548e-02 -3.226852496215574795e-01 -2.971308866313291386e-01
-1.902257506546437271e-01 -2.487245305716513921e-01 -2.560621119757664488e-01
-8.345476453888778234e-02 -3.237694965403917768e-01 -2.768039137521997595e-01
-2.770661971788064837e-01 -2.254029767876676860e-01 1.588188184810001846e-01
-4.005390632750668312e-01 -1.921629158979028529e-01 9.655095086750362099e-02
-2.312483314476719565e-01 -2.963995919735813445e-01 -1.350144233050113163e-01
-5.940565690160379830e-01 -1.734511209871320014e-01 1.295754605485170075e+00
-5.417250791010418398e-01 -2.587344974047742774e-01 1.128969603242206743e+00
-4.910327007012593725e-01 -3.259448784729512827e-01 9.828475282734456808e-01
-2.738094520149368938e-01 -9.820861378647452455e-02 -8.316044837919553956e-01
-1.566940428042456201e-01 -4.303558564330364211e-01 9.115372203144946894e-01
-1.822352266961836387e-01 -4.170480582774106493e-01 1.137354250878835904e+00
-2.109505844366875438e-01 -4.005096287757672346e-01 1.385499329952074810e+00
-5.094549381580769642e-01 -1.423446889324401499e-01 4.572934964649033041e-01
-6.889655231901786747e-01 -1.703599158428673044e-02 3.695551390249899870e-01
-1.886002066585822923e-01 -1.911919320535378497e-01 4.737302453032758431e-01
-6.080187351006711705e-01 -1.307850403881809787e-01 6.447032624511873644e-01
-1.459686964031334244e-01 -2.962030546300652434e-01 2.771538756990562513e-01
-1.687805929449554820e-01 -4.382201872338539195e-01 -1.324094929255255348e-01
-7.562494550433525031e-01 7.341738489689000891e-02 3.081587453702744894e-01
-6.417339326429853941e-01 -7.524390071772711630e-02 2.781749202945927313e-01
-5.480189552428432753e-01 -1.399302202760854541e-01 2.215992136695550396e-01
-4.027480692526232975e-01 -1.773956275992952802e-01 2.270336936895319124e-01
-2.947863458239218803e-01 -2.012870432687430822e-01 2.676744718789069166e-01
-2.139957607054916444e-01 -2.280136395592810561e-01 3.135536316656611366e-01
-4.462448296660977143e-02 -3.917905272079398871e-01 4.038902089057568867e-01
-7.419893976405065317e-01 8.124510496674630655e-02 7.582230003322845691e-02
-6.686306816174263368e-01 -9.697478867533236568e-02 6.745557590821650296e-01
-1.522493127649196878e-02 -4.976624597233259006e-01 -2.784892050967058275e-01
-1.929037609673223963e-01 -2.770103070933894185e-01 9.561129122860803631e-02
-8.346149439340418974e-01 4.920063088262848217e-01 5.999615754421728786e-01
-1.510570170191033734e-01 -2.469172906642818077e-01 3.658973269522133864e-01
-2.358766759513944156e-01 -2.226088271493361082e-01 -1.288143474651947396e-01
-5.634834156158252672e-01 -9.998470939457883289e-02 5.713557194089192715e-01
-1.728276415507630781e-01 -4.195875463019224649e-01 -5.424151154088442672e-02
-7.725049587191981093e-01 6.137071116749529542e-01 -1.449339787672603574e-01
-1.843278954750023624e-01 -1.787139385353955223e-01 5.098682081685851353e-01
-1.118466023712544472e-01 -5.015674143903414706e-01 -5.252504069244393059e-03
-5.770554150001040439e-01 2.197448858307375352e-01 -7.659012046799510420e-01
-5.697591345725165901e-01 3.674955397288180992e-01 -8.656593330290655031e-01
-8.007190965851829212e-01 3.488297659655566485e-01 9.513681822404493338e-02
-6.638550582274493905e-01 2.939339282862787894e-01 -6.003911569713284990e-01
-7.770156716154786869e-01 1.494199091776372001e-01 7.506563327643944739e-01
-2.783921509330772870e-01 2.555239129920282293e-02 -1.156403461109536623e+00
-2.119840033955917510e-03 -3.934309245424463253e-01 -2.869610383149012733e-01
-2.610966514368190938e-01 -2.376457070909262503e-01 2.387038754275251987e-02
-7.518589625719220848e-01 7.191766044386403711e-02 5.318681745506502745e-01
-4.393182004474853741e-01 -1.733041967333991962e-01 4.823259783666722367e-01
-3.757211701427251027e-01 -1.914209537360400115e-01 4.695464806598704244e-01
-2.633311230187212471e-01 -1.104551042581308901e-01 -7.074209325531448656e-01
-7.238322125303939814e-01 1.342242893919804170e-01 -1.394473298260348881e-01
-1.365065333126260216e-01 6.051691449198714351e-02 -1.294823624189250788e+00
-3.620561292339722903e-01 1.969858464398477338e-01 -1.133992535309438887e+00
-4.587598645511297146e-01 2.730850317177062059e-01 -1.025941104397036341e+00
2.552339242161589042e-02 -4.362854540485662236e-01 1.117527739562662381e+00
2.246868762024484961e-02 3.743854898659486341e-02 -1.318118299714464481e+00
-3.105648206401295797e-01 -1.964955323417947874e-01 4.760634065362152056e-01
-2.466659803277919116e-01 -1.902820868559108036e-01 4.927240022061637470e-01
-2.042741129988696058e-01 -1.780345335503573656e-01 5.021721809067778430e-01
-7.208224463188798170e-01 -2.486166111287908820e-02 7.189340323018666989e-01
-2.610924490414371357e-01 -2.143448609598352927e-01 5.947554808687108840e-01
-3.315751662401815736e-01 -2.288106406885089261e-01 6.321296586210359836e-01
-3.989517990345230469e-01 -2.251831400874770850e-01 6.412485810107521056e-01
-4.624113737738794194e-01 -2.042939014935794551e-01 6.280101760180363257e-01
-5.000368204267624517e-01 -1.769245692207452314e-01 6.041440149558880979e-01
-8.252434249160763846e-01 3.414067398747200888e-01 8.317975304022879879e-01
-4.809189358154136729e-01 -1.520187981495307317e-01 5.059842756546445441e-01
2.787832758112803594e-02 -3.234149997786083253e-01 -3.877532722969191936e-01
-2.219384517495957276e-01 -2.370657230463983911e-01 -4.009909977858478469e-01
-1.555436680987878351e-01 -3.525403590517552366e-01 -2.075769737683444416e-01
-7.909087847072795996e-02 -3.134350267769792642e-01 -3.877329798631887203e-01
2.747047568447115798e-02 -3.870659709010851324e-01 5.759937516199450380e-01
-4.790476211363644543e-01 1.642120524450154107e-01 -9.191891588656221357e-01
-3.840022937413878346e-01 1.005367971349478279e-01 -1.039871150266730604e+00
-1.454952379801629225e-01 -4.183158491100720522e-02 -1.241245728913124680e+00
-6.508199724809969888e-01 4.825474083549768922e-01 -6.786188356640923125e-01
-2.088710725244232180e-01 -1.940027494203884761e-01 5.422916269897619657e-01
-9.555285157794544959e-02 -3.933525416129399210e-01 2.241968259643705164e-01
1.652205656140801407e-02 -6.245681582104867235e-02 -1.262758846587417549e+00
-2.586150926347239865e-01 1.154735393491621853e-01 -1.229077591729602625e+00
-7.738119923411088674e-01 3.686159910272671092e-01 -1.472323812761710260e-01
-1.451277071473691394e-01 -1.947171258779130942e-01 -7.255914419854154751e-01
-1.612776009479512385e-01 -2.017863992824172614e-01 -7.583391399196754978e-01
-1.743124955991838254e-01 -2.108949491480001104e-01 -8.005114050494193112e-01
-1.821569454234128194e-01 -1.965051344043077242e-01 -8.441227900202675771e-01
-1.927758100390900564e-01 -1.323633645798275582e-01 -9.098406083594755556e-01
-2.301247496112482360e-01 -1.335119898157813290e-01 -6.324429865770903048e-01
-2.439300153188537768e-01 -1.354366018909724245e-01 -6.235241955752708343e-01
-2.556055755304506572e-01 -1.373399290382029125e-01 -6.135435621528485539e-01
-3.575696494468586506e-01 -1.267626170854533052e-01 -5.158746239364808694e-01
-6.312343985000541391e-01 -6.723117018683374968e-03 -2.263018993036269300e-01
-9.396749348720570549e-02 -3.392914379631968846e-01 3.489154553252666324e-01
-1.317807003286932122e-01 -2.388468474418627974e-01 5.824580489863271371e-01
-1.784547730885504002e-01 -2.113026458725872359e-01 5.759658762905912610e-01
-2.161460674349635624e-01 -1.257440328427885390e-01 -6.407431269684283892e-01
-6.361796780884036995e-01 1.362145352216349858e-01 -4.694915766060061002e-01
-7.013697708754372540e-02 -3.348457646713927649e-01 5.730055356106947828e-01
-2.324886822365501149e-01 -7.717488457867507923e-02 -9.844265054772318724e-01
2.535455409449640513e-02 -5.242521929047666562e-01 1.613201455452603073e-01
-4.314941559011309380e-02 -4.510526004941651235e-01 2.706190488611341372e-01
2.644257110392295163e-02 -4.717329605327921227e-01 2.867254650248646786e-01
-1.492513878033339680e-01 -3.685591181245942427e-01 5.269711288116925990e-02
1.441269014687126399e-02 -1.169153690814096480e-01 -1.173788377578114384e+00
1.442720786036789417e-02 -1.341762002523073372e-01 -1.063693849560569005e+00
-1.121387288378164759e-01 -1.160092248169902057e-01 -1.049639147408904405e+00
-4.042664191859259848e-01 -1.504996729294494871e-02 -7.561392175264102233e-01
-3.028090783174510747e-01 -1.930695339395825938e-01 -2.054435492023677923e-01
-3.276948358467676736e-01 -4.105036226828714246e-02 -8.878958185841278050e-01
-4.735683256855045542e-01 -1.637146141778514918e-01 -1.671956160841765460e-01
-3.743179116951689256e-01 -1.655437023349301540e-01 -3.033531496647745018e-01
-5.367581669288696844e-01 -8.142641084345617064e-02 -3.272142855843115927e-01
-1.365751460957473074e-01 -9.401838121216102295e-02 -1.154293217224021229e+00
-1.939499978327882956e-01 -3.066860274342339543e-01 1.042300444475230403e-03
-4.612011056222524163e-01 6.573855989427666857e-02 -8.194513013347801689e-01
-3.657885065929629143e-01 2.850759152896065879e-02 -9.523123096023765610e-01
-4.624722104856996419e-01 -2.341334759995313333e-02 -6.102427399339035441e-01
-7.019147878663840601e-01 1.846544942958452951e-01 -3.216442853457672224e-01
-5.503333977706578173e-01 5.312683563159047856e-02 -6.089315819005304276e-01
-7.344352284431520106e-01 3.651974247523678829e-01 -3.768875565065368249e-01
-4.354488939809739168e-01 -1.117721540555593612e-01 -4.289569810180547393e-01
-1.428354826108217956e-01 -3.320166128031711850e-01 1.619650093226866483e-01
-1.451198834624878309e-01 -4.490503998097981619e-01 -1.867426949942540548e-01
-1.891106292470390304e-01 -3.619117475721405075e-01 -1.980142446278114754e-01
-1.136440218441469169e-01 -5.106617526293604215e-01 -1.240942468733895188e-01
-1.938556833136469981e-01 -2.743762031120928757e-01 6.889741554830887127e-01
-3.209002308520264579e-01 -2.930386686390977768e-01 7.718642014609871094e-01
-4.303769216048243251e-01 -2.872864936741654218e-01 7.913660617495521521e-01
-5.193210986172843713e-01 -2.534472811390190428e-01 7.719148675566240847e-01
-5.792294542110226763e-01 -2.019440354784109437e-01 7.243368589710247329e-01
-6.164125322563597242e-01 -6.471106658100993225e-02 5.542239672448818766e-01
-8.186600977100781940e-01 3.028413498769241263e-01 3.258492087724064179e-01
-5.659302381624216061e-01 -1.034789150349747222e-01 3.879157597404473967e-01
-4.923695943814957454e-01 -1.446110744520047453e-01 3.447739011312063728e-01
-3.926947337484721912e-01 -1.764695402321752038e-01 3.368738459041920041e-01
-2.960821730581474909e-01 -1.957797420600320693e-01 3.571601683552102502e-01
-2.194041549039055794e-01 -2.021039747456894742e-01 3.899055678078333642e-01
-1.662141528487958431e-01 -2.118475032788992851e-01 4.200876306688051676e-01
-8.234538073586609164e-01 5.751816786085456323e-01 3.698187019151039645e-01
-1.886550859450832340e-01 -3.211772476164588275e-01 -2.206433573341556875e-01
-9.638288672656798728e-02 -4.382366067196077908e-01 1.130384944287287780e-01
-9.373926086206428587e-02 -5.057207909183160099e-01 -2.063098675207177823e-01
-5.560917213082793020e-02 -4.675569822644041751e-01 -2.544881060200840928e-01
-9.395467352154690532e-02 -4.671171023511722087e-01 -2.175526868065124630e-01
-1.682316618026315214e-01 -2.912074975453148862e-01 -2.493889341761248435e-01
-4.012502395076045919e-02 -4.865132434048857757e-01 -2.686416585512019228e-01
-2.880225360765056863e-02 -3.942400339438268397e-01 -2.787613719675669510e-01
-1.596031288428542971e-01 -1.878049077654584953e-01 5.048700649090774872e-01
-1.242059193013670682e-01 -2.281333634986008607e-01 4.733734492609380506e-01
-1.037897770376680212e-01 -2.768535240555538568e-01 4.441042357984611444e-01
-5.195383465000666945e-01 -1.492575229459590647e-01 5.861355499404349301e-01
-5.672537976598427401e-01 -1.503193281791267988e-01 6.336713523715592489e-01
8.949564831530146258e-02 -4.967030974066918292e-01 1.462811150000115357e-01
5.436620819344682998e-01 -1.456672055648255693e-01 4.926269081373868541e-01
1.020803879697919636e-01 -4.016765596001679595e-01 -2.687390428395055597e-01
7.998627299718255035e-01 1.401262319981808613e-01 9.269770185715774380e-01
3.317554614142046443e-01 -2.049972087105789709e-01 3.996191505229662599e-01
4.051014815930086277e-01 -1.995099087760908163e-01 3.885638700638358589e-01
4.748833030759009866e-01 -1.809156390830053418e-01 3.922916724774854202e-01
5.673312494025780639e-01 -1.296546074347059707e-01 4.586696338882657598e-01
2.710865077195891426e-01 -1.993079100917408142e-01 4.274027881156100550e-01
4.443195829007650088e-01 -2.722116680527553179e-01 7.110590323287202530e-01
3.577171862819791270e-01 -2.695252557745106969e-01 6.972835330346085492e-01
5.224416520285719567e-01 -2.480693498742175818e-01 6.904053018598890201e-01
5.706669938280222176e-01 -2.146732861381648871e-01 6.427721045893284302e-01
6.217245018721283545e-01 -8.482858934447561061e-02 3.846290456334389152e-01
2.905113081895244198e-01 -4.326374033501576011e-02 -1.082724854604512954e+00
5.700182290928573758e-01 -1.268929953302387059e-01 5.292871059343406959e-01
8.399457090734596676e-01 2.312196594082939760e-01 4.678298395359091200e-01
6.992947627961982882e-01 -2.260169127827602736e-02 4.692116709258944973e-01
3.902357827696343318e-01 -2.214592149037999391e-01 -8.709133480379051273e-02
7.072000965755952107e-02 -3.172361413825567356e-01 -5.341732334308283425e-01
6.484277396218098011e-02 -2.745445574596486193e-01 -6.069591038469164257e-01
1.550606818579195467e-01 -2.590160221265707663e-01 -5.633120195933744023e-01
2.121868505606797350e-01 -1.954880415622273770e-01 -5.948585086062030403e-01
1.326262525511663626e-01 -2.327030701513965738e-01 -6.122558592593004834e-01
1.873396815395327042e-01 -1.743338813099748197e-01 -6.254083134248880071e-01
3.448749945175961784e-01 -7.261703580359780974e-02 -7.631654315197855531e-01
8.789079430168225682e-02 -5.437664638051282751e-01 -2.359650890132820589e-01
9.745612885855996221e-02 -5.807363587221533452e-01 -1.306630696092509203e-01
6.593106552416090338e-01 -2.052632894915968897e-01 7.423495374642101741e-01
2.428088551689710495e-01 -2.622538705499453116e-01 1.929950965732815660e-01
2.589909676444546172e-01 -3.672124035858421731e-01 -1.778267976034482722e-01
2.633699522905564305e-01 -3.527370463167482373e-01 -1.140298658166473966e-01
6.025307968276439885e-01 -1.298776712908438769e-01 -6.365743687792632666e-02
9.369390336254117269e-02 -5.529762214104256834e-01 1.577844093479595713e-02
5.036740734221405447e-01 -3.446929877539423592e-01 8.562250440547622965e-01
5.979016366691216611e-01 -2.833523777948874223e-01 8.222825911411622002e-01
7.293094409012663704e-01 -2.715777116512244072e-02 1.095531444625830408e+00
1.880891457315865267e-01 -3.888780012338708958e-01 7.451274698983652023e-01
2.843193542917574201e-01 -2.401092328292938061e-01 6.458716307742775609e-01
4.027749471529172842e-01 -6.571623817988705984e-02 -6.458519389700806412e-01
7.687037236457943123e-01 5.536558391749768493e-01 -4.941412320700618865e-01
2.061977659643009775e-01 -3.306379132143826283e-01 -2.351904606840299339e-01
1.508409852977410925e-01 -3.326092470607776574e-01 -2.659447467347752503e-01
2.880567438713511619e-01 -6.483367386054929293e-02 -6.687294789856330635e-01
2.691684271094967884e-01 -8.698884357477805473e-02 -6.754441954339253096e-01
6.324285880535657212e-01 -2.576389666187945959e-01 8.894485284501222333e-01
2.616756067600908287e-01 -3.206998561522141911e-01 -2.180636841648022628e-01
3.728005585471617644e-01 -3.839049539190736438e-01 8.396067716168459372e-01
3.844805934282676807e-01 -4.104704051917593688e-01 9.193531792393547786e-01
4.433123556126841169e-01 -3.330828864061121108e-01 1.312915131356347853e+00
6.816344178489620598e-01 -1.578551628751103664e-01 9.783563201658578290e-01
4.046357072390316389e-01 -3.733350606838407026e-01 1.109969720026463769e+00
6.988794881133087999e-01 -1.486753999889800781e-01 7.914091417729813838e-01
7.544870023370978673e-01 -1.039988319525887196e-02 8.419014365040309311e-01
6.846897457312688118e-02 -3.038710301567145722e-01 -5.749710125583061826e-01
1.437704632645210867e-01 -2.488122182123679305e-01 -5.896661470306275854e-01
1.998284152450423568e-01 -1.911033119649706291e-01 -6.100056595187749453e-01
1.903144879063933814e-01 -3.124432936211261613e-01 -2.518311403553824546e-01
2.782959089952038445e-01 -7.696098581176809283e-02 -6.724253651241340890e-01
2.391399698432500887e-01 -1.216131163544691141e-01 -7.283990295350482036e-01
2.597352982543402189e-01 -8.907648362548757637e-02 -6.768813080799970239e-01
1.693958094435692174e-01 -4.351746132211933848e-01 -2.168579430955632770e-01
1.774936053176011663e-01 -1.593667810251056527e-01 -6.365080778881960777e-01
1.246355501094737750e-01 -1.988490058988413578e-01 -6.272799128860964135e-01
6.174852327852099754e-02 -2.363554124120869071e-01 -6.269092949000083514e-01
1.111782813682285903e-01 -1.514901256481853420e-01 -9.672698058269082466e-01
6.923776246197219097e-02 -2.225320758930583731e-01 -8.978722566423538165e-01
6.468435302198785597e-02 -2.338395931695283481e-01 -8.523455338255093716e-01
6.063794121092437595e-02 -2.207433483093757809e-01 -8.032834651559169759e-01
5.362168282849466561e-02 -2.159542150375257930e-01 -7.599982400843915409e-01
1.699673707089000563e-01 -1.569588851060683410e-01 -7.324989922576112811e-01
1.839498802641554021e-01 -1.668864541120191336e-01 -7.530109634879231795e-01
1.976442851877634466e-01 -1.756494637856871044e-01 -7.777787810632814658e-01
2.113959424758001526e-01 -1.596074083856617587e-01 -8.031130233897696424e-01
3.281646685634915794e-01 -1.957620782337875787e-01 -4.712889768405342794e-01
8.478062807695473380e-01 5.876209107920681296e-01 4.616872141646050087e-02
2.113316549304250225e-01 -1.167463936064321861e-01 -7.088953493065418554e-01
2.245776758325325750e-01 -1.236548316225870303e-01 -7.194169017682215950e-01
1.276419262309773650e-01 -3.285264229782658973e-01 -3.053815219988582630e-01
2.395409004142613485e-01 -2.607690509649843724e-01 -2.731280630637393791e-01
1.389584769088346439e-01 -3.323096939917478121e-01 -2.866643548071683978e-01
3.178175521940544979e-01 -2.291619042012348340e-01 1.313271253334620803e-01
4.361246636632356566e-01 -2.005990916399323920e-01 5.702150185055817472e-02
2.760487387424750971e-01 -3.052661497439240201e-01 -1.558509217155730209e-01
6.175474272522460950e-01 -1.949883086613946048e-01 1.226520123836241538e+00
5.715499578805057768e-01 -2.767436589003368086e-01 1.071545235683337038e+00
5.274351616398702536e-01 -3.434002103594032129e-01 9.360136732549610983e-01
2.841912118781779184e-01 -1.028192655621295304e-01 -8.496178771451543543e-01
2.120391112303640080e-01 -4.369841155795317067e-01 8.789062053174663269e-01
2.273988486196933390e-01 -4.245106968209190756e-01 1.114462062958121225e+00
2.522014038954723536e-01 -4.108318111946053786e-01 1.357111422150465874e+00
5.337547131762414576e-01 -1.530675883691527406e-01 4.140091410569519126e-01
6.971706558443324653e-01 -3.611433150578707146e-02 3.038620177375767617e-01
2.312947528447601153e-01 -1.907600605686336492e-01 4.541985556914786004e-01
6.330796224368693270e-01 -1.467680672428947342e-01 5.968546534432471740e-01
1.929263687905796165e-01 -2.970473637376854770e-01 2.618728087537987026e-01
2.149470269816511347e-01 -4.448253598031877143e-01 -1.494727494233678011e-01
7.835964454673207680e-01 5.351082985689197685e-02 2.341692090176265562e-01
6.495162014782857041e-01 -9.130978871159123322e-02 2.193985973271200818e-01
5.581398127791226127e-01 -1.530259190478551190e-01 1.730870450865684695e-01
4.209736275129161154e-01 -1.850566475754325535e-01 1.932446565056408216e-01
3.198947767265539754e-01 -2.058466245265114236e-01 2.439260992511249060e-01
2.448007551167538653e-01 -2.312416466246382529e-01 2.954145626470621733e-01
9.774641330918266979e-02 -3.922775085867134526e-01 3.970644346003271430e-01
7.721416731639871855e-01 6.354975462593916158e-02 5.354375756159514971e-03
6.842933106435241664e-01 -1.140439966721770587e-01 6.136507925147477449e-01
6.328939229433337699e-02 -4.985356298429945987e-01 -2.816379601383909859e-01
2.386512321429030692e-01 -2.797187775144826527e-01 7.657621963843379287e-02
8.615818392212715171e-01 4.701834545020025513e-01 5.143405584024747235e-01
1.892819167550113812e-01 -2.481666610381670912e-01 3.525399280130711577e-01
2.848180917386247679e-01 -2.316133724338652056e-01 -1.504207885435799863e-01
5.963428139568167641e-01 -1.126034856964670539e-01 5.252346615839943444e-01
2.173243592856239081e-01 -4.262686456941483515e-01 -7.106385983938635909e-02
8.200679888211552804e-01 5.880993100638169935e-01 -2.148636174125515552e-01
2.313176975689129333e-01 -1.764226932760610267e-01 4.909926297771752823e-01
1.568309486892409121e-01 -5.051731760177942121e-01 -1.701945779957408575e-02
6.083560313606898307e-01 1.981553189330225173e-01 -8.041438025405907020e-01
6.090592269192858232e-01 3.444650654322574113e-01 -8.996019918707864882e-01
8.431424375504045221e-01 3.273745896379167131e-01 1.963606416098762769e-02
6.991752516363914927e-01 2.717368151062232728e-01 -6.507003194681815206e-01
8.008740709971579053e-01 1.295681416985580980e-01 6.726921663428501175e-01
3.080540933131261649e-01 1.270517190245197027e-02 -1.166938703443068936e+00
6.101060178942577239e-02 -3.955263208249392703e-01 -2.898681766520460612e-01
3.030103677367577131e-01 -2.440021758728045387e-01 -1.694579205285630386e-03
7.562968339482492031e-01 5.332527663050529165e-02 4.513918672738532756e-01
4.720693649428595595e-01 -1.821157155363768432e-01 4.493339129242933661e-01
4.090285402851051577e-01 -1.975583305460232308e-01 4.419944109021175516e-01
2.538623204318730120e-01 -1.068663776023578843e-01 -7.376857058291819147e-01
7.565423815062617408e-01 1.160190642299036151e-01 -2.043470254453274015e-01
1.780777277914982193e-01 5.377579229500723673e-02 -1.297718418537235685e+00
4.022988207741566846e-01 1.810385901782724516e-01 -1.146093014244006669e+00
4.989988110357995721e-01 2.540108631424758956e-01 -1.046100615651069043e+00
3.465193097773519026e-01 -2.006418603220472274e-01 4.515273430259878484e-01
2.879082531428041603e-01 -1.910694774438010946e-01 4.705217483080295082e-01
2.501670898980963842e-01 -1.763609872172883786e-01 4.812251923552456345e-01
7.309265652001357694e-01 -4.184695989141293954e-02 6.417153590081011716e-01
2.992863361633240626e-01 -2.156913297181570766e-01 5.669830568118338077e-01
3.635769212907375980e-01 -2.340607623924962355e-01 6.011633346562326174e-01
4.300178207133692476e-01 -2.334399781632920945e-01 6.087375766035475477e-01
4.942676585640415343e-01 -2.154495058016221987e-01 5.925729858151449481e-01
5.324651274743974483e-01 -1.891608806753613536e-01 5.655152045412332740e-01
8.435973601492180451e-01 3.184015610307602273e-01 7.460266255014472714e-01
5.147976898767275822e-01 -1.623114396793127745e-01 4.688055301221107918e-01
2.640200784186854110e-01 -2.434449699060781125e-01 -4.215989977208418615e-01
2.052214783172905954e-01 -3.607552037875671469e-01 -2.225546112376650676e-01
1.308482653570412768e-01 -3.144871442295383845e-01 -3.964582395045229135e-01
5.096663104189482763e-01 1.438949244608178912e-01 -9.461877883317527660e-01
4.131160691973983501e-01 8.245830480542813701e-02 -1.057170449784507804e+00
1.757864470689115555e-01 -4.926278377837844946e-02 -1.246866923952619777e+00
6.958602177502135611e-01 4.598894653686381173e-01 -7.257070837460217749e-01
2.527108335128683270e-01 -1.918345971093297631e-01 5.205022902152482978e-01
1.451066202061769284e-01 -3.950870138132338560e-01 2.131680838631382913e-01
2.985487359814779085e-01 1.039125128149708949e-01 -1.234710716557006371e+00
8.168052986951775951e-01 3.467656628363594007e-01 -2.166181618135726850e-01
1.171181007650181904e-01 -1.892717613038633617e-01 -7.466718026497893845e-01
1.302433792770127108e-01 -1.978587070632337741e-01 -7.801923335699816331e-01
1.400584155946173748e-01 -2.074589742782076141e-01 -8.213668919642562738e-01
1.496574551852442314e-01 -1.936973208387158252e-01 -8.619744272343229374e-01
2.075414935388329996e-01 -1.339080550927821966e-01 -9.228171079644800212e-01
2.300789528032871623e-01 -1.273479194547033344e-01 -6.460596432927324662e-01
2.435126653178509293e-01 -1.275834116886720715e-01 -6.391489006067435641e-01
2.553559930141823253e-01 -1.291080534320520889e-01 -6.298513815779380742e-01
3.773235078357033423e-01 -1.316334073432041951e-01 -5.458236567751352242e-01
6.564236895947005435e-01 -2.382806284477602746e-02 -2.822202330685814053e-01
1.447537608471034520e-01 -3.401046457986656169e-01 3.372323259072106394e-01
1.816452777647397376e-01 -2.410703578895560528e-01 5.647785594196500503e-01
2.227809125804822432e-01 -2.097653138910962611e-01 5.562106796557478861e-01
2.169949289325726616e-01 -1.175284808890311450e-01 -6.531940458841776209e-01
6.652145304783608770e-01 1.163135473111919782e-01 -5.210006768744770422e-01
1.174459041219027833e-01 -3.351570610989251242e-01 5.616837419926684616e-01
2.514454893917070777e-01 -8.566261809335136423e-02 -9.971711949915840201e-01
9.427017234446119498e-02 -4.528346998421209357e-01 2.643780129650633026e-01
1.956679973524501071e-01 -3.734148884644712951e-01 3.686805639448657163e-02
1.369649844943140737e-01 -1.224694317645006747e-01 -1.057064851253352922e+00
4.175211073266145156e-01 -2.775461656941720714e-02 -7.895420225967912931e-01
3.428931213166502845e-01 -2.042020162072116785e-01 -2.333946915902733177e-01
3.422460701043673614e-01 -5.297964257377147518e-02 -9.091117376203396994e-01
5.006644713302078609e-01 -1.783904539828474189e-01 -2.110673454257193937e-01
4.041194521695767317e-01 -1.771105311420733686e-01 -3.378257306729565701e-01
5.589131273209421158e-01 -9.742944395545979908e-02 -3.744030451335020881e-01
1.631039130912587953e-01 -1.007038487367049456e-01 -1.162116904942866347e+00
2.391200031416882699e-01 -3.128306742109116523e-01 -1.742172379627966380e-02
4.838695934278661737e-01 4.789359218972027293e-02 -8.477049439147834597e-01
3.893372015902312744e-01 1.205975703192979295e-02 -9.718466379306500702e-01
4.773900778867327110e-01 -3.398345500506471523e-02 -6.519643001770628610e-01
7.349766075830435064e-01 1.643844542195581904e-01 -3.810522137637319950e-01
5.704663155569789090e-01 3.499866078325259561e-02 -6.508768398779001263e-01
7.763003778192463233e-01 3.450313173334317862e-01 -4.386508175049322333e-01
4.541455972043279554e-01 -1.227271586573069062e-01 -4.696641745139628066e-01
1.905425999063383169e-01 -3.334467039101055574e-01 1.466877239946483558e-01
1.909956429527869259e-01 -4.539359689324840019e-01 -2.012331469051966693e-01
2.355862673793891193e-01 -3.711552836014322954e-01 -2.154173372873918191e-01
1.613014639891888480e-01 -5.162164327429681343e-01 -1.366592026132100735e-01
2.415851779212816464e-01 -2.783875224913410218e-01 6.701809180881413974e-01
3.632991730997563451e-01 -3.038677982476801764e-01 7.487686733576772724e-01
4.691769820960220994e-01 -3.014639216994595139e-01 7.623080999565780003e-01
5.534444781920544454e-01 -2.693702104360313765e-01 7.370486202834719558e-01
6.082103075888837251e-01 -2.187357080637873930e-01 6.833231418767314880e-01
6.387932488466948611e-01 -7.985434260646645521e-02 4.981394259563381999e-01
8.519564742442861105e-01 2.834619592440871250e-01 2.459532221540896013e-01
5.842925427230749591e-01 -1.161546339155807850e-01 3.345388568538318341e-01
5.108677231979532607e-01 -1.555099425459758877e-01 2.987399832832587920e-01
4.149331717711085554e-01 -1.837549689045991919e-01 3.024479391450550780e-01
3.237238859161619686e-01 -1.997907777332628698e-01 3.320766116267473977e-01
2.541419530541156324e-01 -2.055129862501131055e-01 3.700729221465098862e-01
2.061985973042806952e-01 -2.133486982064308757e-01 4.038399512225271382e-01
8.574475332835040930e-01 5.542302020070928315e-01 2.864039551807078809e-01
2.347959516973196215e-01 -3.309771462535230913e-01 -2.372398711591474085e-01
1.461270575556904705e-01 -4.396420508662852722e-01 1.021602443894503442e-01
1.406290211216083830e-01 -5.107729611900750921e-01 -2.166877739935415548e-01
1.022611601503973788e-01 -4.726213190737426628e-01 -2.614039702100017237e-01
1.405558338349462977e-01 -4.717772852462575051e-01 -2.281601603824343072e-01
2.164476138852896581e-01 -3.020203844030687201e-01 -2.639964228914045141e-01
8.717576647984115468e-02 -4.904383113656795024e-01 -2.740810143057555992e-01
8.493182257043312144e-02 -3.983695285864942148e-01 -2.834642824965769026e-01
2.059963503771655158e-01 -1.873639931512514067e-01 4.868597468216392388e-01
1.687310153184243544e-01 -2.288796167139760529e-01 4.580806856597311461e-01
1.461162058005270048e-01 -2.784596902095032855e-01 4.323019799994595180e-01
5.535471797703335195e-01 -1.619732975698890964e-01 5.453620295681517183e-01
5.981917260718574436e-01 -1.664928408159595530e-01 5.910624218732217772e-01
-3.839770152474794029e-01 -1.824169404002934369e-01 5.677590390816463772e-01
-3.080627463466552030e-01 -1.894911499428036938e-01 5.653476148423021153e-01
-3.830364588734747056e-01 -1.922296222752312156e-01 6.533755085018303488e-01
-4.609164558419815982e-01 -1.752808829460018591e-01 5.694066843971331560e-01
-3.856008775642607578e-01 -1.726072374385377861e-01 4.815224435262126512e-01
4.158742246306436074e-01 -1.899539808468507229e-01 5.337349249666017981e-01
4.901905903152735666e-01 -1.966877431685463695e-01 5.299917810867118551e-01
4.148021705175992668e-01 -1.999338719557615107e-01 6.248933326927060827e-01
3.409673957974133085e-01 -1.832498303407155138e-01 5.380436539779627214e-01
4.172265802888253106e-01 -1.799933817471194297e-01 4.425396819941166959e-01
