-1.239703058713919649e-02 -2.807521635550401795e-01 -4.479628099268191388e-01
2.166278721424800754e-02 -4.577308667138971776e-01 -1.987107899397820843e-01
2.489327585546180152e-02 -2.864075732181722844e-01 -2.568278964329739344e-01
-3.226505666822281765e-02 -4.151974291095833491e-01 1.268191118344617618e-01
2.146737826004418634e-02 -4.906894727737870499e-01 -1.075267126965384346e-01
2.046325804074498877e-02 -4.817692019140421555e-01 2.214011650344640397e-02
2.262086602894809034e-02 -3.541471152480817342e-01 3.523065591318379486e-01
-4.247265356734857278e-01 -1.120162477145615204e-01 4.468650109863577802e-01
2.307038473833057657e-02 -3.389545364512754899e-01 6.032331243800537202e-01
2.212081894657712267e-02 -3.657796770525674201e-01 7.242831795439348408e-01
2.077317168867683778e-02 -3.545353342688578602e-01 1.150035883407217074e+00
-1.104958885371641608e-02 -2.716367847117787115e-01 -4.712800684260636253e-01
-8.920372699415642787e-03 -2.510028823068229387e-01 -4.942318446912045693e-01
-6.001544099476639749e-03 -2.180338506512878860e-01 -5.110134380044943914e-01
-1.430463861138779082e-02 -1.909335306443682156e-01 -6.697942689801197336e-01
-1.508979579932099441e-02 -1.942091395487667849e-01 -7.071529453825455835e-01
-1.691587452884540932e-02 -2.032012996374224778e-01 -7.448398519638392834e-01
-1.668553232264593372e-02 -1.920864925885216734e-01 -7.772110930033764298e-01
1.260571957653754474e-02 -1.302937884656726886e-01 -8.222417163158254327e-01
2.063096218641604501e-02 -4.191293078421750584e-01 -2.375836497245020773e-01
-3.972109919744228751e-02 -3.310835048273477743e-01 -2.182639312598859682e-01
-6.589572438701558621e-01 1.362369771226519533e-01 8.444065794803177205e-01
-2.523284435365764633e-01 -1.686229672144774483e-01 3.695830220312171788e-01
-3.169469486694446170e-01 -1.617292659851591041e-01 3.649122483098807823e-01
-3.771169874519479381e-01 -1.438882800113733262e-01 3.733159328626394213e-01
-4.506529202170667658e-01 -9.886056005632493093e-02 4.278868881267827162e-01
-1.953868599568309439e-01 -1.642986847483142443e-01 3.881173544250027252e-01
-3.435103938734540563e-01 -2.194300209228201570e-01 5.976739753119655330e-01
-2.697124695415221152e-01 -2.187705402289214507e-01 5.842578727500447044e-01
-4.087911933107620799e-01 -1.959480419835067933e-01 5.853594292805107679e-01
-4.501612195622815005e-01 -1.658336721917677004e-01 5.537894860451992862e-01
-5.048915718092401583e-01 -5.876159981726305354e-02 3.756564488785009148e-01
-2.197494469628979985e-01 -2.579131777132159797e-02 -8.940797303559913090e-01
-4.453917054406918430e-01 -9.573239261887887819e-02 4.728710279170821318e-01
-6.798302061800659546e-01 2.108809393358390682e-01 4.584099661962488526e-01
-5.738773336071688602e-01 -3.855862904043484002e-03 4.481364385083637658e-01
-2.952400914290358447e-01 -1.767369461439805001e-01 -4.417993467356242515e-02
-8.336674265552815322e-02 -2.668980747616000460e-01 -4.314979640512459635e-01
-7.108350706374505501e-02 -2.360963774908428903e-01 -4.883537311081125321e-01
-1.464068131348418289e-01 -2.194278237122459785e-01 -4.485649371471698288e-01
-1.897736381204430667e-01 -1.668526180442738704e-01 -4.728261091209930989e-01
-1.231920332324717843e-01 -2.015343975120905129e-01 -4.907763066668475727e-01
-1.649920807739084228e-01 -1.499164065897129750e-01 -5.038949398543199898e-01
-2.841030772208295585e-01 -5.277842598029735405e-02 -6.190165388743914532e-01
-3.200897606466299172e-02 -4.509556812672401716e-01 -1.921403880332868686e-01
-4.146558535058365164e-02 -4.815127487174521992e-01 -1.033175312344530583e-01
-5.341301979157997426e-01 -1.568632005965776011e-01 6.623329407628721910e-01
-1.658124516448966079e-01 -2.170964123399685697e-01 1.780967598780730521e-01
-1.778134187285579371e-01 -2.999565379631673467e-01 -1.326159402122450426e-01
-1.827799892473655763e-01 -2.879109025218495321e-01 -7.876086677398905223e-02
-4.806361165236809896e-01 -9.739205791026883663e-02 -7.467147055679940193e-03
-3.743122561909061757e-02 -4.611539070957973996e-01 1.804760098171770064e-02
-3.902222522475913280e-01 -2.738985593046840417e-01 7.480052927386993122e-01
-4.753249083305323142e-01 -2.216239559550170490e-01 7.234699972575299176e-01
-5.960409434977461673e-01 -3.880234893580309340e-03 9.808113281611672285e-01
-1.130817176010752989e-01 -3.212744890004449738e-01 6.401222241006490066e-01
-2.043471729371197088e-01 -1.973961332866674689e-01 5.450897855343750376e-01
-3.354642061012875764e-01 -4.439083484264129409e-02 -5.032516037852875490e-01
-6.016565547344970843e-01 4.814896580620799948e-01 -3.628855972499135385e-01
-1.302739862667539050e-01 -2.687288430960688701e-01 -1.842662145085071090e-01
-8.031126647188566170e-02 -2.685315920042626314e-01 -2.128313372885813626e-01
-2.453492096703014935e-01 -5.477702975966665389e-02 -5.326184274988240430e-01
-2.309829769975594582e-01 -7.177388235846653142e-02 -5.448593511635869691e-01
-5.066541951539511590e-01 -1.995630576576691295e-01 7.878188888727460926e-01
-1.816210778739316134e-01 -2.599129056917914848e-01 -1.661553587044158620e-01
-2.730125089198380262e-01 -3.086220378002125786e-01 7.292768347663203254e-01
-2.826777053830741293e-01 -3.301560208855809364e-01 8.011124793920141318e-01
-3.423559250429799028e-01 -2.655316515960058354e-01 1.138784521405630912e+00
-5.503660338843211486e-01 -1.161147305305570976e-01 8.722429613270616944e-01
-3.050345362754477430e-01 -3.011338947059263860e-01 9.617252539614440376e-01
-5.684082670541837912e-01 -1.094668648201548300e-01 7.165031613771929431e-01
-6.128951814462648695e-01 7.190188212543403151e-03 7.637871811866776550e-01
-7.896968879870308600e-02 -2.581713120229018887e-01 -4.631545465516211380e-01
-1.351423355561368056e-01 -2.129084692740785822e-01 -4.703919854143683299e-01
-1.781078851744135605e-01 -1.634517207372060410e-01 -4.878823960012170780e-01
-1.155550151355665134e-01 -2.524774022329763778e-01 -1.993185144845142087e-01
-2.378858024652848180e-01 -6.349328347291721686e-02 -5.387606984593685810e-01
-2.124925467353779296e-01 -1.021453499877027216e-01 -5.979796598081007497e-01
-2.228000456149691333e-01 -7.432391249367420460e-02 -5.497669009226314740e-01
-1.015978403052142792e-01 -3.610359449176985258e-01 -1.704737693099940277e-01
-1.548927253090368328e-01 -1.375482774113896411e-01 -5.162806405326876291e-01
-1.126963374364303300e-01 -1.745204916796530836e-01 -5.071431417413316822e-01
-6.324271306002196558e-02 -2.068074255331031619e-01 -5.058907636870151325e-01
-7.193737221652328484e-02 -1.247992436336960720e-01 -8.128771441418447541e-01
-8.962691386825935580e-02 -1.879259833608243335e-01 -7.639175033738596632e-01
-8.678475181546514705e-02 -1.988328244211094997e-01 -7.298521718057331409e-01
-7.947697491611227516e-02 -1.886370314255157166e-01 -6.898069117534268990e-01
-7.130801008267899366e-02 -1.852413999910956788e-01 -6.543994649414561771e-01
-1.587944044537593913e-01 -1.348679162383644714e-01 -6.130914671577399888e-01
-1.715390957539399963e-01 -1.413546424554850689e-01 -6.292296074979319975e-01
-1.843842077631675791e-01 -1.480494853344132555e-01 -6.482296543622956264e-01
-1.933284847497733216e-01 -1.344539617386598662e-01 -6.688429501390691367e-01
-2.513633402031532627e-01 -1.556873918780710686e-01 -3.655036458281038514e-01
-6.729628640389755390e-01 5.112431050957503276e-01 1.044872919371759301e-01
2.442050697694197331e-02 -3.327533955678014799e-01 -2.439144479391110454e-01
-1.880933265873520610e-01 -1.011283572384846785e-01 -5.853599284379610301e-01
-2.002956834579762424e-01 -1.047996567388787131e-01 -5.920067023338826395e-01
-5.924148139555709958e-02 -2.688325421523528602e-01 -2.473775547796534524e-01
-1.586684846590363795e-01 -2.074025884473555681e-01 -2.137812473218264064e-01
-6.944970598182968746e-02 -2.697181706709652071e-01 -2.305999633213913769e-01
-2.313904127807823730e-01 -1.882441393861419288e-01 1.326367202155832037e-01
-3.345081432876251815e-01 -1.604838731087753212e-01 8.063403011200603876e-02
-1.931258573344182827e-01 -2.475365982323758929e-01 -1.127566022610377305e-01
-4.961232951526247104e-01 -1.448568136105053694e-01 1.082142809475668876e+00
-4.524189198944271739e-01 -2.160807877854632186e-01 9.428531749027372344e-01
-4.100834402068945783e-01 -2.722111926377110969e-01 8.208200738327222634e-01
-2.246849295735004470e-01 -8.200145175215112214e-02 -7.082147892534971234e-01
-1.308622257567023384e-01 -3.594094850856262013e-01 7.612656319005912664e-01
-1.521928144168966379e-01 -3.482955457462619808e-01 9.498555703498046121e-01
-1.761742980781279000e-01 -3.344835612165812933e-01 1.157092655580111540e+00
-4.254686772833888297e-01 -1.188784365058186687e-01 3.935235076191893611e-01
-5.753860211963005566e-01 -1.422751990565003163e-02 3.086320779473016307e-01
-1.575084947699580684e-01 -1.596729609338553013e-01 4.061498023226243759e-01
-5.077837265099447439e-01 -1.092244548215513256e-01 5.293922136390082356e-01
-1.219050077480088312e-01 -2.473724610784895916e-01 2.315005980643190520e-01
-1.409562460833667374e-01 -3.659773405973233418e-01 -1.105811090661331375e-01
-6.315778516092052097e-01 6.131415120387194440e-02 2.573571948483441285e-01
-5.359408007244762517e-01 -6.283955808478459970e-02 2.323163572014069200e-01
-4.576752182565932969e-01 -1.168620059195833172e-01 1.850674440493230988e-01
-3.363529832940447828e-01 -1.481510480660205298e-01 1.906994000730954375e-01
-2.461893029449625236e-01 -1.681038412611539079e-01 2.281371817923104062e-01
-1.787174614123909211e-01 -1.904244210029759077e-01 2.684020128296243368e-01
-3.726790795453507887e-02 -3.272018482851581922e-01 3.373068374524752500e-01
-6.196686378461393474e-01 6.785143249553875211e-02 6.332260582704132834e-02
-5.584034826071042623e-01 -8.098799764833826409e-02 5.585451095423886736e-01
-1.271502316204015104e-02 -4.154057138358544510e-01 -2.322985995382738089e-01
-1.611025860667799625e-01 -2.313437364627518866e-01 7.984928027466106637e-02
-6.970243875158650404e-01 4.108965440363415711e-01 5.010548351435172298e-01
-1.261544925992063582e-01 -2.062117082173275384e-01 3.135689098591537549e-01
-1.969911954958861178e-01 -1.859106196541495948e-01 -1.075786407397285871e-01
-4.705902829796532183e-01 -8.350171644724531383e-02 4.733534084912754403e-01
-1.443361179586693521e-01 -3.504163861382944001e-01 -4.529951949555961754e-02
-6.451535520873332707e-01 5.125343450154786762e-01 -1.210408691461973552e-01
-1.539404960087864538e-01 -1.492520286792592965e-01 4.314142914780343396e-01
-9.340811601824751398e-02 -4.188814522843871124e-01 -4.386601297645627284e-03
-4.819248686193519093e-01 1.835188137585253565e-01 -6.396384607892851015e-01
-4.758314174618501480e-01 3.069120141641449306e-01 -7.229509497611643631e-01
-6.687164445424200743e-01 2.913233869029346335e-01 7.945302449158561653e-02
-5.544151452395573720e-01 2.454774097686060474e-01 -5.014135937769095275e-01
-6.489206508154844455e-01 1.247872703863896759e-01 6.269067842396037760e-01
-2.318838628516906586e-01 2.138247390497933706e-02 -9.656046006961493955e-01
-1.675676572482766562e-03 -3.279763692351346238e-01 -2.388846705496053269e-01
-2.180535286036940634e-01 -1.984685927741046685e-01 1.993523153252424809e-02
-6.279111543519444449e-01 6.006166558900483121e-02 4.441869766408663156e-01
-3.668943406981222122e-01 -1.447341105739569922e-01 4.127225333881647251e-01
-3.137816071936683771e-01 -1.598642272167491440e-01 4.040496301560880799e-01
-2.225974109750239183e-01 -8.998515014884446439e-02 -6.032028408385428087e-01
-6.045047578768532048e-01 1.120967270222820444e-01 -1.164587213941642441e-01
-1.140027307990145455e-01 5.054038980629566025e-02 -1.081365305223806139e+00
-3.023692316350947151e-01 1.645117239054775249e-01 -9.470479956272561672e-01
-3.831309467074231478e-01 2.280655649638166360e-01 -8.568094486170714230e-01
2.131573020505349650e-02 -3.643615581059084230e-01 9.332975611658418380e-01
1.876460916571384349e-02 3.126661258849978281e-02 -1.100819733949714774e+00
-2.593666162629459926e-01 -1.641022354986340082e-01 4.084723913089852720e-01
-2.060018276794323422e-01 -1.589131083860193527e-01 4.197792374808255178e-01
-1.705984772178199549e-01 -1.486846270924397917e-01 4.261913143791286052e-01
-6.019911670702254858e-01 -2.076308817627267253e-02 6.003781573273330174e-01
-2.180500189947558454e-01 -1.790090106983628915e-01 4.890237079500519557e-01
-2.769132985741246666e-01 -1.910900324061589606e-01 5.143879924280949645e-01
-3.331825477023413473e-01 -1.880605438940919083e-01 5.205766182579075751e-01
-3.861804858967152199e-01 -1.706150034776302005e-01 5.115922653266139486e-01
-4.176031845901012618e-01 -1.477576460784579826e-01 4.953953034944031386e-01
-6.891978114989047999e-01 2.851240847551785862e-01 6.946714390626620439e-01
-4.016369813622838736e-01 -1.269577191748060274e-01 4.287784285386360139e-01
2.407652341668658005e-02 -2.709861084853213975e-01 -3.213405541218172790e-01
-1.846287215031093831e-01 -1.979095294607728928e-01 -3.328834565246008848e-01
-1.299014962247029281e-01 -2.941127120651988447e-01 -1.732000798316113976e-01
-6.524626358048880859e-02 -2.623622598937812578e-01 -3.215014376133163987e-01
2.294182680037319677e-02 -3.232561593300249392e-01 4.810382258954445933e-01
-3.997955072164066648e-01 1.371601560704597822e-01 -7.674885770358372827e-01
-3.198129691613131875e-01 8.402406366319438435e-02 -8.680880597100770757e-01
-1.214863146004210581e-01 -3.493382010497282641e-02 -1.036654156096666446e+00
-5.435289602692630062e-01 4.029969918470291956e-01 -5.667450382039584955e-01
-1.744376043758251726e-01 -1.620204006337881975e-01 4.534186889595781533e-01
-7.980047365623886557e-02 -3.285063565998597168e-01 1.872368266274291315e-01
1.379831075266249943e-02 -5.216048922950755617e-02 -1.054665560178767780e+00
-2.159810675044933070e-01 9.643713277929444327e-02 -1.026457843597518682e+00
-6.462451145094973981e-01 3.078477512282153383e-01 -1.229603687290602709e-01
-1.189558280403749113e-01 -1.633901166446042330e-01 -6.330909960644615087e-01
-1.320543530593944193e-01 -1.693303828763776386e-01 -6.598384553252163442e-01
-1.427288911347037448e-01 -1.769325795691392422e-01 -6.947526575307324537e-01
-1.490300470126714738e-01 -1.648448968653375701e-01 -7.285528878068462388e-01
-1.575712531735915523e-01 -1.109723909365542827e-01 -7.742484563305074285e-01
-1.998855069870287271e-01 -1.074315142261494105e-01 -5.210519575258911740e-01
-2.124364012670038604e-01 -1.083052291080299906e-01 -5.126485908783005030e-01
-2.229355313088436374e-01 -1.093198065163451943e-01 -5.035294156690177658e-01
-3.068821414461595509e-01 -1.002386480707671695e-01 -4.216104652679563136e-01
-5.271721686644241789e-01 -5.614777199831409715e-03 -1.889948699124338327e-01
-7.847646998218228698e-02 -2.833575033067753934e-01 2.917461636020298177e-01
-1.100559756335710015e-01 -1.994717189744166230e-01 4.827489672537646492e-01
-1.490355879862602095e-01 -1.764683203796808264e-01 4.768255009956633428e-01
-1.872216374830308894e-01 -1.015989328727048696e-01 -5.289477900297736568e-01
-5.313021935354340641e-01 1.137588695697107910e-01 -3.920934809591919423e-01
-5.857453649969977805e-02 -2.796447220705454706e-01 4.780441263065458024e-01
-1.910993696956784782e-01 -6.444802613755690190e-02 -8.305316594491867210e-01
2.117472574257053819e-02 -4.378265286514835264e-01 1.347256938096691448e-01
-3.603601300451069606e-02 -3.766942646808509876e-01 2.260061099474692803e-01
2.208337756472424779e-02 -3.939653612437598040e-01 2.394573007549119503e-01
-1.246465306254247452e-01 -3.078002562035176970e-01 4.400972366318099682e-02
1.203532209913506582e-02 -9.767426246291915914e-02 -9.819560537438647430e-01
1.239064283964218596e-02 -1.125243963007074854e-01 -8.972562117582041363e-01
-9.221336061181407973e-02 -9.713764560969245787e-02 -8.846137278471398746e-01
-3.373387667655466937e-01 -1.180752619239571963e-02 -6.335195564024436177e-01
-2.528894478615339447e-01 -1.612410305138823885e-01 -1.715751258620917818e-01
-2.700571698699217316e-01 -3.406477333952122322e-02 -7.485020004249248737e-01
-3.954981570326865370e-01 -1.367254199126001213e-01 -1.396325607915556155e-01
-3.124974340919765003e-01 -1.382529735008342919e-01 -2.533309237581983231e-01
-4.482708286820478172e-01 -6.800284916808363445e-02 -2.732713314726732401e-01
-1.133625099170070955e-01 -7.849802634070639218e-02 -9.650707272827083738e-01
-1.619763454161039506e-01 -2.561272620214603002e-01 8.704718675337738167e-04
-3.839812051718196617e-01 5.498354779303633866e-02 -6.847686490846667251e-01
-3.030130707122687950e-01 2.397929027727670193e-02 -7.959146370485484789e-01
-3.899474413676067286e-01 -1.703145844143940171e-02 -5.066138386212696298e-01
-5.862005331401776154e-01 1.542132533380386750e-01 -2.686195743564701033e-01
-4.596100576621341416e-01 4.437538141554989157e-02 -5.086031650623078493e-01
-6.133598122059488178e-01 3.049927573226915989e-01 -3.147557087799766617e-01
-3.650627609012125907e-01 -9.142745640202749879e-02 -3.563408515834618484e-01
-1.192883203277619319e-01 -2.772819704058779866e-01 1.352642484842033477e-01
-1.211961259763977561e-01 -3.749554320417025077e-01 -1.559254170198944855e-01
-1.579347715754228221e-01 -3.021074962337848002e-01 -1.653087792099762199e-01
-9.490922166739459986e-02 -4.264765421961911884e-01 -1.036366739962143735e-01
-1.618975791294275657e-01 -2.291438780399419894e-01 5.652611555251322306e-01
-2.679981810642131368e-01 -2.447297403564985541e-01 6.327305578906943229e-01
-3.594270775557468212e-01 -2.399258409524004376e-01 6.498939403541483806e-01
-4.337083505616996515e-01 -2.116651962530005093e-01 6.341950083547875927e-01
-4.837405063100493896e-01 -1.686525249336363330e-01 5.946463413763436456e-01
-5.147937631309024153e-01 -5.404311570580450086e-02 4.619944339152010637e-01
-6.836997795658220634e-01 2.529163992888230905e-01 2.721312966663603783e-01
-4.726337342733267777e-01 -8.641988487898388804e-02 3.320060551535539140e-01
-4.111999401035394408e-01 -1.207711967422974986e-01 2.987977258964184535e-01
-3.279569917374567378e-01 -1.473776309536808105e-01 2.952772356766359407e-01
-2.472715064099580973e-01 -1.635044469179698090e-01 3.130842725771216806e-01
-1.832342540734767100e-01 -1.687860973919595720e-01 3.394774388060498027e-01
-1.388128968070048430e-01 -1.769233552465716841e-01 3.632439002948515405e-01
-6.877032215794320891e-01 4.803600272872088350e-01 3.088521911424808031e-01
-1.575451924409608240e-01 -2.679915992934100433e-01 -1.841764247922771380e-01
-8.049367325120200534e-02 -3.659910532465924238e-01 9.440352011982350300e-02
-7.828586267649413621e-02 -4.223034100326438223e-01 -1.722711735946682587e-01
-4.644171474099301200e-02 -3.901894637626395212e-01 -2.122156695871511567e-01
-7.846576345364927874e-02 -3.899336915625849498e-01 -1.815491510180791412e-01
-1.403616207881240308e-01 -2.428033096483882547e-01 -2.081354833846075503e-01
-3.351020758586058940e-02 -4.060752213353520101e-01 -2.240710940394266271e-01
-2.398205289931327686e-02 -3.286614747254605340e-01 -2.321087659391818381e-01
-1.332917340335783296e-01 -1.568443049805221534e-01 4.278029877954130367e-01
-1.037299374173882294e-01 -1.905244078365233573e-01 4.033747023079399252e-01
-8.667949968531352134e-02 -2.312127999132515543e-01 3.770627156604938190e-01
-4.338897840161758390e-01 -1.246516543583049974e-01 4.836314204087569513e-01
-4.737390981956192126e-01 -1.255384155500245125e-01 5.187960105416480339e-01
7.474183143459038614e-02 -4.148190429172247118e-01 1.221659235800443555e-01
4.540365978708381656e-01 -1.216532192215266095e-01 4.162454060591848082e-01
8.529080237901784378e-02 -3.349355047744160818e-01 -2.238502761115702677e-01
6.680012543598061736e-01 1.170257035814072644e-01 7.741601043603549837e-01
2.770638711635072249e-01 -1.712023668908154994e-01 3.548444413512846785e-01
3.383184235333451806e-01 -1.666196765091600418e-01 3.476790688561394727e-01
3.965963536523370858e-01 -1.510907675933475247e-01 3.498929056200679732e-01
4.738037816211131403e-01 -1.082803800634173919e-01 3.937719861908219876e-01
2.263965058142957398e-01 -1.664509783445017321e-01 3.734562284987496539e-01
3.710712195888808962e-01 -2.273361776926659250e-01 5.733394028578134849e-01
2.987456724616229797e-01 -2.250926342640851008e-01 5.610015853922453166e-01
4.363144647297024781e-01 -2.071738445545975582e-01 5.571624451273786693e-01
4.765896114603144218e-01 -1.792832933006979490e-01 5.192994753281999776e-01
5.192300272966043906e-01 -7.084416160661850814e-02 3.288095631673473851e-01
2.425695352361326718e-01 -3.624839161625752898e-02 -9.062636752165749154e-01
4.760477989209430660e-01 -1.059740338858622399e-01 4.400615908777752439e-01
7.014763486666915071e-01 1.931019120278651968e-01 3.907056897724715538e-01
5.840124326477343919e-01 -1.887568622718183847e-02 3.937275100095379843e-01
3.259034114458349563e-01 -1.849505268866411534e-01 -7.273388082139881083e-02
6.133057987542350764e-02 -2.687253415966965875e-01 -4.366147962043767095e-01
5.731141773593492750e-02 -2.350764263085237671e-01 -4.933625779349576357e-01
1.347344532473952472e-01 -2.181863824843618127e-01 -4.590551325304001451e-01
1.870323129401694762e-01 -1.639357085379912760e-01 -4.841019565350228593e-01
1.163514447305593613e-01 -1.975736147376483398e-01 -4.979070143859081199e-01
1.660064320870338062e-01 -1.468217951086978612e-01 -5.101082777965746384e-01
3.032036498469126151e-01 -5.941158336346959862e-02 -6.376085273879770199e-01
7.340154584058633525e-02 -4.540969729148835454e-01 -1.970448724065710366e-01
8.138998591028501206e-02 -4.849989898796878141e-01 -1.091225925954935339e-01
5.506199104059943394e-01 -1.714245828896622803e-01 6.172849961405341146e-01
2.027805693962693723e-01 -2.190199742076349709e-01 1.611788645293989464e-01
2.162949775900294136e-01 -3.066580372236910046e-01 -1.485074561258049319e-01
2.199520641460205039e-01 -2.945865341257501990e-01 -9.523145623697085171e-02
5.032005030231340159e-01 -1.084666706981963075e-01 -5.316318069999075024e-02
7.824798259352397367e-02 -4.618152536577392331e-01 1.317728489158868574e-02
4.206408177642610990e-01 -2.878685798959196851e-01 7.150719517372793321e-01
4.993344836717457103e-01 -2.366402842641334159e-01 6.866592975959753264e-01
6.090790370438380341e-01 -2.268067218165355919e-02 9.149274683255497198e-01
1.570816848593382109e-01 -3.247694671638348130e-01 6.222893827889561802e-01
2.374478497233570018e-01 -2.005259936526718190e-01 5.203130646403717474e-01
3.533912836318896522e-01 -5.174779123839885753e-02 -5.262866756772168753e-01
6.419789701222007317e-01 4.623828329462770781e-01 -4.126795142278084083e-01
1.722338138320742562e-01 -2.758070043226826806e-01 -1.962426259030516096e-01
1.261435331096092960e-01 -2.772227646002994872e-01 -2.216824099521747526e-01
2.611319993280192264e-01 -5.168520277023758852e-02 -5.494041887545937364e-01
2.447588731581258059e-01 -7.058540282992550874e-02 -5.581626696530646026e-01
5.281694899419355771e-01 -2.151658608713788445e-01 7.428183784166486614e-01
2.185370401709569310e-01 -2.677176651143112207e-01 -1.820708348454834757e-01
3.113424734070461830e-01 -3.206162522185750929e-01 7.011932909653334489e-01
3.210969946007264375e-01 -3.428022525256695374e-01 7.677930898883075228e-01
3.702300388879283810e-01 -2.781724633336837282e-01 1.096474334596015954e+00
5.692634861908888455e-01 -1.318319292254804265e-01 8.170692644287568251e-01
3.379294344717892473e-01 -3.117888601236420976e-01 9.269855157586830430e-01
5.836656181273430777e-01 -1.241654968359764133e-01 6.609412835559810295e-01
6.301059482757802588e-01 -8.685409017218551075e-03 7.031096643943208768e-01
5.992468124577472743e-02 -2.586963569480177361e-01 -4.681732156975904613e-01
1.255486141346080498e-01 -2.103919548258420813e-01 -4.797931689476637729e-01
1.764619366373592901e-01 -1.606043631723390042e-01 -4.968432057516790623e-01
1.590524117469365450e-01 -2.605338802736436588e-01 -2.101073991783803940e-01
2.528255317246989042e-01 -6.199160492446165183e-02 -5.539814725819307561e-01
2.116542167095226690e-01 -1.016826435738714673e-01 -6.213753729830640005e-01
2.362698125031653384e-01 -7.255450948821048907e-02 -5.606506603632829266e-01
1.414700409851385454e-01 -3.632321013189816483e-01 -1.809552903728221529e-01
1.575631970793589243e-01 -1.344334844558114916e-01 -5.199021726283029610e-01
1.099660629600156536e-01 -1.693222701991656531e-01 -5.105245030031467790e-01
5.496750746461936954e-02 -2.032362566630913636e-01 -5.097405552502506376e-01
9.313244038382516299e-02 -1.278004443731411144e-01 -8.209498266539791977e-01
5.836519327191392464e-02 -1.876891827075516384e-01 -7.720554711019974592e-01
5.460590454085303275e-02 -1.972951815341253412e-01 -7.387629235354706836e-01
5.147119901529707831e-02 -1.864281323422000980e-01 -7.004974861212591719e-01
4.589712694009948774e-02 -1.823244682303338249e-01 -6.652108137501249185e-01
1.470192013632461991e-01 -1.323719891290296713e-01 -6.368215295802507336e-01
1.582988511688218636e-01 -1.407304905721246946e-01 -6.537423817541274662e-01
1.690785805485044702e-01 -1.481007522401012744e-01 -6.734071522285525191e-01
1.801595478605774736e-01 -1.346564730382676933e-01 -6.930086457066229055e-01
2.802028832900333444e-01 -1.625327994594648884e-01 -3.857219156858066045e-01
7.080410647813637492e-01 4.907485882121049303e-01 3.855757077151276968e-02
1.872912815180434731e-01 -9.785451116836893504e-02 -6.072066317757802700e-01
1.986834443899841984e-01 -1.035696935169561628e-01 -6.156085260074291021e-01
1.069598388233335418e-01 -2.738164040389226006e-01 -2.542303775774868990e-01
2.002468425578375899e-01 -2.175521949231928875e-01 -2.280008038004760484e-01
1.163146338326167262e-01 -2.769568061121413516e-01 -2.388018427059089843e-01
2.654236978020839133e-01 -1.913833883262678892e-01 1.096771748038695149e-01
3.642272748407117122e-01 -1.675293019886457402e-01 4.762121491992859362e-02
2.305406875888706408e-01 -2.549414584546433327e-01 -1.301580975060581957e-01
5.157415648628889127e-01 -1.628434853764179069e-01 1.024321987410282242e+00
4.773270143577270641e-01 -2.311210465926560875e-01 8.948955090148733582e-01
4.404847686568806875e-01 -2.867889234888877370e-01 7.817070159704379018e-01
2.410690589965893416e-01 -8.664506068433375230e-02 -7.226276888915332819e-01
1.770833756439819107e-01 -3.649450416982422118e-01 7.340140071751630746e-01
1.899109815046408078e-01 -3.545279300305916870e-01 9.307372729051462956e-01
2.106247082663970371e-01 -3.431040788943551800e-01 1.133384640055005832e+00
4.457625096930658559e-01 -1.278336109447507085e-01 3.639991637076723241e-01
5.822384956269524015e-01 -3.016069784968317125e-02 2.537688048149872033e-01
1.931646259259803822e-01 -1.593122856794295938e-01 3.913193817880166181e-01
5.287131979663028947e-01 -1.225725987248136306e-01 4.882143846720155556e-01
1.611214668743589096e-01 -2.480775814970613280e-01 2.189144854761301273e-01
1.795119065614067810e-01 -3.714936165734940010e-01 -1.248313996464565645e-01
6.544165503279464335e-01 4.468929417572491125e-02 1.955652132481884298e-01
5.424401226067809834e-01 -7.625690147710760536e-02 1.832296147798642139e-01
4.661276004918171734e-01 -1.277988110248993170e-01 1.445527554023213201e-01
3.515739647488403952e-01 -1.545491095857959019e-01 1.621145881081155760e-01
2.671584812109139007e-01 -1.719117521506286494e-01 2.086744338210413108e-01
2.044440944160249574e-01 -1.931202745387655684e-01 2.540099941607544820e-01
8.163241547959865230e-02 -3.276085482846469166e-01 3.316063228922027650e-01
6.448501560201351790e-01 5.307325172490134912e-02 4.471680088775797923e-03
5.714840468638913151e-01 -9.524325911454299687e-02 5.060959069610226901e-01
5.285581145973631406e-02 -4.161303998945036775e-01 -2.349118148951530871e-01
1.993083518613100180e-01 -2.336057016361391403e-01 6.395223739448402389e-02
7.195456517316554113e-01 3.926712971454715539e-01 4.295488758713246202e-01
1.580778214587267860e-01 -2.072551134738079281e-01 3.031556538138556189e-01
2.378643677427867975e-01 -1.934307194407929587e-01 -1.256231496527435154e-01
4.980326408828199547e-01 -9.404022324327579452e-02 4.374899381758262651e-01
1.814973234355495013e-01 -3.559960720109774379e-01 -5.934861735147881762e-02
6.848755726025032020e-01 4.911481209089517685e-01 -1.794422474877978846e-01
1.931837880946134511e-01 -1.473385069586819196e-01 4.153904405296595659e-01
1.309765620040098111e-01 -4.218927856042253288e-01 -1.421371245272973552e-02
5.080818116404008933e-01 1.654883977529357786e-01 -6.715619932635469302e-01
5.086526879128721035e-01 2.876782317385708776e-01 -7.512979871126550524e-01
7.041460800498777761e-01 2.734052106685457284e-01 1.639895900265297968e-02
5.839126235159053380e-01 2.269396066911254228e-01 -5.434290326696217255e-01
6.688458706273142651e-01 1.082081691696112902e-01 5.617954149098649541e-01
2.572697952198492177e-01 1.061065905120966990e-02 -9.748454510995365752e-01
5.104913972613006612e-02 -3.297479699694665367e-01 -2.413128226252143627e-01
2.530575536871308984e-01 -2.037771650584305205e-01 -1.415218866375345585e-03
6.316174198585001731e-01 4.453433113393835685e-02 3.769775995028052940e-01
3.942463076605345895e-01 -1.520930052850675007e-01 3.885518746352654151e-01
3.415980864479523094e-01 -1.649898259650393606e-01 3.838234182165960462e-01
2.250170688015654674e-01 -8.909102507485266997e-02 -6.265504083556268089e-01
6.318224876415222679e-01 9.689272560605992346e-02 -1.706593696733215981e-01
1.487207005412729544e-01 4.491057776232587617e-02 -1.083782877868597172e+00
3.359777957326172682e-01 1.511934495696239111e-01 -9.571536995541412018e-01
4.167362963738883708e-01 2.121358688711097173e-01 -8.736455609903142072e-01
2.893938233618146838e-01 -1.675650200340421669e-01 3.899649870268857010e-01
2.404451001820128719e-01 -1.595706935949218197e-01 4.022021016083884293e-01
2.089257613707756756e-01 -1.472869734603488023e-01 4.090977855239202876e-01
6.104295701036025479e-01 -3.494827355040879685e-02 5.343662964331892251e-01
2.499474478288209456e-01 -1.801335071723352832e-01 4.643471527840629109e-01
3.036394000843671837e-01 -1.954746446057156195e-01 4.863677443931024857e-01
3.591271762890105301e-01 -1.949561998423125497e-01 4.912474469045263747e-01
4.127850986654849619e-01 -1.799315491693849467e-01 4.808334279459950400e-01
4.446855188118097324e-01 -1.579767387979159332e-01 4.634014907119694548e-01
7.045260063237959169e-01 2.659114297851584707e-01 6.230403121530038169e-01
4.299306489643512919e-01 -1.355535659306768004e-01 4.010964325137036379e-01
2.235531917942888969e-01 -2.033060494854560529e-01 -3.484513820274565132e-01
1.713896645019986065e-01 -3.009935418200823665e-01 -1.856919450243982028e-01
1.103351903650202637e-01 -2.627840600418029360e-01 -3.286204078258587735e-01
4.256460101665939799e-01 1.201731067080933357e-01 -7.902039270068316190e-01
3.450098002224534222e-01 6.886177062675558069e-02 -8.830449437228928833e-01
1.468071492037425485e-01 -4.114156107557588593e-02 -1.041428190400479181e+00
5.811440899772940538e-01 3.840743249453843489e-01 -6.060705469514940935e-01
2.110501557971759812e-01 -1.602096793572994893e-01 4.344019878081455399e-01
1.211850492359514420e-01 -3.299548921573163263e-01 1.780262313448066069e-01
2.493314448220217416e-01 8.678200131786685534e-02 -1.031162318890177509e+00
6.821507536866159294e-01 2.895995617667386779e-01 -1.809075462406893320e-01
1.002381257286938804e-01 -1.598489500015941034e-01 -6.517008566448995177e-01
1.106943525331181843e-01 -1.671391238688446634e-01 -6.792016584958022740e-01
1.181758183768032849e-01 -1.751917176950768817e-01 -7.130428899207712501e-01
1.257805041720304051e-01 -1.635905269288669972e-01 -7.435640711510598244e-01
1.737233615493828931e-01 -1.129978978332274453e-01 -7.862875525680201871e-01
2.069937042603676169e-01 -1.058848397004387570e-01 -5.274612204287515427e-01
2.192359716597225838e-01 -1.056803257406570273e-01 -5.204808600973318544e-01
2.297259602164488657e-01 -1.066475098292294643e-01 -5.115454216721426750e-01
3.269932019422182590e-01 -1.073073207716808697e-01 -4.422451030948847395e-01
5.480737947004936661e-01 -1.958751679451129629e-02 -2.352651620082021888e-01
1.208903605529545455e-01 -2.840366496575091881e-01 2.821301265039687922e-01
1.517001215941836401e-01 -2.013286723146398005e-01 4.659899038249810110e-01
1.860543359188975843e-01 -1.751844254643125653e-01 4.579452985234674367e-01
1.951414473378859371e-01 -9.794742653117824438e-02 -5.347111486326375784e-01
5.556173734762106520e-01 9.800395204079473399e-02 -4.333831808650250861e-01
9.808434414192054862e-02 -2.799046996845501178e-01 4.682343566020941150e-01
2.100133257634098083e-01 -7.200831605299061466e-02 -8.426621023236480212e-01
7.872925067659217180e-02 -3.781825758062740128e-01 2.207939408453700181e-01
1.634111238988619208e-01 -3.118555278849913792e-01 3.079016823621813156e-02
1.145003152436564753e-01 -1.027414195816982456e-01 -8.919937515800434591e-01
3.586268182031300822e-01 -2.238891080816634779e-02 -6.587120540476507635e-01
2.863654306770110902e-01 -1.705382659522387545e-01 -1.949183789932485422e-01
2.872937212103325311e-01 -4.463876313316885586e-02 -7.675963649483419360e-01
4.181224080850929337e-01 -1.489704138457848270e-01 -1.762560519710425488e-01
3.377154318487186613e-01 -1.473251496320442944e-01 -2.808800744848270470e-01
4.667821732306910443e-01 -7.967987723271977019e-02 -3.095430617885694957e-01
1.362239757751974867e-01 -8.412899743886517734e-02 -9.722558773182103931e-01
1.996998435553998252e-01 -2.612589322451286944e-01 -1.454966231357977119e-02
4.066415564951013639e-01 4.001686709520033830e-02 -7.077928166287619227e-01
3.254929656634489854e-01 9.951807401668417291e-03 -8.133427882677308762e-01
4.097598529439660520e-01 -2.562709891774817006e-02 -5.354399760713705048e-01
6.138106458129999332e-01 1.372878370610893517e-01 -3.182296718208176833e-01
4.801288623347680362e-01 3.104874146192364986e-02 -5.387090701623736821e-01
6.483232768721631789e-01 2.881511361961784923e-01 -3.663369792583917040e-01
3.835924040829632453e-01 -1.000265266903649364e-01 -3.851704294543207285e-01
1.591306745232349273e-01 -2.784763036551776150e-01 1.225055020394206218e-01
1.595090310986404802e-01 -3.790251849188476241e-01 -1.680147017373859741e-01
1.967486622672367236e-01 -3.098246069974683325e-01 -1.798269180129678235e-01
1.347100899158617526e-01 -4.311155047886701119e-01 -1.141302317819594264e-01
2.017586216222845841e-01 -2.324939108350316808e-01 5.481144027937251417e-01
3.034074401079620564e-01 -2.537736323783367776e-01 6.134618304400325517e-01
3.918307489685520228e-01 -2.517660472148249284e-01 6.257682276737012161e-01
4.622063159060095794e-01 -2.249631489452848521e-01 6.047277586029744523e-01
5.079437172904017750e-01 -1.826760041251542788e-01 5.595809558303860287e-01
5.334849037424191920e-01 -6.668994444718817638e-02 4.187679732042559055e-01
7.115070775646561430e-01 2.367318006491042626e-01 2.054065713482552402e-01
4.879689186991409966e-01 -9.700594645539385719e-02 2.893900315064943385e-01
4.266485574595927366e-01 -1.298733305023381246e-01 2.616753352373485386e-01
3.465293091332768971e-01 -1.534620193235446683e-01 2.679437842991296281e-01
2.703563421011555001e-01 -1.668542427774349357e-01 2.946815703530594188e-01
2.122453479381144481e-01 -1.716331158561930359e-01 3.266786810733417479e-01
1.722057004097989341e-01 -1.781770704867667310e-01 3.527592199110416438e-01
7.160929073433364156e-01 4.628625091181179929e-01 2.391887934584245867e-01
1.961032458047358151e-01 -2.762034328109737036e-01 -1.980206976258308826e-01
1.220372622519206307e-01 -3.671648027135118175e-01 8.531860281220517150e-02
1.174456053377247178e-01 -4.265206702799327898e-01 -1.809343951407802464e-01
8.540288313616095639e-02 -3.944348990476425065e-01 -2.179902435080779965e-01
1.173844833508368296e-01 -3.938243853139515860e-01 -1.903925814994503751e-01
1.809091348225089768e-01 -2.519065809366257680e-01 -2.203065262255753387e-01
7.280439402441302166e-02 -4.093557149169061438e-01 -2.286011276606644826e-01
7.100433440447173616e-02 -3.321503075174461195e-01 -2.360434781880753341e-01
1.720367949264691720e-01 -1.564760774030648227e-01 4.125580193337850532e-01
1.409148415829818424e-01 -1.911476373798703665e-01 3.906615771587890751e-01
1.220281994642827272e-01 -2.325541813345189390e-01 3.667889096183871156e-01
4.622920866020859831e-01 -1.352711682832019036e-01 4.504178404770734501e-01
4.995767503478175664e-01 -1.390456416326662503e-01 4.816930685277847624e-01
-3.206764338672031811e-01 -1.523445716844017417e-01 4.718870704522634130e-01
-2.572770217563970507e-01 -1.582525614818103554e-01 4.695813508778678980e-01
-3.198909330380129701e-01 -1.605395825974906543e-01 5.299639238143610820e-01
-3.849320128572127908e-01 -1.463849299208477561e-01 4.723242707767447701e-01
-3.220325941480500775e-01 -1.441520485953703412e-01 4.118677964879721709e-01
3.473152245998100129e-01 -1.586390923362618610e-01 4.433181810236117015e-01
4.093801560394129124e-01 -1.642627593842463651e-01 4.406491051163200501e-01
3.464199041086546971e-01 -1.669737471830522457e-01 5.026904504249888328e-01
2.847571708916747935e-01 -1.530401554440866396e-01 4.459715600194736340e-01
3.484446374879912600e-01 -1.503205491119387893e-01 3.839796641641360919e-01
