-1.239352754092484798e-02 -2.866891349832041413e-01 -4.542890546973316068e-01
2.205180996273516797e-02 -4.659464870443636997e-01 -2.022758842496941989e-01
2.540245667956726738e-02 -2.914339024303325143e-01 -2.612547073200280900e-01
-3.284447615386085206e-02 -4.226535908416607645e-01 1.290965435868308142e-01
2.185289183274101432e-02 -4.995013290443696685e-01 -1.094576894856101046e-01
2.083073951057065262e-02 -4.904208669657947328e-01 2.253771132221496498e-02
2.302709406362837136e-02 -3.605069286358987268e-01 3.586333192405330439e-01
-4.323538221638618673e-01 -1.140278479823458313e-01 4.520356679665133437e-01
2.348468528012136181e-02 -3.450415198148814588e-01 6.140660520963208135e-01
2.251806707999016999e-02 -3.723483892824572816e-01 7.372899376495527513e-01
2.114621862235162991e-02 -3.609021193371416691e-01 1.170688356045995082e+00
-1.099618170540186957e-02 -2.775698459126712536e-01 -4.777797943901807010e-01
-8.791358219233961699e-03 -2.567061190548258209e-01 -5.009895342974288734e-01
-5.793247679211571168e-03 -2.231374269546144706e-01 -5.180884925724160706e-01
-1.444403845809579846e-02 -1.945482159772463637e-01 -6.863272005554190702e-01
-1.523301515033506290e-02 -1.978898718217173280e-01 -7.242130170747520523e-01
-1.709681941173273739e-02 -2.070335991398266906e-01 -7.621303995511455875e-01
-1.686258410639394911e-02 -1.957027290606868641e-01 -7.944023234948285328e-01
1.292353251840217682e-02 -1.327619198605803352e-01 -8.389102337898807216e-01
2.100145530599095700e-02 -4.266174376266188562e-01 -2.417962505995983891e-01
-4.042838430940777494e-02 -3.369292917039990454e-01 -2.220798699149651445e-01
-6.707908715382188136e-01 1.386835359500856180e-01 8.595705269973769047e-01
-2.568597858636396114e-01 -1.716511172634559435e-01 3.533127224587422344e-01
-3.226387173175208067e-01 -1.646336181787205755e-01 3.472326364940181986e-01
-3.838892963662533520e-01 -1.464722417893063733e-01 3.582886402277496440e-01
-4.587457956122188985e-01 -1.006359090181055821e-01 4.276177167681152191e-01
-1.988956389762125410e-01 -1.672491788505494070e-01 3.762335290372652574e-01
-3.496791918326873083e-01 -2.233705697079664543e-01 6.336221697206727566e-01
-2.745559961461361276e-01 -2.226992459862257856e-01 6.195192162438862837e-01
-4.161323111459822033e-01 -1.994668987723027809e-01 6.193193858652370487e-01
-4.582452649422437130e-01 -1.688117317696842257e-01 5.838142461457243027e-01
-5.139584709580274913e-01 -5.981684727127926232e-02 3.742781178951554155e-01
-2.234689420391342551e-01 -2.623923714950238129e-02 -9.103820029779626788e-01
-4.533900993541932767e-01 -9.745156550920006100e-02 4.869076651514376297e-01
-6.920386728329079862e-01 2.146679627605082019e-01 4.666421438552502687e-01
-5.841830867591686349e-01 -3.925107043294086794e-03 4.558898647192205500e-01
-3.005420459141808220e-01 -1.799108079313933295e-01 -4.497332286709036786e-02
-8.465064145738587786e-02 -2.722597403045113329e-01 -4.378325597664547431e-01
-7.206707199411074849e-02 -2.412660880575478728e-01 -4.952245179600643366e-01
-1.489538648077840810e-01 -2.235777291764990127e-01 -4.551649372853295850e-01
-1.935484288571243938e-01 -1.697208838279759546e-01 -4.799229942403937521e-01
-1.252518736543258848e-01 -2.056273962744166739e-01 -4.979583751469375819e-01
-1.682182704869506495e-01 -1.525976661036020365e-01 -5.117582100623294661e-01
-2.894404230164632219e-01 -5.352317997309787023e-02 -6.310082759462083413e-01
-3.258379678037340299e-02 -4.590497407352203130e-01 -1.955877928560146861e-01
-4.221022895628287475e-02 -4.901598083541023887e-01 -1.051729188898782030e-01
-5.437221675727109682e-01 -1.596801674452588415e-01 6.758513270560835284e-01
-1.687901301418660571e-01 -2.209950539219552312e-01 1.812950417192998320e-01
-1.810066119306858734e-01 -3.053412351690469873e-01 -1.349972875674524397e-01
-1.860623726767100250e-01 -2.930812386152955584e-01 -8.017526320241799564e-02
-4.892674335016389819e-01 -9.914103543853765299e-02 -7.601242869301268364e-03
-3.810341969695360542e-02 -4.694353603843199885e-01 1.837170167502161222e-02
-3.972299069685111261e-01 -2.788172601760704472e-01 7.614380551984052392e-01
-4.838608460394864252e-01 -2.256039036701249501e-01 7.364668290235314441e-01
-6.067447132277032917e-01 -3.949916595970990804e-03 9.984248481002897524e-01
-1.151124516958959842e-01 -3.270439721003647326e-01 6.516176103833319910e-01
-2.080168622561973935e-01 -2.009409950605674233e-01 5.744439034903177088e-01
-3.423843810979962932e-01 -4.461541058272866511e-02 -5.116048674057174228e-01
-6.124611702372604327e-01 4.901363034013057063e-01 -3.694023372719783538e-01
-1.326094091044421330e-01 -2.734902396039249339e-01 -1.875469757749162469e-01
-8.172458594035139634e-02 -2.732398835250432478e-01 -2.165833071416987110e-01
-2.506560071981309701e-01 -5.516641881237473177e-02 -5.422895445515615309e-01
-2.358752044298548789e-01 -7.254925966567252194e-02 -5.552289443093763044e-01
-5.157527476893193352e-01 -2.031468333010648664e-01 8.019666283315816102e-01
-1.848826494435977241e-01 -2.645595875672478448e-01 -1.691337023906623327e-01
-2.779152979996067918e-01 -3.141643067705591208e-01 7.423732694892821726e-01
-2.877540631387297543e-01 -3.360849995255046352e-01 8.154989473660886334e-01
-3.485039909222165111e-01 -2.703000986057364496e-01 1.159234940830905725e+00
-5.602495684940702603e-01 -1.181999318097873564e-01 8.879067976934571504e-01
-3.105123804933574982e-01 -3.065416907675564406e-01 9.789960233174536119e-01
-5.786158060991503094e-01 -1.114326829856307766e-01 7.293702050489951905e-01
-6.239016214607768784e-01 7.319310574890991461e-03 7.775033572933051085e-01
-8.013786291345735557e-02 -2.635687276246438948e-01 -4.697427770487082599e-01
-1.374541001026001463e-01 -2.170756190481705206e-01 -4.772382602117311023e-01
-1.816072674481042648e-01 -1.663347823868670805e-01 -4.953122601279560944e-01
-1.176113498186426437e-01 -2.569265585876493452e-01 -2.028640156577791454e-01
-2.429853838523325649e-01 -6.407684292466202247e-02 -5.487734005483942967e-01
-2.165677751753520008e-01 -1.037500962181964609e-01 -6.108991710227740235e-01
-2.274603654484903814e-01 -7.519423140271591643e-02 -5.604333762179326550e-01
-1.034223456509482802e-01 -3.674849039623264146e-01 -1.735120318049332699e-01
-1.578918264012726946e-01 -1.400158323663374671e-01 -5.244947210077287592e-01
-1.145788675670820350e-01 -1.781386825545875907e-01 -5.147426631486070603e-01
-6.406917226259048470e-02 -2.114873471998165722e-01 -5.130985188953977039e-01
-7.301707895327347320e-02 -1.271313728751714556e-01 -8.292833846578031576e-01
-9.101627537595938233e-02 -1.914237262126604056e-01 -7.808876668652979802e-01
-8.813056868892790718e-02 -2.025392273792523679e-01 -7.468340614335142735e-01
-8.069381893860894106e-02 -1.921665654939471723e-01 -7.063674267974398013e-01
-7.240467162067974749e-02 -1.887053551250183758e-01 -6.704273477379223412e-01
-1.615830178699451669e-01 -1.372394103624567374e-01 -6.275120695662395054e-01
-1.744854170868497534e-01 -1.438605778178039807e-01 -6.439273221729642227e-01
-1.874724160676476681e-01 -1.507009187095816882e-01 -6.631374096953244202e-01
-1.964951880003861229e-01 -1.368742084462536979e-01 -6.839527086906962428e-01
-2.560907601936114331e-01 -1.583026897943300426e-01 -3.713420285484728689e-01
-6.850480061958461597e-01 5.204240657875787157e-01 1.063636861021750174e-01
2.487391733453862136e-02 -3.386277680557265857e-01 -2.481523585239243934e-01
-1.917302348234714293e-01 -1.027258110461246321e-01 -5.982343802198817340e-01
-2.041468887499034990e-01 -1.064586232637985824e-01 -6.049524704436490818e-01
-6.024676703236350045e-02 -2.735448588263821312e-01 -2.516846434385304754e-01
-1.614831328122212639e-01 -2.110711605056559970e-01 -2.176084495684312836e-01
-7.065344352469567213e-02 -2.744428971270085338e-01 -2.346406371079312603e-01
-2.355457476166594177e-01 -1.916246486330051846e-01 1.350186250444326830e-01
-3.405152778269654457e-01 -1.633658603981845703e-01 8.208206483297236788e-02
-1.965940330165742433e-01 -2.519818880671106931e-01 -1.147814978065423847e-01
-5.050327326114313342e-01 -1.474581684228162271e-01 1.101576050721788436e+00
-4.605435093087183462e-01 -2.199611906684441343e-01 9.597850380927973601e-01
-4.174477643559786344e-01 -2.770995915903278206e-01 8.355604529854261386e-01
-2.283024937170491375e-01 -8.347226616377102781e-02 -7.229441128026479202e-01
-1.332122641997488532e-01 -3.658638006978112145e-01 7.749365250096733604e-01
-1.549259099497519443e-01 -3.545502759964361816e-01 9.669131833381646723e-01
-1.793380557688312726e-01 -3.404902543083483946e-01 1.177871854520495587e+00
-4.331092912355545277e-01 -1.210132687251432859e-01 3.843190160400130617e-01
-5.857188675282651857e-01 -1.448301911110679539e-02 3.141745272197291605e-01
-1.603370498833638913e-01 -1.625403857719996403e-01 3.987138333228067433e-01
-5.169025632953617722e-01 -1.111859196694554852e-01 5.515445980434103834e-01
-1.240941914712042765e-01 -2.518148033199114066e-01 2.356061460594350010e-01
-1.434875540690591922e-01 -3.725496024911920667e-01 -1.125669370458165092e-01
-6.429197970978737242e-01 6.241523738497826296e-02 2.619788440522377582e-01
-5.455652853885324394e-01 -6.396803796811642573e-02 2.364883202504449167e-01
-4.658942008630205245e-01 -1.189606269453659104e-01 1.883909054799438043e-01
-3.423932476759449228e-01 -1.508115611080352303e-01 1.925925819526174698e-01
-2.506103977171146302e-01 -1.711226687883730668e-01 2.258048802092499086e-01
-1.819268895138481112e-01 -1.938440839902450530e-01 2.640628321932904643e-01
-3.793716920145828037e-02 -3.330777755640933480e-01 3.433642316208596057e-01
-6.307967163460124205e-01 6.906991608664581062e-02 6.445976042737987244e-02
-5.684313546173013210e-01 -8.244238923314881062e-02 5.753079177777642439e-01
-1.294336095440796856e-02 -4.228278956897471019e-01 -2.364209726555704660e-01
-1.639956842724838992e-01 -2.354982330801048129e-01 8.128322273767760175e-02
-7.095416291945189080e-01 4.182754699946666932e-01 5.100528344816928072e-01
-1.284199890452346615e-01 -2.099148810688880873e-01 3.080066609023840996e-01
-2.005287853517831453e-01 -1.892492232934467611e-01 -1.095105498748208395e-01
-4.790411957585815617e-01 -8.500124949099051308e-02 4.871923017076318918e-01
-1.469281220603999571e-01 -3.567092026767312296e-01 -4.611301322638495376e-02
-6.567392915190622960e-01 5.217384939377764930e-01 -1.232145346638032352e-01
-1.567049766025590540e-01 -1.519323132539007748e-01 4.313174674113300355e-01
-9.508554938197116835e-02 -4.264037721154560479e-01 -4.465376281129232808e-03
-4.905793291511574283e-01 1.868144650808302165e-01 -6.511251595964764327e-01
-4.843764511182670485e-01 3.124235743393442011e-01 -7.359337835357817603e-01
-6.807253290244386079e-01 2.965550044042948863e-01 8.087985058192230514e-02
-5.643713942425545582e-01 2.498857201001416228e-01 -5.104180350083509232e-01
-6.605740402262558764e-01 1.270282141034564105e-01 6.381648461795618177e-01
-2.359837735288297933e-01 2.177091584743373609e-02 -9.829431817697907858e-01
-1.689118662811844992e-03 -3.337615119501813332e-01 -2.430393155564572472e-01
-2.219693581862760556e-01 -2.020327138950737400e-01 2.029323062048697668e-02
-6.391872528823807631e-01 6.114025976912490501e-02 4.521637359002370071e-01
-3.734830701820590626e-01 -1.473332618714545128e-01 4.062533108300282469e-01
-3.194165322865443191e-01 -1.627350868361304714e-01 3.946236341426365701e-01
-2.268609410592665743e-01 -9.136436853574358974e-02 -6.159530186349435610e-01
-6.153605217292600349e-01 1.141097726382338529e-01 -1.185501000078979378e-01
-1.160500045515492351e-01 5.144799962469665672e-02 -1.100784583961868623e+00
-3.077992029292818676e-01 1.674660443231110185e-01 -9.640551837968146520e-01
-3.900112549726761357e-01 2.321611921789706601e-01 -8.721961282411757610e-01
2.169852046506798998e-02 -3.709048035976148516e-01 9.500578235788347259e-01
1.910158610961937981e-02 3.182810199579901717e-02 -1.120588377488268783e+00
-2.640243508806806583e-01 -1.670492017433366783e-01 4.005542086219555653e-01
-2.097012314728888549e-01 -1.617668877073757949e-01 4.157157909892713610e-01
-1.736621036957344821e-01 -1.513547222061121800e-01 4.243138767500812536e-01
-6.128017915786275749e-01 -2.113595393732238190e-02 6.112101126430482534e-01
-2.219657855513891553e-01 -1.822236744744092363e-01 5.085671187060707421e-01
-2.818861384694958949e-01 -1.945216485172311660e-01 5.425786005859836170e-01
-3.391658770483392260e-01 -1.914377561126355820e-01 5.508770605329331715e-01
-3.931155581267943844e-01 -1.736789267359613309e-01 5.388297595967239673e-01
-4.251025491473719997e-01 -1.504110943637103626e-01 5.171109274755878449e-01
-7.015745026526770678e-01 2.902443744972632578e-01 7.071464262306078608e-01
-4.088496230615418781e-01 -1.292376400532495584e-01 4.277829873870866995e-01
2.464850999658781128e-02 -2.760085907208172928e-01 -3.266734945918208788e-01
-1.878110620765242877e-01 -2.014528441544731485e-01 -3.385141274210859419e-01
-1.322342817796794689e-01 -2.993399932506315420e-01 -1.762828633656021438e-01
-6.627623630790863141e-02 -2.671790392262827218e-01 -3.268685339475401186e-01
2.335381868437819142e-02 -3.290612294867061860e-01 4.896767639983414799e-01
-4.069459002881333776e-01 1.396253147658050309e-01 -7.812536794619555636e-01
-3.254635782654695664e-01 8.553939341966704246e-02 -8.836526826170492122e-01
-1.236655409240579040e-01 -3.556099656172696799e-02 -1.055277508187277835e+00
-5.532897139486069316e-01 4.102340567662318693e-01 -5.769227087997603753e-01
-1.775701743273578326e-01 -1.649299810558351453e-01 4.608236279403578051e-01
-8.123353946098944844e-02 -3.344057103845806123e-01 1.905992460723029414e-01
1.404610235585703783e-02 -5.309719311169087963e-02 -1.073619250070624087e+00
-2.198596795995484132e-01 9.816896138021954932e-02 -1.044891088016771885e+00
-6.578504563409275363e-01 3.133761151068190642e-01 -1.251685049260101990e-01
-1.208567743563550845e-01 -1.664052501593370481e-01 -6.483634236844720844e-01
-1.341497927584402450e-01 -1.724560038365883785e-01 -6.755157662964097476e-01
-1.449938796071502667e-01 -1.801942229766673176e-01 -7.110198924671423670e-01
-1.513820036712592021e-01 -1.678821275482373088e-01 -7.450636022212584475e-01
-1.600423433375381954e-01 -1.130102524224016469e-01 -7.902847664199132982e-01
-2.042004602433171168e-01 -1.089764807110877587e-01 -5.297205326278615622e-01
-2.170834219015109201e-01 -1.097865664437574773e-01 -5.210443582580910338e-01
-2.278490373314105144e-01 -1.107562508595368034e-01 -5.116558988087492876e-01
-3.132116089645015089e-01 -1.014520882554126036e-01 -4.280876207326443361e-01
-5.366391852561249731e-01 -5.715608086694433376e-03 -1.923888608618049001e-01
-7.988575918130982889e-02 -2.884460689493515417e-01 2.964934549089242588e-01
-1.120323731167281039e-01 -2.030538543475529922e-01 4.965835981215251937e-01
-1.517119856948007106e-01 -1.796373581556629517e-01 4.912562616793228476e-01
-1.912084562669714161e-01 -1.031067505506497173e-01 -5.378816000273529685e-01
-5.408433775743219929e-01 1.158017639433109869e-01 -3.991347394139819205e-01
-5.962642455801421548e-02 -2.846666131736561023e-01 4.873271208693290002e-01
-1.942104801898235089e-01 -6.560495299002339076e-02 -8.466927611159270617e-01
2.155498382872386015e-02 -4.456890662765848887e-01 1.371451132099792136e-01
-3.668315174454840621e-02 -3.834589822924937552e-01 2.300647528726431079e-01
2.247995332162676732e-02 -4.010402351334400040e-01 2.437575016645955883e-01
-1.268849469221697279e-01 -3.133277675283109853e-01 4.480005523429610864e-02
1.225131112220680454e-02 -9.943176249206484019e-02 -9.998911214237039546e-01
1.264895036094521030e-02 -1.145941106704490703e-01 -9.146614237543110315e-01
-9.371868333616112379e-02 -9.890856135841419317e-02 -9.016749044519875023e-01
-3.433671774006487043e-01 -1.193983998885433766e-02 -6.452602797140650770e-01
-2.574308647668241967e-01 -1.641366149204057656e-01 -1.746562911052697009e-01
-2.745282926060269579e-01 -3.465366090301238988e-02 -7.629878447866754732e-01
-4.026005570400716382e-01 -1.391807502501236637e-01 -1.421400978891689260e-01
-3.180895619105690297e-01 -1.407357358160381544e-01 -2.578780001819516166e-01
-4.563209262117788323e-01 -6.922405191668126734e-02 -2.781787685167079749e-01
-1.153252458431503619e-01 -7.990550973128904277e-02 -9.826250727235679161e-01
-1.648851346896390568e-01 -2.607268239544945354e-01 8.861038984003286956e-04
-3.907523260796884612e-01 5.597956924660572181e-02 -6.971883649692610652e-01
-3.081956205745324251e-01 2.442785286037191250e-02 -8.104182707789024942e-01
-3.973392766036966672e-01 -1.707321324999616641e-02 -5.154017563503618948e-01
-5.967275876835944626e-01 1.569826321383461787e-01 -2.734434746274783112e-01
-4.678639899585891326e-01 4.517298908505133770e-02 -5.177469891620574138e-01
-6.243745961114559595e-01 3.104698516366483085e-01 -3.204081268977648778e-01
-3.717540525917260585e-01 -9.286842785585538995e-02 -3.625181706141575866e-01
-1.214305132864685610e-01 -2.822614309511157216e-01 1.376933393094148528e-01
-1.233725795216887161e-01 -3.816771952318430694e-01 -1.587199542656163587e-01
-1.607709818152368020e-01 -3.075079426578579689e-01 -1.682665466572244584e-01
-9.661361205375919303e-02 -4.341352554988514578e-01 -1.054977930365137845e-01
-1.648049539092030225e-01 -2.332588693544240532e-01 5.896035121037581650e-01
-2.728109222851851645e-01 -2.491246243244957248e-01 6.607437557038911002e-01
-3.658817090954720741e-01 -2.442344559591991537e-01 6.769876990383159043e-01
-4.414969334854322858e-01 -2.154663034508433606e-01 6.602426117928921201e-01
-4.924275722659726129e-01 -1.716812057834316008e-01 6.197234063791928760e-01
-5.240384869356725650e-01 -5.501362809597237780e-02 4.714995407040931119e-01
-6.959777364490352669e-01 2.574583001908501423e-01 2.770182612053535554e-01
-4.811213435784593706e-01 -8.797182280862639314e-02 3.267068819276828795e-01
-4.185843144822721795e-01 -1.229400193610171305e-01 2.889504838401421027e-01
-3.338464799667171801e-01 -1.500242548849455848e-01 2.810567379584850700e-01
-2.517120355126148401e-01 -1.664406780086793713e-01 2.979719875690354791e-01
-1.865247952412251720e-01 -1.718171769508564373e-01 3.261753038502774871e-01
-1.413057142873800076e-01 -1.801005645894360185e-01 3.523853921988012727e-01
-7.000530727207634474e-01 4.889863862238707504e-01 3.143985932322129195e-01
-1.603728005235280085e-01 -2.727623886088165195e-01 -1.874675792499006788e-01
-8.193918761158006103e-02 -3.725635613937459123e-01 9.609882933675886751e-02
-7.969172892837085576e-02 -4.298789684849798065e-01 -1.753600115741782983e-01
-4.727572023319091821e-02 -3.971458310047298879e-01 -2.159706158331162196e-01
-7.987486038374352892e-02 -3.969050859205652260e-01 -1.847850163246129718e-01
-1.428583054052317558e-01 -2.470937726661027178e-01 -2.118485171457213656e-01
-3.411198758463630104e-02 -4.133264549983775571e-01 -2.280451228473689973e-01
-2.440006578216250693e-02 -3.344605701990374658e-01 -2.361543885665300380e-01
-1.356854018571840292e-01 -1.596609324996231538e-01 4.268529334464924441e-01
-1.055927293967522801e-01 -1.939458663984992559e-01 3.993584376867047592e-01
-8.823609980659863350e-02 -2.353649451574472140e-01 3.751902625592746787e-01
-4.416816251421163964e-01 -1.268901626676163796e-01 5.005476024880655128e-01
-4.822465577493312838e-01 -1.277928484157026534e-01 5.426951277564158183e-01
7.608405357821756976e-02 -4.222684095478645427e-01 1.243597930424168996e-01
4.621902377266226547e-01 -1.238378812982856708e-01 4.200919394304362675e-01
8.682930190868276554e-02 -3.408584266141278518e-01 -2.277672149127877299e-01
6.799972953767721151e-01 1.191272642162704981e-01 7.880625585780567377e-01
2.820394150582294923e-01 -1.742768380868195965e-01 3.453642515745504737e-01
3.443939835102357572e-01 -1.696118512402584322e-01 3.365173000218972255e-01
4.037184751970818164e-01 -1.538040724464524445e-01 3.394464841226438878e-01
4.823124027669934422e-01 -1.102248912033227529e-01 3.927938530327421685e-01
2.304621595119804855e-01 -1.694401235751470669e-01 3.677592009199042167e-01
3.777349579297163418e-01 -2.314187061227285791e-01 5.990323322510024973e-01
3.041105805618707913e-01 -2.291348728910718724e-01 5.870988625726750731e-01
4.441498485422809006e-01 -2.108942955577939871e-01 5.817597181536853235e-01
4.851482608491046178e-01 -1.825028826743032573e-01 5.417763727843536437e-01
5.285544180279655446e-01 -7.211638905261696930e-02 3.290142504593714934e-01
2.469204433674755117e-01 -3.691158548455011901e-02 -9.229175051560912779e-01
4.845967183797317834e-01 -1.078771274039222461e-01 4.494438786010938047e-01
7.140735391601460424e-01 1.965696576975358711e-01 3.977220261183729288e-01
5.945001930385054312e-01 -1.921465785945137422e-02 3.993951360702579501e-01
3.317560212512163931e-01 -1.882718890729560002e-01 -7.404004387221581329e-02
6.275664869335970120e-02 -2.742038796227516118e-01 -4.428843865916171074e-01
5.877093052751351104e-02 -2.402601139037379430e-01 -5.001097222102960371e-01
1.377945850176458265e-01 -2.224153663137427017e-01 -4.655567204986632013e-01
1.915145874149582206e-01 -1.670006141707127689e-01 -4.910326884288199745e-01
1.191257660011655062e-01 -2.016446136107226395e-01 -5.048388412586891638e-01
1.700872733962663919e-01 -1.496534608926866350e-01 -5.175865765960075970e-01
3.102387441267819845e-01 -6.034926869414307393e-02 -6.494582163755393545e-01
7.471969898605643201e-02 -4.622469851242041461e-01 -2.005798814666226726e-01
8.285159635334585215e-02 -4.937086558238925615e-01 -1.110822283737528532e-01
5.605080041586305573e-01 -1.745030446653537681e-01 6.303866429682842831e-01
2.064221254742630018e-01 -2.229531593281443846e-01 1.640733325522406583e-01
2.201792269174058236e-01 -3.121619565194752033e-01 -1.511737223165775246e-01
2.239019878415839659e-01 -2.998767519559623063e-01 -9.694163316409970532e-02
5.122370337700834497e-01 -1.104145272660949639e-01 -5.411789084384494020e-02
7.965316859064658361e-02 -4.701085834815701414e-01 1.341392420374080442e-02
4.281947324768107244e-01 -2.930381559549296577e-01 7.279132935867689280e-01
5.083015880120695940e-01 -2.408898968775401439e-01 6.990398185532941122e-01
6.200169463116196322e-01 -2.308797403832356723e-02 9.313578385628027423e-01
1.599025752727740723e-01 -3.306017134713500338e-01 6.334645249187608185e-01
2.417119646873350236e-01 -2.041270618080462396e-01 5.439911861826329798e-01
3.615260779039124461e-01 -5.234882633104001592e-02 -5.344375094111317726e-01
6.535077000569911032e-01 4.706863554222642798e-01 -4.200904589636572095e-01
1.753318729236984508e-01 -2.807030893654068326e-01 -1.997359193776839792e-01
1.284386273986479476e-01 -2.821037311770270839e-01 -2.255895651754083464e-01
2.680124487784386611e-01 -5.235574177818984321e-02 -5.585479240692767799e-01
2.512907296329240925e-01 -7.163696988838397228e-02 -5.678656659401503104e-01
5.376544165403525088e-01 -2.190298333948098863e-01 7.561579944248273399e-01
2.224615527081819089e-01 -2.725054702052583377e-01 -1.853327589532308972e-01
3.169335962633855752e-01 -3.263739146289636461e-01 7.137853990113010028e-01
3.268632902364229098e-01 -3.489583336036119476e-01 7.815812038158330699e-01
3.768786712119333027e-01 -2.831679154502210194e-01 1.116164942968405516e+00
5.794863833564809497e-01 -1.341993817115542664e-01 8.317422861279186730e-01
3.439980089397349783e-01 -3.173879992424162300e-01 9.436324250220967658e-01
5.941471503842823410e-01 -1.263952745825038249e-01 6.728105408299691614e-01
6.414214611602498950e-01 -8.841382549417199296e-03 7.157361861537487879e-01
6.138336254215189663e-02 -2.641722575260845862e-01 -4.746525342615564025e-01
1.284744409011801536e-01 -2.145952045982189582e-01 -4.864897356158953134e-01
1.807313742396219336e-01 -1.636537404861231615e-01 -5.040090338472267284e-01
1.619284277262543204e-01 -2.651419780272146198e-01 -2.138439450980062217e-01
2.595453604907405065e-01 -6.286590216555340560e-02 -5.634001846120564316e-01
2.167138024464060064e-01 -1.035210358271820286e-01 -6.346419265399092513e-01
2.425871028378536465e-01 -7.366506471026748604e-02 -5.705531224625075559e-01
1.440105757569721256e-01 -3.697195927177596708e-01 -1.841780912563769079e-01
1.614680210471193533e-01 -1.370552463331215498e-01 -5.276443530372652013e-01
1.126521668898581574e-01 -1.728830502883588194e-01 -5.177259868352142025e-01
5.640549751786785859e-02 -2.078459584806006677e-01 -5.167837525781455721e-01
9.483450173643453995e-02 -1.302299778084531345e-01 -8.376502306923742092e-01
5.947003852738634577e-02 -1.912526792204469195e-01 -7.891969418113949919e-01
5.564779177547726080e-02 -2.010482085144626729e-01 -7.559793716619886972e-01
5.248240964211014353e-02 -1.899933599028507114e-01 -7.174158063915356820e-01
4.683813583350903559e-02 -1.858051068216671764e-01 -6.816122977322154330e-01
1.501904817111759660e-01 -1.348840731635420620e-01 -6.519645379788379103e-01
1.616310403324032197e-01 -1.433997502480072739e-01 -6.691572430624134205e-01
1.725355472645891397e-01 -1.509078003878887020e-01 -6.890247176552191100e-01
1.837732389334711391e-01 -1.372171826065028133e-01 -7.087465327494335554e-01
2.859218190102721380e-01 -1.653566851594079901e-01 -3.916638904038550195e-01
7.207561451788599971e-01 4.995615060843212052e-01 3.924999192711808860e-02
1.917945425593102771e-01 -9.964889995905636122e-02 -6.204910846796494184e-01
2.034248489895182643e-01 -1.054610235096833798e-01 -6.289978446913626620e-01
1.089439914217157357e-01 -2.786367946802288942e-01 -2.586539097330338155e-01
2.038772691023730821e-01 -2.214189796145329681e-01 -2.320775629090154335e-01
1.184498730079465434e-01 -2.818302206349831973e-01 -2.429840015474123149e-01
2.701902061655448994e-01 -1.948202725556665849e-01 1.116467697394853548e-01
3.707681088585672580e-01 -1.705378118755402628e-01 4.847640205376248235e-02
2.346807629649955151e-01 -2.595197255949915904e-01 -1.324954911354598031e-01
5.250033093968548004e-01 -1.657678468460581644e-01 1.042716875885948413e+00
4.858989061099794338e-01 -2.352715441204887847e-01 9.109661430929911763e-01
4.483950432524286267e-01 -2.919391109577439414e-01 7.957449977341372049e-01
2.457886031682789685e-01 -8.828230898015559935e-02 -7.375477510595903619e-01
1.802634586509873349e-01 -3.714987654533661310e-01 7.471955125685013632e-01
1.933214240881435120e-01 -3.608945821327389503e-01 9.474515566417679446e-01
2.144071302649479260e-01 -3.492655802038840962e-01 1.153738087808826140e+00
4.537675625506811250e-01 -1.301292611852726822e-01 3.568339007300195265e-01
5.926943994588862452e-01 -3.070232688731610107e-02 2.583260133105078626e-01
1.966334978188268301e-01 -1.621732334711347423e-01 3.893346957079071302e-01
5.382078885340524366e-01 -1.247737712130008586e-01 5.046777865219027603e-01
1.640149041437108379e-01 -2.525325863695903061e-01 2.226859664780055093e-01
1.827356013974414384e-01 -3.781649403664824050e-01 -1.270731358416965773e-01
6.661686357150298221e-01 4.549182936631583629e-02 1.990771951558650277e-01
5.521813228179617283e-01 -7.762633141750913124e-02 1.865200730018000130e-01
4.744983719209794892e-01 -1.300938363245799367e-01 1.471486495362834823e-01
3.578875692130509822e-01 -1.573245197300530696e-01 1.644795525264717007e-01
2.719561430082825249e-01 -1.749989625662345394e-01 2.086955636616187604e-01
2.081155242618289158e-01 -1.965883499644545951e-01 2.530911720461193615e-01
8.309837949989942740e-02 -3.334917791275255894e-01 3.375613458501504072e-01
6.564304470314565876e-01 5.402634714365477792e-02 4.551983133193918465e-03
5.817468211056717742e-01 -9.695364827441807498e-02 5.199852901939829852e-01
5.380500206196035806e-02 -4.235647979473342040e-01 -2.390782239167515144e-01
2.028875534696115701e-01 -2.378008188763154063e-01 6.510069889693825829e-02
7.324673327845220294e-01 3.997229317206296706e-01 4.372627621175901313e-01
1.609166006042971886e-01 -2.109770239133181569e-01 3.020394748967057952e-01
2.421359625838051810e-01 -1.969043698706514911e-01 -1.278791041828873098e-01
5.069763665851672041e-01 -9.572900805903500343e-02 4.462155734854861833e-01
1.847566726092107481e-01 -3.623890891705261463e-01 -6.041440634826512890e-02
6.971746445081858923e-01 4.999682136338913785e-01 -1.826646913784207016e-01
1.966530041038210275e-01 -1.499844282968817166e-01 4.188386196416727381e-01
1.333286537101354696e-01 -4.294691832948562271e-01 -1.446896381713832884e-02
5.172077181486034458e-01 1.684602568539770029e-01 -6.836204520168347454e-01
5.177871296040639226e-01 2.928443895041447087e-01 -7.647898801451085138e-01
7.167912138772225550e-01 2.783150522972488439e-01 1.669345347480560154e-02
5.943985915231567718e-01 2.310150134549193712e-01 -5.531879918379879468e-01
6.808570793573979207e-01 1.101513836300180293e-01 5.718842003528805673e-01
2.618898748914681440e-01 1.080120643821013901e-02 -9.924015186719757908e-01
5.198284376777226323e-02 -3.355687323217505513e-01 -2.455111202023760597e-01
2.576019894555833800e-01 -2.074366181124590869e-01 -1.440633478701317059e-03
6.429600759182017011e-01 4.533408361862172054e-02 3.837474049056368575e-01
4.013262268172965164e-01 -1.548243084344033960e-01 3.855446293234673916e-01
3.477325429771903620e-01 -1.679527316583160901e-01 3.796788401967376991e-01
2.304282320642260518e-01 -9.067439913745103941e-02 -6.395705832335794039e-01
6.431688263313393161e-01 9.863273588555773741e-02 -1.737240896647423982e-01
1.513914434659622277e-01 4.571708706359570856e-02 -1.103245571645806500e+00
3.420113224544506503e-01 1.539085983971092420e-01 -9.743423724263142738e-01
4.242200932559025417e-01 2.159454284603148366e-01 -8.893345853978716908e-01
2.945907899130705276e-01 -1.705741713495789735e-01 3.872976325498539429e-01
2.447630401039612991e-01 -1.624362819047893702e-01 4.024781182135478419e-01
2.126776734915194478e-01 -1.499319693542388587e-01 4.110324050358524217e-01
6.213917323946742677e-01 -3.557587849813965974e-02 5.451335349437200772e-01
2.544360319694509709e-01 -1.833683647814577933e-01 4.795707978817119743e-01
3.090921902909810060e-01 -1.989850000716111011e-01 5.068879593026620611e-01
3.655764221683445170e-01 -1.984572450193332338e-01 5.129413624653673676e-01
4.201979394984398652e-01 -1.831627799941694112e-01 5.000224819922944874e-01
4.526712309470803941e-01 -1.608137026897913380e-01 4.783976761098399644e-01
7.171779629095346165e-01 2.706866968939602991e-01 6.342289402903455997e-01
4.376513915015338152e-01 -1.379878519837153816e-01 4.011065029024420414e-01
2.279455625054254697e-01 -2.069595601466586721e-01 -3.541994609138823802e-01
1.744674992093905863e-01 -3.063479491309317182e-01 -1.889961346004808695e-01
1.124870697857300872e-01 -2.675280858232935710e-01 -3.340983004308596405e-01
4.332898931267010201e-01 1.223311885757138312e-01 -8.043945025910157476e-01
3.512053189220545324e-01 7.009809855300022652e-02 -8.989304136470506190e-01
1.494435283601255327e-01 -4.188038581721142961e-02 -1.060150261050948783e+00
5.915803403505304203e-01 3.909715741350947016e-01 -6.169544294187101485e-01
2.148402180299277264e-01 -1.630867426447433488e-01 4.424229813135219791e-01
1.233613038639022608e-01 -3.358802589051093634e-01 1.812232462596286287e-01
2.538089667119630688e-01 8.834044208311483959e-02 -1.049680046801348521e+00
6.944008929903529026e-01 2.948002226240732937e-01 -1.841563041297172298e-01
1.022924121391503710e-01 -1.629058860930275299e-01 -6.675412300497276519e-01
1.128835026954612686e-01 -1.703394209498516609e-01 -6.954677618107784065e-01
1.204243971739816510e-01 -1.785402870569333111e-01 -7.298278963456035218e-01
1.281225165927699083e-01 -1.667194289828482223e-01 -7.604052592959922308e-01
1.768845874845670907e-01 -1.151491475552039456e-01 -8.026970714756139769e-01
2.123495620922897509e-01 -1.077685489476902098e-01 -5.355618259290464422e-01
2.249168143656809504e-01 -1.075151192837624642e-01 -5.283180402931043629e-01
2.356560904735645057e-01 -1.084651658231953752e-01 -5.190686087669640347e-01
3.341381023498837255e-01 -1.089603930541092336e-01 -4.486305718863610181e-01
5.579020200770830051e-01 -1.990656213543198771e-02 -2.394450928832247416e-01
1.230613231286743492e-01 -2.891374114859857625e-01 2.868268803961286362e-01
1.544243692943867430e-01 -2.049441550629353404e-01 4.786262031432668151e-01
1.893955204309033524e-01 -1.783304069122328417e-01 4.711050358867815979e-01
2.001858376601549361e-01 -9.971433275263072438e-02 -5.431076379885559913e-01
5.656022146871836354e-01 9.985452631117316957e-02 -4.409849923954252682e-01
9.984575373175177959e-02 -2.849312594946440402e-01 4.772836411697182757e-01
2.137868539390877509e-01 -7.335041599740538265e-02 -8.592113930578135772e-01
8.014307933961839492e-02 -3.849740206750739135e-01 2.247589830565810132e-01
1.663456790843876043e-01 -3.174558642308583090e-01 3.134310153387045300e-02
1.165685366004257928e-01 -1.046348083232259973e-01 -9.093355676182056646e-01
3.661075429195100872e-01 -2.270822640157542371e-02 -6.706687988193504868e-01
2.915080130147264525e-01 -1.736008111495316586e-01 -1.984187449792442215e-01
2.926067650432032652e-01 -4.548155284775767804e-02 -7.825867554507646151e-01
4.256305779577716497e-01 -1.516444412932569930e-01 -1.794196276704302373e-01
3.438042485025846196e-01 -1.499092797911719122e-01 -2.857929770896052712e-01
4.751656150754065000e-01 -8.093403794389597561e-02 -3.147733060517036163e-01
1.386711995456656188e-01 -8.564259070156374221e-02 -9.900242852345859657e-01
2.032860756152005122e-01 -2.659506492842903524e-01 -1.481094661126758881e-02
4.142100820572698350e-01 4.073746092565962151e-02 -7.205403130561749414e-01
3.313738075091772206e-01 1.011797435755419812e-02 -8.282686983850888751e-01
4.182775526018299161e-01 -2.579892871049472430e-02 -5.441663092143900204e-01
6.248333900865481461e-01 1.397535818765897608e-01 -3.239440433783505324e-01
4.891392302716737195e-01 3.179687640175440921e-02 -5.478735825359160039e-01
6.599659385750453744e-01 2.933257867998768642e-01 -3.729156995834405630e-01
3.909352589457602001e-01 -1.015643339702527598e-01 -3.913456836975060527e-01
1.619883609215450881e-01 -2.834772121700906977e-01 1.247054698732039391e-01
1.623735120665236176e-01 -3.858182037289007993e-01 -1.710241697282171014e-01
2.002818966843679105e-01 -3.153631843727860984e-01 -1.830425968508244683e-01
1.371292287325673320e-01 -4.388575250988731580e-01 -1.161797952113639149e-01
2.053818254481920291e-01 -2.366690624120218467e-01 5.666585507515851106e-01
3.088560647514528301e-01 -2.583309275677784234e-01 6.333933657978620957e-01
3.988672892529560032e-01 -2.562872899660272319e-01 6.451703645689799149e-01
4.705066684693037238e-01 -2.290030622604772303e-01 6.237108439361611634e-01
5.170654272080956737e-01 -1.859565201780783716e-01 5.779622915328628263e-01
5.430652851346058352e-01 -6.788756990640135158e-02 4.242230759257282768e-01
7.242844010062219340e-01 2.409830567239576171e-01 2.090952854621372647e-01
4.967319189562728332e-01 -9.874799005931453322e-02 2.870742899495750677e-01
4.343103598315352087e-01 -1.322056102541315226e-01 2.572224871979051919e-01
3.527523211093958055e-01 -1.562179073796470530e-01 2.612210564986399697e-01
2.752114314409958573e-01 -1.698506298757363198e-01 2.869415615120499696e-01
2.160568735646133387e-01 -1.747153224901517032e-01 3.193144623680791439e-01
1.752981895810221680e-01 -1.813767941877206524e-01 3.474556462937690160e-01
7.289525836274499682e-01 4.711746456722895604e-01 2.434841724841356747e-01
1.996274588196545463e-01 -2.811265260083862794e-01 -2.015576171392507443e-01
1.242288210162455220e-01 -3.737583891844812323e-01 8.685076361211484242e-02
1.195547066151526616e-01 -4.341716051682060762e-01 -1.841781341507747749e-01
8.693655763509636203e-02 -4.014703160085350553e-01 -2.218486836804940410e-01
1.194924869928082473e-01 -4.008654322047442986e-01 -1.937845598250358403e-01
1.841832434009240405e-01 -2.563733467991388126e-01 -2.242331485004871727e-01
7.411182345097777624e-02 -4.166662984140416248e-01 -2.326542890607276870e-01
7.229244178152531564e-02 -3.380191074875724677e-01 -2.401610092746046254e-01
1.751262508741875668e-01 -1.592860922502674637e-01 4.154902771903513092e-01
1.434454060220392568e-01 -1.945802879674842778e-01 3.915944917204153275e-01
1.242195954780566103e-01 -2.367304152558599162e-01 3.690535784235611239e-01
4.705939794451047264e-01 -1.377003830077959678e-01 4.622910940230581800e-01
5.085482053401264579e-01 -1.415426387705748523e-01 4.993042559848235862e-01
-3.264351770263488328e-01 -1.550803924911898779e-01 4.835462809960479613e-01
-2.618972312029651528e-01 -1.610944786282011432e-01 4.816079067169590777e-01
-3.256355700856740087e-01 -1.634225703241105609e-01 5.614700236899496932e-01
-3.918446648692268108e-01 -1.490137268162653739e-01 4.853062820717544135e-01
-3.278156913847494192e-01 -1.467407471589485812e-01 4.056404773513730966e-01
3.535523501335171570e-01 -1.614879508468403113e-01 4.531029633077821583e-01
4.167318505329914990e-01 -1.672126083347874603e-01 4.500426883175611681e-01
3.526409513771413540e-01 -1.699722803547960570e-01 5.261292464325727503e-01
2.898708719208223927e-01 -1.557884676215982034e-01 4.565138448804493820e-01
3.547020451442891575e-01 -1.530200222956648037e-01 3.800625825588019313e-01
