-1.595866552086167012e-02 -3.215904252740351410e-01 -5.348010116836370287e-01
2.528155321496683428e-02 -5.342227158289531985e-01 -2.319270488280125164e-01
2.865327825754171442e-02 -3.350020882940052402e-01 -3.009191580646524145e-01
-3.765493050705348566e-02 -4.845561097441510867e-01 1.480042292253607172e-01
2.505350121844740485e-02 -5.726590902298696051e-01 -1.254890365415530784e-01
2.388164283718885450e-02 -5.622486891950373433e-01 2.583861942189524807e-02
2.639967898052120177e-02 -4.133073482890772254e-01 4.111593298485862746e-01
-4.956770524143507828e-01 -1.307285484332307846e-01 5.181772735283924902e-01
2.692428973628313571e-02 -3.955768510300998742e-01 7.040031453115318527e-01
2.581609909313553608e-02 -4.268831281450076176e-01 8.452745976428133190e-01
2.424332752276248115e-02 -4.137604192506181278e-01 1.342149239519741855e+00
-1.466655164864594241e-02 -3.096606048359320518e-01 -5.644726908892696571e-01
-1.272932707355897697e-02 -2.843896672425505479e-01 -5.933504154500210959e-01
-9.914595194389169697e-03 -2.457846881667555827e-01 -6.136965242872074455e-01
-1.871795488293878651e-02 -2.196270836664298010e-01 -7.377483450573460999e-01
-1.981135811290657411e-02 -2.233254595996529979e-01 -7.830790850210700427e-01
-2.185751647381056761e-02 -2.339905494883085524e-01 -8.316148571957739932e-01
-2.158450273884482407e-02 -2.213025828803307782e-01 -8.763500164101323264e-01
1.313643803626196593e-02 -1.498493013691368780e-01 -9.422274246115005525e-01
2.407736194023968324e-02 -4.893925407523900262e-01 -2.776178676040657045e-01
-4.639516832053347528e-02 -3.870310993694543455e-01 -2.553895312111591487e-01
-7.690359722655628616e-01 1.589953477781094193e-01 9.854645971022080175e-01
-2.944798797046743744e-01 -1.967914136226447397e-01 4.045437134494211939e-01
-3.698928983541733828e-01 -1.887461204314497820e-01 3.975432835629968409e-01
-4.401143348840932390e-01 -1.679247998948625309e-01 4.102748889721761216e-01
-5.259344363801190525e-01 -1.153752047327287755e-01 4.900682206815965003e-01
-2.280262114311391031e-01 -1.917447602901987125e-01 4.309128051630359835e-01
-4.008937638871330478e-01 -2.560857795470035114e-01 7.269911937145590031e-01
-3.147679051645440040e-01 -2.553161326824451294e-01 7.108126648219537103e-01
-4.770797130250343798e-01 -2.286811388479286222e-01 7.105538153791002287e-01
-5.253605971900441318e-01 -1.935361672016071566e-01 6.697727001421225346e-01
-5.892336482023949884e-01 -6.857771741635798612e-02 4.289125701188574169e-01
-2.603651362675618586e-01 -3.036233849866237788e-02 -1.043346125607371278e+00
-5.197943363076404921e-01 -1.117244778892423351e-01 5.583457810537382215e-01
-7.933957604208430325e-01 2.461085749083409269e-01 5.349872936041117910e-01
-6.697434732179985417e-01 -4.499984830700975297e-03 5.226535960977822803e-01
-3.445599132204719695e-01 -2.062608317571879013e-01 -5.156018745126189629e-02
-9.863527898302582031e-02 -3.077277434602541106e-01 -5.129527939564875183e-01
-8.534145388232472484e-02 -2.690190419061835314e-01 -5.841668999034146381e-01
-1.698401730491432282e-01 -2.554143443183507500e-01 -5.346317174213846002e-01
-2.125288683065180706e-01 -1.985676412530170687e-01 -5.666437586199037924e-01
-1.437344395111179729e-01 -2.326738443346942908e-01 -5.860559605433781627e-01
-1.854238671948391648e-01 -1.775769633330979147e-01 -6.014007178070714943e-01
-3.274223548716275189e-01 -6.509263904745599127e-02 -7.164340655656253887e-01
-3.735607196366641514e-02 -5.263150397504361422e-01 -2.242571225625269449e-01
-4.839240640008846128e-02 -5.619493955227774507e-01 -1.205767129989705477e-01
-6.233565832861742706e-01 -1.830671794045066747e-01 7.748741575096476097e-01
-1.935114017649315343e-01 -2.533623419308383973e-01 2.078477998583645459e-01
-2.075171289576491773e-01 -3.500767801377451249e-01 -1.547705998586486054e-01
-2.133133644847440280e-01 -3.360063841871578916e-01 -9.191786010314828559e-02
-5.609263220263898120e-01 -1.136613888912141324e-01 -8.714533368155641391e-03
-4.368410765451835598e-02 -5.381896118549391872e-01 2.106245143942875320e-02
-4.554088325888656641e-01 -3.196532807195602288e-01 8.729594869958532399e-01
-5.547278771428736377e-01 -2.586462111626630644e-01 8.443310349485368960e-01
-6.956095114771869703e-01 -4.528427592673051061e-03 1.144655737949600294e+00
-1.319720049362391734e-01 -3.749433537773860792e-01 7.470545647071418216e-01
-2.384833436179398802e-01 -2.303711336292515455e-01 6.590183802099307542e-01
-3.756126861602497868e-01 -6.166963544149994814e-02 -5.998594334783415860e-01
-7.021632098961561042e-01 5.619224452224260702e-01 -4.235055926591293485e-01
-1.520622174479551170e-01 -3.140332632932807400e-01 -2.152293748129858741e-01
-9.391265834301432136e-02 -3.141208139181950187e-01 -2.488340715388885904e-01
-2.696048737139653539e-01 -7.421623083042860891e-02 -6.267161092894184549e-01
-2.554033316423587330e-01 -9.268364172212406604e-02 -6.354762597731102858e-01
-5.912907175650090608e-01 -2.329000424560092597e-01 9.194239395793175618e-01
-2.119608571056552648e-01 -3.034650809376753244e-01 -1.939468062269105175e-01
-3.186192157244107648e-01 -3.601773121247191511e-01 8.511024423699637964e-01
-3.298989820952726859e-01 -3.853085444965564932e-01 9.349382180896643746e-01
-3.995464411772715607e-01 -3.098886820836774803e-01 1.329018338847973268e+00
-6.423046137020236301e-01 -1.355116823110851243e-01 1.017951043191089866e+00
-3.559905189013861104e-01 -3.514382756264531338e-01 1.122381342056115727e+00
-6.633607997546064894e-01 -1.277532914326968694e-01 8.361949283763152607e-01
-7.152792478494731654e-01 8.391307259559777076e-03 8.913777333048589213e-01
-9.391850811531399223e-02 -2.961027132553355479e-01 -5.526741719148962062e-01
-1.571085328961077110e-01 -2.468943503196472378e-01 -5.615675765762979665e-01
-2.000146803496338777e-01 -1.938068474555612042e-01 -5.836129297830128237e-01
-1.349790927590621692e-01 -2.951977757109416345e-01 -2.328318758643410646e-01
-2.620686900606705727e-01 -8.376568354325286681e-02 -6.312448646196973101e-01
-2.431185508079765079e-01 -1.231635438091118750e-01 -6.785598685863387658e-01
-2.473185411910439058e-01 -9.480195426552262550e-02 -6.386670441726405301e-01
-1.185697473182303341e-01 -4.215685545754137564e-01 -1.990996456456977093e-01
-1.744997383953661441e-01 -1.628976602908225324e-01 -6.149519154909244278e-01
-1.314090043185132117e-01 -2.011426331644661225e-01 -6.049444737525320193e-01
-7.659364754325492797e-02 -2.344577137941139533e-01 -6.052003926516036358e-01
-8.760893600995534047e-02 -1.440799300083002166e-01 -9.322166709351638048e-01
-1.083915928980303534e-01 -2.172011715318147296e-01 -8.603118293608051914e-01
-1.049455389679394557e-01 -2.297096188472886880e-01 -8.140987878486782847e-01
-9.637805159479162498e-02 -2.177033343258556464e-01 -7.642894095801633370e-01
-8.638769886318997671e-02 -2.138196970259844676e-01 -7.216345189431176976e-01
-1.864016763357514428e-01 -1.582671105709438919e-01 -6.821219912465359414e-01
-2.025062891024891343e-01 -1.655282134596660626e-01 -7.010370229833657874e-01
-2.190265754966733702e-01 -1.729061186958702478e-01 -7.244558986274984846e-01
-2.308796778370987290e-01 -1.568161658894284827e-01 -7.502276039388835471e-01
-2.880293529286279686e-01 -1.849007941893425766e-01 -4.343575718595671376e-01
-7.853812296003965798e-01 5.966462043610931687e-01 1.219418832633893945e-01
2.840465379089612830e-02 -3.889889365757701611e-01 -2.855728360744622663e-01
-2.146150756679041649e-01 -1.217876832612612148e-01 -6.618045512590811086e-01
-2.289423803819534697e-01 -1.261483560059100117e-01 -6.701266634727041094e-01
-6.951332375430618882e-02 -3.144808808829218094e-01 -2.895696586382929816e-01
-1.853967465593693298e-01 -2.424081035781049387e-01 -2.495697048385538963e-01
-8.132982139429323354e-02 -3.155368567642415911e-01 -2.697657592640241297e-01
-2.700441534274453659e-01 -2.196903002475245614e-01 1.547936695642788685e-01
-3.903876884228267841e-01 -1.872926848247367104e-01 9.410393632855251767e-02
-2.253875085923784383e-01 -2.888875572182882934e-01 -1.315925797061641145e-01
-5.790006319840586002e-01 -1.690551269153317548e-01 1.262914635747279135e+00
-5.279954460913458547e-01 -2.521770574165600465e-01 1.100356679751138600e+00
-4.785878296098644569e-01 -3.176840396536562139e-01 9.579379638132454744e-01
-2.694076311201554219e-01 -9.573039073233369223e-02 -8.072829406299586452e-01
-1.527227448424124390e-01 -4.194487963755548776e-01 8.884349642211191167e-01
-1.776166057747943228e-01 -4.064782748052166994e-01 1.108528824516094247e+00
-2.056041933995533810e-01 -3.903589999197691895e-01 1.350384844636039361e+00
-4.965431686909980158e-01 -1.387370650373735970e-01 4.402406418691167111e-01
-6.715041868875815112e-01 -1.660422657292093263e-02 3.601890294771727952e-01
-1.838202698919992883e-01 -1.863463098684512431e-01 4.567784600731901179e-01
-5.926089369982747712e-01 -1.274703874614029342e-01 6.326094063760954178e-01
-1.422692246418399975e-01 -2.886960009725711984e-01 2.701122296415567892e-01
-1.645029700515525661e-01 -4.271138113611598897e-01 -1.290536694576129850e-01
-7.370828558178601497e-01 7.155667397066656221e-02 3.003486833187203331e-01
-6.254696470764429250e-01 -7.333689812238231021e-02 2.711247767522557695e-01
-5.341298084632128962e-01 -1.363837893755974751e-01 2.159829406902380455e-01
-3.925407087306069798e-01 -1.728996628407415415e-01 2.207655188286381520e-01
-2.873151975919170376e-01 -1.961855677412067678e-01 2.587318669495659584e-01
-2.085721918631691096e-01 -2.222347976464256192e-01 3.025316775287980597e-01
-4.349350749950442463e-02 -3.818608777182639358e-01 3.936539017577951327e-01
-7.231842093269165161e-01 7.918600613957238465e-02 7.390063834348703509e-02
-6.516847172680115818e-01 -9.451703233395858383e-02 6.597200066215007652e-01
-1.483906632673023807e-02 -4.850410175485206921e-01 -2.714199350877399830e-01
-1.880147537080194553e-01 -2.699896798360974515e-01 9.318809177141540445e-02
-8.134622276824003961e-01 4.795367623363020471e-01 5.847559804302111530e-01
-1.472285854267294525e-01 -2.406593492926276667e-01 3.528657900350400389e-01
-2.298985510291853274e-01 -2.169669663247439928e-01 -1.255496403350047085e-01
-5.492023331961348731e-01 -9.745066873301300170e-02 5.586674559193975931e-01
-1.684474491174334787e-01 -4.089534013298568027e-01 -5.286679937166627319e-02
-7.529263754293396005e-01 5.981531457542317298e-01 -1.412607312020039974e-01
-1.796562373665739898e-01 -1.741845621331066241e-01 4.943122968714814824e-01
-1.090119305733621147e-01 -4.888555485475620799e-01 -5.119383105681718504e-03
-5.624303600047610985e-01 2.141756095417015615e-01 -7.464899887927529676e-01
-5.553189985637061454e-01 3.581816292457560280e-01 -8.437198190349377569e-01
-7.804254462372739454e-01 3.399889260277673131e-01 9.272564386117343460e-02
-6.470301286225321746e-01 2.864843839228923272e-01 -5.851746743577450616e-01
-7.573227675473006570e-01 1.456329689075737122e-01 7.316314872055329488e-01
-2.717273855644073421e-01 2.487770861800808753e-02 -1.127338581768169590e+00
-2.062342585661444683e-03 -3.834359846187922471e-01 -2.796575742478335513e-01
-2.544793443513935216e-01 -2.316227473451775154e-01 2.326540971133866931e-02
-7.328036372244355334e-01 7.009495901902806914e-02 5.183883577065877546e-01
-4.281839962185927106e-01 -1.689119263512743885e-01 4.654412929666329468e-01
-3.661987869652776340e-01 -1.865695271609162376e-01 4.520452476335941050e-01
-2.548161644852444674e-01 -1.090952096870860810e-01 -6.874827829911254184e-01
-7.054872050311473686e-01 1.308224712111905053e-01 -1.359131373955608790e-01
-1.330468732782073005e-01 5.898315673218779143e-02 -1.262007249503582784e+00
-3.528801319481518206e-01 1.919933784066705229e-01 -1.105252341544032291e+00
-4.471329253104414647e-01 2.661638878284593446e-01 -9.999393640376865733e-01
2.487652037409548988e-02 -4.252281125987380506e-01 1.089204801887882823e+00
2.189923487172640293e-02 3.648969587536154968e-02 -1.284711538210132176e+00
-3.026937783391403514e-01 -1.915154942169685626e-01 4.588765835838910512e-01
-2.404144082361003854e-01 -1.854595240438179360e-01 4.763409701664285123e-01
-1.990969323346298836e-01 -1.735223761793989183e-01 4.862449761137157545e-01
-7.025537191823545413e-01 -2.423156014926663993e-02 7.007300528544790907e-01
-2.544752484627039735e-01 -2.089124444223244836e-01 5.832949580432549297e-01
-3.231716318216513173e-01 -2.230115993545176423e-01 6.224722514081073577e-01
-3.888406522543306210e-01 -2.194760351505919971e-01 6.320311175790820357e-01
-4.506918896548128828e-01 -1.991162193041553508e-01 6.181540258471969196e-01
-4.873637463885671650e-01 -1.724405430984354837e-01 5.931364432643944085e-01
-8.043282230824004841e-01 3.327540312012571277e-01 8.107162194728658733e-01
-4.687303908303519506e-01 -1.481659909052517321e-01 4.902409847129662879e-01
2.720339835329854683e-02 -3.152536357986175375e-01 -3.778267873655982712e-01
-2.162249621541580957e-01 -2.310769978640108135e-01 -3.907934378793234131e-01
-1.516015255575524634e-01 -3.435931476223821335e-01 -2.023098407914942776e-01
-7.705427220536598121e-02 -3.055150826526009666e-01 -3.778140919324943781e-01
2.677425621023998836e-02 -3.772560618973663793e-01 5.613956037203813310e-01
-4.670839254025445086e-01 1.600379254594468392e-01 -8.959996389428681596e-01
-3.748332482143439393e-01 9.794975126861182879e-02 -1.013862020711535195e+00
-1.418225925644240881e-01 -4.077242033209915739e-02 -1.209798082901457406e+00
-6.343254077612456854e-01 4.703175909031287460e-01 -6.614197287248373414e-01
-2.035773852229958436e-01 -1.890858890881439436e-01 5.282999870162079503e-01
-9.313113319013854863e-02 -3.833833039901612949e-01 2.185147183673015192e-01
1.610331690562172291e-02 -6.087389268667919850e-02 -1.230758276678063368e+00
-2.520606788746384552e-01 1.125469453972036682e-01 -1.197927503011371186e+00
-7.542002832229428577e-01 3.592736834276974989e-01 -1.435008823710561821e-01
-1.428801260271275186e-01 -1.892899158324374831e-01 -7.000570272263981764e-01
-1.588683765430163319e-01 -1.961568481483872972e-01 -7.322393305095733496e-01
-1.717075668626693030e-01 -2.050375803560777754e-01 -7.734893686897539311e-01
-1.795124430151608941e-01 -1.910571001386713874e-01 -8.168179803189499211e-01
-1.900704372993065050e-01 -1.287350489997662883e-01 -8.835536381136392947e-01
-2.186231822370801048e-01 -1.331187002106775097e-01 -6.215057598971052144e-01
-2.314254226802443526e-01 -1.354378540032283862e-01 -6.132125465962285915e-01
-2.423245834852552072e-01 -1.376314006304304449e-01 -6.037610133304989191e-01
-3.428062273804624027e-01 -1.271563173246139655e-01 -5.074453952696620362e-01
-6.152362160845683547e-01 -6.552724467838944022e-03 -2.205664402180111949e-01
-9.158595486144882614e-02 -3.306923401804304774e-01 3.399072836024998878e-01
-1.284408131366951977e-01 -2.327934456566964627e-01 5.694303245333292018e-01
-1.739319650483537316e-01 -2.059473320912452721e-01 5.633385547306235530e-01
-2.056566265512334013e-01 -1.251214558667490540e-01 -6.291957611489644719e-01
-6.200561611139363549e-01 1.327622756482991218e-01 -4.575926498318558799e-01
-6.835940578252053257e-02 -3.263593392848882502e-01 5.587175485949189557e-01
-2.285462536069804429e-01 -7.522160571532543472e-02 -9.576291731211750147e-01
2.471196113310059062e-02 -5.109653976449735069e-01 1.572316024155435699e-01
-4.205582464612689364e-02 -4.396209963248871588e-01 2.637604034529097419e-01
2.577240313294382190e-02 -4.597772274929994296e-01 2.794586140681794006e-01
-1.454687185864536048e-01 -3.592182520110576149e-01 5.136154241783030816e-02
1.404827813874509612e-02 -1.139312267933050293e-01 -1.144171727669373695e+00
1.384391196605422314e-02 -1.304777292048899806e-01 -1.034466848206054834e+00
-1.102127003152413298e-01 -1.129078800436278396e-01 -1.021132665646339532e+00
-3.942002936079855857e-01 -1.515331207752215747e-02 -7.371165929503913361e-01
-2.951345997346948025e-01 -1.881763252833721367e-01 -2.002367300175542653e-01
-3.216916583632203341e-01 -4.014891647580276501e-02 -8.639282749383134785e-01
-4.615660766342557508e-01 -1.595653848774176709e-01 -1.629581632908241318e-01
-3.648266224000060731e-01 -1.613481161089858062e-01 -2.956643680990973522e-01
-5.231544167404535983e-01 -7.936271694906871232e-02 -3.189212745535918714e-01
-1.335578654470792603e-01 -9.164888733889453576e-02 -1.125419760771622535e+00
-1.890344744516401221e-01 -2.989132903609181824e-01 1.015884088392482454e-03
-4.502690426841384763e-01 6.402004478138778598e-02 -7.991825720067193828e-01
-3.580926451079715633e-01 2.767600510868717389e-02 -9.292063716395162487e-01
-4.483849044138228379e-01 -2.442578141143120218e-02 -5.967714813898554738e-01
-6.841252617520012791e-01 1.799745587748979858e-01 -3.134924419701725640e-01
-5.363843549614264461e-01 5.177605847405264416e-02 -5.935031661806799974e-01
-7.158214951217232169e-01 3.559417584258186551e-01 -3.673356121045117106e-01
-4.234155579720066953e-01 -1.101608839969892006e-01 -4.190775428432074179e-01
-1.392154199025128491e-01 -3.236018902385922047e-01 1.578601225837354960e-01
-1.414419242554743050e-01 -4.376668832267851528e-01 -1.820085695254340941e-01
-1.843177561865871894e-01 -3.527337288293415085e-01 -1.929932543954637758e-01
-1.107637957407971996e-01 -4.977193973163593910e-01 -1.209491673438425341e-01
-1.889425502662405165e-01 -2.674223353281348636e-01 6.762772940182069092e-01
-3.127672450031226958e-01 -2.856118140715722120e-01 7.578922258309299664e-01
-4.194693276656948910e-01 -2.800054238493494552e-01 7.764876423069848599e-01
-5.061592784002115764e-01 -2.470238418492627375e-01 7.572728362494300924e-01
-5.645492997534873325e-01 -1.968259089552368835e-01 7.108132567652418743e-01
-6.007899993943013328e-01 -6.307101110114499143e-02 5.405833287250501051e-01
-7.979117455756465915e-01 2.951660533946736109e-01 3.175907947161187295e-01
-5.515871427828358264e-01 -1.008563162621261000e-01 3.743033437735685531e-01
-4.798908406800634907e-01 -1.409460106438853444e-01 3.309281109416080113e-01
-3.827421677935163302e-01 -1.719970464927342846e-01 3.217811971135695615e-01
-2.885781830156814998e-01 -1.908178451257462882e-01 3.411465972207876618e-01
-2.138435141954637686e-01 -1.969817946766703187e-01 3.735107057131283881e-01
-1.620015745361609305e-01 -2.064783804779644072e-01 4.036049685292488753e-01
-8.025839620964987375e-01 5.606041121161453589e-01 3.604459125551535692e-01
-1.838733944908148565e-01 -3.130277645767156613e-01 -2.150476161344179182e-01
-9.394013169413195641e-02 -4.271298147068414153e-01 1.101736150451484431e-01
-9.136350662825254432e-02 -4.929018002143843447e-01 -2.010799986896398828e-01
-5.419979760713733441e-02 -4.556956018574576106e-01 -2.480255918322162856e-01
-9.157345980861109069e-02 -4.552713148823439582e-01 -2.120334397004630667e-01
-1.639625270179805305e-01 -2.838112353519113285e-01 -2.430627586636617821e-01
-3.910808403006293954e-02 -4.741736021503095699e-01 -2.618218330142418893e-01
-2.806941348019137417e-02 -3.842249613903883088e-01 -2.716685903825935000e-01
-1.555581021849636869e-01 -1.830451272780599936e-01 4.891761326484229677e-01
-1.210580088878455696e-01 -2.223514872685008470e-01 4.575955934510336220e-01
-1.011592996906527375e-01 -2.698368703517388667e-01 4.299466096646713531e-01
-5.063710202914535330e-01 -1.454746982382957299e-01 5.740439218453965431e-01
-5.528771576155051548e-01 -1.465095927805215581e-01 6.225074404419159713e-01
8.722744539330840041e-02 -4.841145141838332222e-01 1.425737252553731516e-01
5.298833569793046649e-01 -1.419753748722687448e-01 4.797010392608385132e-01
9.949478279419965432e-02 -3.914755409073693571e-01 -2.619047151086930647e-01
7.795907836206055208e-01 1.365748333005996074e-01 9.034834520480874431e-01
3.233473575439944625e-01 -1.998017017049242838e-01 3.875661561435825853e-01
3.948344755256769645e-01 -1.944534734457583625e-01 3.766024986177178846e-01
4.628477268672384071e-01 -1.763304621618146939e-01 3.803178579453918573e-01
5.529526463994542951e-01 -1.263686045399374791e-01 4.460675459498673057e-01
2.642160149023720095e-01 -1.942565942729679307e-01 4.150644326931054451e-01
4.330586222260777163e-01 -2.653126588550946963e-01 6.949073526618025909e-01
3.486511011432540386e-01 -2.626943317663972266e-01 6.815569864507504683e-01
5.092007436267778075e-01 -2.417822103894096131e-01 6.746793088826152918e-01
5.562038487784946028e-01 -2.092325459004165111e-01 6.280784330639570534e-01
6.059673409557362334e-01 -8.267866970054993381e-02 3.741887479045367115e-01
2.831800203651662073e-01 -4.209282015287563183e-02 -1.055572763048607143e+00
5.555715265195360075e-01 -1.236769835105970827e-01 5.160523701750849845e-01
8.186578884084383390e-01 2.253595632252434200e-01 4.559730282941778512e-01
6.815716393352602154e-01 -2.202886763718525653e-02 4.571494781076719249e-01
3.803455371609771873e-01 -2.158464901758065935e-01 -8.488406745994114821e-02
6.831135441604530012e-02 -3.092218481873967306e-01 -5.211952649987310338e-01
6.213595030052310175e-02 -2.672824271617417757e-01 -5.935797774437139296e-01
1.486743291966412528e-01 -2.523536919138877899e-01 -5.510628575028881926e-01
2.014536312703723020e-01 -1.905820290776660819e-01 -5.837347004264632488e-01
1.266536661993673540e-01 -2.265016472800112091e-01 -5.995255512621877614e-01
1.774581993864186025e-01 -1.697661123824816265e-01 -6.134717905254900572e-01
3.264695134659545417e-01 -7.156240996625895523e-02 -7.472077821289158095e-01
8.566326525190071095e-02 -5.299840260083481525e-01 -2.299839203535549714e-01
9.498617327519642828e-02 -5.660180128521901111e-01 -1.273515079858367205e-01
6.426009002661317027e-01 -2.000610388596726352e-01 7.237800651059504986e-01
2.366550391438639878e-01 -2.556072345773259258e-01 1.881037744786517862e-01
2.524270276022377857e-01 -3.579049713016884127e-01 -1.733197585284154130e-01
2.566950300279007280e-01 -3.437971792482166222e-01 -1.111398607333824451e-01
5.872600865788015767e-01 -1.265860150028679243e-01 -6.204408482369094813e-02
9.131929868197463662e-02 -5.389614362805730252e-01 1.537854771931373987e-02
4.909088158194094831e-01 -3.359569915716527078e-01 8.345246353380559867e-01
5.827482491593798386e-01 -2.761710153111636146e-01 8.014484300659114879e-01
7.108256169832429805e-01 -2.646947692073586822e-02 1.067765987246326986e+00
1.833221614371041142e-01 -3.790221676229457159e-01 7.262427493974712434e-01
2.771134844832978672e-01 -2.340238367932521157e-01 6.312430554875256838e-01
3.817969807822301220e-01 -6.604665261127573572e-02 -6.384932034559733793e-01
7.492214799284511173e-01 5.396238296210498220e-01 -4.816175774839770440e-01
2.009729790616052725e-01 -3.222452462439617804e-01 -2.292227382952227721e-01
1.470247781218012584e-01 -3.241574340633004425e-01 -2.591878410152150813e-01
2.680230448824421075e-01 -6.475700924520710888e-02 -6.597371622384962109e-01
2.500718967124417880e-01 -8.609763052031926822e-02 -6.649610977250235422e-01
6.164001397616303279e-01 -2.511092920714332877e-01 8.669060945521156469e-01
2.550436264678594966e-01 -3.125674411183050339e-01 -2.125352669856690468e-01
3.633521961727339544e-01 -3.741751586202113344e-01 8.183275412445372154e-01
3.747362089595256407e-01 -4.000673276123052347e-01 8.960528332812174312e-01
4.320769223901237410e-01 -3.246411399029689449e-01 1.279640240416625829e+00
6.643588831453186572e-01 -1.538544371591115123e-01 9.535605821491177636e-01
3.943805058881366676e-01 -3.638731517366906587e-01 1.081838334761584974e+00
6.811668894909175265e-01 -1.449073287487319117e-01 7.713514455424643756e-01
7.353650712094790265e-01 -1.013630562329290163e-02 8.205640493320771611e-01
6.589375730101043604e-02 -2.960340185168393035e-01 -5.616671994435558091e-01
1.375648882794200389e-01 -2.423078395392046502e-01 -5.771371880935154408e-01
1.895965525171638966e-01 -1.861901067090685480e-01 -5.984088760766601567e-01
1.854955744001443030e-01 -3.045086503644593989e-01 -2.454403732909078428e-01
2.586533469750214032e-01 -7.646341240414433749e-02 -6.627392392731863424e-01
2.255603819990605885e-01 -1.184557408904247655e-01 -7.086712135811410462e-01
2.412846380343496300e-01 -8.798870897046739969e-02 -6.657315096547504751e-01
1.651025943299178067e-01 -4.241373901086875620e-01 -2.113557601524043150e-01
1.679893902326341504e-01 -1.551160131733113623e-01 -6.242718481211975146e-01
1.186468336538317736e-01 -1.934427670748180006e-01 -6.144639322485572208e-01
5.892352016363788803e-02 -2.299532253234741752e-01 -6.135054186967296985e-01
1.081806972023355851e-01 -1.468330289090009622e-01 -9.399244950724963132e-01
6.713812001901153792e-02 -2.157189225136160182e-01 -8.700369498276074864e-01
6.267243716596970771e-02 -2.266363404409075244e-01 -8.243435296248318167e-01
5.857281810640491138e-02 -2.138273056228006119e-01 -7.758034419488737399e-01
5.155258874450585616e-02 -2.092257951896363544e-01 -7.333180680205355628e-01
1.624303976539054339e-01 -1.521604243182133054e-01 -7.082492627104990390e-01
1.763117948143233527e-01 -1.617933809492404507e-01 -7.282790872741724542e-01
1.900774948055183877e-01 -1.703012665815859528e-01 -7.526534398265916082e-01
2.037376390443288443e-01 -1.546956083023451889e-01 -7.776826777326171225e-01
3.163610335252169392e-01 -1.914603585349023973e-01 -4.628302324308419813e-01
8.263192395611227425e-01 5.727280808950538926e-01 4.499860833506730273e-02
1.991863514944545166e-01 -1.135619164105707846e-01 -6.887916021471909289e-01
2.118773910282460982e-01 -1.203298795212257577e-01 -6.992375891907336438e-01
1.244212850161672268e-01 -3.201782212036059505e-01 -2.976096879216147961e-01
2.334776943555101347e-01 -2.541509761720841531e-01 -2.662018179159848508e-01
1.354471957817227068e-01 -3.238648441301892333e-01 -2.793749794954529797e-01
3.097626946214546706e-01 -2.233539603458254419e-01 1.279987336739161208e-01
4.250713973302282511e-01 -1.955150517522739051e-01 5.557633285499063991e-02
2.690524817443442629e-01 -2.975293984507736411e-01 -1.519009920521199319e-01
6.018961312917099349e-01 -1.900464700381121474e-01 1.195434852304742890e+00
5.570644347412994080e-01 -2.697297896499648573e-01 1.044387691540231700e+00
5.140676963238064445e-01 -3.346969786915785505e-01 9.122910790432001704e-01
2.746147970168104635e-01 -9.971924943486554227e-02 -8.252222149212062874e-01
2.066651322635308929e-01 -4.259090670550484958e-01 8.566309588603928660e-01
2.216355881415985607e-01 -4.137517781352393342e-01 1.086216822488481171e+00
2.458095404695423980e-01 -4.004195740396063741e-01 1.322716407966680663e+00
5.202270833658104721e-01 -1.491882002901014914e-01 4.018525758450302021e-01
6.795013663483473465e-01 -3.519903968344284539e-02 2.961608531615418372e-01
2.254327534725018012e-01 -1.859253838561194527e-01 4.415929088964434257e-01
6.170346741461258944e-01 -1.430483360226457723e-01 5.826623069952825418e-01
1.880367885522353788e-01 -2.895189116723244638e-01 2.552164251683834983e-01
2.094993489788521401e-01 -4.335515805762071295e-01 -1.456844699552313216e-01
7.637367564128254571e-01 5.215463627971150817e-02 2.282343586183834816e-01
6.330546798981018242e-01 -8.899560770434788992e-02 2.138380975546363416e-01
5.439941601350284373e-01 -1.491475870478211618e-01 1.687002781737865220e-01
4.103043533081773830e-01 -1.803665197684800603e-01 1.882806727370465172e-01
3.117872733902444793e-01 -2.006295896871357343e-01 2.372914956211937820e-01
2.385964558182482875e-01 -2.253809931913828279e-01 2.872620256092699442e-01
9.526910067492888601e-02 -3.823355169037903067e-01 3.870011216328625991e-01
7.525722970855781568e-01 6.193913175301146712e-02 5.218672974647342588e-03
6.669503882118803517e-01 -1.111536335149037047e-01 5.986812104775869336e-01
6.168536811768243755e-02 -4.858918770780302765e-01 -2.744882319678465521e-01
2.326027880869787623e-01 -2.726295060198573594e-01 7.463545037704588658e-02
8.397456663788460673e-01 4.582669924963864716e-01 5.013049663164670378e-01
1.844847025357054804e-01 -2.418770552718072508e-01 3.428084575347010166e-01
2.775995817878165184e-01 -2.257432978769848830e-01 -1.466084817049164712e-01
5.812289336890188451e-01 -1.097496312343650970e-01 5.120285042061869518e-01
2.118164295032141098e-01 -4.154651730570080304e-01 -6.926279733600426702e-02
7.992839546977990040e-01 5.731943554808935914e-01 -2.094180533653684506e-01
2.254551166791021188e-01 -1.719513868390727396e-01 4.780616736989968807e-01
1.528561809460917686e-01 -4.923699247365789233e-01 -1.658811185109515529e-02
5.929272466019988030e-01 1.931332147092632567e-01 -7.837726367020607654e-01
5.936230582991299798e-01 3.357348457774946837e-01 -8.768022255692642375e-01
8.217735980983391642e-01 3.190775158992709137e-01 1.913840225056329114e-02
6.814551570999540786e-01 2.648498407154065148e-01 -6.342087872680934879e-01
7.805764929340952563e-01 1.262843302365557197e-01 6.556432667467593234e-01
3.002466835927890543e-01 1.238316844408679507e-02 -1.137374734962108391e+00
5.946817330633114018e-02 -3.854791365246015289e-01 -2.824910440220693708e-01
2.953307876182549307e-01 -2.378181159916188392e-01 -1.651631302144962454e-03
7.371290339384444223e-01 5.197378579775246976e-02 4.399516645485723743e-01
4.601051059749323713e-01 -1.775001235394881860e-01 4.367334249564973625e-01
3.986620057360212854e-01 -1.925513565641168157e-01 4.294521446909835838e-01
2.392281455175870875e-01 -1.042584506584243176e-01 -7.187084544734929636e-01
7.373683582699754879e-01 1.130786443624838267e-01 -1.991679968675050816e-01
1.735644756935244004e-01 5.241288349752959430e-02 -1.264828677368143417e+00
3.921028461321327541e-01 1.764502971498878026e-01 -1.117046110034479511e+00
4.863520446000180186e-01 2.475731402716618845e-01 -1.019587946959525482e+00
3.377370267752226596e-01 -1.955567364928612051e-01 4.389094547484635456e-01
2.806114252708642454e-01 -1.862269587828393469e-01 4.577531825541183430e-01
2.438267846991859500e-01 -1.718912446760363366e-01 4.683717189334215547e-01
7.124017564283349202e-01 -4.078637874116297635e-02 6.255937394805801688e-01
2.917011389500849816e-01 -2.102247878971326145e-01 5.534492889008251204e-01
3.543623253772523185e-01 -2.281286604950700792e-01 5.873584235388538133e-01
4.191193279283922379e-01 -2.275236095962469562e-01 5.948725807548358446e-01
4.817407997892786398e-01 -2.099890928340606422e-01 5.788362194492964186e-01
5.189701812872726805e-01 -1.843667340285541911e-01 5.519930804901420629e-01
8.222169910106558177e-01 3.103319021736865579e-01 7.271191167139878786e-01
5.017505122050280875e-01 -1.581977728286467766e-01 4.560505785103852183e-01
2.559289766363370688e-01 -2.373084069742836810e-01 -4.120188604390495613e-01
2.000202873595462449e-01 -3.516005993177016009e-01 -2.169072183768752105e-01
1.274262853471483936e-01 -3.065223385429733938e-01 -3.864301818408595324e-01
4.967486704167942690e-01 1.402480109182326906e-01 -9.222073059841431331e-01
4.026471903092003757e-01 8.037027895963722024e-02 -1.030388051664479221e+00
1.713312658350290008e-01 -4.801425390888169886e-02 -1.215270504968195553e+00
6.782241403664386326e-01 4.482338971234538505e-01 -7.073145589825315938e-01
2.463060589592078742e-01 -1.869726870400292285e-01 5.073372420114923287e-01
1.414289971468676299e-01 -3.850738172384069458e-01 2.077654918958664609e-01
2.909822327150308752e-01 1.012789247970491413e-01 -1.203417860336287504e+00
7.961039551094799549e-01 3.379771361097381188e-01 -2.111281300988316900e-01
1.126041887761950466e-01 -1.833417122160474477e-01 -7.211863714491890676e-01
1.257185338717650147e-01 -1.916353678465094745e-01 -7.540153220477634477e-01
1.357403871361972936e-01 -2.009700511770673437e-01 -7.941920521455756443e-01
1.453584079127328010e-01 -1.876260793072308530e-01 -8.346292560271972860e-01
2.020292726088896984e-01 -1.297723128267875836e-01 -8.957324925654450709e-01
2.155974089327048482e-01 -1.247172572575101501e-01 -6.363823443275125058e-01
2.280201263618866214e-01 -1.251714566512420745e-01 -6.303072072789062119e-01
2.391644662882956851e-01 -1.268290337839137472e-01 -6.216962906271454870e-01
3.604803569305481403e-01 -1.299783294612952833e-01 -5.393852898600348666e-01
6.398731099789589649e-01 -2.342304403821299230e-02 -2.753411049209542050e-01
1.410850807547916475e-01 -3.314849378474349351e-01 3.286405145525854721e-01
1.770416086752586438e-01 -2.349606028292363646e-01 5.509829055862960345e-01
2.171346903742463752e-01 -2.044489626845624741e-01 5.427132745498619570e-01
2.034175056660822989e-01 -1.149616940158177947e-01 -6.428030539263147602e-01
6.483125680955001968e-01 1.128147271514388095e-01 -5.088964322164937215e-01
1.144693220431083347e-01 -3.266627461280684486e-01 5.475260672485724456e-01
2.450601036390356313e-01 -8.319382296900612594e-02 -9.692437066815031699e-01
9.188096254048083722e-02 -4.413579296449476885e-01 2.576775421287003098e-01
1.907089325075119746e-01 -3.639509563395613156e-01 3.593366199262276739e-02
1.334206677175018285e-01 -1.190715624450107146e-01 -1.027854853958286796e+00
4.006128691792838481e-01 -2.755433132076995362e-02 -7.718388478268920494e-01
3.342027414563730758e-01 -1.990266627843695346e-01 -2.274794707788920789e-01
3.326369736927290433e-01 -5.138663016535571781e-02 -8.838974552785323624e-01
4.879786454161481046e-01 -1.738765717025154700e-01 -2.057280286989722207e-01
3.937518927489049858e-01 -1.729960500705036708e-01 -3.300624728996703894e-01
5.447423087919771589e-01 -9.603481545767733607e-02 -3.669118811402851676e-01
1.589646987792017185e-01 -9.813458513838635433e-02 -1.132790702278567707e+00
2.330596784215170914e-01 -3.049022054787293712e-01 -1.698018268426954025e-02
4.699888052535907690e-01 4.666780653127677869e-02 -8.268384795345422589e-01
3.792532492759308482e-01 1.183041156797642879e-02 -9.474661172375409279e-01
4.582426222071376287e-01 -3.487566891121229862e-02 -6.417508814188552790e-01
7.163499788269813706e-01 1.602163358397539206e-01 -3.713973481445700386e-01
5.536480769324203521e-01 3.295296951940229757e-02 -6.374799365649028715e-01
7.566256023585395951e-01 3.362867465141379242e-01 -4.275335276173386490e-01
4.399111384932075097e-01 -1.211883967689486585e-01 -4.622449936879089449e-01
1.857134345781084050e-01 -3.249957367136531161e-01 1.429700290786906081e-01
1.861549955739647544e-01 -4.424282166909847547e-01 -1.961312797859191548e-01
2.296155026538375665e-01 -3.617428912838667188e-01 -2.099546423231846148e-01
1.572133942469253753e-01 -5.031332980524041432e-01 -1.331956732850301250e-01
2.354623751170521473e-01 -2.713319906990392383e-01 6.542522115281936834e-01
3.540916165146654748e-01 -2.961664871687688105e-01 7.308741863538008587e-01
4.572860284937547704e-01 -2.938235351449627331e-01 7.439793469527700154e-01
5.394178254304193842e-01 -2.625432159406528854e-01 7.193550472883556424e-01
5.927956542193797418e-01 -2.131920086603642517e-01 6.670165811123318633e-01
6.226034927986816570e-01 -7.783049165233180133e-02 4.852636703173711652e-01
8.303642493633205390e-01 2.762778194972455026e-01 2.397197144063376584e-01
5.694840679240087411e-01 -1.132107781526485724e-01 3.251479680492828095e-01
4.979201477088395222e-01 -1.515686547546515328e-01 2.900573225123057597e-01
4.044169885782977758e-01 -1.790978312085655944e-01 2.933820078217195260e-01
3.155193365578838893e-01 -1.947272239809585415e-01 3.220779322064672989e-01
2.477009078036527256e-01 -2.003044072332009762e-01 3.590871115931149049e-01
2.009726419676738374e-01 -2.079415286983632427e-01 3.921916872508361962e-01
8.357161414554070689e-01 5.401836356397495820e-01 2.791452526600828321e-01
2.288457989122067993e-01 -3.225803870409116314e-01 -2.312228572008598881e-01
1.424235722447360075e-01 -4.284996388811492807e-01 9.957106633533063800e-02
1.370648795948463672e-01 -4.978258458554583044e-01 -2.111947318837583687e-01
9.966942450038729362e-02 -4.606322231608270812e-01 -2.547661316307707757e-01
1.369935471873944266e-01 -4.598133396379884275e-01 -2.223714632461861740e-01
2.109676406993545861e-01 -2.943529826123558735e-01 -2.572989028756524910e-01
8.496635929660101283e-02 -4.779992913837345370e-01 -2.671228297126493345e-01
8.278223218507796410e-02 -3.882513943353451680e-01 -2.762525918298144312e-01
2.007755208436527994e-01 -1.826153873280418338e-01 4.739770650634902438e-01
1.644546489343543527e-01 -2.230788272321646559e-01 4.457323607010579281e-01
1.424129955195123642e-01 -2.714023293782226176e-01 4.208207665107379647e-01
5.395179241109673285e-01 -1.578682006880995914e-01 5.319997754891425679e-01
5.830309864545739629e-01 -1.622731993569779263e-01 5.771704686632928016e-01
-3.742453936060101682e-01 -1.777937140755980749e-01 5.544389506759928032e-01
-3.002551173213987568e-01 -1.846886328586450077e-01 5.522258792410115191e-01
-3.733286749577047203e-01 -1.873577005768467529e-01 6.441988927802890785e-01
-4.492348593441022331e-01 -1.708385148716686786e-01 5.564863275276095145e-01
-3.758281002987899910e-01 -1.682326309891166716e-01 4.647444949500068034e-01
4.053341911290644362e-01 -1.851397336458795451e-01 5.204292350584571736e-01
4.777670619067251323e-01 -1.917028335983808063e-01 5.167392762850062660e-01
4.042893074574607226e-01 -1.948666915831722690e-01 6.108058047088231746e-01
3.323258220671760910e-01 -1.786054950187434542e-01 5.247149581168608634e-01
4.066522723044840859e-01 -1.754315787756510758e-01 4.300108798702244606e-01
