-1.557243637669022962e-02 -2.910700590600798776e-01 -4.974965771720096797e-01
2.317665233632482114e-02 -4.897623116832621193e-01 -2.126311977820400934e-01
2.600965350280126653e-02 -3.075961393735039406e-01 -2.766345489036109440e-01
-3.451984241987937629e-02 -4.442127585078035068e-01 1.356816385407517700e-01
2.296758757701222731e-02 -5.249804285615038424e-01 -1.150410236894977289e-01
2.189329621291363770e-02 -5.154367805342463527e-01 2.368733754803055425e-02
2.420168477464823553e-02 -3.788960527027027680e-01 3.769268762977008302e-01
-4.544077896329810073e-01 -1.198443027493936164e-01 4.755695803175484793e-01
2.468261729468790300e-02 -3.626417677215805213e-01 6.453889918798623171e-01
2.366669279668692782e-02 -3.913415352741260733e-01 7.748984135474934476e-01
2.222486762158604190e-02 -3.793114017150847062e-01 1.230404083298036966e+00
-1.450495636389390053e-02 -2.794462454429060272e-01 -5.257952895950512850e-01
-1.291170118423745974e-02 -2.556693728488019235e-01 -5.530074925804183694e-01
-1.048033591216171803e-02 -2.202942948021240910e-01 -5.716703788900300287e-01
-1.776081261532618319e-02 -2.003899607024352547e-01 -6.562776176990212651e-01
-1.881579603503542863e-02 -2.037434476808848705e-01 -6.985033471432695595e-01
-2.066634956312394383e-02 -2.135713243638223124e-01 -7.450022030812926133e-01
-2.041482072699599137e-02 -2.020239899324380306e-01 -7.890702259220883086e-01
1.157474082975593066e-02 -1.367164498131219763e-01 -8.554180723745956616e-01
2.207272006272287257e-02 -4.488069384193581479e-01 -2.547278472973695806e-01
-4.255741983290067809e-02 -3.552220488390785968e-01 -2.345566092288656201e-01
-7.050072917503644732e-01 1.457576544927139395e-01 9.034164223451668363e-01
-2.699619653082674375e-01 -1.804068815521118196e-01 3.751550861111746515e-01
-3.390962190469775095e-01 -1.730314263476531167e-01 3.689858964871781666e-01
-4.034711333243077291e-01 -1.539436549929256159e-01 3.801887065838484014e-01
-4.821459931689151546e-01 -1.057692533993410677e-01 4.507564366420545587e-01
-2.090411210486911031e-01 -1.757804043434720853e-01 3.985690458177867379e-01
-3.675160030876671868e-01 -2.347644952970666665e-01 6.617375708615262919e-01
-2.885608428643955392e-01 -2.340589279749192286e-01 6.469896124899703338e-01
-4.373588343832039982e-01 -2.096415202771479969e-01 6.469999095330780658e-01
-4.816199308936965906e-01 -1.774226616377756471e-01 6.102454033376532028e-01
-5.401750158754694553e-01 -6.286804815469490548e-02 3.947245929154089561e-01
-2.398482684801906961e-01 -2.791243817206057881e-02 -9.555894365742085839e-01
-4.765171078120680193e-01 -1.024224804984323056e-01 5.108196882560239738e-01
-7.273389236821881099e-01 2.256179764407111321e-01 4.904451227442331307e-01
-6.139817241967104877e-01 -4.125323593394927130e-03 4.791934566780740035e-01
-3.158724169295705764e-01 -1.890878913803240025e-01 -4.726737035468975279e-02
-9.130601634037538439e-02 -2.797360935931300085e-01 -4.761440999426501675e-01
-7.949746898870763134e-02 -2.427108645143163379e-01 -5.435984468166182859e-01
-1.559020093265546802e-01 -2.333398267562437622e-01 -4.963224643357752042e-01
-1.927218782150464937e-01 -1.828369805643584312e-01 -5.257806811047327500e-01
-1.323096481175800032e-01 -2.113803343488201425e-01 -5.442880969607626351e-01
-1.684065526540287627e-01 -1.630652657203911504e-01 -5.567636492113184898e-01
-2.989493452917015848e-01 -6.071232374492605000e-02 -6.531170606538778678e-01
-3.424586654181101253e-02 -4.825125646471004615e-01 -2.055986011110237932e-01
-4.436333358620592193e-02 -5.151624055648982292e-01 -1.105376929536591446e-01
-5.714569310492390031e-01 -1.678253046865032516e-01 7.100550223472348321e-01
-1.773999581309575468e-01 -2.322678066540539987e-01 1.905427295820162348e-01
-1.902395913252843407e-01 -3.209380780081690920e-01 -1.418854181119329483e-01
-1.955532417378469390e-01 -3.080310407701176700e-01 -8.426492901743198871e-02
-5.142245114988703847e-01 -1.041981266879728751e-01 -7.988975726550509582e-03
-4.004704030402690684e-02 -4.933808227256850643e-01 1.930882666353871124e-02
-4.174922361002391114e-01 -2.930394700202603175e-01 8.002783041756202920e-01
-5.085421390247741869e-01 -2.371117495532626407e-01 7.740325309471500770e-01
-6.376941983059509766e-01 -4.151398050941956103e-03 1.049353565447181280e+00
-1.209842310924238440e-01 -3.437261817905090666e-01 6.848560203267801683e-01
-2.186276094684371785e-01 -2.111908088498823943e-01 6.004828756161806336e-01
-3.397137147934213841e-01 -5.946568181449131407e-02 -5.534851699988563301e-01
-6.437022464856667625e-01 5.151376975783733547e-01 -3.882452078829965458e-01
-1.394185872988485397e-01 -2.881550032470314715e-01 -1.974272681249188421e-01
-8.621370461717658973e-02 -2.884410292006601706e-01 -2.284074928215691913e-01
-2.424393563096426396e-01 -7.108335028033072045e-02 -5.746142213033547108e-01
-2.302097357058786042e-01 -8.760187581204557927e-02 -5.804382890579229404e-01
-5.420608169986689262e-01 -2.135091648531570740e-01 8.428742022348849616e-01
-1.943133419167830667e-01 -2.782856884694278055e-01 -1.778219153303327582e-01
-2.920914995897270217e-01 -3.301895366778602181e-01 7.802410414296794272e-01
-3.024321310133402108e-01 -3.532283836392346998e-01 8.570967841766161666e-01
-3.662808562687285274e-01 -2.840878559377193469e-01 1.218366439995637762e+00
-5.888273793627654129e-01 -1.242292007033491963e-01 9.331980999281341838e-01
-3.263513290283466262e-01 -3.221780981023671941e-01 1.028933702467789146e+00
-6.081304617137650581e-01 -1.171167607931593579e-01 7.665747027323739360e-01
-6.557262645153070224e-01 7.692660039102773573e-03 8.171630742943640779e-01
-8.715058376144266261e-02 -2.682614448918609340e-01 -5.139332379338410473e-01
-1.443855221753410634e-01 -2.249670445380708150e-01 -5.216677964857043825e-01
-1.815838124771980144e-01 -1.781302944428225787e-01 -5.410591935405032471e-01
-1.238190667343102014e-01 -2.709723993834646238e-01 -2.135873421145936257e-01
-2.358974474296516299e-01 -7.964735978872410083e-02 -5.777023575945088307e-01
-2.215138056784823894e-01 -1.140841941101903845e-01 -6.125334474384296346e-01
-2.232330322914803933e-01 -8.929129061955841384e-02 -5.823896834743715889e-01
-1.086978235804612059e-01 -3.866129433140923499e-01 -1.826189374788941833e-01
-1.586326369814338166e-01 -1.495561626454792736e-01 -5.686463994231915065e-01
-1.209635949824128254e-01 -1.824370467785786931e-01 -5.611429073918419164e-01
-7.157231701130267743e-02 -2.108636328734030951e-01 -5.628525229425189735e-01
-8.140055367722558166e-02 -1.316184840138946432e-01 -8.466596265059533888e-01
-1.004939062081073864e-01 -1.984881144712274947e-01 -7.742573327997381849e-01
-9.729640460752486675e-02 -2.098896501441623874e-01 -7.290836712957062815e-01
-8.943066037353003539e-02 -1.988511129257349297e-01 -6.820809919153349998e-01
-8.013637594857278557e-02 -1.953143626915754272e-01 -6.424890039197557190e-01
-1.712043285954776839e-01 -1.453483998677674860e-01 -6.101405493464810981e-01
-1.863327639716023665e-01 -1.519130776219355106e-01 -6.275334293661207763e-01
-2.019320090730967743e-01 -1.585473723805383983e-01 -6.495831281599897533e-01
-2.132185684666282888e-01 -1.437306969680322011e-01 -6.739642131032359540e-01
-2.628089946112604491e-01 -1.704388805147147856e-01 -4.014862692053214888e-01
-7.199916696236723368e-01 5.469704147005671757e-01 1.117892021309858375e-01
2.597801855815993349e-02 -3.570227022203537048e-01 -2.623874143177861162e-01
-1.953815076628639957e-01 -1.127667367069826732e-01 -5.963422005509588786e-01
-2.085409784249663279e-01 -1.167869525397220165e-01 -6.041938622312756912e-01
-6.396895646160288829e-02 -2.887768440585656293e-01 -2.660224598292406095e-01
-1.701051349564491333e-01 -2.224580349454390871e-01 -2.288403641066104610e-01
-7.473881196470855137e-02 -2.897594086030002014e-01 -2.477225971974167940e-01
-2.475607177386498492e-01 -2.013992442317737996e-01 1.419058019148378702e-01
-3.578846463278591017e-01 -1.716990014185517666e-01 8.626899686458405769e-02
-2.066221123037448315e-01 -2.648352504692894627e-01 -1.206363965690989970e-01
-5.307939838942559163e-01 -1.549798728295836980e-01 1.157766423379513299e+00
-4.840354065737297873e-01 -2.311812069948686599e-01 1.008742774568852196e+00
-4.387413876413859271e-01 -2.912341847530619532e-01 8.781816085909539549e-01
-2.491131986937148435e-01 -8.776912822524390867e-02 -7.311534565628134974e-01
-1.400072982448867798e-01 -3.845261738401024587e-01 8.144653184124024392e-01
-1.628285369256285975e-01 -3.726355567367765076e-01 1.016234519891974442e+00
-1.884859236611657884e-01 -3.578583463827662570e-01 1.237954005367171817e+00
-4.552017944813382400e-01 -1.271860433254441425e-01 4.066363255743472571e-01
-6.155958437184327892e-01 -1.522178651719913178e-02 3.302002784626631993e-01
-1.685156940885308430e-01 -1.708314200972962382e-01 4.215082899653372905e-01
-5.432692836323447239e-01 -1.168574113260655578e-01 5.775695044369835163e-01
-1.304241210832879361e-01 -2.646596428841032633e-01 2.476328258792120929e-01
-1.508067211203063529e-01 -3.915530121820172127e-01 -1.183088710839857727e-01
-6.757145396526773595e-01 6.559898278905401670e-02 2.753421419072425991e-01
-5.733940645953907733e-01 -6.723098723883200178e-02 2.485513701282675569e-01
-4.896590319415583537e-01 -1.250286971752926080e-01 1.980005549075928295e-01
-3.598584096770558460e-01 -1.585043189654715690e-01 2.026719425605973957e-01
-2.633938037025130297e-01 -1.798514774104402747e-01 2.383951605802935303e-01
-1.912068114144247488e-01 -2.037318909281049528e-01 2.790598889218744993e-01
-3.987230901646454662e-02 -3.500677639726914592e-01 3.608789185445461234e-01
-6.629730717955766295e-01 7.259310844527000484e-02 6.774779098770816743e-02
-5.974265108077005948e-01 -8.664769802730507009e-02 6.035310857688729325e-01
-1.360358991910725138e-02 -4.448138932038531168e-01 -2.490265077231704205e-01
-1.723609520245301674e-01 -2.475107795296542790e-01 8.542940250703184857e-02
-7.457346896141654469e-01 4.396113137770232271e-01 5.360701483691030500e-01
-1.349705735794795025e-01 -2.206224444603890333e-01 3.255844876682565392e-01
-2.107575727061692383e-01 -1.989026506488036361e-01 -1.150965824720783515e-01
-5.034766428531689542e-01 -8.933708540755117000e-02 5.111532618662733007e-01
-1.544227892938279112e-01 -3.749046082646723121e-01 -4.846519627914372408e-02
-6.902389536669879533e-01 5.483518906116007230e-01 -1.294995927810337066e-01
-1.646983521183469357e-01 -1.596822396388226650e-01 4.546267301302212571e-01
-9.993577506601414306e-02 -4.481542330501575577e-01 -4.693152000654704503e-03
-5.156033257287138127e-01 1.963436976779506793e-01 -6.843384500820253180e-01
-5.090840446404101272e-01 3.283600110998232680e-01 -7.734730832701846026e-01
-7.154484966989471673e-01 3.116820041980524758e-01 8.500545877961745989e-02
-5.931594556197694601e-01 2.626321629863653806e-01 -5.364539855716827788e-01
-6.942693093490834855e-01 1.335078054887643972e-01 6.707170430981435061e-01
-2.494328196598847303e-01 2.278364046273650967e-02 -1.033523257359340919e+00
-1.959759023387202051e-03 -3.519463756110114971e-01 -2.569353383827011061e-01
-2.332918092752502837e-01 -2.123382152495896236e-01 2.132836974711836003e-02
-6.717916018186116389e-01 6.425896669661720906e-02 4.752281886957527846e-01
-3.925340951940228251e-01 -1.548485949108853177e-01 4.292908151809503581e-01
-3.357096733460824822e-01 -1.710360526821270710e-01 4.175350365515355655e-01
-2.322045130974140226e-01 -1.012237787690299096e-01 -6.219077657855773822e-01
-6.467494912081832581e-01 1.199304052890234062e-01 -1.245972316734430818e-01
-1.219696076496825654e-01 5.407231589402670957e-02 -1.156934584634239371e+00
-3.234999543197253358e-01 1.760083201857930435e-01 -1.013230861949106609e+00
-4.099053673612509385e-01 2.440035151993050766e-01 -9.166860437984212240e-01
2.280534186905053273e-02 -3.898243136223964456e-01 9.985193838643275921e-01
2.007594030073478475e-02 3.345162294170975215e-02 -1.177748551300801694e+00
-2.774919881418380641e-01 -1.755702265894951708e-01 4.235299146612141463e-01
-2.203978967966535585e-01 -1.700184666137998235e-01 4.388558870237536658e-01
-1.825204465371514928e-01 -1.590751862073904732e-01 4.475472081086967480e-01
-6.440602426057377983e-01 -2.221408036146535481e-02 6.423789856073947035e-01
-2.332880544035713655e-01 -1.915187351005620542e-01 5.327139797963267309e-01
-2.962648889491106274e-01 -2.044440173931851845e-01 5.670942424236511403e-01
-3.564664138670572413e-01 -2.012028184972791678e-01 5.754826803523716006e-01
-4.131680181400820828e-01 -1.825381277050572848e-01 5.633047606383385641e-01
-4.467866359053296321e-01 -1.580834247839435491e-01 5.413504347059534538e-01
-7.373611673367737041e-01 3.050494749124453842e-01 7.432173095685676856e-01
-4.297046631341228107e-01 -1.358299322070584125e-01 4.510539260981717424e-01
2.435885093239835431e-02 -2.883581361131117848e-01 -3.481868214494873159e-01
-1.987666406231322624e-01 -2.118859700616028130e-01 -3.597051444941034015e-01
-1.389794298486286550e-01 -3.152121047014624367e-01 -1.855802832665900959e-01
-7.122725286622513807e-02 -2.796414450764332926e-01 -3.480453761701218784e-01
2.454507531527200248e-02 -3.458463376051623683e-01 5.146547215645638218e-01
-4.283446187087327495e-01 1.467030837766569729e-01 -8.214899556702262018e-01
-3.440993118073478740e-01 8.976177654871195233e-02 -9.296054667238076163e-01
-1.300271548823885293e-01 -3.737863987822623302e-02 -1.109044619336176041e+00
-5.815125090920627571e-01 4.311597155180546537e-01 -6.063510010914470172e-01
-1.866278642270371435e-01 -1.733429064202587355e-01 4.844528265700557279e-01
-8.537718696642326854e-02 -3.514634355167389757e-01 2.003215409053767937e-01
1.476258100955235575e-02 -5.580563168574137478e-02 -1.128229692248767346e+00
-2.310745179404980476e-01 1.031764710844338961e-01 -1.098190013301074686e+00
-6.914067979758335980e-01 3.293611441562710462e-01 -1.315532322370762119e-01
-1.321882983179773763e-01 -1.731156164599330638e-01 -6.243361878999211800e-01
-1.470538559849651206e-01 -1.793913120698777952e-01 -6.541954436504517911e-01
-1.589374180803225789e-01 -1.875352010794503199e-01 -6.921887167319871192e-01
-1.662265063220516592e-01 -1.747562828224520359e-01 -7.335576518006823310e-01
-1.760807525373875304e-01 -1.177864339314192432e-01 -8.005694909039480223e-01
-1.965156058882073231e-01 -1.241024745064936985e-01 -5.734227844679414821e-01
-2.077052914857890897e-01 -1.266285230911413928e-01 -5.663915776085659548e-01
-2.172970977691070504e-01 -1.289555092586905372e-01 -5.582110205857228058e-01
-3.099649277397473757e-01 -1.195780116246936142e-01 -4.704886357150052101e-01
-5.640126523740072173e-01 -6.007154937113762250e-03 -2.022024382175731105e-01
-8.396065766471627612e-02 -3.031594353985402890e-01 3.116993473428104622e-01
-1.177470405616434235e-01 -2.134114431294626968e-01 5.210524525993563971e-01
-1.594506733752822925e-01 -1.888004931851527957e-01 5.153362185069446655e-01
-1.851510491255983215e-01 -1.164228021287904979e-01 -5.798945115340788936e-01
-5.684312966430518088e-01 1.217087055352278624e-01 -4.194942322820596203e-01
-6.266791317241104942e-02 -2.991871930890956932e-01 5.120687838010939963e-01
-2.111590677827017704e-01 -6.896101914962798896e-02 -8.723979189121087163e-01
2.265448356201382740e-02 -4.684232521797238036e-01 1.441407541676044124e-01
-3.855432529215363502e-02 -4.030188693287533042e-01 2.418001425362534818e-01
2.362663489085914392e-02 -4.214969255708584939e-01 2.561913457443347752e-01
-1.333572303814376525e-01 -3.293103263447383355e-01 4.708526399216310387e-02
1.287937141359542237e-02 -1.044278174278883142e-01 -1.047670065352155788e+00
1.250809214714439926e-02 -1.193636427131342936e-01 -9.425817547827857190e-01
-1.018076217709300291e-01 -1.033716912106892594e-01 -9.309033761021743292e-01
-3.615310903562527489e-01 -1.429971446632543816e-02 -6.742436667673346040e-01
-2.705621744166393228e-01 -1.725090714140922188e-01 -1.835653465243582971e-01
-2.968457757927268625e-01 -3.692313653408622887e-02 -7.874034368073652423e-01
-4.231368380507802840e-01 -1.462802312330406806e-01 -1.493905324504183341e-01
-3.345336887447003527e-01 -1.479145351704547195e-01 -2.710572532648115596e-01
-4.795974334293759966e-01 -7.275510660103767790e-02 -2.923684094935419253e-01
-1.228118767849211979e-01 -8.402957391616999727e-02 -1.030841938116518142e+00
-1.732957724825170409e-01 -2.740262574255369898e-01 9.313032364142159736e-04
-4.134173431780377994e-01 5.864571918969600783e-02 -7.322074065886712280e-01
-3.296039571902229515e-01 2.527993025414422557e-02 -8.511186870693911999e-01
-4.090615746458492463e-01 -2.374378147751172313e-02 -5.486883123352156444e-01
-6.271661084785193907e-01 1.649901706054945905e-01 -2.873915726549123306e-01
-4.917248264091821364e-01 4.746163633972209916e-02 -5.440467522897993735e-01
-6.562233651642426224e-01 3.263066267462150227e-01 -3.367518482787374978e-01
-3.874428208247158167e-01 -1.020172366938722763e-01 -3.852667553817875623e-01
-1.276245711448567022e-01 -2.966593247521416288e-01 1.447169447719035551e-01
-1.296657003775081307e-01 -4.012761435945991773e-01 -1.668780353242703129e-01
-1.689717604857854383e-01 -3.234687935111765222e-01 -1.769700623389940941e-01
-1.015417827974427478e-01 -4.562800922301448736e-01 -1.108791365952571384e-01
-1.732115017548370162e-01 -2.451571879372913543e-01 6.173119728993083921e-01
-2.867267544043183847e-01 -2.618322403532182818e-01 6.916709036057016036e-01
-3.845449957285183018e-01 -2.566926290351405626e-01 7.089481699313280316e-01
-4.640172825830131131e-01 -2.264570397492153830e-01 6.914763807254855621e-01
-5.175458460106074909e-01 -1.804385048595849028e-01 6.489337330851785435e-01
-5.507692041191223353e-01 -5.781982122414461300e-02 4.953487500424930134e-01
-7.314789152799718863e-01 2.705910092961989477e-01 2.911487017126960231e-01
-5.056628970840435500e-01 -9.245918389800111825e-02 3.452499332760727846e-01
-4.399359121354944335e-01 -1.292110757242315167e-01 3.062266348707796126e-01
-3.508756792739351482e-01 -1.576768529821528375e-01 2.986490158848870147e-01
-2.645516350202148925e-01 -1.749306626235265227e-01 3.166291393838823742e-01
-1.960392520484903756e-01 -1.805814117901496374e-01 3.460482569255077800e-01
-1.485135877149761363e-01 -1.892873273494979358e-01 3.732589476237356818e-01
-7.357621306751287449e-01 5.139291282601288202e-01 3.304357738746270812e-01
-1.685710633048636553e-01 -2.871392603889791895e-01 -1.972107997367170129e-01
-8.611882957470107236e-02 -3.915676831152437032e-01 1.010007384405840203e-01
-8.375673010853401657e-02 -4.518976986505592874e-01 -1.843584456584894116e-01
-4.968721087500793665e-02 -4.179656100040211042e-01 -2.276080679765511983e-01
-8.394920292959451302e-02 -4.174951928178904925e-01 -1.944812410363587207e-01
-1.504106846524203012e-01 -2.604714640868400766e-01 -2.229282382033987986e-01
-3.585200894163316498e-02 -4.348653556984721780e-01 -2.402299933909790575e-01
-2.578495707870744752e-02 -3.526628151590659455e-01 -2.495589447250100568e-01
-1.426065883604423767e-01 -1.678050885841306794e-01 4.500659446254302587e-01
-1.109789168890121802e-01 -2.038388651626030779e-01 4.216071709768997033e-01
-9.273694142052835154e-02 -2.473706927136838374e-01 3.957698724877242169e-01
-4.642113951898068080e-01 -1.333627121772220647e-01 5.247073879928912943e-01
-5.068455073861581894e-01 -1.343114430880953947e-01 5.679455979407352917e-01
7.996503058481563286e-02 -4.438079294734587066e-01 1.307032687103648061e-01
4.857661330809239786e-01 -1.301547367661712862e-01 4.405715586430206665e-01
9.118262171586949405e-02 -3.592634053632840496e-01 -2.405265266944676683e-01
7.146833267301495596e-01 1.252038354758049366e-01 8.282608906432045170e-01
2.964259840344745101e-01 -1.831665379593720999e-01 3.588353294599594401e-01
3.619612011906117033e-01 -1.782635944604491485e-01 3.491309994274859330e-01
4.243117801761329133e-01 -1.616494755317674503e-01 3.523862741044704316e-01
5.069147110971012893e-01 -1.158473606722383309e-01 4.107248437314753309e-01
2.422178205196767742e-01 -1.780831071264143972e-01 3.832745548909061162e-01
3.970028677921479954e-01 -2.432231596858613898e-01 6.336148838173940590e-01
3.196229792198952424e-01 -2.408228302392672049e-01 6.212363827589264531e-01
4.668055203763863403e-01 -2.216518179739868089e-01 6.152506530900652137e-01
5.098952236697797957e-01 -1.918121854517726987e-01 5.728511041422166272e-01
5.555154886679982695e-01 -7.579497815472144295e-02 3.443063149766617537e-01
2.596294384786820286e-01 -3.852559023742818667e-02 -9.661449439980460685e-01
5.093155475305888302e-01 -1.133798396189340529e-01 4.727565356115898121e-01
7.504977681038838000e-01 2.065964936222899340e-01 4.180094577915047793e-01
6.248250964984478628e-01 -2.019478024413974560e-02 4.194010154007186131e-01
3.486785881982150670e-01 -1.978754635161834585e-01 -7.781675885646013868e-02
6.117018597028585358e-02 -2.807479340151493030e-01 -4.844647202172125411e-01
5.499826480922127836e-02 -2.409544527575311901e-01 -5.533107832818459082e-01
1.332379913709726971e-01 -2.300271835208648752e-01 -5.127862261597404547e-01
1.791568957630313430e-01 -1.742156603521544667e-01 -5.431192520628929099e-01
1.128415001467491519e-01 -2.054077199265372244e-01 -5.584500416205939732e-01
1.572931364332740833e-01 -1.547923412411322253e-01 -5.700374129020985281e-01
2.911505106895467820e-01 -6.626566125205855806e-02 -6.838428368618079123e-01
7.853108153031973515e-02 -4.858779823650192231e-01 -2.108505506298822274e-01
8.707777944014361005e-02 -5.188922764526378018e-01 -1.167484287995975423e-01
5.890989975908809129e-01 -1.834042831256752493e-01 6.630693883218263807e-01
2.169515266423425182e-01 -2.343257932009095157e-01 1.724425610710200729e-01
2.314103650706655912e-01 -3.281191738968384231e-01 -1.588921253651339738e-01
2.353230205768004346e-01 -3.151731869435900890e-01 -1.018865379943319494e-01
5.383657697731667469e-01 -1.160466698946889252e-01 -5.687839629647922779e-02
8.371620284374636789e-02 -4.940883863087250916e-01 1.409815425652886228e-02
4.500365486384652058e-01 -3.079857605032048085e-01 7.650434755677153476e-01
5.342295805770831407e-01 -2.531774670967372742e-01 7.347101144507988124e-01
6.516434356897491398e-01 -2.426567221433090227e-02 9.788655299564872347e-01
1.680590573310212221e-01 -3.474654002490948912e-01 6.657769628092822245e-01
2.540414678230584755e-01 -2.145393939071373879e-01 5.754882683487991812e-01
3.408715125691039738e-01 -6.222773441308898645e-02 -5.921572339796247197e-01
6.868425217216724832e-01 4.946956298602422919e-01 -4.415188836499561731e-01
1.842192685836190336e-01 -2.956518085413480934e-01 -2.102661183796503130e-01
1.346600394369153464e-01 -2.975731084228840917e-01 -2.379148475603252710e-01
2.345845856760471193e-01 -6.068399199169004221e-02 -6.090523307373731932e-01
2.184266842028136923e-01 -8.003483730650955141e-02 -6.119561866831232377e-01
5.650796696644366790e-01 -2.302023420505214801e-01 7.947289042633591816e-01
2.338091101832180385e-01 -2.866261968735152044e-01 -1.948719953575585029e-01
3.331000850592555906e-01 -3.430219453089566883e-01 7.501949220575176991e-01
3.435362835122663938e-01 -3.667583745489082503e-01 8.214489361216585905e-01
3.961029026830793498e-01 -2.976120481848001376e-01 1.173099481488726781e+00
6.090454463095493765e-01 -1.410447677054378346e-01 8.741686805833175367e-01
3.615450283245280616e-01 -3.335776667127969830e-01 9.917662398224109666e-01
6.244540454658729089e-01 -1.328425813268582500e-01 7.071299824994845551e-01
6.741397749885518209e-01 -9.292373400180232307e-03 7.522452251785587407e-01
5.867739184084251602e-02 -2.678904435078267587e-01 -5.231700524349903736e-01
1.229090270870467627e-01 -2.203240687590923841e-01 -5.374919294725902796e-01
1.684121851485037014e-01 -1.699858342238442233e-01 -5.565317090513227649e-01
1.699695835061990068e-01 -2.794488545650029021e-01 -2.251572994196604505e-01
2.260649631385967528e-01 -7.132016205024768740e-02 -6.109054770609088081e-01
2.003593170116954036e-01 -1.085300303200662231e-01 -6.406502468055483845e-01
2.106934176909500134e-01 -8.164754765216375443e-02 -6.119178973895965656e-01
1.513564216594276424e-01 -3.889716650818980659e-01 -1.938699470229283683e-01
1.487343714842292997e-01 -1.412998265788094066e-01 -5.795670546708849846e-01
1.053570642449362382e-01 -1.751036902104140536e-01 -5.720095872749660915e-01
5.193706183304443169e-02 -2.067258762587928511e-01 -5.716430584517800950e-01
9.902236586500548499e-02 -1.339196894075024846e-01 -8.530386805256657823e-01
6.125803470009882901e-02 -1.967709843610319642e-01 -7.831030470527142739e-01
5.714086173813598402e-02 -2.066923027867205720e-01 -7.381948922975116734e-01
5.325146390032955979e-02 -1.949120985181244659e-01 -6.919569545229125040e-01
4.666270936511843215e-02 -1.907494623752712948e-01 -6.524741551917554450e-01
1.461885788711529410e-01 -1.388012095210603980e-01 -6.328922670073660051e-01
1.591274100419499127e-01 -1.475959436895882826e-01 -6.513942389188083215e-01
1.720991488147033954e-01 -1.553676732138137839e-01 -6.744048971749889709e-01
1.848383034433864758e-01 -1.410864188599543767e-01 -6.983717918563736582e-01
2.866110186330630416e-01 -1.760180350185434062e-01 -4.289527871515429469e-01
7.575212476576300702e-01 5.250436751764500087e-01 4.125209761174364331e-02
1.767903095011626458e-01 -1.039170255012936139e-01 -6.211523233492570739e-01
1.882506156424398891e-01 -1.101506342060473986e-01 -6.309505141911251336e-01
1.137991434747643582e-01 -2.939227245312280301e-01 -2.734205740616119651e-01
2.138960260139367020e-01 -2.331570184021710124e-01 -2.441117918668200271e-01
1.239772496377864186e-01 -2.973164036510355102e-01 -2.565558703388263750e-01
2.839723579860766733e-01 -2.047578739668534098e-01 1.173417679137669367e-01
3.896806462114916769e-01 -1.792367874889269075e-01 5.094913785315284549e-02
2.466516110221603775e-01 -2.727575860982751621e-01 -1.392539632513809522e-01
5.517832412791960905e-01 -1.742235109673373472e-01 1.095904896625995661e+00
5.106841586492034679e-01 -2.472725273764577736e-01 9.574336730136472351e-01
4.712672585313661955e-01 -3.068306542400547343e-01 8.363352120311020599e-01
2.497527585395052929e-01 -9.100086565749504475e-02 -7.479427776034908160e-01
1.894585304860481045e-01 -3.904485729215219081e-01 7.853092626558364486e-01
2.031825706291536804e-01 -3.793034800448760180e-01 9.957801818038340969e-01
2.253438391214692693e-01 -3.670812935132952148e-01 1.212589197599122315e+00
4.769138250561191228e-01 -1.367670341060653882e-01 3.714524202340472314e-01
6.229271910631695164e-01 -3.226842563150587873e-02 2.715029836573039645e-01
2.066635901689575228e-01 -1.704455396980906201e-01 4.068375297544365443e-01
5.656613737512010687e-01 -1.311383645404454457e-01 5.324335238493353994e-01
1.723811522835623222e-01 -2.654140393814170551e-01 2.340031829825500731e-01
1.920567749411361547e-01 -3.974547832342132381e-01 -1.335550186432081787e-01
7.001492799648652010e-01 4.781232691499380516e-02 2.092319382406779837e-01
5.803475799578539096e-01 -8.158597858625782351e-02 1.960342848641255520e-01
4.987020937849884206e-01 -1.367298022560845538e-01 1.546545697396078944e-01
3.761430821850986206e-01 -1.653494975661606858e-01 1.727266314673711056e-01
2.858283736292914767e-01 -1.839254973387260961e-01 2.183664642523419630e-01
2.187313041314689066e-01 -2.066161393644074806e-01 2.645679338911106626e-01
8.733715076611647810e-02 -3.505028854739142830e-01 3.547800410885054712e-01
6.899143553085167468e-01 5.678218049461829231e-02 4.784174299730985236e-03
6.114211868918157933e-01 -1.018991629333690641e-01 5.477647340682174626e-01
5.654954480559974683e-02 -4.455972236793421803e-01 -2.518513517498469634e-01
2.132366593979782010e-01 -2.499308180917276800e-01 6.842142415111282516e-02
7.698298120811664091e-01 4.201124318006194125e-01 4.595671341286925449e-01
1.691248071542172937e-01 -2.217387662261973702e-01 3.157306314934276159e-01
2.544870934589780198e-01 -2.069482791529173582e-01 -1.344020986819636221e-01
5.328367608343107520e-01 -1.006120559734000608e-01 4.692039077382750278e-01
1.941809391209150526e-01 -3.808742205005355430e-01 -6.349609019991700465e-02
7.327368765091115677e-01 5.254711285009108224e-01 -1.919822478678128164e-01
2.066840914514576077e-01 -1.576349948767701292e-01 4.391541444746538403e-01
1.401296246762493425e-01 -4.513760080107118711e-01 -1.520701300450682386e-02
5.435523053648085856e-01 1.770532583126041004e-01 -7.185248176955054689e-01
5.441989708480363674e-01 3.077821102054798530e-01 -8.038011026041047558e-01
7.533540688876900759e-01 2.925116409154412400e-01 1.754496952825625178e-02
6.247183123840347463e-01 2.427988750294840514e-01 -5.814055982309263015e-01
7.155869674941950365e-01 1.157701025288245533e-01 6.010554748660339452e-01
2.752486345120992439e-01 1.135216608784333017e-02 -1.042472500772717581e+00
5.444654779220911567e-02 -3.538036210426516170e-01 -2.595327006997670272e-01
2.707420280170573790e-01 -2.180177676090915284e-01 -1.514119364777147259e-03
6.757568730582725891e-01 4.764653317755840334e-02 4.033220081797731504e-01
4.217975054252569578e-01 -1.627217528112154810e-01 4.025997203702468274e-01
3.654700574795288759e-01 -1.765198447274318738e-01 3.961595019876748003e-01
2.123174904657810780e-01 -9.566267529110991652e-02 -6.514233407652811891e-01
6.759762716363724167e-01 1.036639012801762461e-01 -1.825855943529477443e-01
1.591137805846472020e-01 4.804907174757512556e-02 -1.159521105017418563e+00
3.594570028042411991e-01 1.617593332542215379e-01 -1.024042673160860062e+00
4.458591667572964212e-01 2.269606044810412726e-01 -9.346987177591064011e-01
3.096175928795137366e-01 -1.792750016260136192e-01 4.045244003918485598e-01
2.572481757668758640e-01 -1.707220059883738372e-01 4.211914885543622811e-01
2.235261643620645167e-01 -1.575798600521176596e-01 4.305834749490026203e-01
6.530883483358138619e-01 -3.739057157290499867e-02 5.732465215514401802e-01
2.674145779759191655e-01 -1.927218149984959439e-01 5.058337342833647554e-01
3.248586962409447665e-01 -2.091350403706853101e-01 5.358260241848356031e-01
3.842241363983855962e-01 -2.085803650226729644e-01 5.424722186786083977e-01
4.416318466671320664e-01 -1.925057435218837654e-01 5.282882204715448893e-01
4.757615705942441764e-01 -1.690166605125282828e-01 5.045457343153169072e-01
7.537605456294382833e-01 2.844941742460633805e-01 6.665803621642190091e-01
4.599755830691787395e-01 -1.450264843324520214e-01 4.196855526367132549e-01
2.328247827717278007e-01 -2.175450691116470048e-01 -3.800168700392265730e-01
1.833669245289710759e-01 -3.225380917525756397e-01 -1.989744473912426481e-01
1.160871500052844674e-01 -2.808983294272707765e-01 -3.560326245270737378e-01
4.553897542839366874e-01 1.285711910791914048e-01 -8.454258027399117470e-01
3.691244951946116570e-01 7.368031312012088274e-02 -9.444855294780440946e-01
1.570665041359138314e-01 -4.401666545453331025e-02 -1.114006086862100453e+00
6.217563048329637354e-01 4.109146755813540830e-01 -6.484247026505549627e-01
2.257990182916604915e-01 -1.714056461273836263e-01 4.650480922182987920e-01
1.296538495588759332e-01 -3.530131993896858944e-01 1.904672759704224561e-01
2.667555267012371445e-01 9.284660711676587241e-02 -1.103223252431590140e+00
7.298216384989526517e-01 3.098377126267465309e-01 -1.935499464021122051e-01
1.019279601634076327e-01 -1.671232388784150702e-01 -6.428171655660857020e-01
1.142212207952109648e-01 -1.746626939336980433e-01 -6.732222609293971871e-01
1.237921329750436283e-01 -1.832014400607633875e-01 -7.104327805049361899e-01
1.328301230153794421e-01 -1.710264617045484936e-01 -7.496941789906010900e-01
1.849963382908121901e-01 -1.183431802739209893e-01 -8.110052368560640712e-01
1.894617982989195704e-01 -1.144994023917834391e-01 -5.901662351572952714e-01
2.003073428136144529e-01 -1.151396133176912917e-01 -5.852761123078612515e-01
2.102077362221750345e-01 -1.168299275061463471e-01 -5.780939479252116264e-01
3.240238407137749910e-01 -1.205610308594242397e-01 -5.021257268557161035e-01
5.866707123532675094e-01 -2.164028613331098888e-02 -2.526468973792817541e-01
1.293385670845701441e-01 -3.038860426767620027e-01 3.013609497336554588e-01
1.623014131466020693e-01 -2.153981663311208550e-01 5.041566139551102443e-01
1.990564102675542735e-01 -1.874268755709662670e-01 4.964264642848620346e-01
1.787965660880920238e-01 -1.054199790285810789e-01 -5.952770915702139121e-01
5.942992827646038645e-01 1.029582244437026173e-01 -4.674525532252549187e-01
1.049387930246834522e-01 -2.994653387734631522e-01 5.017969787532686743e-01
2.246461258569156794e-01 -7.601663058986476984e-02 -8.822086342196708841e-01
8.423110348564089023e-02 -4.046111884140612958e-01 2.362237303228686969e-01
1.748308178922162170e-01 -3.336489934313560113e-01 3.294188381877507371e-02
1.222508036614452509e-01 -1.089104196390433266e-01 -9.363668995216640756e-01
3.619334102055749014e-01 -2.568370052026276024e-02 -7.073964882170535873e-01
3.063775663907986058e-01 -1.824560275150144406e-01 -2.085399011312469852e-01
3.041550604746374731e-01 -4.689759737833766595e-02 -8.049246667868792393e-01
4.473529954644034357e-01 -1.594060328419176775e-01 -1.886078940178466667e-01
3.608487030878607671e-01 -1.589077000652185934e-01 -3.032535215414043916e-01
4.993832671566896808e-01 -8.894366374721390800e-02 -3.380449862756137458e-01
1.457249591620130014e-01 -8.994975312167577397e-02 -1.037204232027699513e+00
2.136555097885923793e-01 -2.795165452404129169e-01 -1.556644104075407403e-02
4.294968619012486943e-01 4.277225672363564601e-02 -7.579375851047942536e-01
3.474950273144007395e-01 1.090965480000800208e-02 -8.672811540724427726e-01
4.141573850810997826e-01 -3.344792631609004585e-02 -5.930089180611916033e-01
6.567085429563290777e-01 1.468753753287477815e-01 -3.404776236973566794e-01
5.055656411253950377e-01 2.923408427587388669e-02 -5.870129601506659522e-01
6.936301889966465239e-01 3.082880590628945816e-01 -3.919377835473936145e-01
4.009657240835707848e-01 -1.124213475903289294e-01 -4.275512126399239055e-01
1.702512369712119167e-01 -2.979371218434838653e-01 1.310665761617387792e-01
1.706560343188758821e-01 -4.056486513724522069e-01 -1.798339206484290687e-01
2.104980904768134486e-01 -3.317297517280276553e-01 -1.925309261741532385e-01
1.441240635056186825e-01 -4.612432404226538551e-01 -1.221060188106761757e-01
2.158581618767989596e-01 -2.487413317798718992e-01 5.978387039725781005e-01
3.246105261566469835e-01 -2.715081485862800292e-01 6.680335383461439847e-01
4.192131397363745293e-01 -2.693602669258963189e-01 6.802150239551607580e-01
4.945067772424671659e-01 -2.406842960706576662e-01 6.576500975863843745e-01
5.434404550822140578e-01 -1.954419898014361223e-01 6.096226105463393719e-01
5.707665416472114117e-01 -7.135045188297350904e-02 4.453222268592605948e-01
7.612294765423595067e-01 2.532753789405166600e-01 2.197610420418962818e-01
5.220697534333851308e-01 -1.037850334454688550e-01 2.997530326384572064e-01
4.564641284724331172e-01 -1.389492958151548052e-01 2.679497883199702946e-01
3.707458898385151969e-01 -1.641864379461210888e-01 2.715292802510761438e-01
2.892497113057430624e-01 -1.785145529726603897e-01 2.981701645203495010e-01
2.270777342967469359e-01 -1.836273890454327429e-01 3.321423837153746339e-01
1.842399876460110164e-01 -1.906286562359138514e-01 3.621354267911159885e-01
7.661357788294509419e-01 4.952088273430419463e-01 2.559040742958869075e-01
2.097818053083307377e-01 -2.958764746833839610e-01 -2.120511567323362656e-01
1.305656179565555242e-01 -3.928234579634057866e-01 9.128094254557855836e-02
1.256530813150098513e-01 -4.564132608710421701e-01 -1.936338411285657979e-01
9.137111080815696340e-02 -4.224795514421770815e-01 -2.337882587991490513e-01
1.255876879274371305e-01 -4.216599568137621157e-01 -2.039697398351331126e-01
1.932976915919047411e-01 -2.700822772132536187e-01 -2.359997810303914867e-01
7.789219882798903427e-02 -4.383707043727388397e-01 -2.450988470677601949e-01
7.583593273465541462e-02 -3.563247382396270702e-01 -2.537561065915508451e-01
1.840592785052104219e-01 -1.674111280813121994e-01 4.355133838943346936e-01
1.507624231404993687e-01 -2.045056479874087785e-01 4.099786746444878949e-01
1.305559218322200898e-01 -2.488058141753706209e-01 3.867483534637971010e-01
4.945985418701646097e-01 -1.447243518306926546e-01 4.868618547648280170e-01
5.344887776263114176e-01 -1.487625974963160402e-01 5.271166808737965948e-01
-3.430863326444129058e-01 -1.629908994782258702e-01 5.076803707665145104e-01
-2.752563660622229236e-01 -1.693117585711423345e-01 5.055749511332686685e-01
-3.422459384953135952e-01 -1.717586040652019364e-01 5.864430291527076289e-01
-4.118322977961739184e-01 -1.566147788139335972e-01 5.093108524447521601e-01
-3.445372657598362309e-01 -1.542258565724399233e-01 4.286038201015701654e-01
3.715867276011461939e-01 -1.697253014427166917e-01 4.766922262618882300e-01
4.379889557182838900e-01 -1.757419683996195303e-01 4.733860848392433818e-01
3.706288392395116205e-01 -1.786424087298286167e-01 5.567353732511797215e-01
3.046569162481098658e-01 -1.637350928643108716e-01 4.804627334348824386e-01
3.727950674880986526e-01 -1.608254317099788722e-01 3.966215822777678923e-01
