-1.537742138102384491e-02 -2.737853171451978818e-01 -4.764031889053861324e-01
2.198768094356037817e-02 -4.646491460362396353e-01 -2.017322938545272615e-01
2.450673885754582962e-02 -2.921338046872954397e-01 -2.629459287767262898e-01
-3.274896090841768886e-02 -4.214244690472511157e-01 1.287211170466480148e-01
2.178934128873875192e-02 -4.980487258175938514e-01 -1.091393736173508766e-01
2.077016149471817494e-02 -4.889946706928127163e-01 2.247216742923430557e-02
2.296012881409821571e-02 -3.594585359743348030e-01 3.575903800905651519e-01
-4.310964910604879741e-01 -1.136962428187752866e-01 4.494132085763681839e-01
2.341638930644900779e-02 -3.440381022143445544e-01 6.122802824159173651e-01
2.245258213530798574e-02 -3.712655603883054378e-01 7.351458197459065369e-01
2.108472315953934320e-02 -3.598525774188002235e-01 1.167283869241536154e+00
-1.440714817127271459e-02 -2.623874145807864044e-01 -5.037061266723816821e-01
-1.292426386698779239e-02 -2.395165066674113941e-01 -5.296801929418433197e-01
-1.059146363285251233e-02 -2.060186459653790547e-01 -5.471382841549309317e-01
-1.686839197236104926e-02 -1.900802649481109774e-01 -6.139435820474620220e-01
-1.787089206767269664e-02 -1.932605660225205357e-01 -6.542019234485817458e-01
-1.962572567456453976e-02 -2.025858482826672635e-01 -6.991267292839871139e-01
-1.938706158969082799e-02 -1.916335191730910437e-01 -7.421684899307364747e-01
1.096638539282152741e-02 -1.296824029049308824e-01 -8.075940278246657167e-01
2.094038083036776215e-02 -4.258878056903071530e-01 -2.418065917988669322e-01
-4.039057009624462402e-02 -3.372699219094497658e-01 -2.228050359197258634e-01
-6.688401400229446736e-01 1.382802294119284681e-01 8.570708040766256142e-01
-2.561128101659206346e-01 -1.711519374769004398e-01 3.417882879261671669e-01
-3.217004494599460251e-01 -1.641548460291855083e-01 3.351185161611439645e-01
-3.827729052813824140e-01 -1.460462848624984322e-01 3.472886080711810597e-01
-4.574117138305927033e-01 -1.003432490437089486e-01 4.227297012350171301e-01
-1.983172292099737999e-01 -1.667628003711593143e-01 3.664999610415771714e-01
-3.486622873864781980e-01 -2.227209842284937347e-01 6.433339989868228637e-01
-2.737575579784228275e-01 -2.220516127878535972e-01 6.290677302036929985e-01
-4.149221539295985250e-01 -1.988868277215491143e-01 6.282630630530096072e-01
-4.569126387572777781e-01 -1.683208092194771743e-01 5.913177161962777095e-01
-5.124638248181048183e-01 -5.964289227532912352e-02 3.694667797560703404e-01
-2.275800869712780727e-01 -2.648294780103741669e-02 -9.055473505173540216e-01
-4.520715925094366261e-01 -9.716816715974090080e-02 4.880325054930241269e-01
-6.900261504415583502e-01 2.140436853917414006e-01 4.652850937940475884e-01
-5.824842199343742699e-01 -3.913693097108202762e-03 4.544292485471959631e-01
-2.996680375376425953e-01 -1.793876080819895302e-01 -4.484253563967587064e-02
-8.720631220924857097e-02 -2.638685103961534995e-01 -4.554826926935172660e-01
-7.609475356756749409e-02 -2.278680521226277567e-01 -5.203782268980243764e-01
-1.484931831614336173e-01 -2.206422012871784577e-01 -4.743837296759654265e-01
-1.833973181678703046e-01 -1.730914604604402718e-01 -5.011987126397640102e-01
-1.261752635469804706e-01 -1.991302332821297816e-01 -5.201221159859028553e-01
-1.603382620619739352e-01 -1.541282401224711718e-01 -5.300657792623513220e-01
-2.835957895183311983e-01 -5.763010431632242109e-02 -6.173259034354328101e-01
-3.248904022531131502e-02 -4.577710190286252701e-01 -1.950596513647723795e-01
-4.208747710114337653e-02 -4.887343712674522278e-01 -1.048670660199129689e-01
-5.421409654233659836e-01 -1.592158004596356535e-01 6.746301183866041384e-01
-1.682992704115004179e-01 -2.203523766961654196e-01 1.807678115148466935e-01
-1.804802253661870470e-01 -3.044791345055010146e-01 -1.346071408296581617e-01
-1.855212834198528837e-01 -2.922289270634232938e-01 -7.994210497187183295e-02
-4.878445915363923691e-01 -9.885272150237930933e-02 -7.579138249908200058e-03
-3.799261148878670113e-02 -4.680701922063661979e-01 1.831827662463833550e-02
-3.960747199628262827e-01 -2.780064297973256493e-01 7.592237119891743768e-01
-4.824537270081672991e-01 -2.249478234169024204e-01 7.343272378773920694e-01
-6.049802347828712179e-01 -3.938429664810207120e-03 9.955213122692800898e-01
-1.147776923888577938e-01 -3.260928932912662837e-01 6.497226367597828123e-01
-2.074119269982367120e-01 -2.003566371803292001e-01 5.817389011292044554e-01
-3.222519313389566320e-01 -5.650628780470061396e-02 -5.250220295867897846e-01
-6.106800677247532505e-01 4.887109298142532365e-01 -3.683280758118009368e-01
-1.322773524704921322e-01 -2.735474456970617974e-01 -1.873759868228299097e-01
-8.186937049552453494e-02 -2.739532707671746836e-01 -2.168802351716661581e-01
-2.301451592424135495e-01 -6.751925119630845795e-02 -5.434769330075395199e-01
-2.185991801150377334e-01 -8.317223530670994625e-02 -5.482837707100733926e-01
-5.142528836009787607e-01 -2.025560606075727799e-01 7.996344237019967771e-01
-1.843449909479326909e-01 -2.640661282075533189e-01 -1.687144838973623773e-01
-2.771070906232282471e-01 -3.132506834041792754e-01 7.402143687135916972e-01
-2.869172435822475720e-01 -3.351076284427976781e-01 8.131273795964567563e-01
-3.474905040858023431e-01 -2.695140370427297483e-01 1.155863761781465104e+00
-5.586203028972174245e-01 -1.178561937807413307e-01 8.853246698703473028e-01
-3.096093773187283404e-01 -3.056502347828402577e-01 9.761489982951330191e-01
-5.769331295212698496e-01 -1.111086248391131431e-01 7.272491185738195751e-01
-6.220872488939243050e-01 7.298023113613784016e-03 7.752422847586881716e-01
-8.332149509692896028e-02 -2.525090963262841548e-01 -4.920084968282006921e-01
-1.376090847945271867e-01 -2.123464259593865755e-01 -4.986993279689247438e-01
-1.728494211634774846e-01 -1.684924960179728093e-01 -5.155710520443750333e-01
-1.175181486805094294e-01 -2.573016512908058440e-01 -2.027221576815539661e-01
-2.239709879775434453e-01 -7.563188880078351717e-02 -5.460523256408779114e-01
-2.102043783285075240e-01 -1.082682054220566320e-01 -5.764517241497288946e-01
-2.119935262376941298e-01 -8.476977496295298731e-02 -5.498516474362505901e-01
-1.031215824211472593e-01 -3.668733271781121075e-01 -1.733132547826101155e-01
-1.510553914133326014e-01 -1.413345120584735271e-01 -5.410095991535862625e-01
-1.153820891718746328e-01 -1.716292565648464274e-01 -5.356402190909915761e-01
-6.854994656264014330e-02 -1.975912921493848950e-01 -5.384175329538382071e-01
-7.725847051045432734e-02 -1.248519117519207022e-01 -7.994658715777537283e-01
-9.537360353636842314e-02 -1.882860097531783294e-01 -7.281645713050914903e-01
-9.233894098834839748e-02 -1.991006040137962285e-01 -6.841976631322532754e-01
-8.487635233593124329e-02 -1.886273558936159556e-01 -6.390736127407997680e-01
-7.605464407962687912e-02 -1.852727751185778704e-01 -6.013910924149707959e-01
-1.624327275962814954e-01 -1.379000113373277658e-01 -5.723070254113571398e-01
-1.767951982325107474e-01 -1.441250586847973580e-01 -5.888421892459142493e-01
-1.916083402622033582e-01 -1.504149856299950294e-01 -6.100212035763836749e-01
-2.023289781407563714e-01 -1.363563463694735245e-01 -6.334574308856343317e-01
-2.496820049847356116e-01 -1.617014583711537390e-01 -3.821149523728851749e-01
-6.830558134098927425e-01 5.189106170071698942e-01 1.060543727816042753e-01
2.460500688004656905e-02 -3.389820062174115356e-01 -2.493130089857831522e-01
-1.854200374387243166e-01 -1.070165866095120905e-01 -5.608023704975350077e-01
-1.979044192196886542e-01 -1.108312674258682962e-01 -5.683209170289460488e-01
-6.084626021639757965e-02 -2.742756005897660221e-01 -2.527426176930745449e-01
-1.614729253225425931e-01 -2.111977519996318942e-01 -2.171330642800770039e-01
-7.102256356268160653e-02 -2.752172401962509896e-01 -2.352869124281938562e-01
-2.348607554191493862e-01 -1.910673836834471118e-01 1.346259788863709284e-01
-3.395250230216693699e-01 -1.628907750237103547e-01 8.184336384723819857e-02
-1.960223165663475819e-01 -2.512490978172916556e-01 -1.144477021625993629e-01
-5.035640434721607717e-01 -1.470293443160311242e-01 1.098372549884505833e+00
-4.592041995836123602e-01 -2.193215200274435672e-01 9.569938709571952362e-01
-4.162337816611297314e-01 -2.762937563753296022e-01 8.331305442142753481e-01
-2.364000805259180993e-01 -8.326682043657052112e-02 -6.896869862061465462e-01
-1.328248687043396825e-01 -3.647998296800146756e-01 7.726829268081847335e-01
-1.544753688528248403e-01 -3.535192059170992329e-01 9.641012867946863185e-01
-1.788165215439036504e-01 -3.395000722741178256e-01 1.174446477335057137e+00
-4.318497631474129683e-01 -1.206613492117975112e-01 3.757452107195310420e-01
-5.840155344889260691e-01 -1.444090337196329669e-02 3.132608741311913025e-01
-1.598707726134357132e-01 -1.620677009659240997e-01 3.908046654778282725e-01
-5.153993554204037153e-01 -1.108625803508520302e-01 5.557352679377159932e-01
-1.237333123053768746e-01 -2.510824989703869248e-01 2.348972523203814999e-01
-1.430702769329970092e-01 -3.714661884475335407e-01 -1.122395791534900600e-01
-6.410501176445495553e-01 6.223372963447743045e-02 2.612169815864353595e-01
-5.439787232556777541e-01 -6.378201086614661286e-02 2.358005869510203523e-01
-4.645393307552584394e-01 -1.186146755197713260e-01 1.878430494562527697e-01
-3.413975315337038907e-01 -1.503729849770772953e-01 1.913307498612240309e-01
-2.498815983354081838e-01 -1.706250257864374009e-01 2.222021092505354067e-01
-1.813978266838238707e-01 -1.932803646855651147e-01 2.590978408224814955e-01
-3.782684386057837828e-02 -3.321091498099290051e-01 3.423656868982601353e-01
-6.289622921066275740e-01 6.886905339190073361e-02 6.427230213013861160e-02
-5.667782955123387145e-01 -8.220263674407835008e-02 5.767198794683960905e-01
-1.290572042973705050e-02 -4.220971070138333503e-01 -2.363850307483990054e-01
-1.635187673028988820e-01 -2.348133790599430115e-01 8.104684001478122679e-02
-7.074782063362222706e-01 4.170590802433963851e-01 5.085695366392520844e-01
-1.280465299979354210e-01 -2.093044261694541053e-01 3.019817402892953639e-01
-1.999456262214145963e-01 -1.886988663345436912e-01 -1.091920827105606201e-01
-4.776480927851642910e-01 -8.475405799058426115e-02 4.882217261911130923e-01
-1.465008393850617818e-01 -3.556718542079688739e-01 -4.597891287148106465e-02
-6.548294234996193675e-01 5.202212226598857958e-01 -1.228562124201168226e-01
-1.562492617897472125e-01 -1.514904778559722776e-01 4.264686412142174587e-01
-9.480903044634339527e-02 -4.251637443932690386e-01 -4.452391703694867121e-03
-4.891526720532115569e-01 1.862711886589155375e-01 -6.492316180724240215e-01
-4.829678326522968135e-01 3.115150132088373436e-01 -7.337936094731768444e-01
-6.787457070454926411e-01 2.956925956257204779e-01 8.064464576366320303e-02
-5.627301419360887236e-01 2.491590305860210131e-01 -5.089336848343959385e-01
-6.586530203479048495e-01 1.266588024863716799e-01 6.363089946314811618e-01
-2.366470588884214410e-01 2.161412091711075595e-02 -9.804094336956122868e-01
-1.904396696595979507e-03 -3.341754397127432719e-01 -2.441214724231666744e-01
-2.213238475796003302e-01 -2.014451811798360359e-01 2.023421604136637839e-02
-6.373284280663841228e-01 6.096245614825034770e-02 4.508487954514171503e-01
-3.723969415146328177e-01 -1.469048010062645182e-01 3.987111335558918279e-01
-3.184876348872666130e-01 -1.622618358185604626e-01 3.858317403293956005e-01
-2.203402431390030503e-01 -9.606867383660198934e-02 -5.857897877608519988e-01
-6.135709875928753165e-01 1.137779280151829803e-01 -1.182053448661521816e-01
-1.157125187406476685e-01 5.129838516632236750e-02 -1.097583384794476480e+00
-3.069042807030700759e-01 1.669790239558641143e-01 -9.612517205309031310e-01
-3.888770605781666223e-01 2.314860377749307641e-01 -8.696596887232099782e-01
2.163541884949447131e-02 -3.698261728048532482e-01 9.472949442222008409e-01
1.904603665658298126e-02 3.173554126115814972e-02 -1.117329586773655237e+00
-2.632565398624989728e-01 -1.665634048187379923e-01 3.923996080904965655e-01
-2.090913978893042258e-01 -1.612964523163052666e-01 4.091904302739489685e-01
-1.731570757457994714e-01 -1.509145665046549289e-01 4.187124657471550937e-01
-6.110196985028710781e-01 -2.107448953913973119e-02 6.094556964551697265e-01
-2.213202853343173571e-01 -1.816937485620139792e-01 5.120194395579564794e-01
-2.810663834648244319e-01 -1.939559587825221976e-01 5.496857501931098344e-01
-3.381795464446645250e-01 -1.908810346664925328e-01 5.588759538881483691e-01
-3.919723360870788209e-01 -1.731738498628281053e-01 5.455340758572456705e-01
-4.238663055205861285e-01 -1.499736828328269156e-01 5.214813673412426187e-01
-6.995342490494954601e-01 2.894003177046255426e-01 7.050899688784105779e-01
-4.076606446801199213e-01 -1.288618031894690208e-01 4.225543513074392910e-01
2.273042506484280328e-02 -2.731417683634834725e-01 -3.315123358585992941e-01
-1.889550066476073931e-01 -2.010364503035290407e-01 -3.421765883301781108e-01
-1.318497303616260607e-01 -2.991892714500274941e-01 -1.761347243835636178e-01
-6.795779676089999666e-02 -2.650101709044839771e-01 -3.312933147471208151e-01
2.328590328474678880e-02 -3.281042842776239477e-01 4.882527316562815800e-01
-4.063750195110126251e-01 1.391768357922045785e-01 -7.793499921265292230e-01
-3.264616378136097619e-01 8.515593967480199200e-02 -8.818408589458034408e-01
-1.233570990897224912e-01 -3.546112808530850480e-02 -1.052127452842056554e+00
-5.516806883522962224e-01 4.090410523036970836e-01 -5.752449559297007076e-01
-1.770537812905253472e-01 -1.644503470513929144e-01 4.591455113140496813e-01
-8.099730365002731636e-02 -3.334332228540945464e-01 1.900449679582515150e-01
1.400525478965580772e-02 -5.294278080172898360e-02 -1.070313383704662336e+00
-2.192203041635806537e-01 9.788347798075680561e-02 -1.041852433106711384e+00
-6.559373569354763900e-01 3.124647887413160574e-01 -1.248044991142289450e-01
-1.254444675085229777e-01 -1.642218204035301166e-01 -5.849683198289949981e-01
-1.395539049886712069e-01 -1.701749631631003234e-01 -6.133864405730317104e-01
-1.508313636342174524e-01 -1.779011468970675136e-01 -6.494684565550999933e-01
-1.577506908049929324e-01 -1.657789616121749243e-01 -6.893350037924809159e-01
-1.671048666250020687e-01 -1.117367735865338885e-01 -7.552173208065073862e-01
-1.868283464033934915e-01 -1.175324619034792822e-01 -5.437491941415070196e-01
-1.974288241850343795e-01 -1.199573418910132028e-01 -5.372364588778580918e-01
-2.065188138706756937e-01 -1.221933484169084733e-01 -5.296403652313066424e-01
-2.942266289800890000e-01 -1.135211627662272710e-01 -4.473397048624483396e-01
-5.350785811760343513e-01 -5.698985273948777887e-03 -1.918293735014443557e-01
-7.965344285938490143e-02 -2.876072369660448436e-01 2.954058050685531289e-01
-1.117065710072440848e-01 -2.024633520467907233e-01 4.975064469222245656e-01
-1.512707910329517402e-01 -1.791149535274197402e-01 4.925165160056808600e-01
-1.760444344147628348e-01 -1.102421321959206613e-01 -5.497272075732988483e-01
-5.392705472538344980e-01 1.154650012564468059e-01 -3.979740129520515923e-01
-5.945302454548616333e-02 -2.838387722515056666e-01 4.862298736941298993e-01
-2.003776097906752873e-01 -6.542336148189417666e-02 -8.251246025431697717e-01
2.149229963302289742e-02 -4.443929548587221001e-01 1.367462757141847118e-01
-3.657647322040036980e-02 -3.823438426069198370e-01 2.293956999933854657e-01
2.241457921582560783e-02 -3.998739672863929062e-01 2.430486288090493718e-01
-1.265159519413534828e-01 -3.124165769074153665e-01 4.466977128075353548e-02
1.221867731006915508e-02 -9.907007890458391364e-02 -9.930816242333362354e-01
1.186071972068196249e-02 -1.132324363756938984e-01 -8.917581032482775338e-01
-9.660885101656485618e-02 -9.806445998934257280e-02 -8.808380190316839053e-01
-3.429891115875342011e-01 -1.357883417406359483e-02 -6.386435656820904638e-01
-2.566822283106462432e-01 -1.636592881094409146e-01 -1.741483719521383089e-01
-2.816777830843712471e-01 -3.503260558790322055e-02 -7.448651172021834022e-01
-4.014297516102302565e-01 -1.387759977596643712e-01 -1.417267392996271191e-01
-3.174255258469025343e-01 -1.403264612614335549e-01 -2.571580644054495823e-01
-4.549938962094187689e-01 -6.902274097847603540e-02 -2.773697949399188678e-01
-1.165232149925202326e-01 -7.971917279205867346e-02 -9.772190632568190649e-01
-1.644056311032205953e-01 -2.599686024968903553e-01 8.835270136009680617e-04
-3.922286973678605349e-01 5.563579758754997467e-02 -6.941212496368321938e-01
-3.127364035939513842e-01 2.398020206358841486e-02 -8.064871532000725818e-01
-3.880146842486612013e-01 -2.256778867421978252e-02 -5.205450036260489410e-01
-5.949922401099781988e-01 1.565261098735742096e-01 -2.726482717911923870e-01
-4.664991167137946260e-01 4.502672300742772971e-02 -5.161081833796478113e-01
-6.225588480837909167e-01 3.095669672851620313e-01 -3.194763458354254460e-01
-3.676155600886223951e-01 -9.681571583902862099e-02 -3.656823335631196326e-01
-1.210773803813641053e-01 -2.814405845558150543e-01 1.372929075135559118e-01
-1.230137988805005689e-01 -3.807223402412877600e-01 -1.583322897294885956e-01
-1.603034426248936550e-01 -3.069420951353277749e-01 -1.679209099219646228e-01
-9.633264934863836060e-02 -4.328727437970281144e-01 -1.051909929701657226e-01
-1.643256834970598379e-01 -2.325805276432086899e-01 5.943918601510763677e-01
-2.720175589786865133e-01 -2.484001433028827366e-01 6.664521340769489210e-01
-3.648176859981417941e-01 -2.435241960696110652e-01 6.820862790922265217e-01
-4.402130132375731697e-01 -2.148397044220620722e-01 6.650396892642876923e-01
-4.909955402796002955e-01 -1.711819384962456059e-01 6.245190202665742429e-01
-5.225145270324349500e-01 -5.485364137451373412e-02 4.706821807280807124e-01
-6.939537588398781986e-01 2.567095839495280307e-01 2.762126576524874810e-01
-4.797221913129591231e-01 -8.771599134983597279e-02 3.205964095566489203e-01
-4.173670265782381539e-01 -1.225824966509867775e-01 2.811389930920025759e-01
-3.328756187380289555e-01 -1.495879683245926739e-01 2.712931927500614182e-01
-2.509800324505107039e-01 -1.659566507361098786e-01 2.876040561747197355e-01
-1.859823612101496049e-01 -1.713175142449897548e-01 3.163376501596588675e-01
-1.408947821744896967e-01 -1.795768129073988806e-01 3.433956901972466391e-01
-6.980172435983584833e-01 4.875643615741322989e-01 3.134842885357737585e-01
-1.599276588665251020e-01 -2.725224054189084311e-01 -1.871380499322966851e-01
-8.170089970041137517e-02 -3.714801067561076531e-01 9.581936003328654639e-02
-7.945997686714978414e-02 -4.287374527935230994e-01 -1.749138811931455484e-01
-4.713823738826982551e-02 -3.966613639352382648e-01 -2.160837481764304735e-01
-7.964257575668620692e-02 -3.961618460240233230e-01 -1.845705178392437473e-01
-1.427595243251673640e-01 -2.472986252625358761e-01 -2.115589104702184642e-01
-3.401278688745820733e-02 -4.126681315144826168e-01 -2.280413922797777382e-01
-2.449652605753691384e-02 -3.348506500909855799e-01 -2.370891416766773563e-01
-1.352908142132607794e-01 -1.591966214512767208e-01 4.216558319431637503e-01
-1.052856536324655728e-01 -1.933818510997025730e-01 3.930372703684037461e-01
-8.797949980206533349e-02 -2.346804787528037339e-01 3.701382646755727035e-01
-4.403971677911889815e-01 -1.265211525188551234e-01 5.028637311902564022e-01
-4.808441332408150970e-01 -1.274212131603517373e-01 5.477991465362228585e-01
7.586279302232408484e-02 -4.210404079018063572e-01 1.239981390511881026e-01
4.608461391393567363e-01 -1.234777475098229049e-01 4.140984846432950173e-01
8.648636519088774566e-02 -3.410823575151663012e-01 -2.284668494655814064e-01
6.780197905974495454e-01 1.187808294055191227e-01 7.857707787580603398e-01
2.812192143088633189e-01 -1.737700224236029545e-01 3.235121747736365294e-01
3.433924490144493191e-01 -1.691186018571539662e-01 3.126487222370818997e-01
4.025444187418121267e-01 -1.533567937728312069e-01 3.164578606467967070e-01
4.809097867741314869e-01 -1.099043454443368456e-01 3.810655833392211367e-01
2.297919509317605247e-01 -1.689473735944383714e-01 3.503776889933258865e-01
3.766364643184891836e-01 -2.307457158027763078e-01 6.175387291611708074e-01
3.032261945053491559e-01 -2.284685242021399776e-01 6.064631024856268482e-01
4.428582133340246418e-01 -2.102809924163950017e-01 5.992574910227110863e-01
4.837373978779844208e-01 -1.819721447946348047e-01 5.574961081553130304e-01
5.270173253146732684e-01 -7.190666567520202779e-02 3.205612056475157789e-01
2.463111716591860068e-01 -3.654726218077070099e-02 -9.154707385395974839e-01
4.831874593530339768e-01 -1.075634091928775460e-01 4.500826981253620018e-01
7.119969370235236239e-01 1.959980121333409764e-01 3.965654079776270713e-01
5.927713229664702821e-01 -1.915878018860146109e-02 3.963885918592339186e-01
3.307912392997973683e-01 -1.877243743063750914e-01 -7.382472872873867276e-02
5.743054091498690783e-02 -2.646238756715150187e-01 -4.635034051143993583e-01
5.147941602297952113e-02 -2.261942413603720559e-01 -5.296527749539292618e-01
1.257183357716453453e-01 -2.174516189529183963e-01 -4.902260882755057891e-01
1.691894043479820753e-01 -1.649416812665360221e-01 -5.182777113090495380e-01
1.063147171297937066e-01 -1.936223264157685975e-01 -5.339410213237542058e-01
1.484198852251574219e-01 -1.464006860623135731e-01 -5.436193922119031408e-01
2.759595219551216339e-01 -6.288679463204477349e-02 -6.463439347138777435e-01
7.450240611907142652e-02 -4.609650346342955007e-01 -2.000434518187528266e-01
8.261065506008308246e-02 -4.922728983096752442e-01 -1.107591881728567373e-01
5.588779870032563046e-01 -1.739955711692410534e-01 6.312051535680103242e-01
2.058218278812305735e-01 -2.223047877226482227e-01 1.635961897731628700e-01
2.195389222037003318e-01 -3.112948874470089500e-01 -1.507426529041482333e-01
2.232508569414070887e-01 -2.990046783253281215e-01 -9.665971896620531578e-02
5.107473937534052766e-01 -1.100934300251796560e-01 -5.396051266349437964e-02
7.942152866700702418e-02 -4.687414574989289817e-01 1.337491295494103172e-02
4.269494964505636814e-01 -2.921859696920363070e-01 7.257964439657674793e-01
5.068233926920806542e-01 -2.401893633230620106e-01 6.970719242257886750e-01
6.182138707951018164e-01 -2.302083417098114981e-02 9.286493407603220174e-01
1.594375615014286263e-01 -3.296402883702699294e-01 6.316223424070435133e-01
2.410090404718440993e-01 -2.035334385053376993e-01 5.612602779586911561e-01
3.230571243978188622e-01 -5.908772069324235571e-02 -5.615395753734557793e-01
6.516072298507518124e-01 4.693175492170961194e-01 -4.188687910305690654e-01
1.747550051676744765e-01 -2.806391011444430705e-01 -1.995630946000879757e-01
1.276710882663965041e-01 -2.825718374246525832e-01 -2.259100690333190609e-01
2.219626868431126832e-01 -5.761192114862866143e-02 -5.764800937478169462e-01
2.065910820438268680e-01 -7.596342981578912967e-02 -5.787159735890591294e-01
5.360908600592299011e-01 -2.183928712402583294e-01 7.539589964857649207e-01
2.218146107472551698e-01 -2.719761484550005104e-01 -1.848959424832159470e-01
3.160119195073164411e-01 -3.254247844185745309e-01 7.117096251063818046e-01
3.259127368694871851e-01 -3.479435254901426799e-01 7.793082821785226599e-01
3.757826677739586896e-01 -2.823444329011567944e-01 1.112919016073932843e+00
5.778011750469320695e-01 -1.338091155729666526e-01 8.293234809938851981e-01
3.429976259803015348e-01 -3.164650010339399300e-01 9.408882411215256925e-01
5.924193069980014936e-01 -1.260277048349921492e-01 6.708539359006326919e-01
6.395561390279000946e-01 -8.815671016163893758e-03 7.136547488620477164e-01
5.500449912331793062e-02 -2.520261411787076411e-01 -5.008722504647503682e-01
1.158815553755175726e-01 -2.079875645685172469e-01 -5.139723568999765568e-01
1.589800449416622907e-01 -1.608606377513431551e-01 -5.310216935475119415e-01
1.611965323338445666e-01 -2.653045649544277240e-01 -2.137059060052898807e-01
2.138519348330237546e-01 -6.769947672486546775e-02 -5.779758311249301173e-01
1.898258161616755979e-01 -1.029604273550692034e-01 -6.027721537711734356e-01
1.992526530659256001e-01 -7.748964007776765195e-02 -5.785291025610554971e-01
1.435917776179669036e-01 -3.691135049949827995e-01 -1.839970945466257168e-01
1.403124129953310928e-01 -1.335926385772242264e-01 -5.524369147397395485e-01
9.923343028793868426e-02 -1.649058886801317569e-01 -5.465725542623955935e-01
4.860094167108034574e-02 -1.937710675447391617e-01 -5.468447226596685473e-01
9.393776743270880469e-02 -1.270281332470828695e-01 -8.052916360811068763e-01
5.810643806868777406e-02 -1.866458166569251731e-01 -7.363963470553569479e-01
5.419975258481950220e-02 -1.960554553672042288e-01 -6.925628852718763717e-01
5.050580134994539505e-02 -1.848784089538851039e-01 -6.479692459687924622e-01
4.425028955898752808e-02 -1.809310533150694233e-01 -6.103259623989513161e-01
1.386044405987582051e-01 -1.316591570851222137e-01 -5.930092578166490380e-01
1.508861401326602458e-01 -1.400015911933963908e-01 -6.106307216776206692e-01
1.632033848470049175e-01 -1.473737625009493568e-01 -6.327604318829711527e-01
1.752957495359536710e-01 -1.338259234729898273e-01 -6.559686725361808524e-01
2.715185709692559124e-01 -1.669698628389131856e-01 -4.081176298432191984e-01
7.186601093100299931e-01 4.981087278562842946e-01 3.913584875750263786e-02
1.674819716289573102e-01 -9.858012984810478330e-02 -5.839129326733801806e-01
1.783551679793890510e-01 -1.044948586178952449e-01 -5.932517217506509954e-01
1.077893069907555346e-01 -2.791071029717805407e-01 -2.597791676738037125e-01
2.028298199723250483e-01 -2.213046121735411098e-01 -2.316367968916679676e-01
1.174911463230809555e-01 -2.823358333243524143e-01 -2.436827857282994336e-01
2.694044641814942187e-01 -1.942537143903517727e-01 1.113220890058165546e-01
3.696898755887100263e-01 -1.700418696999876356e-01 4.833542689092339834e-02
2.339982862352590898e-01 -2.587650145083714714e-01 -1.321101800926947345e-01
5.234765436868277222e-01 -1.652857762383883322e-01 1.039684543817035900e+00
4.844858601822488176e-01 -2.345873493360388640e-01 9.083169465193889902e-01
4.470910625644395342e-01 -2.910901208351138192e-01 7.934308862709888999e-01
2.368781505355974926e-01 -8.631953910444213618e-02 -7.056386504649636571e-01
1.797392332556172478e-01 -3.704184073560748414e-01 7.450225881947746265e-01
1.927592247342946874e-01 -3.598450621333930677e-01 9.446962662984474957e-01
2.137836114249432040e-01 -3.482498785844778122e-01 1.150382894195204342e+00
4.524479580026244396e-01 -1.297508313919879808e-01 3.377766288134494976e-01
5.909707808274943241e-01 -3.061304306153013466e-02 2.575747736667357568e-01
1.960616666007391762e-01 -1.617016163831732078e-01 3.763506861116671098e-01
5.366427224972442067e-01 -1.244109145428555774e-01 5.133311536005256137e-01
1.635379312806870267e-01 -2.517981946302764173e-01 2.218282107481306387e-01
1.822041867468645604e-01 -3.770651963203937029e-01 -1.267035935873980779e-01
6.642313461553247533e-01 4.535953608735282527e-02 1.984982574048601567e-01
5.505755205414685216e-01 -7.740058575289683607e-02 1.859776478481852957e-01
4.731184799645937744e-01 -1.297155095505745648e-01 1.467207303988024014e-01
3.568467939285157597e-01 -1.568670032196405051e-01 1.632827717854139216e-01
2.711652654912374283e-01 -1.744900468878869404e-01 2.031882221344920580e-01
2.075103020842157808e-01 -1.960166500411506252e-01 2.451479079715427056e-01
8.285672053488257749e-02 -3.325219494067703785e-01 3.365796862499285114e-01
6.545214771647774876e-01 5.386923214759154616e-02 4.538743962666287428e-03
5.800550392016647905e-01 -9.667169549381234017e-02 5.247867341093244153e-01
5.364853076104107027e-02 -4.228424168824826412e-01 -2.390728070457184551e-01
2.022975347895683562e-01 -2.371092686906721148e-01 6.491137789598482033e-02
7.303372395310242515e-01 3.985604995879508672e-01 4.359911601477229892e-01
1.604486379389589157e-01 -2.103634801890234551e-01 2.925336563649022503e-01
2.414318053371354578e-01 -1.963317509276997497e-01 -1.275072180865506610e-01
5.055020251506615603e-01 -9.545061787683342680e-02 4.460609436527053218e-01
1.842193804676383606e-01 -3.613352229850556041e-01 -6.023871601433959666e-02
6.951471861625265758e-01 4.985142526568516752e-01 -1.821334829417546042e-01
1.960811161593727370e-01 -1.495482575565015015e-01 4.123451184189479424e-01
1.329409197415961918e-01 -4.282202410294804751e-01 -1.442688743500498104e-02
5.156675845487171950e-01 1.679703564303730856e-01 -6.816644547304151480e-01
5.162813493157816236e-01 2.919927667347904654e-01 -7.625657894708558482e-01
7.147067084521929736e-01 2.775056775373507811e-01 1.664490530798947571e-02
5.926700169191825296e-01 2.303431971163716896e-01 -5.515792620604419438e-01
6.788770742344089060e-01 1.098310504250792075e-01 5.702210902930182623e-01
2.611282711574899329e-01 1.076979552771950392e-02 -9.888584488407007322e-01
5.160740870268684666e-02 -3.359270839999410341e-01 -2.465854600336963298e-01
2.568528553505292078e-01 -2.068333702664561513e-01 -1.436444569556330529e-03
6.410902793297650337e-01 4.520224726040155544e-02 3.826314313116075949e-01
4.001591272758802109e-01 -1.543740628055370878e-01 3.712922291680250120e-01
3.467212995938142583e-01 -1.674643071722001497e-01 3.640594581340113045e-01
2.011539043339034549e-01 -9.075777610800793427e-02 -6.134828427026951525e-01
6.412984226743999594e-01 9.834590256645923956e-02 -1.732188814529874998e-01
1.509511809751583611e-01 4.558413506969769685e-02 -1.100037215663321355e+00
3.410167169915551133e-01 1.534610157508569661e-01 -9.715088807179365071e-01
4.229864159051222594e-01 2.153174360848209012e-01 -8.867483054155862465e-01
2.937340884247583439e-01 -1.700781234367915451e-01 3.734537638925070624e-01
2.440512430352113349e-01 -1.619638998438812094e-01 3.921719418804334167e-01
2.120591840965702912e-01 -1.494959511700680588e-01 4.027197232532031546e-01
6.195846588533580057e-01 -3.547242064979707482e-02 5.450882430279383462e-01
2.536961048069867886e-01 -1.828351099873619656e-01 4.872304473440521866e-01
3.081933171811799266e-01 -1.984063304337604361e-01 5.209136539427428048e-01
3.645132868780123769e-01 -1.978801101495548664e-01 5.283777384285210932e-01
4.189759590004744072e-01 -1.826301230625977379e-01 5.124482294988588205e-01
4.513548146484484547e-01 -1.603460392625811193e-01 4.857839427318587644e-01
7.150923327770021265e-01 2.698995110618310767e-01 6.323845250664332784e-01
4.363786545005844397e-01 -1.375865685688526241e-01 3.904806806974288613e-01
2.204572358116982100e-01 -2.063648062067044986e-01 -3.614099101705205985e-01
1.739601290832611113e-01 -3.061297751578679893e-01 -1.888496966590380854e-01
1.097277720810583973e-01 -2.664205212891221919e-01 -3.388701637371381303e-01
4.320280670855919380e-01 1.219754388383067489e-01 -8.020551252447660762e-01
3.501882959947212326e-01 6.990053173984916990e-02 -8.959561814710393923e-01
1.490089306145459536e-01 -4.175859318115761332e-02 -1.056802907435457461e+00
5.898599615220406767e-01 3.898345918851854885e-01 -6.151602600284868938e-01
2.142154397244354080e-01 -1.626124689745143681e-01 4.414256360436935034e-01
1.230025560135315360e-01 -3.349034832299989106e-01 1.806962296993580297e-01
2.530708631222572391e-01 8.808353985392346208e-02 -1.046627465087536457e+00
6.923815010104282797e-01 2.939429169383797058e-01 -1.836207579238207377e-01
9.665852010921391346e-02 -1.585200640023138596e-01 -6.016522831982743513e-01
1.083295605905819914e-01 -1.656707597555105993e-01 -6.306122230997726064e-01
1.174214171460155609e-01 -1.737708813190151635e-01 -6.661281594814610907e-01
1.260026259741419408e-01 -1.622222893819894596e-01 -7.043172100033234795e-01
1.754993448547086943e-01 -1.122526897965436532e-01 -7.648959335748312105e-01
1.789495012722380207e-01 -1.084304600146607789e-01 -5.607744019015603598e-01
1.892345702926825357e-01 -1.090654524162281147e-01 -5.562296521683330885e-01
1.986289013859613151e-01 -1.106900331597943099e-01 -5.496357970276521954e-01
3.070128687720761196e-01 -1.144136695203129550e-01 -4.774520400321584090e-01
5.565765271369141898e-01 -2.053534223261637565e-02 -2.396931787859000462e-01
1.227034476543287234e-01 -2.882965690047261109e-01 2.855064652038248330e-01
1.539752867312652040e-01 -2.043481555657511439e-01 4.828471679987428877e-01
1.888447380242955775e-01 -1.778118030378276482e-01 4.762262365226156979e-01
1.688581074960843198e-01 -9.982425238295597469e-02 -5.654045019848255027e-01
5.638103799620425294e-01 9.766199224158057801e-02 -4.435008767844876298e-01
9.955539161334042708e-02 -2.841026489527200272e-01 4.767382047900798892e-01
2.131213588994933239e-01 -7.210914680732727344e-02 -8.343123016095458366e-01
7.991001470318348510e-02 -3.838544750960313223e-01 2.241053599227659232e-01
1.658619280788387329e-01 -3.165326686637455755e-01 3.125195214275738181e-02
1.159773757078775835e-01 -1.033155702461318048e-01 -8.858416703697041816e-01
3.432003309632155608e-01 -2.437929916823028398e-02 -6.698382291257838350e-01
2.906602765709689895e-01 -1.730959614448689121e-01 -1.978417220716953695e-01
2.885272861500571828e-01 -4.448517481483656860e-02 -7.613508604215897257e-01
4.244036932846216303e-01 -1.512286317215119358e-01 -1.789324976508140930e-01
3.423246794191667219e-01 -1.507654779922577015e-01 -2.877169459348961622e-01
4.737645630248974449e-01 -8.440897450832489379e-02 -3.207554878215202465e-01
1.382490682399746817e-01 -8.533485004392987738e-02 -9.831351037463811338e-01
2.026948979901836423e-01 -2.651772363845636971e-01 -1.476787692046375132e-02
4.074211264215481521e-01 4.057770983695413447e-02 -7.187081752508837074e-01
3.296627237857586157e-01 1.035198474317352429e-02 -8.218495977513702311e-01
3.927262821384416291e-01 -3.177797617356074855e-02 -5.623630445875766881e-01
6.230191576902633921e-01 1.393405606224902282e-01 -3.230110563880148056e-01
4.795680881573462506e-01 2.770400731235251809e-02 -5.569801602799225870e-01
6.580466871212595770e-01 2.924727592204428572e-01 -3.718312208903274962e-01
3.803084215663454226e-01 -1.066952657715001807e-01 -4.057461896605773499e-01
1.615172814627076903e-01 -2.826528301531228138e-01 1.243428081891644610e-01
1.619013125470107894e-01 -3.848755002826098059e-01 -1.706294205639593553e-01
1.996994555326194465e-01 -3.147804941386798117e-01 -1.826911111011363109e-01
1.367304422858459656e-01 -4.375812805325712818e-01 -1.158419319553580101e-01
2.047845531587709766e-01 -2.359808034950828248e-01 5.764534232420785997e-01
3.079578783199461434e-01 -2.575796736328210823e-01 6.432754396895060678e-01
3.977073405646658899e-01 -2.555419791475385671e-01 6.540313271710451737e-01
4.691383848129905276e-01 -2.283370968909404775e-01 6.325800249352381277e-01
5.155617457074804788e-01 -1.854157387515955324e-01 5.872393732430040147e-01
5.414859932695659239e-01 -6.769014560065890473e-02 4.202734583183587724e-01
7.221781045925208531e-01 2.402822522506938008e-01 2.084872140342854396e-01
4.952873694698903262e-01 -9.846082035493711193e-02 2.763595415279488932e-01
4.330473389076060498e-01 -1.318211422159374091e-01 2.444385597814047184e-01
3.517264796749466349e-01 -1.557636090161692299e-01 2.452923313694597152e-01
2.744110871974247967e-01 -1.693566860988510170e-01 2.689687469603226355e-01
2.154285570948503981e-01 -1.742072316674467825e-01 3.009860381376239236e-01
1.747884037185490069e-01 -1.808493310936716281e-01 3.311394092226135344e-01
7.268327116399826426e-01 4.698044194669099838e-01 2.427760944990460801e-01
1.990129457697978332e-01 -2.807982793576825342e-01 -2.012248285804895676e-01
1.238675503333185740e-01 -3.726714598599835115e-01 8.659819474088903402e-02
1.192070287562415065e-01 -4.330223351084220851e-01 -1.837152740873229662e-01
8.668373683802839402e-02 -4.009361151417307756e-01 -2.219474530897715403e-01
1.191449900752058755e-01 -4.001135446898468895e-01 -1.935795738502884278e-01
1.833127404289746909e-01 -2.563816026507086954e-01 -2.239733907824163484e-01
7.389629835098834865e-02 -4.159924650614577057e-01 -2.326664903643350935e-01
7.191023841613107537e-02 -3.383055827195493581e-01 -2.410676002018294350e-01
1.746169650278421304e-01 -1.588228712774105433e-01 4.083949103682519288e-01
1.430282514570004604e-01 -1.940144277029894893e-01 3.824563949865797952e-01
1.238583516239802756e-01 -2.360419779182967026e-01 3.622962246987264656e-01
4.692254418791466652e-01 -1.372999355834256252e-01 4.659238457934420374e-01
5.070692928306009817e-01 -1.411310176559766871e-01 5.096367202930681684e-01
-3.254858686583635974e-01 -1.546294021425288490e-01 4.835995647728095204e-01
-2.611356060760471887e-01 -1.606259986745666168e-01 4.818541274306962219e-01
-3.246885870600944024e-01 -1.629473200311133962e-01 5.699133392481046112e-01
-3.907051387228742678e-01 -1.485803789794911678e-01 4.859570004846326396e-01
-3.268623683335289964e-01 -1.463140093898411542e-01 3.982179649409729461e-01
3.525241821291983935e-01 -1.610183266339591523e-01 4.541835486322207127e-01
4.155199497920211704e-01 -1.667263362063640675e-01 4.506807459706414498e-01
3.516154338177712169e-01 -1.694779828053216697e-01 5.435517235004280190e-01
2.890278964582624344e-01 -1.553354181148140223e-01 4.585180469876475318e-01
3.536705337040567110e-01 -1.525750237236424556e-01 3.647375813716390858e-01
