-1.342407160064602173e-02 -2.809646402846729951e-01 -4.602661975808338690e-01
2.194267174339564752e-02 -4.636615809070994132e-01 -2.012911526226882075e-01
2.497548059614005875e-02 -2.905587682026233853e-01 -2.608601416906437542e-01
-3.268192316394170904e-02 -4.205618051614892772e-01 1.284576224772365216e-01
2.174473809361145149e-02 -4.970292106240791763e-01 -1.089159640147573521e-01
2.072764457997081783e-02 -4.879936893219625760e-01 2.242616762564474814e-02
2.291312899468778488e-02 -3.587227175295376602e-01 3.568583827306998080e-01
-4.302140283621134209e-01 -1.134635044520442421e-01 4.498493304589326058e-01
2.336845551315201025e-02 -3.433338496900967263e-01 6.110269330582061009e-01
2.240662127358104827e-02 -3.705055727404639176e-01 7.336409623015887060e-01
2.104156233109446411e-02 -3.591159523636880957e-01 1.164894417008960570e+00
-1.214607287163746441e-02 -2.711440793367723145e-01 -4.847360949952737030e-01
-1.010084902390984488e-02 -2.497317936223827639e-01 -5.084622294118705810e-01
-7.203600898780795556e-03 -2.163847511955636072e-01 -5.253079685965225121e-01
-1.480816506520201553e-02 -1.928961524527792737e-01 -6.626800563062510419e-01
-1.563135510965277253e-02 -1.961944874862764088e-01 -7.009898837502117619e-01
-1.746764580348918877e-02 -2.053297240172833882e-01 -7.407048321867064633e-01
-1.723366723867848435e-02 -1.941159710286204931e-01 -7.758432977200593328e-01
1.252053485011344995e-02 -1.316291395149973564e-01 -8.260802483571798582e-01
2.089751547340997634e-02 -4.246933523292961143e-01 -2.408611031589086293e-01
-4.025753250368312164e-02 -3.357457961871653795e-01 -2.214833104692876808e-01
-6.674710115633417651e-01 1.379971671580963455e-01 8.553163638755401088e-01
-2.555885423831063541e-01 -1.708015862128333673e-01 3.519723398747062193e-01
-3.210419225348013494e-01 -1.638188179440999148e-01 3.459459635225669016e-01
-3.819893618801629698e-01 -1.457473253457779450e-01 3.569026744941515839e-01
-4.564753833718082077e-01 -1.001378445086431174e-01 4.256430917686114812e-01
-1.979112700781973100e-01 -1.664214337540430022e-01 3.747074693746101914e-01
-3.479485690674271048e-01 -2.222650701470698653e-01 6.300369130907483850e-01
-2.731971710619814919e-01 -2.215970689224718015e-01 6.160117077180651268e-01
-4.140728004062807499e-01 -1.984797026108098827e-01 6.158364067694259703e-01
-4.559773299146395176e-01 -1.679762533286811577e-01 5.805670124369084473e-01
-5.114148016433724964e-01 -5.952080290936679480e-02 3.725705342111281793e-01
-2.232038549265264460e-01 -2.616589686644438945e-02 -9.045254558207503903e-01
-4.511461933803390667e-01 -9.696926131114316783e-02 4.843990658204930244e-01
-6.886136538165690268e-01 2.136055339057105762e-01 4.643326494426752160e-01
-5.812918636820201268e-01 -3.905681229506487422e-03 4.536388308185484997e-01
-2.990546113778249637e-01 -1.790203982439007024e-01 -4.475074211821806341e-02
-8.526787164474286529e-02 -2.681670876569788309e-01 -4.424893933719129535e-01
-7.307731622882504552e-02 -2.356229358254058603e-01 -5.017629109509238461e-01
-1.487782602360757656e-01 -2.213851311437934621e-01 -4.597773272772036623e-01
-1.915074089441860528e-01 -1.691834336656011795e-01 -4.836850560084967610e-01
-1.254779288713359364e-01 -2.022589469537780515e-01 -5.031030946524946978e-01
-1.666832389950779203e-01 -1.516271178040285716e-01 -5.143696810948115150e-01
-2.871441405254427925e-01 -5.401114826241966427e-02 -6.236815658213341607e-01
-3.242253416020441509e-02 -4.567984409781166155e-01 -1.946346952257143048e-01
-4.200132323679832413e-02 -4.877339227344656414e-01 -1.046524003792418805e-01
-5.410311925786137621e-01 -1.588898826945621123e-01 6.724774789556944299e-01
-1.679547586110530233e-01 -2.199013111993107228e-01 1.803977794397530754e-01
-1.801107789197822218e-01 -3.038395294064003549e-01 -1.343300569861924643e-01
-1.851415178319451016e-01 -2.916307289039228867e-01 -7.977846196588569971e-02
-4.868459643994014208e-01 -9.865036887188102788e-02 -7.563623226874931389e-03
-3.791483950885893295e-02 -4.671120436400742482e-01 1.828077761514518285e-02
-3.952639474945176534e-01 -2.774373453596377659e-01 7.576695666424939635e-01
-4.814661350731712641e-01 -2.244873509533997780e-01 7.328218404913564576e-01
-6.037418287612020817e-01 -3.930367720344903233e-03 9.934834673816973494e-01
-1.145427402743334905e-01 -3.254253749502408199e-01 6.483926421921637484e-01
-2.069873508474922019e-01 -1.999465033417344162e-01 5.712522123414734976e-01
-3.374164924532839782e-01 -4.651770540123086051e-02 -5.115301889772384536e-01
-6.094299940368829160e-01 4.877105323319816388e-01 -3.675741012506338334e-01
-1.319727445568688318e-01 -2.724491975010480682e-01 -1.867560197011290113e-01
-8.146030689206812392e-02 -2.724403429763662121e-01 -2.158511171721116673e-01
-2.462033770412469791e-01 -5.709153418705380234e-02 -5.384785075608482519e-01
-2.320902734904432552e-01 -7.408655957433886441e-02 -5.492924864196939705e-01
-5.132001981889657838e-01 -2.021414245074825700e-01 7.979975568615422787e-01
-1.839676332530381375e-01 -2.633513731790417811e-01 -1.683232574771336698e-01
-2.765398471498968780e-01 -3.126094533105069351e-01 7.386991358533478991e-01
-2.863299185396360746e-01 -3.344216567678390817e-01 8.114628985504531711e-01
-3.467791844294053627e-01 -2.689623366941755744e-01 1.153497686725586391e+00
-5.574767965359181954e-01 -1.176149399154452352e-01 8.835123934697916015e-01
-3.089756010477162640e-01 -3.050245629517340240e-01 9.741508027706647921e-01
-5.757521364563374933e-01 -1.108811833754931864e-01 7.257604258266611152e-01
-6.208138244897196678e-01 7.283085263007979017e-03 7.736553552207852125e-01
-8.093675683486614703e-02 -2.586078491661109036e-01 -4.756881102828909857e-01
-1.374739774120146418e-01 -2.142693840107877390e-01 -4.823919924647126489e-01
-1.798734388103995774e-01 -1.654784871283325742e-01 -4.987158920383660821e-01
-1.171204801491346204e-01 -2.560663605509723717e-01 -2.020242590109255776e-01
-2.388512222567232557e-01 -6.581559050286492352e-02 -5.439310286888654478e-01
-2.145773140733500950e-01 -1.040879053333195331e-01 -5.978651479613201758e-01
-2.240319144342982072e-01 -7.653737905025968791e-02 -5.535854977768588370e-01
-1.029104905849317492e-01 -3.658337151007934884e-01 -1.727653899510801228e-01
-1.565695615084356229e-01 -1.390869679762520295e-01 -5.264292622183943671e-01
-1.148040911523818958e-01 -1.748498176746807742e-01 -5.191443695647395273e-01
-6.516657626850339002e-02 -2.058317255807675661e-01 -5.193669853808495773e-01
-7.344233115858017635e-02 -1.261648743360631875e-01 -8.169240577964937966e-01
-9.138216839707746786e-02 -1.900204699069321379e-01 -7.623531990894629740e-01
-8.848295251857363208e-02 -2.010335211281785439e-01 -7.257050159073648032e-01
-8.107462503936807563e-02 -1.906891018546267580e-01 -6.841180587264656943e-01
-7.272818267519154389e-02 -1.872620769260720242e-01 -6.479261961582325480e-01
-1.610175744312103974e-01 -1.367473563058279329e-01 -6.090870637641849772e-01
-1.741194381328708407e-01 -1.432691918755868987e-01 -6.254826725106472640e-01
-1.873713694642774041e-01 -1.499819770739408420e-01 -6.451909470366483657e-01
-1.966540006934488494e-01 -1.361756319891618827e-01 -6.666513528364289565e-01
-2.542057463801307149e-01 -1.581785967529047432e-01 -3.726889447274915890e-01
-6.816575851970874123e-01 5.178483971264816743e-01 1.058372751686521562e-01
2.467875580461845186e-02 -3.374426651757667095e-01 -2.476141858668756413e-01
-1.898665521814047741e-01 -1.030280115702318089e-01 -5.844738664578263965e-01
-2.022393334260419173e-01 -1.067587265376481326e-01 -5.913645403742384676e-01
-6.023256792588100456e-02 -2.727504954671640669e-01 -2.510951173568669592e-01
-1.608523232626174748e-01 -2.102979367270876032e-01 -2.165891800708159010e-01
-7.051438798620239534e-02 -2.736610289934655049e-01 -2.339663838328052969e-01
-2.343799909957146044e-01 -1.906762651230480832e-01 1.343503954199058992e-01
-3.388300088561763124e-01 -1.625573345159619931e-01 8.167582739544522463e-02
-1.956210551643044748e-01 -2.507347861459565674e-01 -1.142134247779268003e-01
-5.025332383187397500e-01 -1.467283724579531157e-01 1.096124160430424821e+00
-4.582641998724742982e-01 -2.188725647137528818e-01 9.550348924731362210e-01
-4.153817432109541130e-01 -2.757281778126388083e-01 8.314251163106870512e-01
-2.287200597497623389e-01 -8.306573557827806598e-02 -7.102857274715050906e-01
-1.325529736774055944e-01 -3.640530775056368684e-01 7.711012301933464208e-01
-1.541591548412124535e-01 -3.527955453936433283e-01 9.621277592955264080e-01
-1.784504807307961127e-01 -3.388051091832785522e-01 1.172042363107784979e+00
-4.309657584867811475e-01 -1.204143531400990175e-01 3.827069209721302712e-01
-5.828200436066182100e-01 -1.441134103589966978e-02 3.126196231769074463e-01
-1.595435141079335761e-01 -1.617359453063919872e-01 3.970030204494519044e-01
-5.143443231588189501e-01 -1.106356417785651219e-01 5.485895549190300535e-01
-1.234800278669273416e-01 -2.505685283300531085e-01 2.344410112347515840e-01
-1.427774093609857076e-01 -3.707057901102472908e-01 -1.120098233713296698e-01
-6.397378758881429039e-01 6.210633447606165453e-02 2.606822654678583873e-01
-5.428651884857669252e-01 -6.365144864587840567e-02 2.353178986746041201e-01
-4.635884099293638982e-01 -1.183718697943650783e-01 1.874585281035916484e-01
-3.406986843077510208e-01 -1.500651686231118664e-01 1.916666987372752096e-01
-2.493700844286567686e-01 -1.702757531206002539e-01 2.248019033220600427e-01
-1.810265018901079381e-01 -1.928847161110576192e-01 2.629191612951290447e-01
-3.774941159333333046e-02 -3.314293160776358160e-01 3.416648609055180641e-01
-6.276747943584950473e-01 6.872807713263866247e-02 6.414073704075226590e-02
-5.656180895853373247e-01 -8.203436715305889582e-02 5.723406408182858396e-01
-1.287930207929739723e-02 -4.209181018480218639e-01 -2.354897328725871486e-01
-1.631840412830372622e-01 -2.343327116168145707e-01 8.088093712800466240e-02
-7.060299850216186224e-01 4.162053523913608055e-01 5.075284912775561708e-01
-1.277844163210146711e-01 -2.088759760369909568e-01 3.066817546566471542e-01
-1.995363337300526951e-01 -1.883125961741065890e-01 -1.089685636786453804e-01
-4.766703380746223906e-01 -8.458056405904572361e-02 4.846859701724088865e-01
-1.462009493866072984e-01 -3.549437871726094929e-01 -4.588479239786023844e-02
-6.534889752426290555e-01 5.191563199445545784e-01 -1.226047241881814548e-01
-1.559294165856287551e-01 -1.511803739728764251e-01 4.293225892322998227e-01
-9.461495456177254626e-02 -4.242934261399114448e-01 -4.443276806977912788e-03
-4.881513672505784496e-01 1.858898880007519572e-01 -6.479026286293766423e-01
-4.819791883332904536e-01 3.108773360649937922e-01 -7.322915200289489279e-01
-6.773563017022108390e-01 2.950873042053256401e-01 8.047956311053609813e-02
-5.615782226562822110e-01 2.486489942563575029e-01 -5.078918879232037220e-01
-6.573047451156038834e-01 1.263995295140029063e-01 6.350064580438572470e-01
-2.350542092386611881e-01 2.164665632091335168e-02 -9.780433613946755145e-01
-1.761471702497934520e-03 -3.326171853984325466e-01 -2.424922251939489182e-01
-2.208707934634110137e-01 -2.010328190710162777e-01 2.019279602553204073e-02
-6.360238046791728550e-01 6.083766560999803036e-02 4.499258994111032250e-01
-3.716346379081547635e-01 -1.466040840907052167e-01 4.044900610097141858e-01
-3.178356846545237202e-01 -1.619296827613008194e-01 3.929678556835358716e-01
-2.247918129787894737e-01 -9.179000107362353389e-02 -6.040493750777362614e-01
-6.123149961371722183e-01 1.135450232037085172e-01 -1.179633755155544417e-01
-1.154756530188404823e-01 5.119337524876130252e-02 -1.095336610776311392e+00
-3.062758851569264418e-01 1.666372239402159339e-01 -9.592839278642386613e-01
-3.880810218552125379e-01 2.310121845281729314e-01 -8.678794788363459745e-01
2.159113073652138212e-02 -3.690691316107112541e-01 9.453558196252307422e-01
1.900704905809902368e-02 3.167057877233617896e-02 -1.115042391905303187e+00
-2.627176487294249352e-01 -1.662224463681015174e-01 3.988436240198269256e-01
-2.086633838297734245e-01 -1.609662754173954435e-01 4.138650921839167052e-01
-1.728026199256432749e-01 -1.506056415230247192e-01 4.223837241707567580e-01
-6.097689295843526924e-01 -2.103134889270621283e-02 6.081842318143131365e-01
-2.208672385101117519e-01 -1.813218180105975463e-01 5.058583530723510524e-01
-2.804910352439085042e-01 -1.935589272540771399e-01 5.395555254334674089e-01
-3.374872864952584983e-01 -1.904902975660675846e-01 5.477772969277112658e-01
-3.911699612764170109e-01 -1.728193597057360587e-01 5.358413319866948132e-01
-4.229986431492234189e-01 -1.496666838579286396e-01 5.143232095852411367e-01
-6.981022891662145291e-01 2.888079066965475450e-01 7.036466363312061656e-01
-4.068261556040419502e-01 -1.285980206328533049e-01 4.258207722908560755e-01
2.384970333549293192e-02 -2.738859392577640550e-01 -3.271786857760692335e-01
-1.875380261717613239e-01 -2.005040411193971528e-01 -3.385143473882119558e-01
-1.315798314613853270e-01 -2.981223540025000340e-01 -1.755440237273447335e-01
-6.663526563626119559e-02 -2.653465161130328931e-01 -3.272211899972995441e-01
2.323823659881251585e-02 -3.274326485810781784e-01 4.872532690487195173e-01
-4.050400463774059268e-01 1.389267902413554856e-01 -7.774521665559099848e-01
-3.241962513402493196e-01 8.509225368577288950e-02 -8.793351058459668579e-01
-1.230625401914436229e-01 -3.538562569793447105e-02 -1.050019146685211568e+00
-5.505513875136673896e-01 4.082037375070168839e-01 -5.740674185881481373e-01
-1.766913488401690713e-01 -1.641137140701069141e-01 4.585560784529227329e-01
-8.083150063232186211e-02 -3.327506787191520932e-01 1.896559392366296559e-01
1.397658576731535852e-02 -5.283440592470130259e-02 -1.068238397990280086e+00
-2.187715560406841009e-01 9.768310711092975662e-02 -1.039719741404290687e+00
-6.545946407177174464e-01 3.118251643233178605e-01 -1.245490234688607784e-01
-1.211309961964457671e-01 -1.652815120864956078e-01 -6.276837366496206272e-01
-1.345092503215319646e-01 -1.712881872010098006e-01 -6.550165517001260707e-01
-1.453817807207656299e-01 -1.789899574625520295e-01 -6.904966486251991054e-01
-1.518353920689217151e-01 -1.667660150703764999e-01 -7.259705008096952739e-01
-1.605798650628573743e-01 -1.122840670507313371e-01 -7.767076378998718500e-01
-2.007276741110992635e-01 -1.097439091917245257e-01 -5.294882673860180633e-01
-2.131521483399077543e-01 -1.108511326803316988e-01 -5.213687605321346563e-01
-2.235766799671896898e-01 -1.120582158712379733e-01 -5.124840686198079975e-01
-3.087577682503669929e-01 -1.031181089719990646e-01 -4.303888027187646736e-01
-5.339832651658633633e-01 -5.687320109343797954e-03 -1.914366951334271483e-01
-7.949039075022114320e-02 -2.870184994938822509e-01 2.950348238234873355e-01
-1.114779055364704119e-01 -2.020489057228838370e-01 4.940338719700237968e-01
-1.509611368529518161e-01 -1.787483018183784744e-01 4.887203824132527741e-01
-1.881651904577195666e-01 -1.036553451241746804e-01 -5.370878504490109728e-01
-5.381666502095490134e-01 1.152286414412232590e-01 -3.971593525949500547e-01
-5.933132307596625937e-02 -2.832577488981301572e-01 4.849028119448765550e-01
-1.944383018067918911e-01 -6.528188672247342561e-02 -8.368455621664170341e-01
2.144830448780199114e-02 -4.434832740466175816e-01 1.364663565582978078e-01
-3.650160048558478976e-02 -3.815611775051377386e-01 2.289261226421207551e-01
2.236869614679605489e-02 -3.990554176867121550e-01 2.425511036533993525e-01
-1.262569713867612853e-01 -3.117770542455712279e-01 4.457833179441900162e-02
1.219120612604875434e-02 -9.892684794512421331e-02 -9.934718235776817119e-01
1.245362674781041665e-02 -1.138453225642669653e-01 -9.043334137126162187e-01
-9.381345719735512123e-02 -9.832076199214005718e-02 -8.919077129414694216e-01
-3.417773846442772046e-01 -1.217636213743525375e-02 -6.402920593208072386e-01
-2.561567949180835191e-01 -1.633242744408215930e-01 -1.737918869298353819e-01
-2.745733678788431220e-01 -3.456688328875207744e-02 -7.544573684654967138e-01
-4.006080172905137626e-01 -1.384919206586159857e-01 -1.414366219746484021e-01
-3.166109545576366591e-01 -1.400392103321729809e-01 -2.566127145306827395e-01
-4.540625150691890988e-01 -6.888145011780763549e-02 -2.768020137058659347e-01
-1.150253038265209027e-01 -7.951817442674810610e-02 -9.766186981924033228e-01
-1.640690896563291590e-01 -2.594364418340007750e-01 8.817184170369107322e-04
-3.892798887275316089e-01 5.567055241249890124e-02 -6.930584266058738008e-01
-3.076306085304655880e-01 2.424043742091019915e-02 -8.052094146262667174e-01
-3.939300531234180558e-01 -1.796794617816516171e-02 -5.139800650375552227e-01
-5.937742797029523789e-01 1.562056979561741998e-01 -2.720901556046279035e-01
-4.655476951788752871e-01 4.494678915254003704e-02 -5.151343800774271786e-01
-6.212844583070951110e-01 3.089332808939086461e-01 -3.188223716926082973e-01
-3.694433068525238006e-01 -9.315368354980221866e-02 -3.616112563887596831e-01
-1.208295326859662178e-01 -2.808644703381644736e-01 1.370118693920019948e-01
-1.227619872996863898e-01 -3.798450633061583037e-01 -1.579615141993602478e-01
-1.599752984356669905e-01 -3.061064175598018910e-01 -1.674864411505945783e-01
-9.613545458725988868e-02 -4.319866450755929232e-01 -1.049756657776877017e-01
-1.639893057044354008e-01 -2.321044308893044084e-01 5.864325611962998286e-01
-2.714607338732186737e-01 -2.478916634955050102e-01 6.571768983093018157e-01
-3.640708972715420710e-01 -2.430256974187534613e-01 6.733623251807396848e-01
-4.393118888452924309e-01 -2.143999234699696110e-01 6.567137313181241609e-01
-4.899904630907345182e-01 -1.708315258195226283e-01 6.163996979438549628e-01
-5.214449298795313936e-01 -5.474135569603383322e-02 4.691444725330526921e-01
-6.925332223259608178e-01 2.561840945594534014e-01 2.756472481660366958e-01
-4.787401908833689990e-01 -8.753643505090445698e-02 3.252906372211484820e-01
-4.165126683542109132e-01 -1.223315679540215029e-01 2.877915237997160647e-01
-3.321942160292941093e-01 -1.492817589146126500e-01 2.800136544740309263e-01
-2.504662700282800358e-01 -1.656169343225952773e-01 2.968667748775420390e-01
-1.856016517872549343e-01 -1.709668240421362007e-01 3.249067001523977538e-01
-1.406063678815346885e-01 -1.792092157634417871e-01 3.509511257051751709e-01
-6.965883890540256473e-01 4.865663080731919554e-01 3.128425802479637419e-01
-1.595868733798309624e-01 -2.716152353524631247e-01 -1.866188170237163824e-01
-8.153365640823818927e-02 -3.707196799277794330e-01 9.562321828408905378e-02
-7.929732078654364025e-02 -4.277912382122817103e-01 -1.745155239822756554e-01
-4.704174452176575899e-02 -3.954260567187977138e-01 -2.151734330145081420e-01
-7.947954589268790837e-02 -3.950913908753048709e-01 -1.839888366045795420e-01
-1.422673519096153139e-01 -2.462093539829190159e-01 -2.109197133955643400e-01
-3.394316168401684264e-02 -4.114801197491521623e-01 -2.271582153575712193e-01
-2.434067438284563331e-02 -3.333047874175771863e-01 -2.355800013729444919e-01
-1.350138713490722786e-01 -1.588707429459972897e-01 4.248942021382431933e-01
-1.050701327585588790e-01 -1.929859947805794840e-01 3.975826071474063417e-01
-8.779940409633135712e-02 -2.342000833591261488e-01 3.734874165440220661e-01
-4.394956664310421535e-01 -1.262621613185820890e-01 4.979236216529235870e-01
-4.798598361748069863e-01 -1.271603795188646080e-01 5.397493633780414690e-01
7.570750044531417144e-02 -4.201785301964978681e-01 1.237443140401717490e-01
4.599027783467880548e-01 -1.232249862173597776e-01 4.182982993022271723e-01
8.636642151143789081e-02 -3.396168963349007197e-01 -2.271392116948277029e-01
6.766318712189128837e-01 1.185376827935517990e-01 7.841622971931352382e-01
2.806435532403093180e-01 -1.734143118899650893e-01 3.449021729085567367e-01
3.426895181545545621e-01 -1.687724128696883319e-01 3.362211800233633197e-01
4.017204026773235070e-01 -1.530428695056354482e-01 3.390827154107417529e-01
4.799253553140946926e-01 -1.096793691634924128e-01 3.914831383895637229e-01
2.293215624473050884e-01 -1.686015351144760643e-01 3.669149400223105095e-01
3.758654823283757995e-01 -2.302733749435297017e-01 5.948562817865470365e-01
3.026054847306933748e-01 -2.280008447973155827e-01 5.829326297251280486e-01
4.419516741669469728e-01 -2.098505432342915866e-01 5.777324973868858127e-01
4.827471782443565895e-01 -1.815996443608469679e-01 5.380603612342270692e-01
5.259385108482337312e-01 -7.175947213235325806e-02 3.278343563073238820e-01
2.457176077429026884e-01 -3.668351531393530124e-02 -9.164756736719268382e-01
4.821983654540033526e-01 -1.073432248529651301e-01 4.471030973659303465e-01
7.105394657814483317e-01 1.955968004829335416e-01 3.957536310616400765e-01
5.915579088189848456e-01 -1.911956141876595267e-02 3.975288387471326290e-01
3.301141033553290915e-01 -1.873400989496131763e-01 -7.367360734161146341e-02
6.099675916571942885e-02 -2.697046077615375959e-01 -4.481434550526788296e-01
5.660388556617700767e-02 -2.345011489298822749e-01 -5.074276975226297282e-01
1.344775916598303089e-01 -2.198384882584371036e-01 -4.712602945054906733e-01
1.861341450121462293e-01 -1.655840612387878552e-01 -4.963615647918444562e-01
1.157161445515519083e-01 -1.981878643836850751e-01 -5.114964158474115674e-01
1.648873878821371097e-01 -1.480023792234719249e-01 -5.224038382427509397e-01
3.028067008209401889e-01 -6.052976963512402692e-02 -6.437123168737499679e-01
7.434989827986936139e-02 -4.599820863541529969e-01 -1.996043605612070615e-01
8.244154948142375094e-02 -4.912652063446807382e-01 -1.105324627791279823e-01
5.577339531577018006e-01 -1.736393989330404786e-01 6.271081136142011569e-01
2.054005066935547519e-01 -2.218497256033701848e-01 1.632613052680353394e-01
2.190895218636290387e-01 -3.106319434583660333e-01 -1.504286751532183941e-01
2.227938582004841961e-01 -2.983926100744072052e-01 -9.646185315430511054e-02
5.097018841456359972e-01 -1.098680666846098414e-01 -5.385005293722392589e-02
7.925895129059623567e-02 -4.677819348398439825e-01 1.334753559550528809e-02
4.260755227288557934e-01 -2.915878594670903157e-01 7.243107248711002644e-01
5.057859155889520286e-01 -2.396976911381236697e-01 6.955762618289400567e-01
6.169483752693731837e-01 -2.297370855374550672e-02 9.267483840674868301e-01
1.591111897872939940e-01 -3.289655084441967525e-01 6.303293994854645144e-01
2.405156903922268385e-01 -2.031168016941425070e-01 5.401711396713513302e-01
3.530861432895632257e-01 -5.330686679696739622e-02 -5.364142539397603882e-01
6.502733774853106663e-01 4.683568472873311794e-01 -4.180113586662081437e-01
1.744395715837856464e-01 -2.795896135597154553e-01 -1.988969585158517628e-01
1.276585285337797915e-01 -2.811798606645992127e-01 -2.248310442360763328e-01
2.584556260650059389e-01 -5.305187154665592236e-02 -5.578186848981467882e-01
2.419960778027719639e-01 -7.208336739565648910e-02 -5.653967982515231139e-01
5.349934718949742596e-01 -2.179458168882585367e-01 7.524156342428622857e-01
2.213605520295481854e-01 -2.712532548362157625e-01 -1.844529595006300926e-01
3.153650371109393280e-01 -3.247586337090906383e-01 7.102527481284839350e-01
3.252455873120759788e-01 -3.472312784903337501e-01 7.777130233355078470e-01
3.750134335215749015e-01 -2.817664684887905002e-01 1.110640849727505319e+00
5.766184050763354385e-01 -1.335352057740138432e-01 8.276258462209581390e-01
3.422955033306505079e-01 -3.158171911710794255e-01 9.389622250361557843e-01
5.912066134338840317e-01 -1.257697229650886483e-01 6.694806851626513566e-01
6.382469554740739515e-01 -8.797625074493112957e-03 7.121938840476778054e-01
5.939256679769054637e-02 -2.588987930634381041e-01 -4.813423993520249966e-01
1.250752652958277145e-01 -2.115261068454988014e-01 -4.928724533275313235e-01
1.754809145375200163e-01 -1.620622155317060220e-01 -5.092595653266920319e-01
1.610313475228817015e-01 -2.641719820544309316e-01 -2.129629512682426340e-01
2.500595103119434004e-01 -6.344077272786259603e-02 -5.618287658419691688e-01
2.109499776778209212e-01 -1.029628486823113420e-01 -6.215982651251705793e-01
2.335605956666970129e-01 -7.401381931284659044e-02 -5.674408481770545354e-01
1.432978425241565879e-01 -3.680617382270843230e-01 -1.833965487261804972e-01
1.564049597281909898e-01 -1.354173750487678296e-01 -5.319921621718457505e-01
1.091869520241568192e-01 -1.695938342062064674e-01 -5.240594209281486116e-01
5.418681848359390568e-02 -2.022774805430065104e-01 -5.239229606856905530e-01
9.425547689182889322e-02 -1.290868222654110165e-01 -8.246060342306613666e-01
5.896541535435695369e-02 -1.895906983683303682e-01 -7.704583565788538646e-01
5.514520860139198594e-02 -1.992746225318461351e-01 -7.344096520121263794e-01
5.190050969781637158e-02 -1.882472253231217418e-01 -6.942972941034832868e-01
4.617331332530998089e-02 -1.841200971370396955e-01 -6.581630478417828112e-01
1.474779586985053847e-01 -1.337161992717645631e-01 -6.319473148352786618e-01
1.590163361130659536e-01 -1.421635062621329493e-01 -6.492019945271667591e-01
1.701219959850167884e-01 -1.496142549977150238e-01 -6.696519171639171430e-01
1.814607963364533727e-01 -1.360095803095391354e-01 -6.903288463726567903e-01
2.818345320218093031e-01 -1.648752172158474694e-01 -3.938294692679313869e-01
7.171889984278332353e-01 4.970890898374579758e-01 3.905573693239182409e-02
1.865933057279286489e-01 -9.901813539497565653e-02 -6.063656567397822661e-01
1.980443571767051270e-01 -1.048226011400676394e-01 -6.150169670786529430e-01
1.080976819630229957e-01 -2.777271940824707075e-01 -2.580619842118910823e-01
2.027016248493982986e-01 -2.205172476371330681e-01 -2.310147972750596634e-01
1.176384806665760063e-01 -2.809211605521947375e-01 -2.422965971124502738e-01
2.688529881306663816e-01 -1.938560733505268474e-01 1.110942105769963661e-01
3.689331133975559673e-01 -1.696937907657263822e-01 4.823648373798949951e-02
2.335192873026114002e-01 -2.582353176129357220e-01 -1.318397480469117866e-01
5.224049772675761760e-01 -1.649474331177022690e-01 1.037556289825132261e+00
4.834941084320802385e-01 -2.341071445800448347e-01 9.064576106234255581e-01
4.461758586746578659e-01 -2.904942538335744673e-01 7.918067181893839734e-01
2.431246183329733579e-01 -8.754406151077981368e-02 -7.250752659584691617e-01
1.793713036341249567e-01 -3.696601538465672521e-01 7.434975128180043580e-01
1.923646429431574989e-01 -3.591084524622130125e-01 9.427624551132733899e-01
2.133459923152578597e-01 -3.475370044740710984e-01 1.148028038579288257e+00
4.515217884462198739e-01 -1.294852289777700949e-01 3.561458638861476622e-01
5.897610524239373930e-01 -3.055037643181560472e-02 2.570475132168906773e-01
1.956603246484289738e-01 -1.613706101057294229e-01 3.881168257725435833e-01
5.355442046601051054e-01 -1.241562438061704632e-01 5.015745682298068386e-01
1.632031660317991850e-01 -2.512827589473445866e-01 2.215964298131111732e-01
1.818312113187969259e-01 -3.762933367077361257e-01 -1.264442289267954378e-01
6.628716519842325905e-01 4.526668310656149080e-02 1.980919277049332794e-01
5.494484820023222138e-01 -7.724214528498385413e-02 1.855969511392472626e-01
4.721499974574562830e-01 -1.294499794408364435e-01 1.464203872136544404e-01
3.561163217692510097e-01 -1.565458934870917751e-01 1.637084934137399139e-01
2.706101850467128589e-01 -1.741328624505063816e-01 2.079558549794532085e-01
2.070855245578033521e-01 -1.956154002385921409e-01 2.522697439284517507e-01
8.268711125552655195e-02 -3.318412706658686595e-01 3.358906981790873436e-01
6.531816592797792254e-01 5.375896119027898101e-02 4.529454025645043846e-03
5.788676555283704950e-01 -9.647380746494424453e-02 5.170340854040211820e-01
5.353871158365514776e-02 -4.216552244712671316e-01 -2.381478547909971211e-01
2.018834278967338303e-01 -2.366239015178991933e-01 6.477850383997385553e-02
7.288422253416613206e-01 3.977446356159600738e-01 4.350986749032224599e-01
1.601201965321689125e-01 -2.099328621528839534e-01 3.010607551604826959e-01
2.409375898498157531e-01 -1.959298561076466827e-01 -1.272462083913473985e-01
5.044672529119669235e-01 -9.525522865061655797e-02 4.439387962926688580e-01
1.838422798997806917e-01 -3.605955629263324358e-01 -6.011540545306857941e-02
6.937242066802316032e-01 4.974937845210625209e-01 -1.817606522457177187e-01
1.956797343934468802e-01 -1.492421294352174188e-01 4.170813129845539202e-01
1.326687871559865117e-01 -4.273436660695037470e-01 -1.439735474783506754e-02
5.146416025981130904e-01 1.676265179230869706e-01 -6.802427559029238235e-01
5.152245115959548372e-01 2.913950519999644606e-01 -7.610048028281459764e-01
7.132436902565781889e-01 2.769376212146572591e-01 1.661083402054950448e-02
5.914568101470984995e-01 2.298716802205150456e-01 -5.504501688433572903e-01
6.774873999799984059e-01 1.096062249469339223e-01 5.690538430309951545e-01
2.605937366308445080e-01 1.074774945608898691e-02 -9.872491004115961921e-01
5.164336582730876674e-02 -3.343970160730809216e-01 -2.449515659722553695e-01
2.563270726811776590e-01 -2.064099784323211451e-01 -1.433503757060280602e-03
6.397779553616267378e-01 4.510971740242966654e-02 3.818481744446739490e-01
3.993399939482893957e-01 -1.540580561693259964e-01 3.844220561998640262e-01
3.460115545136100978e-01 -1.671215045573492541e-01 3.786680962102347836e-01
2.241832308140688790e-01 -9.028693560421843789e-02 -6.279553245643080261e-01
6.399856726328853052e-01 9.814458587113338017e-02 -1.728642991153758190e-01
1.506421810430121633e-01 4.549082462973857988e-02 -1.097785418606800123e+00
3.403186493001968405e-01 1.531468781392942846e-01 -9.695201836022065978e-01
4.221205546845004930e-01 2.148766772069486963e-01 -8.849331148060520791e-01
2.931328091713869544e-01 -1.697299702904430663e-01 3.861416428311252313e-01
2.435516655092131444e-01 -1.616323566672158429e-01 4.010327189938153736e-01
2.116250949223517364e-01 -1.491899301209496098e-01 4.094239187011844971e-01
6.183163572984595735e-01 -3.539980754834387566e-02 5.423434414186436570e-01
2.531767840659055468e-01 -1.824608430474475296e-01 4.766556583188570895e-01
3.075624396121427462e-01 -1.980001889100879153e-01 5.034520298944056282e-01
3.637671212621882977e-01 -1.974750458087906058e-01 5.093900243470421696e-01
4.181183072612453255e-01 -1.822562757348084872e-01 4.967174400991018479e-01
4.504308827772350310e-01 -1.600178078772287737e-01 4.755049034498423088e-01
7.136285252010765578e-01 2.693470216406444462e-01 6.310900280737167245e-01
4.354853791134054575e-01 -1.373049262519302482e-01 3.996872530499913090e-01
2.252545134466449328e-01 -2.059171468184957110e-01 -3.546955458220000246e-01
1.736040293976832127e-01 -3.050783715074766311e-01 -1.882085505877306164e-01
1.111300702646458166e-01 -2.660832381929860713e-01 -3.344768801922872181e-01
4.311451534428212828e-01 1.217257512673968756e-01 -8.004133953348082642e-01
3.494679060360671441e-01 6.975228118135337607e-02 -8.943465877264868968e-01
1.487039065057471632e-01 -4.167311254843820978e-02 -1.054806503923083838e+00
5.886525069866828108e-01 3.890365900118588627e-01 -6.139010153019474059e-01
2.137769366540260840e-01 -1.622795981645303032e-01 4.402160505051962991e-01
1.227507674470794258e-01 -3.342179294441651738e-01 1.803263410879839546e-01
2.525528222627702046e-01 8.790323040982511715e-02 -1.044484998804032116e+00
6.909641829381258926e-01 2.933412071434625679e-01 -1.832448827476707287e-01
1.008436221188015874e-01 -1.614086790796075421e-01 -6.455376647671353663e-01
1.115784781941672882e-01 -1.687592866595981067e-01 -6.736249270097161013e-01
1.193598584665743478e-01 -1.769059838323552292e-01 -7.082336850480439594e-01
1.271798054282636814e-01 -1.651856457566280856e-01 -7.408690234974246724e-01
1.758553451632428044e-01 -1.141268215719550144e-01 -7.883885310434401994e-01
2.049854578370298719e-01 -1.072127891517643261e-01 -5.382938911251107239e-01
2.171063303773996811e-01 -1.071374795809563740e-01 -5.316302639672383368e-01
2.275717704005645881e-01 -1.082176782360765310e-01 -5.230830811365161370e-01
3.276824970924953062e-01 -1.094341868964285175e-01 -4.525549926299412551e-01
5.551933136325650775e-01 -1.992932256151638826e-02 -2.384268425041296546e-01
1.224522713683642711e-01 -2.877064204567985062e-01 2.854364142734802656e-01
1.536600963972459821e-01 -2.039298510132719622e-01 4.759216154551600408e-01
1.884581692617413040e-01 -1.774478189025691932e-01 4.683851248537901357e-01
1.932525204833824839e-01 -9.910815223459878975e-02 -5.451022432667189666e-01
5.627769876122323822e-01 9.902436823807791999e-02 -4.394733468302370327e-01
9.935159983738622858e-02 -2.835210854387293922e-01 4.748710751194726298e-01
2.127210533364834177e-01 -7.280583225462597396e-02 -8.486292894584411828e-01
7.974643738658632186e-02 -3.830687177008758049e-01 2.236466119980236589e-01
1.655224055644011760e-01 -3.158847202839627499e-01 3.118797899523528816e-02
1.159470805492640311e-01 -1.039376904707406124e-01 -8.989116794444236280e-01
3.604377460310146386e-01 -2.290265154906255193e-02 -6.663196260163380957e-01
2.900652894687957839e-01 -1.727416307268465345e-01 -1.974367363120549668e-01
2.905883717672403943e-01 -4.510383561803758823e-02 -7.733104284313595533e-01
4.235259828631328660e-01 -1.508983756075029103e-01 -1.785377673498693973e-01
3.420096013457693540e-01 -1.493955747843859760e-01 -2.848647064905019954e-01
4.728105436957094065e-01 -8.118880151671001300e-02 -3.144337008793248178e-01
1.379815606079068391e-01 -8.520836604465309438e-02 -9.836185597931869085e-01
2.022799776873364652e-01 -2.646344135492589289e-01 -1.473764545494213318e-02
4.111737600094538814e-01 4.052855285313908262e-02 -7.166853030838131744e-01
3.296017717732399044e-01 1.011442746812783039e-02 -8.225869993867768182e-01
4.119093552866698871e-01 -2.674052683761756269e-02 -5.446066657127189847e-01
6.217414849777178620e-01 1.390607510248238199e-01 -3.223423914888455810e-01
4.852791623669719945e-01 3.093295047291437852e-02 -5.470518887242945549e-01
6.566996530645801133e-01 2.918740649975048451e-01 -3.710700753247033745e-01
3.873093338017354337e-01 -1.020200759476711377e-01 -3.921634962025446480e-01
1.611866525223443203e-01 -2.820742344457289885e-01 1.240882791666893109e-01
1.615698974877298744e-01 -3.839744457892211305e-01 -1.702153532546521464e-01
1.992906669573292211e-01 -3.139249821111794736e-01 -1.822029692861838468e-01
1.364505524756721710e-01 -4.366855433470815950e-01 -1.156048013222443910e-01
2.043653552921370908e-01 -2.354977463119807268e-01 5.631695069150425281e-01
3.073274826987260067e-01 -2.570524031526525977e-01 6.295572171680077211e-01
3.968932260910020826e-01 -2.550188798666518375e-01 6.413349631091944669e-01
4.681780496361611088e-01 -2.278696865203162780e-01 6.199848910879837138e-01
5.145063810298962093e-01 -1.850361892156265897e-01 5.744463131092498731e-01
5.403775611652423816e-01 -6.755158258801831350e-02 4.222859974497061297e-01
7.206997923072178125e-01 2.397903899203578382e-01 2.080604367505717589e-01
4.942735068252233077e-01 -9.825926918712121760e-02 2.862445616396626091e-01
4.321608827866660896e-01 -1.315513018361734732e-01 2.566694778038632885e-01
3.510064888961300644e-01 -1.554447579524947665e-01 2.608356951111902577e-01
2.738493624942696658e-01 -1.690100097484243946e-01 2.865467150920401052e-01
2.149875707501617272e-01 -1.738506261581895807e-01 3.187750387045358846e-01
1.744306085390739947e-01 -1.804791290808378523e-01 3.466516748541765836e-01
7.253448712857202274e-01 4.688427209045040733e-01 2.422791272263006279e-01
1.986270141357980856e-01 -2.799145395075796072e-01 -2.006529460693481925e-01
1.236139911070783109e-01 -3.719085943092429458e-01 8.642092506002151120e-02
1.189630097061150221e-01 -4.320643633825026475e-01 -1.832932717885531193e-01
8.650629358367226129e-02 -3.997155185820263634e-01 -2.210234104040292025e-01
1.189010980194367545e-01 -3.990331885603474182e-01 -1.929569201676503420e-01
1.831489358533464062e-01 -2.553808294818620261e-01 -2.232671944271646114e-01
7.374503122589001758e-02 -4.148013086668885241e-01 -2.317553233311789584e-01
7.187161705387926092e-02 -3.368115290057714928e-01 -2.395607405426837255e-01
1.742595207866204920e-01 -1.584977578458299230e-01 4.137861283056816775e-01
1.427354699119360859e-01 -1.936172764875546404e-01 3.901349679927250680e-01
1.236048112276725980e-01 -2.355587955099892605e-01 3.675671103698383568e-01
4.682649284948505741e-01 -1.370188800096640569e-01 4.597053846117071241e-01
5.060313123652222522e-01 -1.408421197845078909e-01 4.961281173595048499e-01
-3.248195929082815514e-01 -1.543128728218492451e-01 4.810963681730854868e-01
-2.606010565346843499e-01 -1.602971942069849609e-01 4.791603012823234531e-01
-3.240239433605746067e-01 -1.626137637746618292e-01 5.582993523339145892e-01
-3.899053578892654470e-01 -1.482762321240221892e-01 4.828242237765772438e-01
-3.261932748624892797e-01 -1.460145018359323976e-01 4.038756761567753317e-01
3.518025584383195348e-01 -1.606887190635991891e-01 4.507170059352328395e-01
4.146693725692284782e-01 -1.663850442320850553e-01 4.476988848704605561e-01
3.508956703519316989e-01 -1.691310581582350370e-01 5.223915290460623417e-01
2.884362508691585836e-01 -1.550174435660406358e-01 4.540551610097426916e-01
3.529465634097490589e-01 -1.522626997545734606e-01 3.790322637371698056e-01
