-1.841212653260748677e-02 -3.641712110712456152e-01 -6.096067919134253721e-01
2.871704978016254017e-02 -6.068234831968588594e-01 -2.634477720048726823e-01
3.246813595559028265e-02 -3.806737494043863634e-01 -3.420459655937770904e-01
-4.277183860679323324e-02 -5.504021768950062565e-01 1.681164437247906207e-01
2.845800792142749724e-02 -6.504774236520471931e-01 -1.425416735927391709e-01
2.712690633982134392e-02 -6.386523588624459791e-01 2.934981523742952181e-02
2.998711705003653805e-02 -4.694714598586413601e-01 4.670315488220371236e-01
-5.630343384377312077e-01 -1.484931800322697448e-01 5.894540137569057592e-01
3.058301687708930849e-02 -4.493315749360782263e-01 7.996697511976336159e-01
2.932423480802165416e-02 -4.848920450818816619e-01 9.601385046249966138e-01
2.753774016130472457e-02 -4.699860983876069653e-01 1.524533172308348838e+00
-1.697148861083483395e-02 -3.504304113305198864e-01 -6.435790705996087269e-01
-1.480363967221508259e-02 -3.215607460206342250e-01 -6.765236548260551430e-01
-1.162037460837279934e-02 -2.777278927379678297e-01 -6.995728718354286002e-01
-2.134960898556585718e-02 -2.493327298625873656e-01 -8.330090421081290941e-01
-2.259930171661889142e-02 -2.535282606706183994e-01 -8.846432478135843880e-01
-2.491981331610712558e-02 -2.656500573836662049e-01 -9.402594558335657382e-01
-2.460951739999639454e-02 -2.512502719529348116e-01 -9.918126096431301164e-01
1.485298785286881529e-02 -1.701160508862027410e-01 -1.068101056090898560e+00
2.734922160571695571e-02 -5.559448380695126701e-01 -3.154116399117921077e-01
-5.270743175282599502e-02 -4.397511868875563223e-01 -2.902257646552666159e-01
-8.735398537622973691e-01 1.806011394211015642e-01 1.119378847135799049e+00
-3.344965909661379300e-01 -2.235332921698995889e-01 4.664345003126766365e-01
-4.201574438502841957e-01 -2.143947284470515413e-01 4.588830405902033505e-01
-4.999212333341684911e-01 -1.907440099467372363e-01 4.725893619505789900e-01
-5.974033819127999578e-01 -1.310534787769590537e-01 5.590650397035767938e-01
-2.590125697250789116e-01 -2.178008518511109770e-01 4.951627558310898181e-01
-4.553710001997846035e-01 -2.908851373454934830e-01 8.181671656102142975e-01
-3.575415452107755243e-01 -2.900109035856157647e-01 7.999248059454986404e-01
-5.419098166775171421e-01 -2.597564948736019730e-01 8.000297480225775359e-01
-5.967515640261744636e-01 -2.198356920768684830e-01 7.547240577743887791e-01
-6.693042893249767644e-01 -7.789670615436938839e-02 4.896506805617457658e-01
-2.959160442983019834e-01 -3.449968910763487329e-02 -1.184742056320186698e+00
-5.904289069690626945e-01 -1.269066567576155879e-01 6.325446759122614893e-01
-9.012098803283574711e-01 2.795521357755692549e-01 6.076864265331600734e-01
-7.607545508301338799e-01 -5.111485337738187057e-03 5.937655701623039128e-01
-3.913819730958234544e-01 -2.342895044028514562e-01 -5.856667338127952149e-02
-1.123103864917528449e-01 -3.488286805229723342e-01 -5.844368093793388397e-01
-9.728580285983989828e-02 -3.044231547321309961e-01 -6.658590616259436601e-01
-1.930981967014204770e-01 -2.898245718030691975e-01 -6.090419667257886971e-01
-2.412603125906571666e-01 -2.255684748916670923e-01 -6.451303237148815484e-01
-1.635084392814416532e-01 -2.636662983383393222e-01 -6.676278566235902545e-01
-2.105481311040284798e-01 -2.015995618796324607e-01 -6.843539423417110967e-01
-3.717432164741483192e-01 -7.409027237233012375e-02 -8.126977133982302703e-01
-4.243236839611730371e-02 -5.978410994663914124e-01 -2.547351999125622157e-01
-5.496842427982207013e-02 -6.383123943352631002e-01 -1.369618172989890414e-01
-7.080641715645707990e-01 -2.079440792016251649e-01 8.796809290718163865e-01
-2.198075612784244903e-01 -2.877916132676183736e-01 2.360921242735898318e-01
-2.357165191490406819e-01 -3.976510046358425754e-01 -1.758025267902496580e-01
-2.423004019806773712e-01 -3.816661096377060858e-01 -1.044085282982321061e-01
-6.371502959358998908e-01 -1.291067733131183726e-01 -9.898746642972633403e-03
-4.962031742755812491e-02 -6.113239065412745532e-01 2.392461672548573670e-02
-5.172940920432811396e-01 -3.630907918023629222e-01 9.915854785885613865e-01
-6.301095477363727326e-01 -2.937935046257944549e-01 9.590653086720930531e-01
-7.901355110104191226e-01 -5.143793149535363929e-03 1.300202384908940800e+00
-1.499056091655881495e-01 -4.258942029238932392e-01 8.485714046434544855e-01
-2.708907159375639750e-01 -2.616761421298763324e-01 7.426636814862721536e-01
-4.260048400955889214e-01 -7.047918278736270414e-02 -6.818507864793161843e-01
-7.975797879558044201e-01 6.382817813075432056e-01 -4.810555381292624944e-01
-1.727310090168217016e-01 -3.567888383735295932e-01 -2.445126872324143719e-01
-1.067110781087183824e-01 -3.569511488164609503e-01 -2.827368830184378012e-01
-3.056241750391592849e-01 -8.474452797690523731e-02 -7.114670011077892653e-01
-2.896165440100277877e-01 -1.056598495739244359e-01 -7.209282924922462144e-01
-6.716408927284600594e-01 -2.645487030065751810e-01 1.044363960452461271e+00
-2.407641031068274984e-01 -3.447292478816592620e-01 -2.203090993458438618e-01
-3.619162082754279197e-01 -4.091216118734131157e-01 9.667582920137540725e-01
-3.747287759854245337e-01 -4.376679137925387764e-01 1.061986464930390284e+00
-4.538405905370535010e-01 -3.519992871497157338e-01 1.509617920660506485e+00
-7.295870395648584861e-01 -1.539262913805949928e-01 1.156279858777864433e+00
-4.043658775879688250e-01 -3.991950324414661466e-01 1.274901134360284516e+00
-7.535045393288530846e-01 -1.451136169703559631e-01 9.498250040225464375e-01
-8.124781571984396322e-01 9.531597251716761310e-03 1.012506569475521090e+00
-1.069906927668441421e-01 -3.353897226213191640e-01 -6.299189020762216984e-01
-1.786685785662305292e-01 -2.799788559944176303e-01 -6.397975745602995090e-01
-2.270966773046321219e-01 -2.200791549804899105e-01 -6.643356693335915608e-01
-1.533451926317455083e-01 -3.354196744322184287e-01 -2.645142485265701282e-01
-2.971229321899064857e-01 -9.556220252447295005e-02 -7.163732981650206000e-01
-2.759808395489002919e-01 -1.400723020520959761e-01 -7.682584453030782967e-01
-2.804967311596930912e-01 -1.080297033980288091e-01 -7.243453646135984414e-01
-1.346821260231412243e-01 -4.788991169523342251e-01 -2.261845183766499900e-01
-1.981702252388297669e-01 -1.849240068757942446e-01 -6.995876238853862006e-01
-1.494941671693033047e-01 -2.278343024741638079e-01 -6.888986386733231271e-01
-8.735563081224995141e-02 -2.651264927375358571e-01 -6.896888730361663278e-01
-9.967312355972351989e-02 -1.635906704950680357e-01 -1.056834208053763824e+00
-1.232859342403527236e-01 -2.466243441713529272e-01 -9.735922967501311476e-01
-1.193659785278073926e-01 -2.608229657173670724e-01 -9.204265776404358945e-01
-1.096325647879308196e-01 -2.471804841709646094e-01 -8.635268607013264486e-01
-9.826474813288543775e-02 -2.427725501059914137e-01 -8.149768765270781756e-01
-2.117792026618829926e-01 -1.798117879308276379e-01 -7.710417874832300456e-01
-2.301253701118666228e-01 -1.880461391283239081e-01 -7.925432972435890733e-01
-2.489571553403371329e-01 -1.964076773290095446e-01 -8.192915401620455285e-01
-2.624825425123835654e-01 -1.781215506381710334e-01 -8.487481115202282211e-01
-3.270885446892402015e-01 -2.101576388014054775e-01 -4.941513322603667824e-01
-8.921062592581474604e-01 6.777241337228900875e-01 1.385125000436235876e-01
3.224569391390685880e-02 -4.419768523493976531e-01 -3.245597003431450744e-01
-2.436056493279352697e-01 -1.385012514591011934e-01 -7.490373733769368769e-01
-2.598833510827027737e-01 -1.434578051239308039e-01 -7.585389904816572937e-01
-7.903375061803230572e-02 -3.573618945679486458e-01 -3.290907867637971052e-01
-2.106342699609125013e-01 -2.754198198866895098e-01 -2.834986967109873746e-01
-9.243679380244707033e-02 -3.585657985848964557e-01 -3.065515076695692898e-01
-3.067403070878915727e-01 -2.495438960883200608e-01 1.758284976646975473e-01
-4.434372598343383487e-01 -2.127437862634229404e-01 1.068916694700052794e-01
-2.560152949875882378e-01 -3.281443308078024756e-01 -1.494746241630402483e-01
-6.576807140784524108e-01 -1.920279364934440736e-01 1.434531421169964460e+00
-5.997444611167335182e-01 -2.864452610830525714e-01 1.249883551699499051e+00
-5.436228704077450402e-01 -3.608539516352315957e-01 1.088111633635774567e+00
-3.063301891652518982e-01 -1.087404737672124089e-01 -9.147376907067075180e-01
-1.734761558718722618e-01 -4.764474659972695036e-01 1.009163910027126576e+00
-2.017528300752768899e-01 -4.617143872800344440e-01 1.259166204787719678e+00
-2.335436358146592006e-01 -4.434046728661478198e-01 1.533887909340663214e+00
-5.640181507858255117e-01 -1.575899696175819820e-01 5.049783579968702973e-01
-7.627545269260682659e-01 -1.886056615618381116e-02 4.091349214905415366e-01
-2.087995067473302768e-01 -2.116688089272100726e-01 5.232979044928169898e-01
-6.731382442861111315e-01 -1.447922694481358352e-01 7.147556613180499063e-01
-1.616021124764666084e-01 -3.279267440876676432e-01 3.068332659741155322e-01
-1.868571895004600414e-01 -4.851540757152594807e-01 -1.465907025439310285e-01
-8.372446456373161539e-01 8.128047184965980776e-02 3.411629031227336739e-01
-7.104643784481368129e-01 -8.330260934732591771e-02 3.079677757306731323e-01
-6.067124186668326757e-01 -1.549169084850559042e-01 2.453327459156344759e-01
-4.458828529049263523e-01 -1.963949043222346091e-01 2.512276841980953801e-01
-3.263583043167641584e-01 -2.228451182199675529e-01 2.958322968553575016e-01
-2.369149539810067040e-01 -2.524341638597826787e-01 3.464084346656002289e-01
-4.940381666256654647e-02 -4.337517454441863762e-01 4.471473166636315000e-01
-8.214573196070062977e-01 8.994654959949777151e-02 8.394295580514610222e-02
-7.402418003209376707e-01 -1.073609005184665843e-01 7.473359490711439790e-01
-1.685553902247846625e-02 -5.510008208621801629e-01 -3.083655356171233208e-01
-2.135639766959340768e-01 -3.066784311097370264e-01 1.058513708266759501e-01
-9.240031689511862822e-01 5.447007530881098347e-01 6.642181527745574243e-01
-1.672353981107188581e-01 -2.733624178441118602e-01 4.041967051769472796e-01
-2.611393405364004217e-01 -2.464504897946673267e-01 -1.426105130356687400e-01
-6.238331406172470395e-01 -1.106931874107515146e-01 6.329723934223969728e-01
-1.913376816889167387e-01 -4.645258574067279156e-01 -6.005084020385198507e-02
-8.552411325424991162e-01 6.794358525652643976e-01 -1.604565752932234357e-01
-2.040696260986973876e-01 -1.978544078830957176e-01 5.638529246978163378e-01
-1.238255027406143238e-01 -5.552858641073576962e-01 -5.815053417908666589e-03
-6.388587168200476896e-01 2.432798170511363267e-01 -8.479301088140278608e-01
-6.307809963267274611e-01 4.068547367295760608e-01 -9.583724479946997832e-01
-8.864770371795671622e-01 3.861898373963805753e-01 1.053260815861913891e-01
-7.349547021469504671e-01 3.254145920613398246e-01 -6.646937437243138902e-01
-8.602349480027715600e-01 1.654229541275098470e-01 8.310524934985963341e-01
-3.087004694220438772e-01 2.825498826987102308e-02 -1.280514318350928882e+00
-2.363711004849777808e-03 -4.356736801791250002e-01 -3.178316626295973890e-01
-2.890604045417499712e-01 -2.630978369553549356e-01 2.642693365756693114e-02
-8.323839263483279183e-01 7.962012489616632216e-02 5.888318706978745709e-01
-4.863696874129885828e-01 -1.918652764823436385e-01 5.328816307965440480e-01
-4.159613416667529151e-01 -2.119223590965768622e-01 5.185110583965024666e-01
-2.892618299472855536e-01 -1.240975928498353476e-01 -7.786729503613152303e-01
-8.013554789882704199e-01 1.485998658092106961e-01 -1.543823000953488123e-01
-1.511265407840278741e-01 6.699834610957899894e-02 -1.433500730701364745e+00
-4.008328286491722459e-01 2.180832541479955644e-01 -1.255444487258547959e+00
-5.078935762098701900e-01 3.023327538338866916e-01 -1.135820582305626658e+00
2.825697724605030769e-02 -4.830121303699552726e-01 1.237216251197098771e+00
2.487511003028630707e-02 4.144826075607777049e-02 -1.459290292895794039e+00
-3.438266718345683870e-01 -2.175404309354389554e-01 5.258393553718332392e-01
-2.730841918801574231e-01 -2.106615182574556044e-01 5.445742296784157332e-01
-2.261521065701943556e-01 -1.971022378390063778e-01 5.551987270862270840e-01
-7.980233633372701973e-01 -2.752437384221662064e-02 7.959366911442122827e-01
-2.890557520649661427e-01 -2.373014432760278680e-01 6.593088400080189260e-01
-3.670872497289678904e-01 -2.533165247310043000e-01 7.013361804771860442e-01
-4.416799977593122151e-01 -2.493005146234850145e-01 7.115904280507869828e-01
-5.119361662902388588e-01 -2.261740144355561810e-01 6.967038148285169541e-01
-5.535913417614501952e-01 -1.958733950469637719e-01 6.698662672644966065e-01
-9.136279494162113934e-01 3.779717966328037804e-01 9.208840071742407929e-01
-5.324259096146644055e-01 -1.683001871116962533e-01 5.594854346446069826e-01
3.072297010059477085e-02 -3.578953139086831214e-01 -4.297246559099816565e-01
-2.457814577449419779e-01 -2.624897748380772278e-01 -4.443350132930166119e-01
-1.722025747060307310e-01 -3.903528673072189648e-01 -2.298365745565664753e-01
-8.770489407946069349e-02 -3.468978701739890980e-01 -4.296705783567960069e-01
3.041259537650192746e-02 -4.285211836969393673e-01 6.376833480649635177e-01
-5.305775833717945034e-01 1.817838769806670030e-01 -1.017769696791274825e+00
-4.258385808572526798e-01 1.112552793955583486e-01 -1.151637500163203320e+00
-1.610966159903537420e-01 -4.631308917147802795e-02 -1.374187248291480756e+00
-7.205235436530710302e-01 5.342287934451572795e-01 -7.512996972088004100e-01
-2.312414057734057948e-01 -2.147806680823682868e-01 6.003131284034148862e-01
-1.057866724074874032e-01 -4.354810533971020803e-01 2.482085654891523774e-01
1.829158791283064245e-02 -6.914601297363098809e-02 -1.397987736933071545e+00
-2.863130679241399079e-01 1.278408890459172831e-01 -1.360713222185960802e+00
-8.566881509757884317e-01 4.080951900281286626e-01 -1.630011392741868015e-01
-1.624724216606595606e-01 -2.149517252612997975e-01 -7.908968785010550562e-01
-1.806638443299068975e-01 -2.227489437140910411e-01 -8.275249537335618299e-01
-1.952643485647658217e-01 -2.328368476593740688e-01 -8.744147085049869261e-01
-2.041494594846933186e-01 -2.169620711417525882e-01 -9.240178691893250473e-01
-2.161678523879411173e-01 -1.461950421059985405e-01 -1.001219941229440913e+00
-2.478914156987688244e-01 -1.514424904510942582e-01 -7.064036357857523818e-01
-2.623537368865711539e-01 -1.541394657550930747e-01 -6.971029479730592726e-01
-2.746760851762151123e-01 -1.566821343309283687e-01 -6.864762150018406395e-01
-3.888359523245021876e-01 -1.448721227125150390e-01 -5.773873056975755702e-01
-6.988403320647229577e-01 -7.443170528149023468e-03 -2.505390942445773206e-01
-1.040315206331121622e-01 -3.756299430708187614e-01 3.862456500295303741e-01
-1.458945656261123602e-01 -2.644276208259732641e-01 6.452500620216032878e-01
-1.975674855173892297e-01 -2.339334034372031468e-01 6.381183424246343883e-01
-2.332346131041478365e-01 -1.423090752613956900e-01 -7.150172347085823610e-01
-7.043152568119914747e-01 1.508032694528422812e-01 -5.197746670279146386e-01
-7.764872838733727356e-02 -3.707081330318251489e-01 6.344305232323095289e-01
-2.598436978371001516e-01 -8.544375732166797910e-02 -1.086355272148773921e+00
2.807005613897850527e-02 -5.804002086163162488e-01 1.785977191914085438e-01
-4.777076786538714259e-02 -4.993608552655137700e-01 2.996026617347569143e-01
2.927460102748025150e-02 -5.222561057635122239e-01 3.174340936829844750e-01
-1.652363839192672046e-01 -4.080322256006629900e-01 5.834103452370198450e-02
1.595739797777911972e-02 -1.294106893493900401e-01 -1.299265580997470693e+00
1.569831717215069977e-02 -1.481715488671189185e-01 -1.173611654493139866e+00
-1.253023947406569638e-01 -1.282309975806045221e-01 -1.158581757090888509e+00
-4.477901172439411326e-01 -1.727226097739149868e-02 -8.368165753525893535e-01
-3.352402805462162405e-01 -2.137475041450986879e-01 -2.274467907425448132e-01
-3.656900059540961756e-01 -4.562186335708129370e-02 -9.801425344651084615e-01
-5.242880406451178033e-01 -1.812486385529066268e-01 -1.851024597862149790e-01
-4.144277463846783860e-01 -1.832736241653920573e-01 -3.358449161554828422e-01
-5.942455869109153355e-01 -9.014727354512919177e-02 -3.622593137152074760e-01
-1.517617320217127252e-01 -1.041046490163329841e-01 -1.278041781104658270e+00
-2.147222667387738149e-01 -3.395324553937983936e-01 1.153932026611848016e-03
-5.115491672926109068e-01 7.271323078742292223e-02 -9.075888001069607469e-01
-4.069478345774735217e-01 3.142343249029921903e-02 -1.055127969662560616e+00
-5.090239792821424913e-01 -2.794298923960211734e-02 -6.780896947690826515e-01
-7.770906728138982089e-01 2.044312040306861533e-01 -3.560927600141505778e-01
-6.092731816011105472e-01 5.881134704873580699e-02 -6.741407815107196555e-01
-8.130940901586480862e-01 4.043104906121426367e-01 -4.172526493580619444e-01
-4.808659884092807424e-01 -1.252812018927450533e-01 -4.762214770728920854e-01
-1.581333278661034569e-01 -3.675759757290109064e-01 1.793116486246333352e-01
-1.606623906889481646e-01 -4.971560742844660652e-01 -2.067487038987714243e-01
-2.093645961848800141e-01 -4.006980217400073485e-01 -2.192327850297521863e-01
-1.258154279162393419e-01 -5.653542164816371951e-01 -1.373848840301066243e-01
-2.146178510256380179e-01 -3.037622115479443607e-01 7.638907429897328072e-01
-3.552690164242644499e-01 -3.244234487001484979e-01 8.558536485590790832e-01
-4.764707872732998339e-01 -3.180552091489774469e-01 8.773467157396668270e-01
-5.749409884320311193e-01 -2.805917778450695010e-01 8.557516032438075015e-01
-6.412655981428816432e-01 -2.235724750545431405e-01 8.030572672395699385e-01
-6.824310268174560434e-01 -7.164169650230856057e-02 6.136779433990713351e-01
-9.063395402584362159e-01 3.352760084270034469e-01 3.607480352280063585e-01
-6.265420206862515329e-01 -1.145616264205107093e-01 4.285679373602930831e-01
-5.451029469461143862e-01 -1.600990876454377876e-01 3.804918067830707074e-01
-4.347527935501549479e-01 -1.953696319278641624e-01 3.714034702332229543e-01
-3.277929161452965978e-01 -2.167479786872972269e-01 3.937662932160872487e-01
-2.429025934482753613e-01 -2.237495440021808335e-01 4.301248437615177167e-01
-1.840158807040981337e-01 -2.345366157013950570e-01 4.636995568872985807e-01
-9.116466617502272385e-01 6.367843010955720473e-01 4.094267122707728745e-01
-2.088618874457779384e-01 -3.556179974125939225e-01 -2.442910021729680636e-01
-1.067056052797565879e-01 -4.851722537469127516e-01 1.251450475364592752e-01
-1.037788440300613235e-01 -5.598923759849609993e-01 -2.284107729933682052e-01
-6.156497873071598015e-02 -5.176841335933461963e-01 -2.818007412449272664e-01
-1.040173276343159259e-01 -5.171773051914740904e-01 -2.408775150229711670e-01
-1.862736764895402963e-01 -3.224667535942478125e-01 -2.761237361446511329e-01
-4.442246043272402023e-02 -5.386609381731854995e-01 -2.974639058584394036e-01
-3.189980746865794803e-02 -4.365677783693131531e-01 -3.087410027462054174e-01
-1.766968083870978923e-01 -2.079190304236666620e-01 5.582568850242179970e-01
-1.375085166537463044e-01 -2.525667103713624684e-01 5.231783448170679307e-01
-1.149057821029397797e-01 -3.065048564273631371e-01 4.909820758722154288e-01
-5.751815038141216974e-01 -1.652431761427575196e-01 6.495648151923085756e-01
-6.280073349354164947e-01 -1.664187019434715253e-01 7.026960023589219340e-01
9.908073567541419990e-02 -5.499005731533168628e-01 1.619479912805208421e-01
6.018889191921150683e-01 -1.612683316209584383e-01 5.463267651923047197e-01
1.130064022355217190e-01 -4.447894847520723616e-01 -2.976254309607133663e-01
8.855289527122600646e-01 1.551339133819062965e-01 1.026257327778145267e+00
3.672868547244867443e-01 -2.269526466682725285e-01 4.465210346647312534e-01
4.484883184266852396e-01 -2.208776505694087788e-01 4.346835706558920265e-01
5.257438536336778157e-01 -2.002919131037472766e-01 4.386358000753869391e-01
6.280930818493057899e-01 -1.435407657261622560e-01 5.098766863487353973e-01
3.001201859771707170e-01 -2.206540175925253422e-01 4.763878403611538914e-01
4.919067237068563969e-01 -3.013658522823092767e-01 7.832299856581137476e-01
3.960291103282376213e-01 -2.983917221445153700e-01 7.678171452128035313e-01
5.783957567199315974e-01 -2.746378639268076682e-01 7.605725678188823835e-01
6.317860883576642550e-01 -2.376650431705007449e-01 7.082105444705311115e-01
6.883119145178451248e-01 -9.391382920253366073e-02 4.272982980761668159e-01
3.216650854283407135e-01 -4.780361309641145695e-02 -1.198516526445893682e+00
6.310678401696190321e-01 -1.404833817738526669e-01 5.855914826341228618e-01
9.299048651975283519e-01 2.559835521396580660e-01 5.179349559972257211e-01
7.741900400308665553e-01 -2.502235858019707937e-02 5.198278360304220413e-01
4.320304860797996582e-01 -2.451777527490861530e-01 -9.641891750107611792e-02
7.723905840609707196e-02 -3.504239751835185324e-01 -5.939376760026418012e-01
7.012925277746745456e-02 -3.024258620141162535e-01 -6.767165533665195909e-01
1.682790824022237786e-01 -2.862655639783509010e-01 -6.279569909275148909e-01
2.278653434975026482e-01 -2.163250021058620298e-01 -6.649361177818846613e-01
1.432233945498794236e-01 -2.566522694377439961e-01 -6.832770758748996087e-01
2.006207334969811740e-01 -1.926040982211005836e-01 -6.986166714654160614e-01
3.696408028638087373e-01 -8.138387777804739764e-02 -8.479679675295743735e-01
9.730399994228866589e-02 -6.020092443526543491e-01 -2.612408065927152023e-01
1.078937928843759497e-01 -6.429338938686068872e-01 -1.446572352722312882e-01
7.299235883495924782e-01 -2.272472250084334178e-01 8.213342469830209325e-01
2.688139641593445539e-01 -2.903415631592309865e-01 2.136650944508433625e-01
2.867291995817922157e-01 -4.065443903034466899e-01 -1.968729075426169928e-01
2.915771785440601782e-01 -3.905155916174374298e-01 -1.262425964096904885e-01
6.670625414819131294e-01 -1.437877199790760230e-01 -7.047522211879231335e-02
1.037286286899219423e-01 -6.122006137698221551e-01 1.746833003085362934e-02
5.576181487560205596e-01 -3.816100050864479343e-01 9.479277357685234051e-01
6.619375929207294007e-01 -3.136997449125722426e-01 9.103372191929093304e-01
8.074193248474159645e-01 -3.006640002735005979e-02 1.212864127652538926e+00
2.082337106044462871e-01 -4.305272845724372743e-01 8.249314830301912593e-01
3.147702857097423035e-01 -2.658252091472723677e-01 7.113358989563556278e-01
4.323295825097179801e-01 -7.526780022536638803e-02 -7.261418027801735953e-01
8.510327807998407934e-01 6.129530193823562456e-01 -5.470643290785170976e-01
2.282766640342255293e-01 -3.661071315629467193e-01 -2.604108248212666510e-01
1.669661056580569181e-01 -3.683305878416600621e-01 -2.945023936257555874e-01
3.027534410656318453e-01 -7.374995618372998107e-02 -7.496372120793877158e-01
2.823934101706040423e-01 -9.795934194318983712e-02 -7.551772621644956551e-01
7.001624206994794264e-01 -2.852323976838455621e-01 9.847094929949253839e-01
2.897013666492131989e-01 -3.550672995672350396e-01 -2.414263662405442545e-01
4.127279291941032824e-01 -4.250216181431287765e-01 9.295296264052357316e-01
4.256589093089946374e-01 -4.544322599474526214e-01 1.017816967185343202e+00
4.907916212122209743e-01 -3.687564484670646792e-01 1.453529859193487539e+00
7.546382517306238213e-01 -1.747616332441737086e-01 1.083139411949604280e+00
4.479726591011257142e-01 -4.133196771273173198e-01 1.228848759776539623e+00
7.737302889495278890e-01 -1.645987072371541959e-01 8.761699754479401747e-01
8.352934322094451858e-01 -1.151372271568398831e-02 9.320700532960479734e-01
7.443901452764856153e-02 -3.352355541583258436e-01 -6.402972402027158338e-01
1.556303391763634858e-01 -2.747200964519260769e-01 -6.577643789560223553e-01
2.144103016214011781e-01 -2.112906352941765764e-01 -6.816038268255590893e-01
2.106774366589787562e-01 -3.459777093288769478e-01 -2.788395364848970104e-01
2.921129910823012654e-01 -8.703313521904265659e-02 -7.528556716413428163e-01
2.552569338580481517e-01 -1.345433576883131588e-01 -8.024421648753952141e-01
2.724562359783557763e-01 -1.000896836911702170e-01 -7.559107533309510352e-01
1.875382963970495531e-01 -4.818181798669174398e-01 -2.401107897505276867e-01
1.898851943120947183e-01 -1.759526253766541259e-01 -7.107758780214181726e-01
1.341134396207726009e-01 -2.191097984764800444e-01 -7.001673331800226663e-01
6.647074761233517926e-02 -2.600356354058876995e-01 -6.993079020024275394e-01
1.228591376164586135e-01 -1.666852671339358327e-01 -1.065436513811868657e+00
7.621896074669232135e-02 -2.448881875775714700e-01 -9.845883841990676899e-01
7.114302613081036064e-02 -2.572764034924897025e-01 -9.319534263230426774e-01
6.646710642030922989e-02 -2.427212436798431572e-01 -8.763903788393987426e-01
5.847048647725178183e-02 -2.375026047058115264e-01 -8.280101034342157718e-01
1.841048010729815498e-01 -1.727362588252978615e-01 -8.003277781092803522e-01
1.999037617280123857e-01 -1.836729300822876887e-01 -8.231163514395563041e-01
2.155916610243762133e-01 -1.933328747928773073e-01 -8.509716637097017866e-01
2.311397650227324796e-01 -1.756102492682394267e-01 -8.796639335799643078e-01
3.587792765003792184e-01 -2.175421474730578897e-01 -5.266681516967022247e-01
9.386073132063277313e-01 6.505557894213342962e-01 5.111344483499369318e-02
2.253874460016842551e-01 -1.289659638623981142e-01 -7.795923309382777333e-01
2.397791516962324287e-01 -1.366578897250987357e-01 -7.914996112753653890e-01
1.412484689252413439e-01 -3.638098861378979976e-01 -3.382317680380184655e-01
2.651612569170582745e-01 -2.887382014892745374e-01 -3.023982944082641566e-01
1.537941297379055161e-01 -3.680017588712143350e-01 -3.174738826357348387e-01
3.518561793195296161e-01 -2.537054089718804306e-01 1.453924122247185480e-01
4.828341191485385764e-01 -2.220834861766807222e-01 6.312857054918763478e-02
3.056138776772043819e-01 -3.379605071619762313e-01 -1.725427355402509022e-01
6.836874703789419527e-01 -2.158717818570465852e-01 1.357881846525685887e+00
6.327636188805652040e-01 -3.063832245870568016e-01 1.186308968012669496e+00
5.839240769813436316e-01 -3.801787697389569232e-01 1.036261819363701875e+00
3.116393598768767426e-01 -1.132091163433137648e-01 -9.351683703671742620e-01
2.347487450858931624e-01 -4.837856193582945608e-01 9.730380756139211940e-01
2.517535281000826686e-01 -4.699762830357423482e-01 1.233822237827748580e+00
2.792124657089423145e-01 -4.548323729508618740e-01 1.502459623807048672e+00
5.909204597904427203e-01 -1.694613039758730011e-01 4.618957109346100154e-01
7.718384387697341253e-01 -3.998221828473969008e-02 3.364059909950656291e-01
2.560666881699513731e-01 -2.111906835071808430e-01 5.051758221196962495e-01
7.008831816176019913e-01 -1.624870967641605102e-01 6.587869581041907452e-01
2.135890058431888505e-01 -3.288614796764388615e-01 2.899610439804716222e-01
2.379681019746726633e-01 -4.924666699000290748e-01 -1.654814536246229650e-01
8.675205303392097278e-01 5.924190171349141831e-02 2.592490019207938090e-01
7.190801372692678939e-01 -1.010891726046558858e-01 2.428964402774020925e-01
6.179172317414050042e-01 -1.694151718221093006e-01 1.916248680143777250e-01
4.660603895172421574e-01 -2.048764283912651862e-01 2.140827520622141655e-01
3.541558770000019507e-01 -2.278930358997177663e-01 2.710151254189119285e-01
2.710191988934718132e-01 -2.560078942122823165e-01 3.284719752489717592e-01
1.082151671351272437e-01 -4.342908830914060658e-01 4.395904947842748101e-01
8.548389386844945648e-01 7.035600674117981068e-02 5.927835471425113578e-03
7.575819150162299564e-01 -1.262582404177841067e-01 6.781311673434311516e-01
7.006775930297159949e-02 -5.519683151097360962e-01 -3.118544503943647683e-01
2.642110549024323518e-01 -3.096769818429701004e-01 8.477762116413312121e-02
9.538582498879399907e-01 5.205406462173316484e-01 5.694270269756511738e-01
2.095542287829044170e-01 -2.747455972288737058e-01 3.919949877759254520e-01
3.153224385135344754e-01 -2.564194322852619834e-01 -1.665310288302102038e-01
6.602118184944849588e-01 -1.246634491446485526e-01 5.812629899945020995e-01
2.406000493157622877e-01 -4.719225102648660908e-01 -7.867488144585110810e-02
9.078982181345374158e-01 6.510854258079490364e-01 -2.378757591443303454e-01
2.560920903005770022e-01 -1.953177676086115255e-01 5.446165638226840855e-01
1.736277245353656795e-01 -5.592778069721049405e-01 -1.884226146802386870e-02
6.734985217690727666e-01 2.193779825887176571e-01 -8.902802199346275813e-01
6.742901739809425976e-01 3.813576720207123572e-01 -9.959504048241640817e-01
9.334439669886496205e-01 3.624367861470174645e-01 2.173910918582777629e-02
7.740577290877315164e-01 3.008401420364403833e-01 -7.203910756643061575e-01
8.866486095301606696e-01 1.434450393169510729e-01 7.447382740117216571e-01
3.410470427093237333e-01 1.406591050752173389e-02 -1.291868954558413662e+00
6.752776269382287921e-02 -4.379896487969618946e-01 -3.210501107729903936e-01
3.354631282949505078e-01 -2.701350908896182901e-01 -1.876070642909177799e-03
8.372970988776806678e-01 5.903647538292755570e-02 4.997364582805712274e-01
5.226285394746632562e-01 -2.016205191321418511e-01 5.000419207277113642e-01
4.528359696430062087e-01 -2.187170560555617982e-01 4.921886874210441576e-01
2.706985624770184007e-01 -1.184384698914856537e-01 -8.141863334638745897e-01
8.375689448629231038e-01 1.284448401790234673e-01 -2.262328280239289668e-01
1.971500582332907925e-01 5.953524165653878431e-02 -1.436705560869384612e+00
4.453854893952424732e-01 2.004280324034057870e-01 -1.268840900550625150e+00
5.524421603651408219e-01 2.812157201323994826e-01 -1.158139200512282585e+00
3.836319283091516041e-01 -2.221308354340756352e-01 5.023888824415827514e-01
3.187435597752430461e-01 -2.115332392872559808e-01 5.227128113760342032e-01
2.769602743314947269e-01 -1.952494527596337903e-01 5.341654486849662931e-01
8.092096450275221287e-01 -4.632881770257368803e-02 7.101407839274944678e-01
3.313402486363292709e-01 -2.387921203944110005e-01 6.259259825510721242e-01
4.025164297282302073e-01 -2.591289405367858123e-01 6.624987280632588238e-01
4.760732262613753818e-01 -2.584416695992253210e-01 6.706031334586484149e-01
5.472042959961065378e-01 -2.385243968569517037e-01 6.533070934601825641e-01
5.894927579696229714e-01 -2.094202295992486640e-01 6.243553878202128260e-01
9.339476123235268545e-01 3.525027361775556756e-01 8.259269384950886916e-01
5.699331173878885437e-01 -1.796951824439974033e-01 5.208764658959923466e-01
2.903500080549392681e-01 -2.695502266580236395e-01 -4.685536861168024814e-01
2.272009358090398834e-01 -3.994439327067302870e-01 -2.464212908475369446e-01
1.445378313532420522e-01 -3.481438854520604309e-01 -4.394696011032319660e-01
5.642515147195679148e-01 1.593062373481726191e-01 -1.047525553002635057e+00
4.573628530566176131e-01 9.129197710203496019e-02 -1.170371480122143204e+00
1.946133786973991420e-01 -5.453888485152269539e-02 -1.380387604786452727e+00
7.703876512413287969e-01 5.091441589515470767e-01 -8.034311510777847332e-01
2.797764558270832147e-01 -2.123803041531724389e-01 5.761917690174360729e-01
1.606477069225586973e-01 -4.374012895744883167e-01 2.359986319923335074e-01
3.305236506226005844e-01 1.150416631166291115e-01 -1.366949661192293775e+00
9.042860901255433959e-01 3.839046664366678741e-01 -2.398182172783380750e-01
1.277153309277608839e-01 -2.081162057356231720e-01 -8.145573988414289701e-01
1.426514456204486248e-01 -2.175275526962772155e-01 -8.519196141252303178e-01
1.540913359718844022e-01 -2.281279749055682426e-01 -8.976631812575064373e-01
1.650486817678866736e-01 -2.129791937183496131e-01 -9.441395154790894750e-01
2.294518204395341598e-01 -1.473155196471784834e-01 -1.014896102517504062e+00
2.435582983936896984e-01 -1.416381598562098665e-01 -7.240234521900483777e-01
2.575928778275147213e-01 -1.421921462176712891e-01 -7.172410090220675549e-01
2.702082946282535758e-01 -1.441039851770551383e-01 -7.076147456154595616e-01
4.084739397602525912e-01 -1.478451586180582478e-01 -6.140190494293329415e-01
7.268357249781169926e-01 -2.663051209286068644e-02 -3.127907865585537461e-01
1.602570559183469356e-01 -3.765302464052489029e-01 3.734459841736477159e-01
2.010996969315015370e-01 -2.668892718122117813e-01 6.241625507648258520e-01
2.466410057743595452e-01 -2.322314214238785368e-01 6.145042054384148855e-01
2.297994484122569681e-01 -1.305399649987892818e-01 -7.311534224369449220e-01
7.364061616865038573e-01 1.280771276222792965e-01 -5.781857423177934052e-01
1.300244961795837817e-01 -3.710527696664955855e-01 6.216749287484386599e-01
2.783596247921229505e-01 -9.446227488325609212e-02 -1.099401581517240878e+00
1.043666167457701910e-01 -5.013338195131167296e-01 2.926932036817708749e-01
2.166242659923955927e-01 -4.134080545555063324e-01 4.081666781766396523e-02
1.515421242712344796e-01 -1.352158855416575323e-01 -1.166074700755304505e+00
4.542718698301371205e-01 -3.136071226550882218e-02 -8.763745266342253259e-01
3.796173708737082819e-01 -2.260722881288312891e-01 -2.583915327819008567e-01
3.777235302758921165e-01 -5.833867132262587907e-02 -1.002681605944998111e+00
5.542901881619015647e-01 -1.975054643656481979e-01 -2.336855361792744556e-01
4.472388393164883347e-01 -1.965505362864199412e-01 -3.750127367598734551e-01
6.187663595191081889e-01 -1.092174409341148955e-01 -4.170176718077791556e-01
1.805656519738780830e-01 -1.114679449813958945e-01 -1.286329015578695945e+00
2.647300318169221178e-01 -3.463352009413123156e-01 -1.928761071065271393e-02
5.336558933406356786e-01 5.300799515318282973e-02 -9.391002117660498527e-01
4.307630753233682164e-01 1.344744799146589675e-02 -1.075796526187499325e+00
5.196438894293802235e-01 -3.983111456609877976e-02 -7.295503771405775773e-01
8.136944910053651725e-01 1.819878110782686687e-01 -4.218666566716318123e-01
6.285919995015509798e-01 3.728806397179701415e-02 -7.244888648182934432e-01
8.594430454143342502e-01 3.819845697836994347e-01 -4.856308269860276638e-01
4.993467594973641788e-01 -1.378504121517881709e-01 -5.256173784419875261e-01
2.109499325566455141e-01 -3.691592312461811076e-01 1.623981483827847683e-01
2.114514970369274494e-01 -5.025667431531246621e-01 -2.227932938822387854e-01
2.608178288707230230e-01 -4.109320099529343295e-01 -2.385026069691695838e-01
1.785770371902839493e-01 -5.715038092546720350e-01 -1.512955611431365810e-01
2.674592296642863687e-01 -3.082031478683866510e-01 7.397064690197598935e-01
4.022089343850154819e-01 -3.364123906044813594e-01 8.266557201364310714e-01
5.194263790823505644e-01 -3.337510560999090714e-01 8.418394174440226863e-01
6.127190213939037733e-01 -2.982200712711069457e-01 8.138852809256604814e-01
6.733503344092017784e-01 -2.421625551790906883e-01 7.543516576293054499e-01
7.072087440188656871e-01 -8.840683498319901190e-02 5.520251471999788606e-01
9.432019971983773843e-01 3.138210626616189103e-01 2.722950964823533937e-01
6.468709492857271925e-01 -1.285949294419097555e-01 3.723124259667054403e-01
5.655822467361559802e-01 -1.721652371075377275e-01 3.331036851444419966e-01
4.593729939848412158e-01 -2.034353384305020995e-01 3.378252817141831343e-01
3.583950882089226297e-01 -2.211886009164798494e-01 3.710147171128470589e-01
2.813608499250697115e-01 -2.275236645783484946e-01 4.131319250798988207e-01
2.282827053687430663e-01 -2.361985903405194875e-01 4.501034003471833245e-01
9.492811550064317316e-01 6.135888971375536016e-01 3.170781497629659995e-01
2.599402720536958533e-01 -3.664625882988952199e-01 -2.626679052234415224e-01
1.617774342914723995e-01 -4.867282225858993172e-01 1.131017248105261608e-01
1.556905518015005985e-01 -5.654860010718198993e-01 -2.399008467501255737e-01
1.132134485804980883e-01 -5.232880259994923122e-01 -2.894575112770789715e-01
1.556095260718581841e-01 -5.223368184342973564e-01 -2.526237893488554320e-01
2.396038018396433600e-01 -3.344247462998977127e-01 -2.923007391799039567e-01
9.651239181440729453e-02 -5.430059422460047358e-01 -3.034880656389535858e-01
9.401497178238016339e-02 -4.411324171865249610e-01 -3.139463381913039086e-01
2.280587975620074204e-01 -2.074308933447355230e-01 5.401613882265383637e-01
1.868023020528331024e-01 -2.533928881685110213e-01 5.087156785655384539e-01
1.617654203007901081e-01 -3.082830448325646344e-01 4.797204830398511533e-01
6.128327224299034981e-01 -1.793208249238809060e-01 6.027915796740135335e-01
6.622587512337396731e-01 -1.843244164746105085e-01 6.520470504453825811e-01
-4.251013973230843845e-01 -2.019540055270940826e-01 6.288195484918568390e-01
-3.410566224927435997e-01 -2.097858710869093812e-01 6.261823086137674466e-01
-4.240601062744708827e-01 -2.128176369708523197e-01 7.250984979530121777e-01
-5.102811409202345772e-01 -1.940536680726712149e-01 6.307480528940341280e-01
-4.268991771706076577e-01 -1.910936720415623569e-01 5.320124599347284544e-01
4.604148346931591362e-01 -2.102982717156498538e-01 5.904266467240271155e-01
5.426905690262362469e-01 -2.177532277638638547e-01 5.863714365670817941e-01
4.592279623456896331e-01 -2.213470206955747699e-01 6.880908377156149669e-01
3.774853979258985248e-01 -2.028760989426636741e-01 5.950131548633290635e-01
4.619120292051803744e-01 -1.992708809413823445e-01 4.927342140342183541e-01
