-1.911173201829246410e-02 -2.578112977077961498e-01 -5.028269587875426883e-01
2.190112014171492066e-02 -4.628937424179926374e-01 -2.009952596765320065e-01
2.335845772771021414e-02 -2.929641405637279927e-01 -2.650475476576768519e-01
-3.262003524667487359e-02 -4.197654109568745850e-01 1.282143695122171800e-01
2.170356130773579487e-02 -4.960880144003442793e-01 -1.087097136693720850e-01
2.068839380679976872e-02 -4.870696031560416417e-01 2.238369697741154213e-02
2.286973969276591759e-02 -3.580434245224266565e-01 3.561826293830803181e-01
-4.293993562860318192e-01 -1.132486450038682896e-01 4.486848953960746456e-01
2.332420398504587294e-02 -3.426836977153203123e-01 6.098698657677892321e-01
2.236419111680439456e-02 -3.698039672040442372e-01 7.322517077295513932e-01
2.100171710955779647e-02 -3.584359147099186460e-01 1.162688522057711449e+00
-1.848884449913928626e-02 -2.439655130582876474e-01 -5.334712122650927535e-01
-1.740040564461796738e-02 -2.190308793382310937e-01 -5.610796466102164759e-01
-1.519943598636202750e-02 -1.859337758076984870e-01 -5.775144664867573052e-01
-1.778463293896025491e-02 -1.877772486443826661e-01 -5.472022215219670693e-01
-1.886917269824938889e-02 -1.908846142811689017e-01 -5.890940945051672539e-01
-2.057584123192528203e-02 -2.002561145250165431e-01 -6.400564900246445976e-01
-2.033608080236327942e-02 -1.894845924427145945e-01 -6.923963546617489806e-01
1.015841898934954739e-02 -1.280987522713498972e-01 -7.763070487600781666e-01
2.085794302529506497e-02 -4.248651801264215488e-01 -2.417678072471342310e-01
-4.033363320703606952e-02 -3.376320929136650828e-01 -2.236825140149621693e-01
-6.662070593003606156e-01 1.377358496945769173e-01 8.536966994482366733e-01
-2.551045487550077095e-01 -1.704781488684776469e-01 3.487970411056557918e-01
-3.204339835270094139e-01 -1.635086034747488259e-01 3.426369063574448148e-01
-3.812660101390104583e-01 -1.454713318441833436e-01 3.538468311972887692e-01
-4.556109816467704410e-01 -9.994821911220784505e-02 4.239660341656241727e-01
-1.975364966523088794e-01 -1.661062908577106145e-01 3.719330702644197961e-01
-3.472896784584646457e-01 -2.218441793015842045e-01 6.316053745240982620e-01
-2.726798329654624431e-01 -2.211774430332837105e-01 6.175579092425355077e-01
-4.132886940645137397e-01 -1.981038527762482293e-01 6.172382278528667499e-01
-4.551138713253835011e-01 -1.676581661580868465e-01 5.816667309767784566e-01
-5.104463642361130038e-01 -5.940808939865734051e-02 3.709752460542096175e-01
-2.285810403420430736e-01 -2.650619262500824094e-02 -8.966348208938785813e-01
-4.502918832422509454e-01 -9.678563840067634649e-02 4.840890560780435892e-01
-6.873096649226955179e-01 2.132010411363046976e-01 4.634533595817150742e-01
-5.801911040178174828e-01 -3.898286438661430035e-03 4.527475735266748291e-01
-2.984883085028572358e-01 -1.786813973980809489e-01 -4.466600015820704900e-02
-9.049122800914372045e-02 -2.532916298210837192e-01 -4.773843973064124668e-01
-8.035359811383040174e-02 -2.116728560047067553e-01 -5.488430998849018749e-01
-1.505262047671758197e-01 -2.156962921378551279e-01 -4.957209364766128057e-01
-1.816875685594894763e-01 -1.721864044409295580e-01 -5.181564348203409054e-01
-1.290617592445927053e-01 -1.899223979742767354e-01 -5.434395298836910415e-01
-1.595600368785168033e-01 -1.516907710168552137e-01 -5.435129053375036268e-01
-2.805780951212333285e-01 -5.910152523335611419e-02 -6.003783781561887745e-01
-3.236113859249546004e-02 -4.560408538209092533e-01 -1.943437657246765426e-01
-4.192178769647723902e-02 -4.868103284739013770e-01 -1.044542283410321987e-01
-5.400066722798199104e-01 -1.585890018722980743e-01 6.713819209846647595e-01
-1.676367121437949692e-01 -2.194848964710187644e-01 1.800561610510547916e-01
-1.797697132814861376e-01 -3.033135665017681060e-01 -1.340803437475137638e-01
-1.847909257666996430e-01 -2.910784842170868747e-01 -7.962738998554190484e-02
-4.859240516155268752e-01 -9.846355790586489021e-02 -7.549301578759637886e-03
-3.784304347183498757e-02 -4.662274998705378537e-01 1.824616381376963775e-02
-3.945154584182049562e-01 -2.769119778838555757e-01 7.562348104556945172e-01
-4.805544097691026861e-01 -2.240622518999087764e-01 7.314346306258723285e-01
-6.025985568624991906e-01 -3.922924714546588941e-03 9.916021451446203061e-01
-1.143258371380628940e-01 -3.248091352454835490e-01 6.471648175627771060e-01
-2.065953905586110639e-01 -1.995678759092381072e-01 5.723132316436548850e-01
-3.138534790468693880e-01 -6.107309995561190086e-02 -5.280805819372234033e-01
-6.082759507799518905e-01 4.867869730908240822e-01 -3.668780468766755787e-01
-1.318251841864670204e-01 -2.735616414940332253e-01 -1.871175102757129949e-01
-8.203652869661917646e-02 -2.748047228869939240e-01 -2.172125184383291163e-01
-2.226653936826007429e-01 -7.218343296298064538e-02 -5.349426311210225826e-01
-2.125794788170374261e-01 -8.708167420428963856e-02 -5.335742924898499995e-01
-5.122283798768205720e-01 -2.017586406763914320e-01 7.964864338309163294e-01
-1.836192641069071541e-01 -2.633796657272795549e-01 -1.681432567497983255e-01
-2.760161792159278593e-01 -3.120174823947727827e-01 7.373003029029292499e-01
-2.857877116988479793e-01 -3.337883813108696307e-01 8.099262584132689291e-01
-3.461225082182725621e-01 -2.684530178649952026e-01 1.151313373120617101e+00
-5.564211341231178887e-01 -1.173922191277389365e-01 8.818393358092313505e-01
-3.083905113533554898e-01 -3.044469551156952503e-01 9.723061082591186732e-01
-5.746618670615877278e-01 -1.106712139233049647e-01 7.243860941827187094e-01
-6.196382243141916879e-01 7.269289637389396430e-03 7.721903090991035779e-01
-8.710210166189824577e-02 -2.388829290598216970e-01 -5.184953627290365130e-01
-1.400827456110425029e-01 -2.051997359946040045e-01 -5.219883674568100984e-01
-1.717602619058898328e-01 -1.665631853642382532e-01 -5.315718221993510628e-01
-1.173739533097352128e-01 -2.577249900678146854e-01 -2.024975558202099790e-01
-2.171963125531255479e-01 -7.992904389772068074e-02 -5.345091927209323357e-01
-2.075288867280120075e-01 -1.097622949320487817e-01 -5.414894239885102989e-01
-2.067091060053568019e-01 -8.827063803427009914e-02 -5.325514178403409904e-01
-1.027156147847757550e-01 -3.660140363948603537e-01 -1.730223413137806920e-01
-1.506369953091324099e-01 -1.389565381609027261e-01 -5.523043610404146930e-01
-1.181257827575129260e-01 -1.623065141991595628e-01 -5.563468603146198843e-01
-7.287823324548511894e-02 -1.810197501771521611e-01 -5.658778033638454108e-01
-7.872877987146437162e-02 -1.235995127057170906e-01 -7.695544233426294678e-01
-9.683964380093726398e-02 -1.865164298541134302e-01 -6.784737640739779696e-01
-9.375423744780680968e-02 -1.971814408013056186e-01 -6.260749284877700216e-01
-8.630211606890814124e-02 -1.866973296981357389e-01 -5.770115651288809655e-01
-7.729334946815272223e-02 -1.833944282975359941e-01 -5.382615044516939617e-01
-1.623245323662733108e-01 -1.377793380028258796e-01 -5.214484900484513963e-01
-1.772216254691688919e-01 -1.438297278317499095e-01 -5.381337888359907229e-01
-1.927190719111254447e-01 -1.498835219265616248e-01 -5.611296033254589144e-01
-2.040844241109181223e-01 -1.357718028928430187e-01 -5.868158040084945348e-01
-2.482188025690973132e-01 -1.624992655165055644e-01 -3.903970591201266771e-01
-6.803667686185963515e-01 5.168677767817928537e-01 1.056368640366259215e-01
2.425656471753650373e-02 -3.393611740994785797e-01 -2.507405043094475539e-01
-1.828680120907029694e-01 -1.084238433278533476e-01 -5.235121445486252689e-01
-1.953410878875587453e-01 -1.122604497285046993e-01 -5.316108776064821795e-01
-6.159818502973046089e-02 -2.751491292800168353e-01 -2.540383520904415660e-01
-1.614251880883638968e-01 -2.113138927565162417e-01 -2.164797550012279581e-01
-7.147832484979182999e-02 -2.761462054785825959e-01 -2.360610360164158150e-01
-2.339361588069238107e-01 -1.903151922185715161e-01 1.340959882794834357e-01
-3.381883855511333414e-01 -1.622495088467326707e-01 8.152116711788673364e-02
-1.952506185894148094e-01 -2.502599838026832169e-01 -1.139971475662851647e-01
-5.015816194277430418e-01 -1.464505212026942782e-01 1.094048491840954318e+00
-4.573964107663744949e-01 -2.184580980647421733e-01 9.532263781369600952e-01
-4.145951581979167577e-01 -2.752060468911809443e-01 8.298506748459918425e-01
-2.389601928448714385e-01 -8.295387806335784153e-02 -6.579566860384150617e-01
-1.323019655764664237e-01 -3.633636906960423518e-01 7.696410392217448715e-01
-1.538672323318521495e-01 -3.521274763385909834e-01 9.603058135969152476e-01
-1.781125591056733903e-01 -3.381635330293436548e-01 1.169822932493577161e+00
-4.301496629016995366e-01 -1.201863312612306695e-01 3.802001711629972580e-01
-5.817163901141585436e-01 -1.438405572785976701e-02 3.120276330030700707e-01
-1.592413955406742077e-01 -1.614296750556487026e-01 3.946380537267869526e-01
-5.133703382816549032e-01 -1.104261396130905432e-01 5.489356322344455252e-01
-1.232462006924859715e-01 -2.500940408198421561e-01 2.339913848421678044e-01
-1.425070398220273649e-01 -3.700038054334707782e-01 -1.117977143587254168e-01
-6.385264403022742341e-01 6.198873184510104301e-02 2.601886261432299619e-01
-5.418371952522134105e-01 -6.353091316397349586e-02 2.348722904228642550e-01
-4.627105386665359976e-01 -1.181477133327566570e-01 1.871035577201688727e-01
-3.400535223972481202e-01 -1.497809986648816760e-01 1.911360300077074026e-01
-2.488978709810068246e-01 -1.699533115167566610e-01 2.236720748162562000e-01
-1.806837021987959813e-01 -1.925194611873238815e-01 2.614181777583230448e-01
-3.767792765862604254e-02 -3.308017070477042298e-01 3.410178601271251497e-01
-6.264862019507326796e-01 6.859793064370173221e-02 6.401927270255013125e-02
-5.645470104644028098e-01 -8.187902097369323395e-02 5.719941413873028679e-01
-1.285491356010788795e-02 -4.210738202317399481e-01 -2.362883504386636135e-01
-1.628750288544989766e-01 -2.338889689583207865e-01 8.072777281569654129e-02
-7.046930158022205459e-01 4.154172077560037146e-01 5.065673946099989999e-01
-1.275424381685787145e-01 -2.084804393649548893e-01 3.048751178906335402e-01
-1.991584830126494066e-01 -1.879559992163980231e-01 -1.087622183650796548e-01
-4.757676943012330573e-01 -8.442040092684030550e-02 4.843528022629395857e-01
-1.459240968827144325e-01 -3.542716501130882545e-01 -4.579790526912410481e-02
-6.522514999743677100e-01 5.181732228600861578e-01 -1.223725522085995499e-01
-1.556341418313032798e-01 -1.508940922130831697e-01 4.276505017958041610e-01
-9.443578755098340494e-02 -4.234899655748129987e-01 -4.434865142351868648e-03
-4.872269824988442743e-01 1.855378787890656633e-01 -6.466757319110764124e-01
-4.810664914891580879e-01 3.102886451621355013e-01 -7.309048208197432839e-01
-6.760736302220278215e-01 2.945285232701951306e-01 8.032716813128099043e-02
-5.605147936038280543e-01 2.481781509333960412e-01 -5.069301216592475567e-01
-6.560600441388357851e-01 1.261601738437172215e-01 6.338039820774895583e-01
-2.362531191949233944e-01 2.149178339340231114e-02 -9.762502778835845385e-01
-2.178700591234923427e-03 -3.346318099180563554e-01 -2.454499191878514452e-01
-2.204525428811562882e-01 -2.006521345436041714e-01 2.015455864455121746e-02
-6.348194022207779286e-01 6.072245843055737446e-02 4.490739000749784937e-01
-3.709308943246153456e-01 -1.463264681933275080e-01 4.022038764107440101e-01
-3.172338171188322509e-01 -1.616230456408502825e-01 3.903967138647362889e-01
-2.175498408454163701e-01 -9.767062288317433782e-02 -5.543416121374703520e-01
-6.111554897142459364e-01 1.133300070696433293e-01 -1.177399972333962042e-01
-1.152569832782467524e-01 5.109643671486717442e-02 -1.093262433525266086e+00
-3.056961401191373162e-01 1.663216587461237295e-01 -9.574675225967823611e-01
-3.873461346806444383e-01 2.305747204911354209e-01 -8.662360243457892794e-01
2.155024482824675902e-02 -3.683702461819594598e-01 9.435656340041864709e-01
1.897105647976470022e-02 3.161060366256503162e-02 -1.112930898926353551e+00
-2.622201551141458142e-01 -1.659076802829750341e-01 3.964177920545664535e-01
-2.082682497316270254e-01 -1.606614626471734864e-01 4.118107365583353885e-01
-1.724753933364427672e-01 -1.503204481017030580e-01 4.205400555197784662e-01
-6.086142445042640459e-01 -2.099152533020292102e-02 6.070380561360053662e-01
-2.204489946596718264e-01 -1.809784590957802808e-01 5.060790098306147122e-01
-2.799598851675747513e-01 -1.931923956146731070e-01 5.406095231058792860e-01
-3.368482058279289038e-01 -1.901295768178801193e-01 5.490346219488707602e-01
-3.904292247512342051e-01 -1.724921014173567413e-01 5.368034956052687434e-01
-4.221976344417526228e-01 -1.493832684878557415e-01 5.147532238753771416e-01
-6.967803321779745263e-01 2.882610167028269443e-01 7.023141803249941528e-01
-4.060557718254096393e-01 -1.283545018037537677e-01 4.240620840559622406e-01
2.027789745473783725e-02 -2.694247396669103289e-01 -3.376158486187563756e-01
-1.905455958146658468e-01 -2.003974125864617650e-01 -3.466477421010319970e-01
-1.313306661450538149e-01 -2.989326211916486509e-01 -1.759078228806203736e-01
-7.008900368544331017e-02 -2.621855396027788498e-01 -3.368684978341891512e-01
2.319423165893061412e-02 -3.268126078152946978e-01 4.863305849749696153e-01
-4.050192650229419433e-01 1.386120198855243235e-01 -7.764285888333142260e-01
-3.259511740549716485e-01 8.476703216994960211e-02 -8.783088267631370405e-01
-1.228918640105237658e-01 -3.532293934968783189e-02 -1.047854401473478969e+00
-5.495088393578975161e-01 4.074307450791195828e-01 -5.729803394487426038e-01
-1.763567583840342234e-01 -1.638029411725704376e-01 4.576069638672432549e-01
-8.067843457196201273e-02 -3.321205674992048773e-01 1.892968077395012771e-01
1.395011909400174950e-02 -5.273435638580763890e-02 -1.065864730283571093e+00
-2.183572806661088495e-01 9.749813474929559798e-02 -1.037750882686462095e+00
-6.533550717130162111e-01 3.112346878451491272e-01 -1.243131673608126042e-01
-1.269184820826089743e-01 -1.628981960010308094e-01 -5.275000998015270115e-01
-1.413130539423566590e-01 -1.687960230044777965e-01 -5.567010225451255456e-01
-1.527313444406844245e-01 -1.764959611363266234e-01 -5.930579998780522999e-01
-1.598424756149589288e-01 -1.644828970290589387e-01 -6.376917567053340674e-01
-1.694462990354284881e-01 -1.109204487735295092e-01 -7.211922408406215013e-01
-1.817340172276012966e-01 -1.193966622429302737e-01 -5.461390653861993849e-01
-1.914066160997288379e-01 -1.225283352834363321e-01 -5.411353115707906447e-01
-1.998178456995995111e-01 -1.253449033356277553e-01 -5.349477881101527554e-01
-2.872063546439027615e-01 -1.179277652539359594e-01 -4.574557226638633622e-01
-5.329720911302752162e-01 -5.676548033139292536e-03 -1.910741822454669891e-01
-7.933986427411444942e-02 -2.864749887261215933e-01 2.944222582794906451e-01
-1.112668061051329815e-01 -2.016662970894044504e-01 4.936640661245320638e-01
-1.506752702501451546e-01 -1.784098162262353071e-01 4.884375763335491172e-01
-1.717732485653526986e-01 -1.115902616440277023e-01 -5.505849126556477957e-01
-5.371475543333098512e-01 1.150104417709628124e-01 -3.964072742967468255e-01
-5.921897069096621752e-02 -2.827213596519692063e-01 4.840610480479047295e-01
-2.022709000473587038e-01 -6.516946704687530401e-02 -8.036735033743795942e-01
2.140768904155066973e-02 -4.426434747473003695e-01 1.362079286309155479e-01
-3.643247946049616576e-02 -3.808386365926211825e-01 2.284926181366720987e-01
2.232633780669607271e-02 -3.982997489168301763e-01 2.420917982887614561e-01
-1.260178856707723227e-01 -3.111866595970661509e-01 4.449391515891794324e-02
1.217176798309045800e-02 -9.865116555094533002e-02 -9.839909049358177562e-01
1.151463489983677903e-02 -1.123769186284013927e-01 -8.698535919881296152e-01
-9.748861240756814817e-02 -9.745669410278560985e-02 -8.604262454808760952e-01
-3.418860498638194301e-01 -1.419221891486001884e-02 -6.298904346966818224e-01
-2.556717252221630821e-01 -1.630149964606502078e-01 -1.734627870214240086e-01
-2.837354650747628826e-01 -3.508582111181609425e-02 -7.265691181390004916e-01
-3.998494084502033918e-01 -1.382296663082568933e-01 -1.411687914092512319e-01
-3.165099222346723362e-01 -1.397740259665015972e-01 -2.561840835620327606e-01
-4.532026824569645451e-01 -6.875101319508658548e-02 -2.762778493218549514e-01
-1.166754052986043039e-01 -7.942367639428625503e-02 -9.691404203325870714e-01
-1.637584012615318496e-01 -2.589451616554236391e-01 8.800487565284850679e-04
-3.917255388547044026e-01 5.534466738943602526e-02 -6.886736626813272366e-01
-3.136714600148250986e-01 2.373574765170369943e-02 -7.984162580451619196e-01
-3.832329590292994914e-01 -2.468787860555361757e-02 -5.209378192355592629e-01
-5.926498827905340994e-01 1.559099000233773735e-01 -2.715749138009338481e-01
-4.646609062056681894e-01 4.484352827326885255e-02 -5.138995513812429916e-01
-6.201079669188126475e-01 3.083482620651585293e-01 -3.182186357232424379e-01
-3.652710055185060534e-01 -9.811485631544265840e-02 -3.665832327545804348e-01
-1.206007246049745352e-01 -2.803326131088242357e-01 1.367524084576895171e-01
-1.225295198382275325e-01 -3.794220198506011443e-01 -1.578035599893540253e-01
-1.596723622227440020e-01 -3.061540421513661014e-01 -1.674437500174263127e-01
-9.595340829120622972e-02 -4.311686162950738588e-01 -1.047768769531584876e-01
-1.636787683920143677e-01 -2.316649078005287299e-01 5.868762763082538969e-01
-2.709466839700085949e-01 -2.474222450134716256e-01 6.577559998765748484e-01
-3.633814767176604121e-01 -2.425654933426310000e-01 6.737763244663844686e-01
-4.384799886632005372e-01 -2.139939264097854843e-01 6.570755587785205298e-01
-4.890625957467848450e-01 -1.705080317802198375e-01 6.168093371721893314e-01
-5.204574989833228305e-01 -5.463769275533629510e-02 4.683884502073331069e-01
-6.912218111659491626e-01 2.556989731677396516e-01 2.751252612228114458e-01
-4.778336275462889970e-01 -8.737067223385457104e-02 3.234413122809769447e-01
-4.157239417719227892e-01 -1.220999155534364944e-01 2.855804194426293519e-01
-3.315651585514029498e-01 -1.489990724552261725e-01 2.773452550565215780e-01
-2.499919807956966500e-01 -1.653033148615272174e-01 2.940337526769112864e-01
-1.852501883922528236e-01 -1.706430737962092159e-01 3.221669365941406959e-01
-1.403401095215540961e-01 -1.788698573645193246e-01 3.483829064825690325e-01
-6.952692988531657958e-01 4.856449248587523249e-01 3.122501678728777375e-01
-1.593252404242734843e-01 -2.721575824907472851e-01 -1.866773133969328868e-01
-8.137926071503055747e-02 -3.700176689486375792e-01 9.544213502581290476e-02
-7.914715991615355051e-02 -4.271886155611347435e-01 -1.743069794876226375e-01
-4.695266421953121078e-02 -3.959578725855522618e-01 -2.161816635644089879e-01
-7.932903995287712839e-02 -3.951282456792000186e-01 -1.842571224744317948e-01
-1.426027823669586414e-01 -2.475068733626124562e-01 -2.111438689417502734e-01
-3.387888658960699212e-02 -4.117393434808704344e-01 -2.279876100285923857e-01
-2.461435167970723453e-02 -3.352764432140389883e-01 -2.382310003045907398e-01
-1.347582031848087170e-01 -1.585698983675971618e-01 4.231441670132749522e-01
-1.048711671680679636e-01 -1.926205480711331575e-01 3.955965345553758006e-01
-8.763314330961040344e-02 -2.337565918512944374e-01 3.718334916992983019e-01
-4.386634182396864645e-01 -1.260230657747116734e-01 4.978821858117283283e-01
-4.789511526284963572e-01 -1.269195830697753824e-01 5.403243224330035455e-01
7.556413741552747698e-02 -4.193828617780985812e-01 1.235099817650479465e-01
4.590318863569153862e-01 -1.229916420009264100e-01 4.128172536306763951e-01
8.603015660633075989e-02 -3.412947906197854042e-01 -2.293105301211779135e-01
6.753505715519367847e-01 1.183132146596256040e-01 7.826773546671860204e-01
2.801121143492354415e-01 -1.730859269741419348e-01 3.237632607989415767e-01
3.420405863141186553e-01 -1.684528180566105260e-01 3.130919317746562180e-01
4.009596873754552870e-01 -1.527530608429465420e-01 3.168210968347364154e-01
4.790165476978801573e-01 -1.094716755191918883e-01 3.803395985707010429e-01
2.288873091197683729e-01 -1.682822638829796213e-01 3.501912846866481743e-01
3.751537270330367879e-01 -2.298373192222744887e-01 6.136267606684900899e-01
3.020324577668406785e-01 -2.275690924384105862e-01 6.025345368843806337e-01
4.411147751720627674e-01 -2.094531610792410847e-01 5.954949301628705838e-01
4.818330271009825250e-01 -1.812557593419172330e-01 5.540364916995169642e-01
5.249425707108206218e-01 -7.162358294301163220e-02 3.198474611849526084e-01
2.453848451064436775e-01 -3.630099707844412771e-02 -9.051758848594106954e-01
4.812852535665014253e-01 -1.071399550335750545e-01 4.481685174083432366e-01
7.091939572123067137e-01 1.952264098377679280e-01 3.950042146991349368e-01
5.904377089232847320e-01 -1.908335694132104465e-02 3.949630313714592722e-01
3.294889848696577750e-01 -1.869853435551281640e-01 -7.353409809906778782e-02
5.264549242495664139e-02 -2.527000951778789473e-01 -4.870275575200115337e-01
4.556955712940494868e-02 -2.097276221707855548e-01 -5.599562383694991485e-01
1.179132833897829913e-01 -2.115640215721811546e-01 -5.144947423766634831e-01
1.571225261591190359e-01 -1.622169528955611784e-01 -5.401662623167359234e-01
9.805981565614058093e-02 -1.845821815821277745e-01 -5.614515794279395511e-01
1.365297233709918678e-01 -1.427863086525590908e-01 -5.641219490284394844e-01
2.615680291233739574e-01 -6.372014931062085219e-02 -6.325678739154064756e-01
7.420910606484393268e-02 -4.592300626085848436e-01 -1.993159184178811827e-01
8.228543456223547103e-02 -4.903349250912237833e-01 -1.103231513610729714e-01
5.566778037818898017e-01 -1.733105877825605878e-01 6.285263011527929544e-01
2.050115513220777119e-01 -2.214296212724549962e-01 1.629521465290401094e-01
2.186746443750824942e-01 -3.101215141538357645e-01 -1.501601663432226008e-01
2.223719660188428482e-01 -2.978275607940240044e-01 -9.627919341250823493e-02
5.087366903937712292e-01 -1.096600157144409088e-01 -5.374808476162399457e-02
7.910886307835968134e-02 -4.668961225350702904e-01 1.332225606183871230e-02
4.252686875078133255e-01 -2.910356959596923643e-01 7.229391384442108714e-01
5.048281372861979088e-01 -2.392437891200633049e-01 6.943229481563419903e-01
6.157800948773334282e-01 -2.293020917256509417e-02 9.249934342991973368e-01
1.588098898882522592e-01 -3.283425649880203911e-01 6.291357802014792000e-01
2.400602393750482511e-01 -2.027321708462057059e-01 5.576720610475941475e-01
3.066828642521525761e-01 -6.160067397224405772e-02 -5.687064592099989602e-01
6.490419914134213375e-01 4.674699463032344626e-01 -4.172197940984816444e-01
1.739813054846294782e-01 -2.804971180938727326e-01 -1.992996555369613010e-01
1.266641970750586876e-01 -2.831084371862766513e-01 -2.262704959531690874e-01
2.019633438364257794e-01 -5.953994692521425575e-02 -5.754176343544672445e-01
1.869366445805102361e-01 -7.747112606276369828e-02 -5.727574224074690745e-01
5.339803848877977543e-01 -2.175331051694110174e-01 7.509908085845864445e-01
2.209413740190796505e-01 -2.712422220754943103e-01 -1.842987802997447522e-01
3.147678481013553853e-01 -3.241436565746711462e-01 7.089077639530517727e-01
3.246296880610436419e-01 -3.465737461741395520e-01 7.762403119836056575e-01
3.743032917030744700e-01 -2.812329031963525239e-01 1.108537691701085182e+00
5.755264952774876708e-01 -1.332823376754721789e-01 8.260585992200590866e-01
3.416473176138959955e-01 -3.152191459428169140e-01 9.371841651524634997e-01
5.900870787664698192e-01 -1.255315622424146016e-01 6.682129272939589804e-01
6.370383431602255619e-01 -8.780965797169703463e-03 7.108452425998419422e-01
4.957104148464198945e-02 -2.374220727274890808e-01 -5.292205672498879743e-01
1.077488318002405993e-01 -2.003754741488099622e-01 -5.405692653636392508e-01
1.470803962796464470e-01 -1.575764838180982175e-01 -5.528765111446315439e-01
1.602279187031626639e-01 -2.654550077160633403e-01 -2.134838162072476009e-01
1.938796973402842072e-01 -6.943159411056513963e-02 -5.745186109424055276e-01
1.783682542830217765e-01 -1.024516807744457192e-01 -5.670920554330262098e-01
1.801071882058485063e-01 -7.879370056497107810e-02 -5.708546467426414139e-01
1.430264874702276978e-01 -3.682607371582922173e-01 -1.837265735958482638e-01
1.286861445842194807e-01 -1.299044597617530494e-01 -5.714673441701335621e-01
9.086362906781832172e-02 -1.561118951201622418e-01 -5.729170836942627520e-01
4.262746465899389797e-02 -1.776150994697155983e-01 -5.763953346293091418e-01
9.332055699299446339e-02 -1.254032604204869950e-01 -7.734313300850743644e-01
5.740330373964782490e-02 -1.842971574372246901e-01 -6.859392412858575927e-01
5.347392725656865964e-02 -1.935273552016875120e-01 -6.328896982988235775e-01
4.958025733941176516e-02 -1.823328155975503517e-01 -5.829858894635304711e-01
4.309930255610610467e-02 -1.784921256640113474e-01 -5.439524960351649341e-01
1.336166840585432669e-01 -1.300122532045403512e-01 -5.367918292170392736e-01
1.461984167241153765e-01 -1.382626880325177332e-01 -5.548247178817221625e-01
1.590426695679020563e-01 -1.455603989387211916e-01 -5.790492486987249832e-01
1.714409691793318258e-01 -1.321069182359850824e-01 -6.055586189874027081e-01
2.637656200716770871e-01 -1.669939764696357631e-01 -4.181454976205236651e-01
7.158308980132175314e-01 4.961477802238286605e-01 3.898177928296150258e-02
1.570965273275740370e-01 -9.788167899422028917e-02 -5.449626428272730250e-01
1.676668375548185930e-01 -1.038207359313475103e-01 -5.547699567967945278e-01
1.062926590703352075e-01 -2.796472575397020432e-01 -2.611592492027227097e-01
2.014495827948674656e-01 -2.211110959555066813e-01 -2.310245469327876777e-01
1.162424717442166605e-01 -2.829203452637833460e-01 -2.445221102885583864e-01
2.683438763687022166e-01 -1.934889790222949491e-01 1.108838377271942066e-01
3.682344855388339777e-01 -1.693724511912183539e-01 4.814513986617810493e-02
2.330770849799298494e-01 -2.577463119356493415e-01 -1.315900905411805932e-01
5.214157283836978740e-01 -1.646350814533598939e-01 1.035591527913714671e+00
4.825785428690763101e-01 -2.336638290651448235e-01 9.047410843500408584e-01
4.453309605794754655e-01 -2.899441612255735379e-01 7.903073184012866514e-01
2.326802860070208978e-01 -8.529999765957295421e-02 -6.744579508456887140e-01
1.790316382985305266e-01 -3.689601492322934773e-01 7.420895934513698222e-01
1.920003728526915865e-01 -3.584284290105844151e-01 9.409771989479112086e-01
2.129419910251444947e-01 -3.468788932217998222e-01 1.145854082538966034e+00
4.506667670649089352e-01 -1.292400300921949241e-01 3.377647174434300625e-01
5.886442551339945428e-01 -3.049252838217828346e-02 2.565607568178926434e-01
1.952898137111287735e-01 -1.610650316696800588e-01 3.757358359009916882e-01
5.345300747613083159e-01 -1.239211338012687763e-01 5.105700741507764873e-01
1.628941173878012127e-01 -2.508069189388387743e-01 2.209702969798057748e-01
1.814868877945606529e-01 -3.755807712086554062e-01 -1.262047886117491913e-01
6.616164092694529764e-01 4.518096761578885290e-02 1.977168121778716259e-01
5.484080223566040191e-01 -7.709587618469466996e-02 1.852454873719162620e-01
4.712559135985107117e-01 -1.292048473053240831e-01 1.461431284463884650e-01
3.554419643470004830e-01 -1.562494513451776201e-01 1.626924994585885464e-01
2.700977457799131898e-01 -1.738031168559550366e-01 2.027467018833842283e-01
2.066933783628960852e-01 -1.952449743721168252e-01 2.447099081005088272e-01
8.253053132983656504e-02 -3.312128815407345828e-01 3.352546501548144264e-01
6.519447659584487464e-01 5.365715971393918843e-02 4.520873955627751316e-03
5.777714864506181547e-01 -9.629111813068168269e-02 5.222590075154065481e-01
5.343732718159110301e-02 -4.218296987167863832e-01 -2.390145015191817435e-01
2.015011326192942265e-01 -2.361758201621283471e-01 6.465583411712305661e-02
7.274620578675428106e-01 3.969914582739443309e-01 4.342747623207680596e-01
1.598169859338812449e-01 -2.095353241151333978e-01 2.920129744254018056e-01
2.404813399053955802e-01 -1.955588347738020372e-01 -1.270052494129562393e-01
5.035119716864575601e-01 -9.507484918884526182e-02 4.442213039024122123e-01
1.834941481282349740e-01 -3.599127234173712941e-01 -6.000157061385046064e-02
6.924105402202236359e-01 4.965517085599033820e-01 -1.814164623352242933e-01
1.953091867010057214e-01 -1.489595180199441427e-01 4.111076204330667005e-01
1.324175597455855002e-01 -4.265344294368382805e-01 -1.437009302681577574e-02
5.136231530434988146e-01 1.673090930267334131e-01 -6.789936544217902714e-01
5.142488599555190554e-01 2.908432536012081626e-01 -7.595637308924203523e-01
7.118930608498487134e-01 2.764131907646629194e-01 1.657937554204775427e-02
5.903368016962593501e-01 2.294363851659335651e-01 -5.494078123596827234e-01
6.762044802463903492e-01 1.093986674932965614e-01 5.679762392698981532e-01
2.601002649482888618e-01 1.072739733805413119e-02 -9.841246136526684563e-01
5.111722731139523718e-02 -3.363121577949187424e-01 -2.479034019093103725e-01
2.558416805398471827e-01 -2.060191114810653035e-01 -1.430790370939871627e-03
6.385664438795163322e-01 4.502429567114025338e-02 3.811250993358978323e-01
3.985837862923678476e-01 -1.537663251048268787e-01 3.707908616080979325e-01
3.453563319200164128e-01 -1.668050359763642299e-01 3.636877848850937900e-01
1.887221322522088796e-01 -9.053876113698360040e-02 -5.820608475972544049e-01
6.387737678082769932e-01 9.795873731474098733e-02 -1.725369557277673660e-01
1.503569184288593985e-01 4.540467773952608366e-02 -1.095706604186281963e+00
3.396742070405844305e-01 1.528568725213135526e-01 -9.676842578333858524e-01
4.213212087637021042e-01 2.144697773450632561e-01 -8.832573668055117011e-01
2.925777200797447519e-01 -1.694085622048066286e-01 3.729136495850788324e-01
2.430904654369399620e-01 -1.613262825764444075e-01 3.912961838105091239e-01
2.112243523987113181e-01 -1.489074175525779697e-01 4.016548160605282192e-01
6.171454864358956183e-01 -3.533277408569827222e-02 5.428297064720443155e-01
2.526973574487032526e-01 -1.821153272250672639e-01 4.846501483004340138e-01
3.069800259420040756e-01 -1.976252471036154534e-01 5.177293669355261807e-01
3.630782759518269009e-01 -1.971010984362330798e-01 5.250595975244408686e-01
4.173265401709878031e-01 -1.819111472900270532e-01 5.094157397961290856e-01
4.495779271825501300e-01 -1.597147911665704190e-01 4.832295879261734317e-01
7.122771670540862798e-01 2.688369743552461166e-01 6.298949498828494420e-01
4.346607249772859172e-01 -1.370449196460282737e-01 3.896352494685146328e-01
2.152115316802938605e-01 -2.054652466691268276e-01 -3.669530534313479309e-01
1.732752852245004194e-01 -3.057855581381281329e-01 -1.886222325110611386e-01
1.066065403661131256e-01 -2.649499016869635848e-01 -3.445468169225646138e-01
4.303265585977062435e-01 1.214952507045927027e-01 -7.988975608865507283e-01
3.488114005386530048e-01 6.962785273284362308e-02 -8.919548133018483371e-01
1.484223142929230188e-01 -4.159419852221300784e-02 -1.052304217044445434e+00
5.875378088868015158e-01 3.882999026053710057e-01 -6.127385055238524503e-01
2.133721193088889689e-01 -1.619722984289877765e-01 4.396666888659237493e-01
1.225183212320235526e-01 -3.335850397741547124e-01 1.799848672517503356e-01
2.520745772068933022e-01 8.773677533148202534e-02 -1.042507116386642618e+00
6.896557429796351668e-01 2.927857326939988236e-01 -1.828978822334668408e-01
9.415185803333696313e-02 -1.563373529512143700e-01 -5.394423502347502897e-01
1.062194978995569250e-01 -1.633558218529397033e-01 -5.692060489588750549e-01
1.159022344199657217e-01 -1.713934181897791287e-01 -6.059961195152717695e-01
1.248104213935376378e-01 -1.599850708210893702e-01 -6.510435990043523802e-01
1.744614794095937782e-01 -1.107901837555066715e-01 -7.288599295537134815e-01
1.627566580336450575e-01 -1.074888940883406141e-01 -5.722695417984542399e-01
1.721642838754360860e-01 -1.085682440534235099e-01 -5.691405952170479621e-01
1.810508659514090402e-01 -1.105269453476599717e-01 -5.645118566219874401e-01
2.945367097983890847e-01 -1.162339987203511726e-01 -4.913982337751427454e-01
5.545037136004795641e-01 -2.072808486510353820e-02 -2.391258335663777601e-01
1.222203903985214779e-01 -2.871616070118538366e-01 2.844180451754432792e-01
1.533691189267543664e-01 -2.035436805396301230e-01 4.805358041709841821e-01
1.881012966404753406e-01 -1.771117959616812509e-01 4.738766996331954529e-01
1.535667468141523329e-01 -9.873997073647204636e-02 -5.748513857724671938e-01
5.615322099001214262e-01 9.651966224951591400e-02 -4.432682362763576411e-01
9.916346330820403898e-02 -2.829841975269924426e-01 4.747997622997561784e-01
2.122649027761954743e-01 -7.141570861520020463e-02 -8.110898581834724563e-01
7.959542604938477095e-02 -3.823433220443944180e-01 2.232231050045425935e-01
1.652089651071187160e-01 -3.152865471796222896e-01 3.112891949629750105e-02
1.154203289524122489e-01 -1.025044622741025091e-01 -8.636484829900763494e-01
3.331467075440285863e-01 -2.497542609220763585e-02 -6.619503537336877130e-01
2.895160091664532587e-01 -1.724145196294568916e-01 -1.970628614840339576e-01
2.861050958363905994e-01 -4.396576574809151622e-02 -7.412662093854335277e-01
4.227372472264577796e-01 -1.506433125960881247e-01 -1.782418805004548912e-01
3.407470552927935881e-01 -1.506867659931426240e-01 -2.876799075639358549e-01
4.718917956494931842e-01 -8.555493530853415518e-02 -3.222408791629101099e-01
1.376972967267684478e-01 -8.497552450816982239e-02 -9.739655661144102083e-01
2.018969314858918840e-01 -2.641332902643917513e-01 -1.470974166299610260e-02
4.035922605079787506e-01 4.040151638005083645e-02 -7.144271334110458005e-01
3.280671271498400987e-01 1.041619097067558383e-02 -8.129600125080448381e-01
3.814846847569035027e-01 -3.406494184090046173e-02 -5.663594523117803092e-01
6.205675998252679904e-01 1.387893758724284554e-01 -3.217430472984910694e-01
4.744335310276542317e-01 2.600110128597762915e-02 -5.590504912357983081e-01
6.554560979165509060e-01 2.913213502451316161e-01 -3.703674008215325775e-01
3.749606931969027279e-01 -1.084371762868514971e-01 -4.103870677601452743e-01
1.608814224364102929e-01 -2.815400863542316112e-01 1.238532909073366967e-01
1.612639416723889718e-01 -3.835897935083860122e-01 -1.700890067328995614e-01
1.989132814452576892e-01 -3.139692633974392466e-01 -1.822033122226577040e-01
1.361921637492723158e-01 -4.358586165275453173e-01 -1.153858870207820631e-01
2.039783601285695969e-01 -2.350517974928989506e-01 5.733471798504741201e-01
3.067455139532615505e-01 -2.565656374938585227e-01 6.398855747802772997e-01
3.961416517415713434e-01 -2.545359649763774823e-01 6.506712787231151429e-01
4.672914872311066392e-01 -2.274381825284536862e-01 6.293083886807149252e-01
5.135320892728686415e-01 -1.846857966052498357e-01 5.841261318984657391e-01
5.393542786114438048e-01 -6.742366396054098876e-02 4.188175519558907656e-01
7.193350436999591535e-01 2.393363123638342638e-01 2.076664444193515591e-01
4.933375289225722105e-01 -9.807320114297191083e-02 2.759941303527687073e-01
4.313425240620065160e-01 -1.313021905447863957e-01 2.443564844424107874e-01
3.503418076766083300e-01 -1.551504009689271824e-01 2.454360362128474304e-01
2.733307893795663412e-01 -1.686899650115186444e-01 2.691632650280860184e-01
2.145804608954190729e-01 -1.735214150186095983e-01 3.010736330197075761e-01
1.741002991195236549e-01 -1.801373659185871168e-01 3.309551522645713395e-01
7.239713265540079767e-01 4.679548998489025391e-01 2.418203368881052251e-01
1.981859927610154226e-01 -2.803190456123607621e-01 -2.007569047588866062e-01
1.233799102539937936e-01 -3.712043319498958271e-01 8.625727925825703302e-02
1.187377361545687016e-01 -4.314626815204374299e-01 -1.830851318460481880e-01
8.634248148750181540e-02 -4.001682402536756999e-01 -2.220257796269291539e-01
1.186759417065646888e-01 -3.990680597495965265e-01 -1.932763806032264942e-01
1.821624973206988907e-01 -2.563370238471512907e-01 -2.235937703671849741e-01
7.360538441353890737e-02 -4.150431704747651329e-01 -2.326320442999670335e-01
7.140705562197473266e-02 -3.385984246870439862e-01 -2.421726662196005964e-01
1.739295353463114480e-01 -1.581976195683076070e-01 4.072176859241518065e-01
1.424651797913504547e-01 -1.932506343554933892e-01 3.815357601927739095e-01
1.233707477580087281e-01 -2.351127310854794761e-01 3.612856369010892243e-01
4.673782015721941185e-01 -1.367594150734209868e-01 4.637256046063815140e-01
5.050730693684136741e-01 -1.405754149944260234e-01 5.067685287467064148e-01
-3.242045003388597801e-01 -1.540206592254064200e-01 4.805341638316891761e-01
-2.601075709908390876e-01 -1.599936484381688506e-01 4.786465201338789277e-01
-3.234103574678908188e-01 -1.623058312485234078e-01 5.596503327605079070e-01
-3.891670160722951466e-01 -1.479954497740883501e-01 4.824027508117327279e-01
-3.255755810289158725e-01 -1.457380023972656424e-01 4.016188291959089107e-01
3.511363697467400069e-01 -1.603844318862125695e-01 4.522201308422197363e-01
4.138841365323552290e-01 -1.660699702445409542e-01 4.487641392299601129e-01
3.502311989832458949e-01 -1.688107841987730173e-01 5.400257894677956694e-01
2.878900553854655819e-01 -1.547238957636605516e-01 4.564692985264109382e-01
3.522782083803847608e-01 -1.519743684554033802e-01 3.643416341915744483e-01
