-2.093413142953156822e-02 -4.143606189924555760e-01 -6.930666272054981647e-01
3.266615626623825541e-02 -6.902726863474019092e-01 -2.996766567256855529e-01
3.693091669127868820e-02 -4.330272590653374554e-01 -3.890898485363843973e-01
-4.865372921033819104e-02 -6.260922921180457346e-01 1.912354529340226927e-01
3.237149153216166420e-02 -7.399296700511401870e-01 -1.621436958038827980e-01
3.085733974415242470e-02 -7.264784479641714920e-01 3.338593825384944536e-02
3.411088043616319898e-02 -5.340321581667215600e-01 5.312567158618909380e-01
-6.404616011554966626e-01 -1.689136405215131420e-01 6.696112099439610610e-01
3.478872711674307200e-02 -5.111226798915901037e-01 9.096386033376828717e-01
3.335684006399618207e-02 -5.515733488696462627e-01 1.092174672169090144e+00
3.132467054292070729e-02 -5.346175686715092246e-01 1.734183672101660356e+00
-1.924582669857966347e-02 -3.988412954313627634e-01 -7.313322132074449033e-01
-1.664671902758443206e-02 -3.661222902489165154e-01 -7.683312204644314747e-01
-1.284359549396056621e-02 -3.163392259293228426e-01 -7.941726457158957420e-01
-2.373522782752562552e-02 -2.844911442720106098e-01 -9.539752020687108924e-01
-2.510861888485960841e-02 -2.892974710243491065e-01 -1.012361709790485786e+00
-2.777134805273479695e-02 -3.030397861433226647e-01 -1.074903378109840046e+00
-2.741952113015785203e-02 -2.865826599570391320e-01 -1.132438376833133642e+00
1.732386228396335520e-02 -1.941110429813162619e-01 -1.217174533572077832e+00
3.111022732389026602e-02 -6.323985154749827142e-01 -3.587882468132517211e-01
-5.995585390179283825e-02 -5.002282993389624011e-01 -3.301405981707730142e-01
-9.936671624080950505e-01 2.054370169412644276e-01 1.273313401675367773e+00
-3.804958376529302133e-01 -2.542731063471834752e-01 5.233282765512108359e-01
-4.779365854885850862e-01 -2.438778271348409632e-01 5.143189072869595035e-01
-5.686693185379181337e-01 -2.169747130526357148e-01 5.307016911310415974e-01
-6.795570010476292833e-01 -1.490756693230920193e-01 6.334295663512061747e-01
-2.946314173054119800e-01 -2.477523532519338434e-01 5.572899988207604682e-01
-5.179926338364686522e-01 -3.308870313906000504e-01 9.386593536773835122e-01
-4.067098840910731150e-01 -3.298925748976105354e-01 9.177672269352643575e-01
-6.164320809174745897e-01 -2.954776454290553023e-01 9.174685009008325398e-01
-6.788155465770399077e-01 -2.500670202981754575e-01 8.648665451480077593e-01
-7.613455655133625211e-01 -8.860889246115172257e-02 5.544153170461285640e-01
-3.355474239562027949e-01 -3.917260457921342004e-02 -1.347006654124125458e+00
-6.716234114159927993e-01 -1.443585853246578954e-01 7.212855558252120325e-01
-1.025142311095627257e+00 3.179955399914939362e-01 6.912541476788192085e-01
-8.653718689040204026e-01 -5.814405785286459044e-03 6.753258039543741376e-01
-4.452039743222001023e-01 -2.665084895889936467e-01 -6.662063545219040761e-02
-1.277733180979808703e-01 -3.968269066149013313e-01 -6.647231002207285577e-01
-1.104540702454647472e-01 -3.464968523418252566e-01 -7.565946105264989008e-01
-2.203321039819725602e-01 -3.293793754530601747e-01 -6.920598568104123771e-01
-2.773029291079072700e-01 -2.552742828769992145e-01 -7.313239026410101040e-01
-1.864416671292113137e-01 -2.996856584886983810e-01 -7.582575688412908077e-01
-2.418680433944699892e-01 -2.282121076708221175e-01 -7.760064354879596671e-01
-4.240044399689774091e-01 -8.332787243625985885e-02 -9.245921413528090937e-01
-4.826757579316587332e-02 -6.800550608722513157e-01 -2.897659400411907171e-01
-6.252756292792795156e-02 -7.260917322515565431e-01 -1.557965097647066588e-01
-8.054356228065808754e-01 -2.365400985769668951e-01 1.001166722329904335e+00
-2.500350210132593620e-01 -3.273680925819538734e-01 2.685590018271693524e-01
-2.681317443122363531e-01 -4.523351776987206696e-01 -1.999785159280975388e-01
-2.756210284505190566e-01 -4.341520063653963035e-01 -1.187665629661594224e-01
-7.247698245973598352e-01 -1.468612571371299969e-01 -1.126000084272481619e-02
-5.644399600667265871e-02 -6.953918460718522265e-01 2.721467820285322289e-02
-5.884312551479657927e-01 -4.130222510545452641e-01 1.127946165879552876e+00
-7.167608479553417844e-01 -3.341953510399101046e-01 1.090955372427989234e+00
-8.987932350906095991e-01 -5.851156441860935579e-03 1.479003400682736835e+00
-1.705203038499947255e-01 -4.844622512444639595e-01 9.652651062468398102e-01
-3.081430204575679177e-01 -2.976612784181527083e-01 8.509848603767464770e-01
-4.889849131756099920e-01 -7.748909439222569084e-02 -7.720833434726657174e-01
-9.072612328775930823e-01 7.260569093737686552e-01 -5.472092537905849374e-01
-1.964847445420057903e-01 -4.058559145850181293e-01 -2.781385296230265425e-01
-1.213867628589299086e-01 -4.060422738723461489e-01 -3.216206904493513208e-01
-3.524020037283442930e-01 -9.359202356442836157e-02 -8.067693744008423984e-01
-3.335174325144206198e-01 -1.177521276588903293e-01 -8.185872225310479866e-01
-7.640034935559267826e-01 -3.009288676447920974e-01 1.187982630253826777e+00
-2.738734610830838578e-01 -3.921363948840775882e-01 -2.506057210436996585e-01
-4.116861413450753071e-01 -4.653831298013143547e-01 1.099704798381421433e+00
-4.262606656151703977e-01 -4.978550573304972859e-01 1.208028543352493545e+00
-5.162517655517093740e-01 -4.004054667057098671e-01 1.717217307352895350e+00
-8.299182689968135351e-01 -1.750939015746129090e-01 1.315288960512706051e+00
-4.599733972376181534e-01 -4.540914686663601874e-01 1.450222776985475859e+00
-8.571248515242455568e-01 -1.650693272672894008e-01 1.080442881302317026e+00
-9.242083935893534719e-01 1.084236185520937902e-02 1.151744279845647201e+00
-1.216451868035506034e-01 -3.816232704815590293e-01 -7.161400048310703204e-01
-2.038307169849071232e-01 -3.181970268612554498e-01 -7.268193548875121479e-01
-2.608980843087733703e-01 -2.491606945528560546e-01 -7.532558348243620916e-01
-1.744335474735901892e-01 -3.815488206802087889e-01 -3.008908565651467470e-01
-3.424266924131310064e-01 -1.060624948743250917e-01 -8.128471178538260178e-01
-3.153242896586414545e-01 -1.582592654079655881e-01 -8.761575591221109072e-01
-3.227447902200517582e-01 -1.206829475597049756e-01 -8.229898107907893667e-01
-1.532033202791008852e-01 -5.447574915236866877e-01 -2.572897297948795181e-01
-2.275411680673638803e-01 -2.093265102628222296e-01 -7.933656419668586590e-01
-1.705018902876639930e-01 -2.588989410437361194e-01 -7.821962290169791610e-01
-9.902872269761231472e-02 -3.018593776162017406e-01 -7.833916427129108406e-01
-1.123861677901142331e-01 -1.865134388942417121e-01 -1.204224185344086040e+00
-1.392086116958065334e-01 -2.811155116176734525e-01 -1.111891042414113739e+00
-1.347847021118461497e-01 -2.973266271025473140e-01 -1.052465810747750474e+00
-1.237233617138576158e-01 -2.818372362978115442e-01 -9.882396164656483961e-01
-1.109164798651778028e-01 -2.768015857847584416e-01 -9.333023060055238851e-01
-2.406095782279472073e-01 -2.043026566550748269e-01 -8.819820948296857033e-01
-2.611430932898394230e-01 -2.137534701243244128e-01 -9.064410599417411785e-01
-2.821486794132086473e-01 -2.233832473539443253e-01 -9.366959555411673577e-01
-2.971493387420263699e-01 -2.026431760137963056e-01 -9.699313143412506832e-01
-3.737879349022550368e-01 -2.381705250388547745e-01 -5.607583363829478085e-01
-1.014786779773829473e+00 7.709232886759154191e-01 1.575604390480832839e-01
3.667953358134456998e-02 -5.027600823989887280e-01 -3.691974105134349093e-01
-2.785097554016678911e-01 -1.565235585780999639e-01 -8.546636917912624476e-01
-2.970018579073900877e-01 -1.621410367083948589e-01 -8.653614942271043997e-01
-8.990434350030340749e-02 -4.065095525879351968e-01 -3.743513584787395709e-01
-2.396014498712916718e-01 -3.132969092429805924e-01 -3.224852385768972596e-01
-1.051500165152443045e-01 -4.078791367294073988e-01 -3.487113103041263873e-01
-3.489225697344687793e-01 -2.838606321787991993e-01 2.000080518342239877e-01
-5.044177913438503413e-01 -2.419998509579778245e-01 1.215911803399165048e-01
-2.912219638379686670e-01 -3.732700284362979737e-01 -1.700300507265889161e-01
-7.481235413750182417e-01 -2.184352023971250500e-01 1.631805075086012913e+00
-6.822200203930273155e-01 -3.258365929610980150e-01 1.421764830518406297e+00
-6.183807100862948047e-01 -4.104778054725138903e-01 1.237746388672434694e+00
-3.465010445693703089e-01 -1.236859051027489609e-01 -1.043229354100544626e+00
-1.973322210867027859e-01 -5.419674895598538544e-01 1.147941945135547037e+00
-2.294974422806988490e-01 -5.252083497685355873e-01 1.432324013953557129e+00
-2.656600507680672574e-01 -5.043807230863760482e-01 1.744824852308766605e+00
-6.415807052468125438e-01 -1.792614009074066650e-01 5.692726041611826382e-01
-8.676468773808196921e-01 -2.145423036934120120e-02 4.653982697281623393e-01
-2.375131626659441331e-01 -2.407770450668360596e-01 5.905993286845273582e-01
-7.657067576565975697e-01 -1.647037887330367600e-01 8.170491273439119961e-01
-1.838252849621445362e-01 -3.730225196616921424e-01 3.490119301814594288e-01
-2.125533854772450049e-01 -5.518714133881810202e-01 -1.667495384464485475e-01
-9.523807158753703206e-01 9.245798629539304925e-02 3.880788866184026187e-01
-8.081659009420469886e-01 -9.475820375228793946e-02 3.503188372063700262e-01
-6.901461963731689853e-01 -1.762207461944516607e-01 2.790703737683085661e-01
-5.071996970764734991e-01 -2.234027061830971550e-01 2.852913357230967284e-01
-3.712383914570571708e-01 -2.534902962062071108e-01 3.344799135566866588e-01
-2.694949853065444767e-01 -2.871483633140180514e-01 3.911472449575218446e-01
-5.619772252380898087e-02 -4.934003459931040059e-01 5.086380471397082825e-01
-9.344223509639300040e-01 1.023158042806970314e-01 9.548660926482861744e-02
-8.420382493743903130e-01 -1.221249390162295612e-01 8.522385140314900909e-01
-1.917347624099604783e-02 -6.267745756217765196e-01 -3.507730142633391779e-01
-2.429328322022765163e-01 -3.488521847058186909e-01 1.204078220675890432e-01
-1.051070083400745370e+00 6.196068208582234949e-01 7.555599944552422453e-01
-1.902332478354044620e-01 -3.109546254567217005e-01 4.562386931362819587e-01
-2.970506570322273276e-01 -2.803418273518064607e-01 -1.622220019043023598e-01
-7.096213229235776021e-01 -1.259154747907760274e-01 7.217067721979223416e-01
-2.176500252469364682e-01 -5.284064471775483662e-01 -6.830890168477254942e-02
-9.728520406802640963e-01 7.728703993859957766e-01 -1.825222159834374025e-01
-2.321328390751959403e-01 -2.250629175124362336e-01 6.389103658062105229e-01
-1.408537176776634148e-01 -6.316475734180176937e-01 -6.614726972025426754e-03
-7.267131838211415840e-01 2.767351305601035705e-01 -9.645356208039650436e-01
-7.175246327015181169e-01 4.628045188976349089e-01 -1.090165751256185089e+00
-1.008383439267616088e+00 4.392978273800780542e-01 1.198102962013055106e-01
-8.360240809111063598e-01 3.701649019427014631e-01 -7.561009876679074537e-01
-9.785325948262790785e-01 1.881715604812874976e-01 9.453370323864251912e-01
-3.508511559519617018e-01 3.216141194506231399e-02 -1.456425548287396898e+00
-2.689344008290620557e-03 -4.955902317164139204e-01 -3.615439014518617711e-01
-3.288113652839656509e-01 -2.992784816367112799e-01 3.006110833554031386e-02
-9.468515609978349623e-01 9.056931201548185095e-02 6.698067541758915278e-01
-5.532541933736276896e-01 -2.182501737336115244e-01 6.017695733964821825e-01
-4.731634444213219659e-01 -2.410654629063172516e-01 5.845363740290101529e-01
-3.304538584511728661e-01 -1.400542386215399837e-01 -8.875158456040423971e-01
-9.115561487628860426e-01 1.690349974922224219e-01 -1.756126196233281644e-01
-1.719091353401255018e-01 7.621181355630543552e-02 -1.630632646296595212e+00
-4.559544485006183923e-01 2.480735934045783520e-01 -1.428090468880816255e+00
-5.777380007381908156e-01 3.439088992907106679e-01 -1.292016168653774777e+00
3.214281555372898447e-02 -5.494349123583368577e-01 1.407355550287654689e+00
2.829588128340821199e-02 4.714813579719514397e-02 -1.659968733225101856e+00
-3.911089710338991332e-01 -2.474561198159972442e-01 5.933244728440578708e-01
-3.106381384608277729e-01 -2.396312339659181223e-01 6.157913451416201500e-01
-2.572520544315859414e-01 -2.242073106730463894e-01 6.285322484851170177e-01
-9.077658077847559071e-01 -3.130946611978294852e-02 9.054080981549200713e-01
-3.288060730086515560e-01 -2.699346237723004860e-01 7.533811555279499306e-01
-4.175682932190891705e-01 -2.881520645411005388e-01 8.037803646441661343e-01
-5.024188743944083546e-01 -2.835837814220720787e-01 8.160772654386103664e-01
-5.823365190503639877e-01 -2.572769750191409299e-01 7.982252306313415424e-01
-6.297200240293515661e-01 -2.228094800818540555e-01 7.660416296456485918e-01
-1.039268086147526970e+00 4.299496594505590741e-01 1.047521981252182766e+00
-6.056439674970062192e-01 -1.914444643135166102e-01 6.336728698809106497e-01
3.494305790340336559e-02 -4.071068596270507878e-01 -4.888347235411683034e-01
-2.796291624924623909e-01 -2.985707333612989123e-01 -5.054182350492713027e-01
-1.958834997974477909e-01 -4.440352460408467650e-01 -2.614441635967529320e-01
-9.977082320033066332e-02 -3.945988438734729931e-01 -4.887721190829287243e-01
3.459486962051935149e-02 -4.874504887235104889e-01 7.253761809006480377e-01
-6.034047789839995790e-01 2.067918704782065464e-01 -1.157649004150148375e+00
-4.839650828853063746e-01 1.265849196983642455e-01 -1.309746244566665219e+00
-1.832388511943844889e-01 -5.268117376024492732e-02 -1.563155337211895812e+00
-8.196083807583154357e-01 6.076947800069123495e-01 -8.546168042914208396e-01
-2.630412230380556604e-01 -2.443168403528804822e-01 6.826334661933706194e-01
-1.203342264683283647e-01 -4.953674646301102769e-01 2.823416698206954178e-01
2.080700746393937539e-02 -7.865482291096209666e-02 -1.590235498261561187e+00
-3.256862208852954188e-01 1.454212912169470240e-01 -1.547835557264252593e+00
-9.744980499543300922e-01 4.642155566598469285e-01 -1.854167028884640689e-01
-1.837131736923740821e-01 -2.448906416775870620e-01 -9.055309096913390920e-01
-2.042154430988959157e-01 -2.537779708731045525e-01 -9.469878745869033665e-01
-2.207200394741039573e-01 -2.652508056960839466e-01 -1.000211123764763954e+00
-2.307043358333150385e-01 -2.471585778772837361e-01 -1.055971210321045906e+00
-2.442150326046283459e-01 -1.665102938185966663e-01 -1.141607738051561682e+00
-2.863205583911627716e-01 -1.699791724246751123e-01 -7.996442580105170839e-01
-3.032747809316596044e-01 -1.727046374022136177e-01 -7.887491949222764642e-01
-3.176616920758066343e-01 -1.753352203379556773e-01 -7.764402627178074168e-01
-4.466838461049830733e-01 -1.620171482077289726e-01 -6.531652481061496207e-01
-7.949433408770886222e-01 -8.466739214444761463e-03 -2.849926878299555710e-01
-1.183377100235118995e-01 -4.272857592462652176e-01 4.392056417846563754e-01
-1.659576702906897239e-01 -3.007911345049717466e-01 7.356180949841820693e-01
-2.247365382044572701e-01 -2.661034183898463024e-01 7.277279523604778255e-01
-2.691423910468551117e-01 -1.599177244380999841e-01 -8.097581328642090570e-01
-8.011711654171885799e-01 1.715414084388653393e-01 -5.912529534316848245e-01
-8.832681333190534056e-02 -4.216871125511033602e-01 7.218969960294304711e-01
-2.940747084079896601e-01 -9.719174609291926503e-02 -1.237298864175954805e+00
3.193018946087443355e-02 -6.602155881874351984e-01 2.031580906880897097e-01
-5.434010039314340901e-02 -5.680318784910128871e-01 3.408033708521536198e-01
3.330038075345900794e-02 -5.940756342475297380e-01 3.610869426999124832e-01
-1.879593335421090583e-01 -4.641439334878917355e-01 6.636396722604100129e-02
1.815115664675863091e-02 -1.472231500737649079e-01 -1.477879392502236655e+00
1.802479037717166430e-02 -1.687772570391408988e-01 -1.336875514849189539e+00
-1.418279940853873766e-01 -1.459892138925047711e-01 -1.319490389627857363e+00
-5.092307923132680658e-01 -1.927403820345372290e-02 -9.518371318488951793e-01
-3.813417978132664921e-01 -2.431415979487389634e-01 -2.587247807670969291e-01
-4.142054530791740019e-01 -5.178864028761782923e-02 -1.116165969504715694e+00
-5.963869964129844270e-01 -2.061735587512246171e-01 -2.105573491333536662e-01
-4.714196406348999391e-01 -2.084770159991215788e-01 -3.820296607069429973e-01
-6.759649529167113258e-01 -1.025441313485736666e-01 -4.120764299017841692e-01
-1.722895318374800533e-01 -1.184106221213037102e-01 -1.453540117781483954e+00
-2.442504077830093268e-01 -3.862242232492523186e-01 1.312618259552505995e-03
-5.813133089190115621e-01 8.275297955669336236e-02 -1.032041064512978501e+00
-4.616972184487491138e-01 3.582875066651405871e-02 -1.199484724931535684e+00
-5.808468093564613799e-01 -3.054853256991405669e-02 -7.698047103367459121e-01
-8.839544989997696334e-01 2.325441404212320873e-01 -4.050618650922045427e-01
-6.930600637366504113e-01 6.690228084703750411e-02 -7.668451640218978405e-01
-9.249090283161698345e-01 4.599103935520395536e-01 -4.746323299494319414e-01
-5.477580258586468576e-01 -1.415685570605415833e-01 -5.409381605795384740e-01
-1.798794806053780615e-01 -4.181242277601020518e-01 2.039701981506361617e-01
-1.827563346697969049e-01 -5.655243097724175216e-01 -2.351805327336690121e-01
-2.381559619789902493e-01 -4.558020117540767524e-01 -2.493815816812690045e-01
-1.431172930533620713e-01 -6.431005038032608923e-01 -1.562777557099450654e-01
-2.441316330471622886e-01 -3.455349329462739094e-01 8.734303561199032728e-01
-4.041248420680246256e-01 -3.690374586804437973e-01 9.788180497916476597e-01
-5.419940179272511038e-01 -3.617934726194838024e-01 1.002878289364846243e+00
-6.540056278678048063e-01 -3.191781513865791786e-01 9.780716136249505421e-01
-7.294510542503072070e-01 -2.543176775772550968e-01 9.180484854069412837e-01
-7.762774635139513268e-01 -8.149370742977726789e-02 6.984520677620809082e-01
-1.030977390748703870e+00 3.813824389148347538e-01 4.103573236575744354e-01
-7.127027223123729716e-01 -1.303158931511115282e-01 4.839398784771633544e-01
-6.200643235444489587e-01 -1.821155674118291601e-01 4.280018578803187479e-01
-4.945390560663853741e-01 -2.222364405497415651e-01 4.162997525101094221e-01
-3.728702879969519879e-01 -2.465546912511029642e-01 4.413544473857392014e-01
-2.763060319844246049e-01 -2.545190966630493934e-01 4.831357966106959445e-01
-2.093213460493399958e-01 -2.667895830980823169e-01 5.219658794310662042e-01
-1.037014336093086575e+00 7.243534989393165535e-01 4.657301869444868681e-01
-2.375841778263227955e-01 -4.045232729171021613e-01 -2.778859402747516638e-01
-1.213795289988293946e-01 -5.518920912233744591e-01 1.423547234061633138e-01
-1.180502858812944034e-01 -6.368878492304407279e-01 -2.598214960865518064e-01
-7.003126125910208444e-02 -5.888767022411534047e-01 -3.205553231660107638e-01
-1.183215652342625435e-01 -5.882994917307732274e-01 -2.740033205027749830e-01
-2.118904639893439135e-01 -3.668141179466922752e-01 -3.140965350916157250e-01
-5.053134097620701204e-02 -6.127378572088332254e-01 -3.383722367002467424e-01
-3.628704133796127607e-02 -4.966072268326855443e-01 -3.512026722516169430e-01
-2.009957707600501520e-01 -2.365116051453178825e-01 6.322952795715149898e-01
-1.564183894564878108e-01 -2.872991373347811850e-01 5.915613039016344166e-01
-1.307073763775642439e-01 -3.486547404090788449e-01 5.557654401048819359e-01
-6.542792184042962589e-01 -1.879670598174621454e-01 7.414963811767845137e-01
-7.143695434032857339e-01 -1.893042413801603041e-01 8.039440429535185118e-01
1.127061038415837074e-01 -6.255217089162478095e-01 1.842187282637750001e-01
6.846593796981466085e-01 -1.834456032863395203e-01 6.212825776740115158e-01
1.285465594694426839e-01 -5.059591754349624937e-01 -3.385578268494916498e-01
1.007304976277868303e+00 1.764675931378957285e-01 1.167386012646594251e+00
4.177953474612573492e-01 -2.581626830700219921e-01 5.071660494554749432e-01
5.101634605734768346e-01 -2.512522666657799331e-01 4.936263140459909993e-01
5.980430096505131576e-01 -2.278356231715175095e-01 4.981544171630409856e-01
7.144670820470495620e-01 -1.632801809267112325e-01 5.796081217799116114e-01
3.413920639074525254e-01 -2.509978801662933190e-01 5.413053326852779179e-01
5.595526709056848347e-01 -3.428090315448228953e-01 8.916758327886384894e-01
4.504901758013492574e-01 -3.394259054722965629e-01 8.741734431389134308e-01
6.579354884078022492e-01 -3.124054681221574703e-01 8.658640363564252818e-01
7.186679428115703150e-01 -2.703482251367220757e-01 8.062322813110108788e-01
7.829670781531894441e-01 -1.068286555786128467e-01 4.857863075920861862e-01
3.658754942292298806e-01 -5.443480400386778439e-02 -1.363168864442968919e+00
7.178509226883946770e-01 -1.598023521554206017e-01 6.661916522199414770e-01
1.057783368132105828e+00 2.911858557823445715e-01 5.891602493247775074e-01
8.806549774790408680e-01 -2.846337913657000576e-02 5.912462089973122836e-01
4.914423827690884705e-01 -2.788940662644017188e-01 -1.096782382004761192e-01
8.836567033698433660e-02 -3.986820712549266621e-01 -6.749839529328168775e-01
8.062691869606691819e-02 -3.443718093406106240e-01 -7.679935125150251229e-01
1.933447334376500737e-01 -3.257471675915908360e-01 -7.125605972963388046e-01
2.633594000343320585e-01 -2.460535445540911192e-01 -7.531819441370518620e-01
1.649652502149853706e-01 -2.922442035816625872e-01 -7.748840253151030311e-01
2.321988455431858167e-01 -2.192286421807235763e-01 -7.915337894519622886e-01
4.279188220123311126e-01 -9.197023835332308883e-02 -9.621002112333540968e-01
1.106850352587594039e-01 -6.847964160180786131e-01 -2.971662000864524478e-01
1.227311135892811544e-01 -7.313487703907890491e-01 -1.645501849433379793e-01
8.303010992414763258e-01 -2.584977711854798965e-01 9.343789703845356565e-01
3.057806782729481920e-01 -3.302687060595972390e-01 2.430478554518249457e-01
3.261595780671877609e-01 -4.624516017011609526e-01 -2.239464659413626102e-01
3.316742405958670870e-01 -4.442184499394453701e-01 -1.436032048392081872e-01
7.587955373624344357e-01 -1.635610957935951515e-01 -8.016682202516665912e-02
1.179931650363429674e-01 -6.963891161795656704e-01 1.987053693556726369e-02
6.343005887999528802e-01 -4.340881864377688082e-01 1.078284704827388696e+00
7.529658169754986918e-01 -3.568390543750056265e-01 1.035527189686602068e+00
9.184538815705947101e-01 -3.420106624319503574e-02 1.379654575458727495e+00
2.368695594629768308e-01 -4.897324642462927979e-01 9.383742738162073049e-01
3.580568136238647670e-01 -3.023809161451095351e-01 8.098441135418129599e-01
5.000819960179041512e-01 -8.408080634809335374e-02 -8.190825251359562520e-01
9.680649655210347149e-01 6.972449909822625580e-01 -6.222954306994442630e-01
2.596685998166980425e-01 -4.164553750198747295e-01 -2.962230332820262046e-01
1.899258839214340855e-01 -4.189860099285782069e-01 -3.350042998148289319e-01
3.542099580541229753e-01 -8.268507390002317881e-02 -8.466752347079847807e-01
3.306996731177731519e-01 -1.104186230150356607e-01 -8.540193974362260132e-01
7.964472402773190574e-01 -3.244569392142334641e-01 1.120124609614516098e+00
3.295404711121553976e-01 -4.038960794142698041e-01 -2.746270665548241618e-01
4.694853800688429946e-01 -4.834696704946237489e-01 1.057356527288241033e+00
4.841946005612787207e-01 -5.169248000579003133e-01 1.157784951972073095e+00
5.582842219312432741e-01 -4.194670365522481514e-01 1.653416137156865195e+00
8.584144695999433861e-01 -1.987944745229635046e-01 1.232090397829565420e+00
5.095768888943585928e-01 -4.701585038961362262e-01 1.397837379596112317e+00
8.801320024247942797e-01 -1.872339649470481926e-01 9.966589727312356040e-01
9.501611758031289767e-01 -1.309706492579789869e-02 1.060246308208244947e+00
8.535567837575785965e-02 -3.815496661939493106e-01 -7.271408516811903588e-01
1.790395287133296487e-01 -3.127046883711027125e-01 -7.461527268357583953e-01
2.479101753323812996e-01 -2.404213594242558538e-01 -7.722092622056639932e-01
2.396486532663930635e-01 -3.935582763391072270e-01 -3.171862213585309731e-01
3.419971494961209779e-01 -9.788240545903434398e-02 -8.508112974423416297e-01
2.961546775972441203e-01 -1.531033855913786768e-01 -9.140241265938076065e-01
3.190832135009704640e-01 -1.129525930733620842e-01 -8.553462008659874494e-01
2.133281567190100647e-01 -5.480780092564669914e-01 -2.731312405133879961e-01
2.198881238257082704e-01 -2.003356246152844522e-01 -8.053907125098069830e-01
1.547696791142009198e-01 -2.495855931093581836e-01 -7.938819832110591834e-01
7.661517976836071386e-02 -2.962326359387963959e-01 -7.933318717894086713e-01
1.398930153497303652e-01 -1.902374039467690237e-01 -1.214334556142546262e+00
8.696610509811673884e-02 -2.794685327962667665e-01 -1.124228641330156098e+00
8.121346053036516965e-02 -2.936400990342362682e-01 -1.065434115759969602e+00
7.601451511335591271e-02 -2.771177854149229902e-01 -1.002822368698377264e+00
6.705826905494652324e-02 -2.711304554094692287e-01 -9.480270395580021603e-01
2.119102974769067338e-01 -1.971226429367340938e-01 -9.151400239962492744e-01
2.296867844124589886e-01 -2.095964324190116856e-01 -9.410299027705235630e-01
2.472097411216825358e-01 -2.206102392550324254e-01 -9.725202809464095211e-01
2.646979862781825843e-01 -2.004274614698492440e-01 -1.004874843098296111e+00
4.108191192531819302e-01 -2.469516540323798970e-01 -5.963536231950414823e-01
1.067682557942008614e+00 7.400188125112834303e-01 5.814245505953927196e-02
2.616157566306381299e-01 -1.468749024048252860e-01 -8.887198535072138306e-01
2.781551660255185965e-01 -1.555979385623554867e-01 -9.021154147477199459e-01
1.606704432003739358e-01 -4.138436103400946475e-01 -3.847496185488553655e-01
3.016244601030815820e-01 -3.284462498353710180e-01 -3.439840702444874054e-01
1.749419456962292008e-01 -4.186120579080719883e-01 -3.611359090473226230e-01
4.002426789966809784e-01 -2.885944273004781846e-01 1.653864618411753640e-01
5.492324214193143872e-01 -2.526239261739843811e-01 7.180987483618807288e-02
3.476412361910136140e-01 -3.844361041013510949e-01 -1.962704388128185817e-01
7.777066904726188667e-01 -2.455580017305547535e-01 1.544614816955794723e+00
7.197799012146983699e-01 -3.485163820215420594e-01 1.349447607782329639e+00
6.642240512974987299e-01 -4.324601307052748922e-01 1.178766300271373080e+00
3.563240787477881533e-01 -1.291580666234429242e-01 -1.066174305915150722e+00
2.670308840560749464e-01 -5.503147698770142204e-01 1.106848164220586517e+00
2.863741279988670785e-01 -5.346064035337158016e-01 1.403494799576618934e+00
3.176091592330128055e-01 -5.173799357349136985e-01 1.709074617020662545e+00
6.721825615166902024e-01 -1.927652554539339425e-01 5.247580626008236937e-01
8.779799891059281158e-01 -4.548048634857465577e-02 3.826678142381712000e-01
2.912804244994552927e-01 -2.402331688746401905e-01 5.742146852430360937e-01
7.972671186757697148e-01 -1.848319703690498861e-01 7.497506754080200952e-01
2.429613033036498448e-01 -3.740857980640406866e-01 3.298282012827765675e-01
2.706929599312335455e-01 -5.601896196865271405e-01 -1.882381047025366294e-01
9.868200746654176569e-01 6.738871972693816215e-02 2.949003631445813456e-01
8.179664802549577729e-01 -1.149907366671608644e-01 2.762990326300180377e-01
7.028918710726922425e-01 -1.927127793063045935e-01 2.179767048266458840e-01
5.301520048201807667e-01 -2.330505910715442719e-01 2.434967714960621366e-01
4.028586261211418162e-01 -2.592323925917395799e-01 3.081059902881454482e-01
3.082891721112845929e-01 -2.912135453240723981e-01 3.733801324097901775e-01
1.230966825309152135e-01 -4.940136246818241927e-01 5.000420275088048871e-01
9.723945379940386324e-01 8.003121239903802919e-02 6.743018562059914164e-03
8.617629390847587612e-01 -1.436210001678090153e-01 7.716163348079982942e-01
7.970332579745693924e-02 -6.278751454019773082e-01 -3.547418179063710486e-01
3.005447869046964371e-01 -3.522630896411752532e-01 9.643605599934071404e-02
1.085030770403310640e+00 5.921242684329600658e-01 6.477333983877102686e-01
2.383716724411602539e-01 -3.125280166745786903e-01 4.455869465043710287e-01
3.586848972852990647e-01 -2.916816772214773090e-01 -1.894320152170688720e-01
7.510027177880981286e-01 -1.418068966562304745e-01 6.612386632737686787e-01
2.736868469700036166e-01 -5.368202717159578086e-01 -8.949408073963038834e-02
1.032750414630308367e+00 7.406212833466194745e-01 -2.705879183148724998e-01
2.913093198760648428e-01 -2.221774439616408248e-01 6.193188411966986662e-01
1.975046331445096948e-01 -6.361884796191765723e-01 -2.143340845611184375e-02
7.661246211585019950e-01 2.495463675925899683e-01 -1.012702477305746251e+00
7.670170982280402061e-01 4.338011530753740352e-01 -1.132911347316863937e+00
1.061809159536024838e+00 4.122783079452180255e-01 2.472862439043974417e-02
8.805044714215848334e-01 3.422110267646041870e-01 -8.194576960586547054e-01
1.008578605876246037e+00 1.631712904258433849e-01 8.471530683623895719e-01
3.879470933318883707e-01 1.600022405485817742e-02 -1.469522242564420544e+00
7.681344303191202372e-02 -4.982245546399000080e-01 -3.652049419550467135e-01
3.815952911017296278e-01 -3.072834834896748246e-01 -2.134063815847232065e-03
9.524403823717384476e-01 6.715504360753746238e-02 5.684591336319659849e-01
5.944992842359654306e-01 -2.293469362232427589e-01 5.683281652192069267e-01
5.151089913682713739e-01 -2.487945518741283002e-01 5.593445445133569116e-01
3.142447330293056673e-01 -1.346484284425941425e-01 -9.265999257443248149e-01
9.527496120280667391e-01 1.461082963985494976e-01 -2.573438765247995086e-01
2.242617072243762166e-01 6.772239913399208389e-02 -1.634278197767819574e+00
5.066339372142023567e-01 2.279904613024374693e-01 -1.443329152948475080e+00
6.284128096964911592e-01 3.198878968658350197e-01 -1.317403994895200325e+00
4.363881601626741769e-01 -2.526777867987001214e-01 5.710129463613707879e-01
3.625764837329404355e-01 -2.406228321836325623e-01 5.942622829468386936e-01
3.150472513754724035e-01 -2.220997346025982144e-01 6.073634021966731744e-01
9.204904027041251879e-01 -5.269985636873199264e-02 8.078539174526366828e-01
3.769054419624057184e-01 -2.716302955792716523e-01 7.123318627855943497e-01
4.578696173140197612e-01 -2.947637911790914611e-01 7.541688555448844422e-01
5.415417851860639953e-01 -2.939820082307921245e-01 7.634398013847376596e-01
6.224546455643792386e-01 -2.713257552808167050e-01 7.436541854394164153e-01
6.705585252338019941e-01 -2.382192459800036577e-01 7.105351980493566089e-01
1.062382065086483696e+00 4.009781489534129939e-01 9.395066221349261948e-01
6.483090852444697294e-01 -2.044064747229263623e-01 5.921616155240507773e-01
3.313764990816351341e-01 -3.065935561608649218e-01 -5.320927819749250443e-01
2.584451163956458242e-01 -4.543763709456004607e-01 -2.803096761202250597e-01
1.645164190290357986e-01 -3.960190095396321497e-01 -4.998326088698485936e-01
6.418465564459999717e-01 1.812136860653592585e-01 -1.191579023199265119e+00
5.202574381127073044e-01 1.038448494388733989e-01 -1.331314051871880899e+00
2.213761890130296339e-01 -6.203895416780974559e-02 -1.570214821392352356e+00
8.763296924189496462e-01 5.791605609226057050e-01 -9.139172627823485273e-01
3.182507080506261077e-01 -2.415863835752097843e-01 6.554389524604837813e-01
1.827396316236578611e-01 -4.975517675274752083e-01 2.684526527026964704e-01
3.759765471585395091e-01 1.308619434571452189e-01 -1.554929617854921897e+00
1.028641554601205765e+00 4.366984046595515645e-01 -2.727974990842019221e-01
1.464692124533177320e-01 -2.376088199095763298e-01 -9.320402254290907074e-01
1.632114610714321956e-01 -2.483726828407051279e-01 -9.744130354657829507e-01
1.758735716993972964e-01 -2.604480103115950351e-01 -1.026400997566343953e+00
1.881357036510488689e-01 -2.431629197823874655e-01 -1.078559805331124055e+00
2.611998542416369973e-01 -1.681456139706405117e-01 -1.157536506720706626e+00
2.837451455532608025e-01 -1.606669237713973242e-01 -8.183941882799349310e-01
3.002256063765659233e-01 -1.611228886878380839e-01 -8.101662624036212179e-01
3.148824901941694177e-01 -1.631646120845795522e-01 -7.988581133796388567e-01
4.702651129762192017e-01 -1.668817559598741451e-01 -6.927146670993069577e-01
8.267223403262566883e-01 -3.013946212548324760e-02 -3.555943644953558080e-01
1.822952591394774169e-01 -4.283098703452342670e-01 4.247837490769436619e-01
2.287544916816451890e-01 -3.035913064030250075e-01 7.102005386419907307e-01
2.805585426763779200e-01 -2.641673834964570755e-01 6.992460019208812660e-01
2.676525461916633986e-01 -1.481844139808025096e-01 -8.269256878922758291e-01
8.377079436867103102e-01 1.461144537340745286e-01 -6.568490525604561148e-01
1.479051832676505085e-01 -4.220791428693080327e-01 7.071970172617301209e-01
3.166488063778496453e-01 -1.076818967599009469e-01 -1.252766158217045733e+00
1.187188878277812831e-01 -5.702761605086044128e-01 3.329437390932611374e-01
2.464139658543539890e-01 -4.702590347968287343e-01 4.642968756828978055e-02
1.724381365151080869e-01 -1.540369528061009408e-01 -1.328419271649767586e+00
5.216162070296255227e-01 -3.528575823370198178e-02 -9.951824579475325727e-01
4.318215294840391238e-01 -2.571612595310493465e-01 -2.939249767069430641e-01
4.303876568839887784e-01 -6.655409365667733224e-02 -1.142356864065889654e+00
6.305125433148222047e-01 -2.246603675424926616e-01 -2.658137352170643619e-01
5.088392604676909015e-01 -2.232914151437650763e-01 -4.259683946571070079e-01
7.038620576642216076e-01 -1.234088853212555459e-01 -4.728259417612720172e-01
2.054008578241965921e-01 -1.268098695942579124e-01 -1.463168842334587882e+00
3.011351324003888053e-01 -3.939624676300540473e-01 -2.194000116518340232e-02
6.082891736028783747e-01 6.030675137591198776e-02 -1.067785778173414579e+00
4.901674551859375173e-01 1.523793071793256432e-02 -1.223593551687898184e+00
5.965341763291205357e-01 -4.395772201922579225e-02 -8.250352908197168267e-01
9.255913590822453241e-01 2.070158540272598047e-01 -4.798788201737282932e-01
7.168528714505939536e-01 4.330847107446936239e-02 -8.217314827906322394e-01
9.776317915091010669e-01 4.345142604480957127e-01 -5.524137264610857745e-01
5.701155811686108299e-01 -1.555965016323043459e-01 -5.944440479806691879e-01
2.399593103748417500e-01 -4.199252091467413073e-01 1.847307899893234073e-01
2.405298489160884734e-01 -5.716791058982124696e-01 -2.534316156475169279e-01
2.966849317786641738e-01 -4.674433716833065189e-01 -2.713014456758426896e-01
2.031345645557688928e-01 -6.500957752547333879e-01 -1.721013990129292015e-01
3.042396436244166891e-01 -3.505865772106576683e-01 8.418462204811774097e-01
4.575198358772256668e-01 -3.826750939080125202e-01 9.407627922032673062e-01
5.908567696822210058e-01 -3.796477784466887329e-01 9.579985624857627613e-01
6.969788140972660306e-01 -3.392306495425642110e-01 9.261982593041568901e-01
7.659480139540391086e-01 -2.754642252553474724e-01 8.584877156190708902e-01
8.044625587176037484e-01 -1.005643514453096465e-01 6.278394944745013806e-01
1.072909092924789309e+00 3.569770554781330207e-01 3.097405283730588765e-01
7.358272411414068515e-01 -1.462790256085815255e-01 4.231520481683043178e-01
6.433598922844789847e-01 -1.958410276132813987e-01 3.784728524540495465e-01
5.225449731387279417e-01 -2.314113255407057590e-01 3.837295951442759034e-01
4.076808044735940051e-01 -2.516059782310773318e-01 4.214114183112276923e-01
3.200529845932493789e-01 -2.588122261262953971e-01 4.693109669380653437e-01
2.596756485621407040e-01 -2.686801088898252421e-01 5.114429755872222927e-01
1.079824243347455859e+00 6.979683132690752689e-01 3.606820501429697234e-01
2.956866056652370234e-01 -4.168590198605629515e-01 -2.987900946770657429e-01
1.840247166534116352e-01 -5.536620335269478721e-01 1.286552290401968279e-01
1.771007792673016945e-01 -6.432507099931131789e-01 -2.728916834043244588e-01
1.287823168146260688e-01 -5.952511318177082789e-01 -3.292650428300627485e-01
1.770086110548165226e-01 -5.941685376256253814e-01 -2.873650111221672798e-01
2.725527147091725833e-01 -3.804161006881989771e-01 -3.324983382144691690e-01
1.097845668957153631e-01 -6.176803615448120954e-01 -3.452249032368759907e-01
1.069432536308725645e-01 -5.017993390006592058e-01 -3.571237906186160993e-01
2.594209494387959003e-01 -2.359563405125726376e-01 6.142287157993004953e-01
2.124909500267038731e-01 -2.882389293131338293e-01 5.783817010746366005e-01
1.840110505247524175e-01 -3.506774614322966110e-01 5.454835035009999444e-01
6.971081510534656855e-01 -2.039806363674830925e-01 6.858675152517440532e-01
7.533311402841013082e-01 -2.096723109907402127e-01 7.421445191015543230e-01
-4.835604207346091421e-01 -2.297262829449139843e-01 7.163013843180880968e-01
-3.879579905063748058e-01 -2.386351696930863464e-01 7.134308310235721873e-01
-4.823759335963745398e-01 -2.420838574547359845e-01 8.317711316947020705e-01
-5.804538981761788730e-01 -2.207395081954943161e-01 7.189112234223842268e-01
-4.856054273728626081e-01 -2.173724599213905928e-01 6.008622867132944467e-01
5.237300855246789233e-01 -2.392180345464570701e-01 6.717082212933341845e-01
6.173202006381190987e-01 -2.476981800033598580e-01 6.670788994178303843e-01
5.223799970626915590e-01 -2.517861835550641025e-01 7.834061381718420147e-01
4.293963722341932465e-01 -2.307751806497845282e-01 6.769594694916146738e-01
5.254331709831450148e-01 -2.266741808776887024e-01 5.599758570831359084e-01
