-1.305225425126418579e-02 -2.768620316182295316e-01 -4.515069555262098411e-01
2.157710029170584534e-02 -4.559339423168765615e-01 -1.979353384070914879e-01
2.460067892972893355e-02 -2.856402152835859631e-01 -2.563909735648965960e-01
-3.213743258254052326e-02 -4.135551201307822722e-01 1.263174801974452088e-01
2.138246427552507184e-02 -4.887485558257516072e-01 -1.071013916507208286e-01
2.038231584298640792e-02 -4.798635690017428734e-01 2.205254107993265614e-02
2.253138943592758806e-02 -3.527462901311350096e-01 3.509130154617703945e-01
-4.230465344158489405e-01 -1.115731686478443480e-01 4.447879606404084862e-01
2.297913007887517761e-02 -3.376138054168539293e-01 6.008470422248626264e-01
2.203332028442907958e-02 -3.643328394621355715e-01 7.214182851935275753e-01
2.069100363080698946e-02 -3.531329735557372507e-01 1.145486928801901616e+00
-1.178440025890804474e-02 -2.672975415835968649e-01 -4.754517363761623927e-01
-9.764234792136417332e-03 -2.463207202689025599e-01 -4.987367536725333395e-01
-6.918938870490077067e-03 -2.135151020762268703e-01 -5.153568167348692164e-01
-1.454861732231874268e-02 -1.897027589367124012e-01 -6.538601630986458080e-01
-1.535696927684130839e-02 -1.929469321124272774e-01 -6.914777824336176826e-01
-1.716320588073251552e-02 -2.019288893199125967e-01 -7.303213491980702354e-01
-1.693315206984433857e-02 -1.909001617379231797e-01 -7.645552005289760755e-01
1.232193182058221106e-02 -1.294501802042152261e-01 -8.133163157514390340e-01
2.054935663670751783e-02 -4.175921561374231761e-01 -2.368124318428921904e-01
-3.958282232153086805e-02 -3.300858188701213392e-01 -2.177244405420643014e-01
-6.563507455578352356e-01 1.356980932204729928e-01 8.410665383095106140e-01
-2.513303610838124591e-01 -1.679559808757559169e-01 3.656372900647169022e-01
-3.156932684125130506e-01 -1.610895476077309485e-01 3.608412728781993373e-01
-3.756253052517980473e-01 -1.433191314626607871e-01 3.694829465262784995e-01
-4.488703674233689433e-01 -9.846951817107529870e-02 4.253320141730968507e-01
-1.946140093273484584e-01 -1.636488030625195267e-01 3.845378475308450783e-01
-3.421516421938500807e-01 -2.185620678279445173e-01 5.980439657906777562e-01
-2.686456247602994618e-01 -2.179051957028591557e-01 5.846325811908236192e-01
-4.071742241289709185e-01 -1.951729716045351726e-01 5.855865231550302363e-01
-4.483806116852512291e-01 -1.651777188795996443e-01 5.537762323688960597e-01
-5.028944786107549803e-01 -5.852916865254522566e-02 3.732896109846309818e-01
-2.194604274069349714e-01 -2.572829923436960320e-02 -8.896959349609042667e-01
-4.436299633256276520e-01 -9.535372445310993927e-02 4.716018146613467632e-01
-6.771411450891433592e-01 2.100468020415113546e-01 4.565967293434599616e-01
-5.716073679676062502e-01 -3.840611241372986120e-03 4.463319330958019915e-01
-2.940722724131624166e-01 -1.760378650486070784e-01 -4.400518141568980635e-02
-8.370432502619588877e-02 -2.640716172859243205e-01 -4.341932491386955029e-01
-7.169108509994248646e-02 -2.322867827493277915e-01 -4.922470334351253807e-01
-1.461653790433990463e-01 -2.178705247274100865e-01 -4.512427451970553172e-01
-1.882220012569714718e-01 -1.664347799053519095e-01 -4.750028502091436788e-01
-1.232340430445334062e-01 -1.992303540574115739e-01 -4.937828096365265429e-01
-1.638017464128049827e-01 -1.492244462133320015e-01 -5.053062819359311897e-01
-2.823815746058609966e-01 -5.308911643736149294e-02 -6.138532012235333735e-01
-3.188236504642434632e-02 -4.491852165620487392e-01 -1.913899806116327873e-01
-4.130156867235289242e-02 -4.796081302030222870e-01 -1.029088601342234288e-01
-5.320174516452674807e-01 -1.562427298886165661e-01 6.598891959644590521e-01
-1.651565822703741637e-01 -2.162376898088199106e-01 1.773922989071582135e-01
-1.771100796574189284e-01 -2.987761726147230013e-01 -1.320919555985560767e-01
-1.820570049597945439e-01 -2.867720740341097585e-01 -7.844932900999454506e-02
-4.787349655184934272e-01 -9.700682438278729336e-02 -7.437610978931400232e-03
-3.728316695088066540e-02 -4.593298177610999344e-01 1.797621431964015193e-02
-3.886787323130663774e-01 -2.728151564902893678e-01 7.450465658239155964e-01
-4.734447657524023523e-01 -2.207473247736465027e-01 7.206088241838267683e-01
-5.936833099369154265e-01 -3.864886630224851575e-03 9.769317371757877400e-01
-1.126344240796467722e-01 -3.200036912041370751e-01 6.375902275070641778e-01
-2.035388798857225012e-01 -1.966153349980736542e-01 5.450551654826049086e-01
-3.318693745763852121e-01 -4.568012993824152601e-02 -5.029719001896973962e-01
-5.992767086836338075e-01 4.795851297355927523e-01 -3.614502071611088163e-01
-1.297713466413698835e-01 -2.678672727093979744e-01 -1.836257944466293257e-01
-8.008393606017520649e-02 -2.678256295168253698e-01 -2.122084032238478468e-01
-2.421377002344899110e-01 -5.607807003938974910e-02 -5.298759987795329529e-01
-2.282358054513816681e-01 -7.279992442245386552e-02 -5.407017473770001637e-01
-5.046501299177261757e-01 -1.987736881229610897e-01 7.847026797053640035e-01
-1.809026776478716014e-01 -2.589499965577850005e-01 -1.655152916929682472e-01
-2.719326108682398879e-01 -3.074012866389586596e-01 7.263921880662267405e-01
-2.815595767505026936e-01 -3.288500922851354535e-01 7.979436852760821708e-01
-3.410017398524559651e-01 -2.644813439953368484e-01 1.134280071442067994e+00
-5.481890669387073922e-01 -1.156554399590080939e-01 8.687928136463413109e-01
-3.038279754380072140e-01 -2.999427628143886415e-01 9.579211600317011355e-01
-5.661599342487282360e-01 -1.090338698101402382e-01 7.136690408052214218e-01
-6.104708811279520031e-01 7.161746998399489902e-03 7.607660268875681142e-01
-7.943013525650219342e-02 -2.547889346964717916e-01 -4.666685488605339938e-01
-1.350379236609213218e-01 -2.109599982382467376e-01 -4.734109580131433681e-01
-1.767728527213658363e-01 -1.628262981470065540e-01 -4.898145479711145667e-01
-1.151567146974406125e-01 -2.517438255299992433e-01 -1.986359582288477199e-01
-2.348955844733864318e-01 -6.466220755990521873e-02 -5.353319791467767708e-01
-2.110099363401678474e-01 -1.023286788921495827e-01 -5.890801742473122937e-01
-2.203025017722823331e-01 -7.521471356712346179e-02 -5.450004368605846361e-01
-1.011959711372912574e-01 -3.597158468880117255e-01 -1.698717000339155514e-01
-1.538554051680905421e-01 -1.368889865283349772e-01 -5.172461345172575387e-01
-1.127452124670319661e-01 -1.722878769802567156e-01 -5.096686846682196848e-01
-6.391662394239733258e-02 -2.030083673952768064e-01 -5.096088232002056184e-01
-7.219557491198426435e-02 -1.240728716441807655e-01 -8.042662976508336836e-01
-8.983565308647334380e-02 -1.868681085228543481e-01 -7.512805013546413058e-01
-8.698555812546393540e-02 -1.976990772039201594e-01 -7.155309073283647736e-01
-7.970090268620809437e-02 -1.875276796989427675e-01 -6.747748303487476340e-01
-7.149641241936129099e-02 -1.841572473368979224e-01 -6.392200815935064062e-01
-1.583278225870274614e-01 -1.344635879921493027e-01 -6.006144844021912288e-01
-1.712038906754526912e-01 -1.408787297108478886e-01 -6.167284787993142503e-01
-1.842253377871584941e-01 -1.474824396809007454e-01 -6.360419852581352673e-01
-1.933443423150083273e-01 -1.339075291117124977e-01 -6.570657925960692314e-01
-2.499093044692550225e-01 -1.555284767800870216e-01 -3.661593344674661799e-01
-6.703009666462553806e-01 5.092208884754558795e-01 1.040739944344782897e-01
2.427747814363737447e-02 -3.317534855227726176e-01 -2.433942748962037994e-01
-1.867092512747566546e-01 -1.012876421740893790e-01 -5.759883224218613762e-01
-1.988755380645425563e-01 -1.049557196180546936e-01 -5.827454598543231334e-01
-5.919014724635419944e-02 -2.681296981524270429e-01 -2.468218562816484885e-01
-1.581493908573786966e-01 -2.067571052402197296e-01 -2.129728283242655895e-01
-6.931072451711750571e-02 -2.690227397440108081e-01 -2.300016708833861057e-01
-2.304751504841604237e-01 -1.874995417112874374e-01 1.321120776644441885e-01
-3.331849999136849427e-01 -1.598490808695157139e-01 8.031508364396196253e-02
-1.923619500765646750e-01 -2.465574698723310421e-01 -1.123105950165748934e-01
-4.941608847784352276e-01 -1.442838340375267314e-01 1.077862405196292173e+00
-4.506293817079420894e-01 -2.152260825463495619e-01 9.391237269855570169e-01
-4.084613595563623134e-01 -2.711344641840744418e-01 8.175733265382989501e-01
-2.248639049313408966e-01 -8.168164148606116282e-02 -6.994628169449930155e-01
-1.303446016259194595e-01 -3.579878447212138659e-01 7.582544538564393033e-01
-1.515908173713900742e-01 -3.469178664497349351e-01 9.460984245325179121e-01
-1.754774425311458885e-01 -3.331605150767595336e-01 1.152515787988133811e+00
-4.237857404925718385e-01 -1.184082141249190034e-01 3.902026101741035147e-01
-5.731100879591564112e-01 -1.417124367666938722e-02 3.074112870723535451e-01
-1.568854716078135203e-01 -1.590413762490084093e-01 4.029461374891548653e-01
-5.057751934245526826e-01 -1.087924189484111848e-01 5.286693639855410964e-01
-1.214228137970137095e-01 -2.463939819611969395e-01 2.305792857784562111e-01
-1.403986951634169922e-01 -3.645297211508597979e-01 -1.101437063882269585e-01
-6.290796521893916582e-01 6.107162430968751665e-02 2.563392212236882406e-01
-5.338208926339487181e-01 -6.259099659986633313e-02 2.313974323415578238e-01
-4.558648888382983988e-01 -1.163997592215215982e-01 1.843354129057078739e-01
-3.350225426752410085e-01 -1.475650381839762326e-01 1.897790380830915447e-01
-2.452155043704290216e-01 -1.674389083195743089e-01 2.265376634537585865e-01
-1.780105464101098267e-01 -1.896711992475645370e-01 2.663472176975967831e-01
-3.712049514423390595e-02 -3.259076048827569405e-01 3.359726227268784449e-01
-6.172175451936665613e-01 6.758304688185393094e-02 6.307213336523388725e-02
-5.561947236192507082e-01 -8.066765020532683239e-02 5.570657847330472423e-01
-1.266472906010274874e-02 -4.138804143492136323e-01 -2.315336613835395352e-01
-1.604653465150492342e-01 -2.304286587938054465e-01 7.953343672928678276e-02
-6.942673150250368019e-01 4.092712471623304871e-01 4.990729158219788242e-01
-1.256554898564483103e-01 -2.053960400166224276e-01 3.111148903330127058e-01
-1.962119989343817372e-01 -1.851752521915734084e-01 -1.071531148665414990e-01
-4.687288681613306363e-01 -8.317142658992725257e-02 4.720599052191354339e-01
-1.437651979917582701e-01 -3.490303178803378925e-01 -4.512033801865286686e-02
-6.426016541298469331e-01 5.105070209095274869e-01 -1.205620929994515173e-01
-1.533315860274831188e-01 -1.486616638802047974e-01 4.288572840372140149e-01
-9.303864121692552447e-02 -4.172245711914209232e-01 -4.369250429973334585e-03
-4.800186199690689159e-01 1.827929070585226357e-01 -6.371083777162912520e-01
-4.739492713922823786e-01 3.056980269830473218e-01 -7.200913250313779601e-01
-6.660713438164856948e-01 2.901710615167136798e-01 7.913874947860949360e-02
-5.522221620773954953e-01 2.445064276533467917e-01 -4.994302576832378993e-01
-6.463538521393722425e-01 1.242936756764341233e-01 6.244270611766841172e-01
-2.311311105934438781e-01 2.128650332012011273e-02 -9.617690951298502045e-01
-1.721060613878634075e-03 -3.270061114149185877e-01 -2.383623390519182816e-01
-2.171910202094270437e-01 -1.976835523835079322e-01 1.985637800963813843e-02
-6.254274585138149822e-01 5.982409202806709958e-02 4.424299998176518534e-01
-3.654430940675926220e-01 -1.441616163515236915e-01 4.095848977100107202e-01
-3.125404474110031749e-01 -1.592318859801711006e-01 4.006425823681681875e-01
-2.210561616233035487e-01 -9.023487965010491829e-02 -5.950450535882298997e-01
-6.021136457890008398e-01 1.116533293338018984e-01 -1.159980704571671045e-01
-1.135517942197573349e-01 5.034047826643327922e-02 -1.077087976354160759e+00
-3.011732366257218185e-01 1.638609981782785108e-01 -9.433019711084984493e-01
-3.816154763559241880e-01 2.271634529201861374e-01 -8.534203480303864664e-01
2.123141606278981450e-02 -3.629203298697641356e-01 9.296059103763358866e-01
1.869038595536633499e-02 3.114293755094452512e-02 -1.096465453295848214e+00
-2.583406943934311029e-01 -1.634531308657399262e-01 4.052027302645552220e-01
-2.051869896589443854e-01 -1.582845292897777367e-01 4.168608053602674834e-01
-1.699236767704629669e-01 -1.480965066442778699e-01 4.234720661327788793e-01
-5.996099974638562369e-01 -2.068096029035230293e-02 5.980088217379142534e-01
-2.171875244827093931e-01 -1.783009424760073347e-01 4.882562489995841970e-01
-2.758179709908759047e-01 -1.903341778319795341e-01 5.144084357846036015e-01
-3.318646477075248846e-01 -1.873166724292376628e-01 5.207893024129512938e-01
-3.846529531256523970e-01 -1.699401376608297431e-01 5.115258667650399715e-01
-4.159513596712931527e-01 -1.471731922937571102e-01 4.948257714993677392e-01
-6.864716969455897377e-01 2.839962806421296171e-01 6.919236736342104788e-01
-4.000483105891424751e-01 -1.264555392779409537e-01 4.261395422925479126e-01
2.354514106015588235e-02 -2.694266408656414979e-01 -3.214369049246154075e-01
-1.843198977502062963e-01 -1.971583637357544605e-01 -3.326476809769834952e-01
-1.293876722492822706e-01 -2.931193775951095870e-01 -1.726010915031530590e-01
-6.543091967832759259e-02 -2.609957054880164273e-01 -3.214994788411426607e-01
2.285108065046288772e-02 -3.219775230579773329e-01 4.791354843509488814e-01
-3.982887696197667804e-01 1.366124494059371974e-01 -7.644976645349714772e-01
-3.187849223155033163e-01 8.367529262754923314e-02 -8.646996953356609339e-01
-1.210120151031685298e-01 -3.479607210843540382e-02 -1.032530981540042747e+00
-5.413790372950217922e-01 4.014029415669983503e-01 -5.645032842823859420e-01
-1.737476183021605669e-01 -1.613795306763790571e-01 4.515452185669942553e-01
-7.948482373836898707e-02 -3.272069532288075511e-01 1.864962145142878280e-01
1.374373168243563439e-02 -5.195416897366206960e-02 -1.050450457038936802e+00
-2.151267567078817833e-01 9.605567730810199434e-02 -1.022397700603579596e+00
-6.436888988885545171e-01 3.066300638960916536e-01 -1.224739997355723253e-01
-1.190872055663078216e-01 -1.625367200678936586e-01 -6.191133678350608793e-01
-1.322381226562388545e-01 -1.684437387227689931e-01 -6.459654675715489347e-01
-1.429270932555029572e-01 -1.760171407012263989e-01 -6.808434672365027973e-01
-1.492703234832929993e-01 -1.639960505960744719e-01 -7.155644127820769418e-01
-1.578653678895105272e-01 -1.104182996100796232e-01 -7.648577415858575090e-01
-1.973519643924541989e-01 -1.079311006429493069e-01 -5.206712633412399205e-01
-2.095807052964241968e-01 -1.090077776505377627e-01 -5.126436290240973248e-01
-2.198394998434481384e-01 -1.101838654819726065e-01 -5.038632521143967535e-01
-3.036394241963040752e-01 -1.013394763575682644e-01 -4.229220588040377704e-01
-5.250869448039867660e-01 -5.592567722098819652e-03 -1.882473027310325175e-01
-7.816605714664826010e-02 -2.822366857408059593e-01 2.905388257730039392e-01
-1.096206504020507955e-01 -1.986827107288908212e-01 4.813995438691328621e-01
-1.484460793160460312e-01 -1.757703018306377152e-01 4.755756806904933298e-01
-1.849917705429971193e-01 -1.019500257702101453e-01 -5.281886084202442877e-01
-5.292006334059043970e-01 1.133088978676555503e-01 -3.905425593995626721e-01
-5.834284554865301620e-02 -2.785385903709448607e-01 4.762289367618994795e-01
-1.911638569310705749e-01 -6.419422316559567077e-02 -8.235441633541836781e-01
2.109096934194626405e-02 -4.360947105120898115e-01 1.341927866255324397e-01
-3.589347294147509498e-02 -3.752042545560895226e-01 2.251121452029701819e-01
2.199602700156064877e-02 -3.924070354817367212e-01 2.385101299694072641e-01
-1.241534926100845565e-01 -3.065827555905577539e-01 4.383564352977267070e-02
1.198808141046799405e-02 -9.727907472195992944e-02 -9.771259399255337597e-01
1.225005747140783807e-02 -1.119539793435839481e-01 -8.899001732851201663e-01
-9.223403268196189719e-02 -9.668560561928780939e-02 -8.776381442486472784e-01
-3.360800414515935364e-01 -1.196478741030188378e-02 -6.298716047009619290e-01
-2.518891463621780735e-01 -1.606032433466256237e-01 -1.708964622914946885e-01
-2.699575190431753313e-01 -3.398849136313389363e-02 -7.424320148085978843e-01
-3.939337683133559143e-01 -1.361846039802029618e-01 -1.390802456945841592e-01
-3.113230064454790558e-01 -1.377061153465983234e-01 -2.523359626831611635e-01
-4.464976982258744287e-01 -6.773386462737415736e-02 -2.721904096512424709e-01
-1.131009657228932708e-01 -7.819313833633384503e-02 -9.605255712486848729e-01
-1.613356497186360095e-01 -2.551141533829129338e-01 8.670287253955620251e-04
-3.827807685200992904e-01 5.474400648639897449e-02 -6.816348608902750295e-01
-3.024770868606724283e-01 2.383854503694997004e-02 -7.920207344029392971e-01
-3.874095598690840969e-01 -1.763973286200251275e-02 -5.053928653658461556e-01
-5.838818232170002176e-01 1.536032644680441761e-01 -2.675570525104331576e-01
-4.577915540650788762e-01 4.419803972260079317e-02 -5.065591065899220924e-01
-6.109336740456481341e-01 3.037863605945536061e-01 -3.135106959489318279e-01
-3.632877928049174088e-01 -9.157976080475545289e-02 -3.555310249652059440e-01
-1.188164766557996133e-01 -2.761851845451518406e-01 1.347292110528263143e-01
-1.207167359996490774e-01 -3.735089374802798012e-01 -1.553261143466921901e-01
-1.573100622799450676e-01 -3.009900905420148098e-01 -1.646888462478905413e-01
-9.453380925877334640e-02 -4.247896188065186651e-01 -1.032267399567641519e-01
-1.612571949911619784e-01 -2.282375018873984973e-01 5.645640421863530323e-01
-2.669381171326805080e-01 -2.437617144926846335e-01 6.320332266960171363e-01
-3.580053676045075739e-01 -2.389768168611686727e-01 6.489956036755051283e-01
-4.319928218315820523e-01 -2.108279568388463920e-01 6.332759025639257411e-01
-4.818270759243494239e-01 -1.679854216796735633e-01 5.938554410128513705e-01
-5.127575019208227003e-01 -5.382934845439460436e-02 4.602980657589924030e-01
-6.809954124188644098e-01 2.519159911833854792e-01 2.710548830934845776e-01
-4.707642366053235716e-01 -8.607805195100048934e-02 3.294717321910593522e-01
-4.095734431496378947e-01 -1.202934875685779392e-01 2.959662722206256036e-01
-3.266597613732271643e-01 -1.467946803147312240e-01 2.919923692546289029e-01
-2.462934271912229911e-01 -1.628577068313966647e-01 3.095975973038913587e-01
-1.825094729462569954e-01 -1.681184657935702043e-01 3.360312505431803931e-01
-1.382638238821352616e-01 -1.762235368119917656e-01 3.599223871458702151e-01
-6.849830188605173786e-01 4.784599683500359024e-01 3.076305296121494282e-01
-1.569270412231579259e-01 -2.670622445918395815e-01 -1.834988557823822308e-01
-8.017528138976724728e-02 -3.645433795598916893e-01 9.403010714807830128e-02
-7.797620378611391789e-02 -4.206586506586557084e-01 -1.716048356450175505e-01
-4.625801503631608858e-02 -3.888044496970542996e-01 -2.115513346599630085e-01
-7.815539296767405608e-02 -3.884883978705633290e-01 -1.809073033850000511e-01
-1.398812231077718460e-01 -2.420610309827809226e-01 -2.073893230762703654e-01
-3.337765846243711393e-02 -4.045974189600384241e-01 -2.233405548006132113e-01
-2.392673880864395336e-02 -3.276833539689254504e-01 -2.315736880050771607e-01
-1.327645000088572003e-01 -1.562239090139677378e-01 4.251747817804711893e-01
-1.033196345665838567e-01 -1.897707905842641318e-01 4.005582195049920413e-01
-8.633663985374746830e-02 -2.302982401624225073e-01 3.746339967168544893e-01
-4.321735376279746133e-01 -1.241585960760943352e-01 4.826109199502125469e-01
-4.718652282724736802e-01 -1.250418496934284640e-01 5.183251061775933088e-01
7.444619092178589304e-02 -4.131782306409503835e-01 1.216826970058247914e-01
4.522406609764633156e-01 -1.211720212173481304e-01 4.144836126168435220e-01
8.493207513877273906e-02 -3.338977152486810596e-01 -2.232865646130653414e-01
6.653589825609702579e-01 1.165628096657237711e-01 7.710979200748580009e-01
2.759679479919957545e-01 -1.705251777643323197e-01 3.529369422954050650e-01
3.369802086367495453e-01 -1.659606141653426348e-01 3.457505490089693989e-01
3.950276210280532219e-01 -1.504931296822346332e-01 3.479771045134176233e-01
4.719296558433717648e-01 -1.078520781811357077e-01 3.919585472187787079e-01
2.255009968631315198e-01 -1.657925832844657221e-01 3.715847422678072443e-01
3.696034513586864412e-01 -2.264369518794626113e-01 5.715609964693619816e-01
2.975639871575644357e-01 -2.242022827628566695e-01 5.592918774605679655e-01
4.345886275429376999e-01 -2.063543706339270312e-01 5.554224326186539828e-01
4.747044663625156757e-01 -1.785741401564498454e-01 5.176634413570837534e-01
5.171762184911861127e-01 -7.056393799830067148e-02 3.273277676518168700e-01
2.416233127724915497e-01 -3.607369479629075892e-02 -9.014766705119223733e-01
4.741647969568340004e-01 -1.055548547311556118e-01 4.383679667534428059e-01
6.987016664912684138e-01 1.923380994854148873e-01 3.891602576060005925e-01
5.817023777325925904e-01 -1.880102379607088633e-02 3.921255275379506022e-01
3.246143039964288768e-01 -1.842189570607119797e-01 -7.244618302243843733e-02
6.013556770719674649e-02 -2.656342728271017806e-01 -4.397138010120448248e-01
5.584459918564914360e-02 -2.311877272453352061e-01 -4.977883538987113443e-01
1.324337915374312891e-01 -2.163676263869735439e-01 -4.624644677379399216e-01
1.832858257803922086e-01 -1.629076010223398929e-01 -4.873036947150931608e-01
1.139998501004659270e-01 -1.951963452880353667e-01 -5.019246829059461623e-01
1.623972183857167462e-01 -1.456491732190154931e-01 -5.129606279979335159e-01
2.979359620702406453e-01 -5.950720222547693089e-02 -6.335432966997474047e-01
7.311120681307740898e-02 -4.523155164857014521e-01 -1.962765368186121795e-01
8.106804869373815392e-02 -4.830805815757225341e-01 -1.086909590638477779e-01
5.484419392545214489e-01 -1.707465147901784386e-01 6.149074280404065451e-01
2.019784730283797902e-01 -2.181536430481444966e-01 1.605413232590272021e-01
2.154394251254404535e-01 -3.054546759658555710e-01 -1.479220584551784734e-01
2.190820461147733045e-01 -2.934213002487819910e-01 -9.485476980641344147e-02
5.012100988290993930e-01 -1.080376319453063283e-01 -5.295289488223391128e-02
7.793847353740579464e-02 -4.599885483738074266e-01 1.312516178072871409e-02
4.189769775200042901e-01 -2.867299188148727529e-01 7.122434922996920825e-01
4.973593714758012818e-01 -2.357042561571518480e-01 6.839447949556959339e-01
6.066698314437894979e-01 -2.259095959948588528e-02 9.113084802412960705e-01
1.564603499392184793e-01 -3.234848450188773095e-01 6.198279238079633657e-01
2.365086272998609129e-01 -1.997328152349608921e-01 5.187106270856745027e-01
3.474083507972209883e-01 -5.238288485375149767e-02 -5.274324947244719564e-01
6.394396291896371487e-01 4.605538826085553428e-01 -4.110471648343232420e-01
1.715367222351835697e-01 -2.748937632410889398e-01 -1.955627726698481728e-01
1.255514989990743624e-01 -2.764305741995647936e-01 -2.210362212602227094e-01
2.544409930473142678e-01 -5.213985652645257429e-02 -5.487599665531999182e-01
2.382608567799736066e-01 -7.085883021064563747e-02 -5.563546736228375256e-01
5.260803211878788410e-01 -2.143147746158633460e-01 7.398801659920537510e-01
2.176726192518701752e-01 -2.667208714392821367e-01 -1.813747851796988775e-01
3.101109615919198648e-01 -3.193480580707998007e-01 6.984197261278184410e-01
3.198268988816133085e-01 -3.414463018915737114e-01 7.647560925540773935e-01
3.687655979389766747e-01 -2.770721551377300917e-01 1.092137242122698471e+00
5.670117705753086046e-01 -1.313104694430246577e-01 8.138373534207119508e-01
3.365927582172556498e-01 -3.105555826306446443e-01 9.233188344908969114e-01
5.813569350333179786e-01 -1.236743618313566745e-01 6.583269373959574899e-01
6.276135709538191998e-01 -8.651054010822606735e-03 7.003285216560506399e-01
5.857571123979342376e-02 -2.551086648143578994e-01 -4.721918641476257061e-01
1.231985948349603732e-01 -2.082585078442586446e-01 -4.836363568953847558e-01
1.728118108889053206e-01 -1.594625667251096668e-01 -4.999830209942922599e-01
1.583616319017535912e-01 -2.597238827445501608e-01 -2.093906122087141886e-01
2.461900330073187870e-01 -6.235771633427308891e-02 -5.527746662101269415e-01
2.075848860908597882e-01 -1.012488081341780533e-01 -6.124893915354787666e-01
2.299616843648052966e-01 -7.275970303698625630e-02 -5.584089547778982032e-01
1.409104577549641357e-01 -3.619061481052634477e-01 -1.803232884423832671e-01
1.540516312670501820e-01 -1.332764520642873152e-01 -5.224443137368699475e-01
1.075772373067284404e-01 -1.670713142551309427e-01 -5.143321276952215193e-01
5.346375175718415945e-02 -1.994899967479774328e-01 -5.140524013405740611e-01
9.268838505249063497e-02 -1.269508938583379098e-01 -8.118805721702003764e-01
5.798923223839966279e-02 -1.864531477352756039e-01 -7.592873220787537125e-01
5.423316870217962521e-02 -1.959775954001894693e-01 -7.241566555052583176e-01
5.104532700757132002e-02 -1.851347214084881621e-01 -6.848998423821963666e-01
4.541681484762227772e-02 -1.810751617567196436e-01 -6.494167580671393880e-01
1.450789725111757689e-01 -1.315031937108704641e-01 -6.233078208758837668e-01
1.564205651330356217e-01 -1.398105389939906240e-01 -6.402577170103598281e-01
1.673336819278153642e-01 -1.471377497250848376e-01 -6.602905901353675056e-01
1.784789551260360652e-01 -1.337591969601767683e-01 -6.805033688789011714e-01
2.772749862160528433e-01 -1.621252585758200526e-01 -3.869401945699243450e-01
7.052404159417404728e-01 4.888074374335870109e-01 3.840505671376771846e-02
1.836216418055235389e-01 -9.737251893966433758e-02 -5.976094994692396911e-01
1.948842449298100465e-01 -1.030796584812129768e-01 -6.061038382448363793e-01
1.063388445873327814e-01 -2.730358260467874443e-01 -2.536682536618075634e-01
1.993473963814876848e-01 -2.168167553132175351e-01 -2.271542564605774639e-01
1.157094548597473460e-01 -2.761743393967112659e-01 -2.381892425596917884e-01
2.643738172114892260e-01 -1.906263733858920562e-01 1.092433479149693965e-01
3.627865777605829845e-01 -1.668666416309979028e-01 4.743284957157917203e-02
2.296287863711339861e-01 -2.539330402493894523e-01 -1.296432585470205789e-01
5.137015546332213134e-01 -1.621993597161350831e-01 1.020270292772589071e+00
4.754389524706744696e-01 -2.302068497711029504e-01 8.913557571308763361e-01
4.387424358776490507e-01 -2.856545329771820740e-01 7.786149822507850704e-01
2.391167545289127616e-01 -8.609443258352557360e-02 -7.139957343120579836e-01
1.763829242504359185e-01 -3.635015054990049510e-01 7.311106226404013864e-01
1.891597906536597318e-01 -3.531255986048560391e-01 9.270557516021966649e-01
2.097915844913171290e-01 -3.417469343892942657e-01 1.128901549264223814e+00
4.439993008657571738e-01 -1.273279664673815925e-01 3.621238125423667520e-01
5.799354575006749890e-01 -3.004139796282961558e-02 2.527650250286310185e-01
1.924005653193785470e-01 -1.586821276416841009e-01 3.894850480352289313e-01
5.266218785809858582e-01 -1.220877638381438757e-01 4.865278942499485781e-01
1.604841526397962626e-01 -2.470963132835138909e-01 2.180434927355886510e-01
1.788018491398573606e-01 -3.700241775565561442e-01 -1.243376303836859764e-01
6.518280126802437069e-01 4.451252658188963041e-02 1.947916571441744016e-01
5.402945065182382933e-01 -7.595526812099560876e-02 1.825048508564234007e-01
4.642838377662232840e-01 -1.272933041982400315e-01 1.439809796752219151e-01
3.501833177011022258e-01 -1.539377922400146925e-01 1.614559785262409952e-01
2.661017387031471837e-01 -1.712317570583568593e-01 2.077305744655762176e-01
2.036354179927573060e-01 -1.923563893636003330e-01 2.528310517347435171e-01
8.130951933548988264e-02 -3.263126961847586660e-01 3.302946587846184445e-01
6.422994581425391925e-01 5.286332090343048851e-02 4.453992047727816858e-03
5.692235478443792296e-01 -9.486652513765703176e-02 5.042466563499480303e-01
5.264674072090276546e-02 -4.146047261274369289e-01 -2.341455760242974748e-01
1.985199898126483453e-01 -2.326816767882037007e-01 6.369927471848720046e-02
7.166994966217108409e-01 3.911180911870104637e-01 4.278498010456410761e-01
1.574525463309695561e-01 -2.064353180947988420e-01 3.017479879818978916e-01
2.369234977867310243e-01 -1.926656063041465305e-01 -1.251262486313127753e-01
4.960626781120678341e-01 -9.366824814860313930e-02 4.357870795304452649e-01
1.807794127188434019e-01 -3.545879333653808030e-01 -5.911386481864738113e-02
6.821665546187964946e-01 4.892053897831356024e-01 -1.787324656019672053e-01
1.924196516922590250e-01 -1.467557110742750415e-01 4.136198529884547725e-01
1.304584856174267338e-01 -4.202239932146020207e-01 -1.415749048057570250e-02
5.060677077069608565e-01 1.648338101701082858e-01 -6.689095420159918426e-01
5.066407176599682094e-01 2.865403235776193269e-01 -7.483262359805820108e-01
7.013608377805953253e-01 2.723237581424940990e-01 1.633409266607285110e-02
5.816029633947141786e-01 2.260419495102663767e-01 -5.412795049579292028e-01
6.662002579578888417e-01 1.077801526300214696e-01 5.595732368763643994e-01
2.562521673034867109e-01 1.056868873894816971e-02 -9.708342530730861286e-01
5.079424108210986444e-02 -3.287588181594720549e-01 -2.407807380748476223e-01
2.520565872469844870e-01 -2.029711266670853886e-01 -1.409621126686523476e-03
6.291190639269006457e-01 4.435817606466681273e-02 3.754864697970908827e-01
3.926868706179723612e-01 -1.514914030335117179e-01 3.866975626527467957e-01
3.402468988798649230e-01 -1.643372104775728260e-01 3.819543555279222291e-01
2.206096154100528339e-01 -8.878092158937607448e-02 -6.186086211600951845e-01
6.293233205665060837e-01 9.650946775560208246e-02 -1.699843283665098126e-01
1.481324374049710346e-01 4.473293402346369130e-02 -1.079495986316278078e+00
3.346488391641895821e-01 1.505954055010549075e-01 -9.533676883588368955e-01
4.150879004221241231e-01 2.112967677164615532e-01 -8.701898653416657581e-01
2.882491291965932900e-01 -1.669022183940487292e-01 3.881150855171111580e-01
2.394940221664660918e-01 -1.589395134274375065e-01 4.003903740562529956e-01
2.080993577619240920e-01 -1.467043814161419768e-01 4.073075667864595739e-01
6.080150224845175533e-01 -3.481003617248251691e-02 5.322898383885021900e-01
2.489587833790482541e-01 -1.794209910162345989e-01 4.627292867058460102e-01
3.024383576931709561e-01 -1.947014467449957598e-01 4.848185719457468457e-01
3.577066525940160169e-01 -1.941850526842952562e-01 4.897134943119501593e-01
4.111523316338888678e-01 -1.792198318559993786e-01 4.792669910178348758e-01
4.429265700103837133e-01 -1.573518635015396516e-01 4.617806757363541736e-01
7.017392612602106894e-01 2.648596199759346015e-01 6.205758805851692150e-01
4.282300628923948471e-01 -1.350173852541396435e-01 3.992812557499961779e-01
2.216219919391160253e-01 -2.024910670882346109e-01 -3.485551053128481680e-01
1.707117345218227555e-01 -2.999618711338026267e-01 -1.850526802929219339e-01
1.093791846495609787e-01 -2.616667725721660842e-01 -3.286331559298023564e-01
4.239621559036699239e-01 1.196977638465394761e-01 -7.870782701736596110e-01
3.436456440685619618e-01 6.859015466263111704e-02 -8.794652834447711509e-01
1.462264550992377066e-01 -4.097882607189050341e-02 -1.037246395279398214e+00
5.788453807608286983e-01 3.825551242182779199e-01 -6.036732414017466075e-01
2.102153491689499609e-01 -1.595759716884836976e-01 4.326907084197303410e-01
1.207057030731308600e-01 -3.286497591193989765e-01 1.773220504956459775e-01
2.483452169655372133e-01 8.643873632891663217e-02 -1.027083567394662555e+00
6.794525136949135513e-01 2.884540549523598174e-01 -1.801919683813535955e-01
9.919131747432896606e-02 -1.587399277422388011e-01 -6.368718643813890967e-01
1.097415453367928118e-01 -1.659694318689872161e-01 -6.644611743651721580e-01
1.173850973783947121e-01 -1.739808029392561073e-01 -6.984401108270926750e-01
1.250700479893374628e-01 -1.624544907891948831e-01 -7.302902563444644279e-01
1.729300761076011939e-01 -1.122387697692977943e-01 -7.764039655865322409e-01
2.018650365478502906e-01 -1.054676776168720354e-01 -5.290311858530618583e-01
2.137927104140008305e-01 -1.053842393598939803e-01 -5.224477223077486077e-01
2.240879415167858490e-01 -1.064393042567975400e-01 -5.139836759602491867e-01
3.224026655753017279e-01 -1.075823835251647348e-01 -4.446630882830670539e-01
5.459420817093748601e-01 -1.959371934788447026e-02 -2.344496638164177971e-01
1.204121800280597010e-01 -2.829131457354316925e-01 2.810024084703716118e-01
1.511000733898543447e-01 -2.005323189100883807e-01 4.642823549260123861e-01
1.853183999881771737e-01 -1.744914853478403138e-01 4.562908011683970422e-01
1.903144045615029478e-01 -9.749837060893111473e-02 -5.357859973011841470e-01
5.534017205162813369e-01 9.738449494237691462e-02 -4.321318167121227516e-01
9.769637257039723299e-02 -2.787975396462850086e-01 4.664026252637633041e-01
2.091772850910545989e-01 -7.159821670479557532e-02 -8.351703162571361139e-01
7.841783796973186837e-02 -3.766866786828146907e-01 2.199205927798657534e-01
1.627647529504901991e-01 -3.106219866883789815e-01 3.066837798423276834e-02
1.140166803516108190e-01 -1.022113411592432963e-01 -8.845755246502262636e-01
3.545464529881329208e-01 -2.251204343603879776e-02 -6.555038619864418381e-01
2.852327152865817839e-01 -1.698637036698971425e-01 -1.941473814351941662e-01
2.857638899583552772e-01 -4.435689064685055527e-02 -7.610127518616469633e-01
4.164698570340091832e-01 -1.483842325652136029e-01 -1.755630945937678156e-01
3.363161009717738903e-01 -1.468998733378391597e-01 -2.801045375453333763e-01
4.649334791605282957e-01 -7.981685690050693838e-02 -3.091592344907898582e-01
1.356828448642688756e-01 -8.378907475788018033e-02 -9.674412211093563752e-01
1.989099329655400761e-01 -2.602255253400371227e-01 -1.449211178207772399e-02
4.043525536622576966e-01 3.985354998799521542e-02 -7.048232892116493842e-01
3.241143988743697135e-01 9.944546609063556822e-03 -8.091106317764200639e-01
4.051735044584430234e-01 -2.626350553643547192e-02 -5.355157436871711418e-01
6.113830716800262577e-01 1.367439918361925688e-01 -3.169720239139076079e-01
4.772366870083734613e-01 3.043842341535776125e-02 -5.378821402054886347e-01
6.457588411022781028e-01 2.870113563198185558e-01 -3.648879372650605246e-01
3.809096013013465454e-01 -1.002921430358450217e-01 -3.855466267528606106e-01
1.585012348464704124e-01 -2.773747936220904431e-01 1.220209316927975685e-01
1.588780948364989787e-01 -3.775683074820600504e-01 -1.673743587637228081e-01
1.959704250433176309e-01 -3.086780939216992592e-01 -1.791583273106864549e-01
1.341772455996569358e-01 -4.294102320322054078e-01 -1.136787908739312902e-01
2.009605675578569894e-01 -2.315742836636886237e-01 5.462229269708785973e-01
3.022073152319652567e-01 -2.527698334966055893e-01 6.113186743725713690e-01
3.902808666424948392e-01 -2.507701893146810912e-01 6.235525379657651524e-01
4.603780637795479858e-01 -2.240733096218465448e-01 6.025939844455451277e-01
5.059345513631932079e-01 -1.819534311496191770e-01 5.576324030699131296e-01
5.313747099260704987e-01 -6.642615308702427834e-02 4.170458923249452665e-01
7.086927189486335044e-01 2.357954105500432718e-01 2.045940878578023647e-01
4.860387628735761134e-01 -9.662224047435626073e-02 2.880065420837868984e-01
4.249609536653903286e-01 -1.293596179361302667e-01 2.603493568384223078e-01
3.451586161667337671e-01 -1.528550019516392022e-01 2.665172783096525500e-01
2.692869504889272569e-01 -1.661942526092585748e-01 2.931017029850662148e-01
2.114058137401907400e-01 -1.709542229067961272e-01 3.249659295056939179e-01
1.715245426083398528e-01 -1.774722929949974770e-01 3.509939223708913869e-01
7.132604095267969235e-01 4.610316614264420854e-01 2.382426847506520506e-01
1.953195361059013591e-01 -2.752264928013997691e-01 -1.972972768402577737e-01
1.215545451696534301e-01 -3.657124862733805437e-01 8.498112656707673684e-02
1.169810505051466221e-01 -4.248603466560817443e-01 -1.802358956143658153e-01
8.506507294766627036e-02 -3.930243150044158140e-01 -2.173037124453120472e-01
1.169201702856224601e-01 -3.923643798407313588e-01 -1.897241828925369522e-01
1.801144474627243974e-01 -2.510882298208835239e-01 -2.195277817210852245e-01
7.251641702450987992e-02 -4.078635671892084646e-01 -2.278595994750211573e-01
7.068285585763690870e-02 -3.311363582666383421e-01 -2.354889365180999339e-01
1.713563052288383237e-01 -1.558571379567447179e-01 4.107838511310062390e-01
1.403574544380894185e-01 -1.903915549498351734e-01 3.889229649414447376e-01
1.215455182297748571e-01 -2.316343157638614814e-01 3.652006866941807095e-01
4.604634952105556844e-01 -1.347361046275312724e-01 4.487565216171442994e-01
4.976006798686336552e-01 -1.384956480881344154e-01 4.800725813599038272e-01
-3.194080016715621917e-01 -1.517419743646508667e-01 4.703658784364884715e-01
-2.562593652555467116e-01 -1.576265951717654712e-01 4.681135990736442487e-01
-3.186256078824789562e-01 -1.599045699999457337e-01 5.302519276168771167e-01
-3.834094184078706280e-01 -1.458059059001890478e-01 4.709439288663139767e-01
-3.207587976749599057e-01 -1.435818567128520074e-01 4.087614357722545444e-01
3.459414229530661244e-01 -1.580115971075668757e-01 4.416226097272198947e-01
4.077608572218639482e-01 -1.636130198008440284e-01 4.389531807622739645e-01
3.450496438925133025e-01 -1.663132843164808472e-01 5.011601688312447012e-01
2.836308169555814551e-01 -1.524348067502328541e-01 4.442880591275490398e-01
3.470663684606785093e-01 -1.497259577917702811e-01 3.821171270213058468e-01
