-1.431595978330819224e-02 -2.764810960978210663e-01 -4.671411770813805320e-01
2.189393509809254429e-02 -4.626484842635307793e-01 -2.008570228631762489e-01
2.468153249697284043e-02 -2.903624280211721254e-01 -2.609919500244006763e-01
-3.260933367640384689e-02 -4.196276996083513344e-01 1.281723065568980136e-01
2.169644107672715969e-02 -4.959252640934678213e-01 -1.086740515212968605e-01
2.068160661915745269e-02 -4.869098114959272694e-01 2.237635656422268943e-02
2.286223687664228413e-02 -3.579259621457422380e-01 3.560657696108580073e-01
-4.292584843540772077e-01 -1.132114918149326466e-01 4.480182597425715896e-01
2.331655207400181590e-02 -3.425712743643307134e-01 6.096697873443500670e-01
2.235685415468951706e-02 -3.696826465766565040e-01 7.320114798129633282e-01
2.099482713075304097e-02 -3.583183235699974878e-01 1.162307081853003021e+00
-1.329169269173417246e-02 -2.657171534486857944e-01 -4.936658586314934816e-01
-1.180013960037686743e-02 -2.434332021068489893e-01 -5.193838743668018898e-01
-9.564791541988190010e-03 -2.099560434644447415e-01 -5.372682366457637304e-01
-1.689925502233328297e-02 -1.891072271326925125e-01 -6.240960937311790246e-01
-1.790647484221906394e-02 -1.922676495128648744e-01 -6.639387494268156331e-01
-1.964951126498180184e-02 -2.015618470787450267e-01 -7.075062581953077689e-01
-1.941165178786719708e-02 -1.906706159321409633e-01 -7.485928045200276326e-01
1.083963402281411421e-02 -1.290172484419080667e-01 -8.101335869485687402e-01
2.085110021408084074e-02 -4.238983524686267268e-01 -2.405331688954302216e-01
-4.019125972137838065e-02 -3.353832324882133342e-01 -2.213891996559352870e-01
-6.659884984801088814e-01 1.376906630519753039e-01 8.534166293885265819e-01
-2.550208572680331964e-01 -1.704222205447957772e-01 3.445137501026397375e-01
-3.203288595819859252e-01 -1.634549616317290954e-01 3.381144311133333358e-01
-3.811409291889563677e-01 -1.454236074420366953e-01 3.497758960263957495e-01
-4.554615105349378856e-01 -9.991542935946221005e-02 4.223795640226123416e-01
-1.974716913667219353e-01 -1.660517967981355314e-01 3.683799012593018674e-01
-3.471757440353311353e-01 -2.217713994576612502e-01 6.359870243952958635e-01
-2.725903756006280987e-01 -2.211048819237972640e-01 6.218629994296049901e-01
-4.131531075156856248e-01 -1.980388613596107406e-01 6.213030017433884833e-01
-4.549645632992433963e-01 -1.676031629788111987e-01 5.851301920870137785e-01
-5.102789034226848930e-01 -5.938860150645333680e-02 3.693749886169219177e-01
-2.268081946951359118e-01 -2.638337196905632398e-02 -9.035327845104860200e-01
-4.501441571532217578e-01 -9.675388422213163087e-02 4.849393149996433783e-01
-6.870841810254065818e-01 2.131310968242792203e-01 4.633013235030827293e-01
-5.800007622286896813e-01 -3.897006586009576536e-03 4.525454904169650128e-01
-2.983903842184606470e-01 -1.786227778559523194e-01 -4.465134669950281132e-02
-8.586402377013355181e-02 -2.652446708045820278e-01 -4.473367317029172674e-01
-7.470458117045747359e-02 -2.307994682709514911e-01 -5.106466693014166669e-01
-1.467211938361207002e-01 -2.209769223954347606e-01 -4.667159899184606386e-01
-1.809898529621205565e-01 -1.732776746480759744e-01 -4.957223964187535969e-01
-1.244486482196443811e-01 -2.006642256746490327e-01 -5.119815606811424225e-01
-1.581357313011426680e-01 -1.546862475248107771e-01 -5.253209751031270303e-01
-2.821383397147034233e-01 -5.756203243879970399e-02 -6.184406563053591599e-01
-3.235052097505657781e-02 -4.558001709592042761e-01 -1.942141891466686587e-01
-4.190803452443042643e-02 -4.866506218733589462e-01 -1.044199583480958926e-01
-5.398295136928802362e-01 -1.585369739902031672e-01 6.714572358690058529e-01
-1.675817160028821029e-01 -2.194128906308885352e-01 1.799970983555520820e-01
-1.797107366983912713e-01 -3.031721795683085530e-01 -1.340324058187369327e-01
-1.847303018874614788e-01 -2.909829908545054078e-01 -7.960126683444827822e-02
-4.857646357735322384e-01 -9.843125718750862785e-02 -7.546823916270142471e-03
-3.783062742009515173e-02 -4.660745458251353557e-01 1.824017489401723660e-02
-3.943860307560537182e-01 -2.768211320902259631e-01 7.559867144648632076e-01
-4.803967555315674098e-01 -2.239887443786674759e-01 7.311955374909723249e-01
-6.024008639184936786e-01 -3.921637976500949065e-03 9.912768485269249918e-01
-1.142883305575005254e-01 -3.247025759557949920e-01 6.469525038813325191e-01
-2.065276133452201845e-01 -1.995024041943324611e-01 5.756861445690867329e-01
-3.198663808022976784e-01 -5.676631462518277882e-02 -5.237566032676297390e-01
-6.080763952680641182e-01 4.866272820141895328e-01 -3.667576861483729522e-01
-1.316951702358175602e-01 -2.720914469583952111e-01 -1.864498628652227485e-01
-8.139035156632856705e-02 -2.722728054152283028e-01 -2.156406155700713867e-01
-2.277734776550427165e-01 -6.777689852316684527e-02 -5.445195786444946284e-01
-2.163478829881451404e-01 -8.330357192616549833e-02 -5.502372394739810657e-01
-5.120603344421478242e-01 -2.016924502429767174e-01 7.962251325945104430e-01
-1.835590246116677315e-01 -2.628465066044538001e-01 -1.679704745140773725e-01
-2.759256273046414853e-01 -3.119151196294237538e-01 7.370584187068304205e-01
-2.856939540662699617e-01 -3.336788762232374972e-01 8.096605637320434257e-01
-3.460089567056496285e-01 -2.683649471804167574e-01 1.150935664731486119e+00
-5.562385904862989783e-01 -1.173537065671985402e-01 8.815500330678777141e-01
-3.082893384789791580e-01 -3.043470759935750780e-01 9.719871263186088406e-01
-5.744733392348722045e-01 -1.106349063054920534e-01 7.241484467175451911e-01
-6.194349412107257313e-01 7.266908259935117576e-03 7.719369943527942812e-01
-8.191948906493295990e-02 -2.546960991046561817e-01 -4.826681306859950116e-01
-1.358359910925976688e-01 -2.132951097801170370e-01 -4.905355340244619278e-01
-1.705271837115014955e-01 -1.688876755184356981e-01 -5.102150043220019526e-01
-1.169325468449208399e-01 -2.558232619360364390e-01 -2.017055682474488409e-01
-2.216466135793049852e-01 -7.583470866677224920e-02 -5.475490691527661324e-01
-2.088803205112023664e-01 -1.080074575717513141e-01 -5.811489826462106212e-01
-2.098455436869884616e-01 -8.484579057448123074e-02 -5.521416927264082286e-01
-1.026819171397168606e-01 -3.651538050913129552e-01 -1.724704009225524470e-01
-1.489695339608739233e-01 -1.418899087042662099e-01 -5.367551767330994705e-01
-1.137493151933088031e-01 -1.733573548409511056e-01 -5.282764210761440316e-01
-6.726677884318607581e-02 -2.007411004236647756e-01 -5.290596770003986871e-01
-7.711467813165746865e-02 -1.242400113675834195e-01 -8.017734705786183635e-01
-9.515958903361426691e-02 -1.873756791043538761e-01 -7.345240751283216296e-01
-9.213130767944367749e-02 -1.981329718474846568e-01 -6.923252863783176947e-01
-8.469855815984524139e-02 -1.876989281811686228e-01 -6.481531218360896407e-01
-7.589126339810634003e-02 -1.843626740584107249e-01 -6.107620631955752444e-01
-1.617927948413701300e-01 -1.373562280984203521e-01 -5.794750968143693726e-01
-1.761588244373872292e-01 -1.435390291760920145e-01 -5.958825004888365084e-01
-1.909864859269472248e-01 -1.497800297869296970e-01 -6.165823116220864319e-01
-2.017332656869775809e-01 -1.357699893658710355e-01 -6.394789822584117100e-01
-2.476125415622160153e-01 -1.612175124085267752e-01 -3.787878625750989992e-01
-6.801435624592720997e-01 5.166982093122229891e-01 1.056022021285833862e-01
2.456690191618059182e-02 -3.370817144643289964e-01 -2.476104020893477586e-01
-1.841863657696696244e-01 -1.067515766623725743e-01 -5.659536701385707858e-01
-1.966233740860297841e-01 -1.105538575105311228e-01 -5.733518051120637393e-01
-6.032358045535615027e-02 -2.725875621566139495e-01 -2.510567891954734732e-01
-1.606283610316260324e-01 -2.100456911456448916e-01 -2.161538014926487616e-01
-7.052449776906158374e-02 -2.735094829372562431e-01 -2.338322545953561704e-01
-2.338594119786794046e-01 -1.902527560075812918e-01 1.340519918258818444e-01
-3.380774369655340506e-01 -1.621962800716185149e-01 8.149441874936205754e-02
-1.951865632259091043e-01 -2.501778816595544019e-01 -1.139597468526152152e-01
-5.014170668481285897e-01 -1.464024755604370898e-01 1.093689570192746263e+00
-4.572463539134460353e-01 -2.183864290836992628e-01 9.529136713575109274e-01
-4.144591430407924548e-01 -2.751157607579030051e-01 8.295784436131976580e-01
-2.357572995705325414e-01 -8.291336162266885190e-02 -6.926342355894052893e-01
-1.322585616141192522e-01 -3.632444829134475750e-01 7.693885450842490314e-01
-1.538167535084310755e-01 -3.520119547916675806e-01 9.599907842854551454e-01
-1.780541261808464837e-01 -3.380525925970467305e-01 1.169439151721359593e+00
-4.300085448186015680e-01 -1.201469020435770862e-01 3.771142360119451586e-01
-5.815255479283814033e-01 -1.437933285715878307e-02 3.119252669076372775e-01
-1.591891536294822718e-01 -1.613767152412777794e-01 3.918279669847997138e-01
-5.132019182076532626e-01 -1.103899104307282664e-01 5.510568882217260489e-01
-1.232057676314125549e-01 -2.500119931171969623e-01 2.339052069841787151e-01
-1.424602879074682027e-01 -3.698824192456738880e-01 -1.117610391382814483e-01
-6.383169605908292077e-01 6.196839143190369797e-02 2.601032667361865558e-01
-5.416594361303547212e-01 -6.351007270768102564e-02 2.347952364803511383e-01
-4.625587384214647768e-01 -1.181089548846359361e-01 1.870421672800018642e-01
-3.399419619210461985e-01 -1.497318604015304977e-01 1.907946247042322241e-01
-2.488162117718108191e-01 -1.698975553751021494e-01 2.224286636921383453e-01
-1.806244257657300400e-01 -1.924563018275360637e-01 2.596655559348621800e-01
-3.766556675872338028e-02 -3.306931817905435222e-01 3.409059911449163760e-01
-6.262806722490231737e-01 6.857542589869827787e-02 6.399827399685384388e-02
-5.643618009924299406e-01 -8.185216110130935641e-02 5.730317185428459581e-01
-1.285069603631155792e-02 -4.201279537101868522e-01 -2.351557629862096044e-01
-1.628215948666598689e-01 -2.338122376115275014e-01 8.070129259574890246e-02
-7.044618289941416700e-01 4.152809229112151002e-01 5.064012220836017208e-01
-1.275005956520309236e-01 -2.084120437284962268e-01 3.027380429777057347e-01
-1.990931456062085825e-01 -1.878943369797308471e-01 -1.087265350610411158e-01
-4.756116104290133428e-01 -8.439270337964932533e-02 4.851654189331452427e-01
-1.458762239431171392e-01 -3.541554251326415326e-01 -4.578287850380685642e-02
-6.520375175182309135e-01 5.180032271162109403e-01 -1.223324077285579681e-01
-1.555830833424702020e-01 -1.508445887800216045e-01 4.260826599083327171e-01
-9.440480624734795545e-02 -4.233510323213262594e-01 -4.433408242216937273e-03
-4.870671392076974526e-01 1.854770098588887639e-01 -6.464635786826915531e-01
-4.809086692543023123e-01 3.101868495719288243e-01 -7.306650347728467221e-01
-6.758518325014709616e-01 2.944318902004907645e-01 8.030081147490383819e-02
-5.603309069707715917e-01 2.480967239100033694e-01 -5.067638144103923104e-01
-6.558448122235032152e-01 1.261187848030377312e-01 6.335960516506534690e-01
-2.356943403473061305e-01 2.151807279701913045e-02 -9.764285658852027705e-01
-1.821452063093653012e-03 -3.322801663091905500e-01 -2.424727265769865692e-01
-2.203802195877806736e-01 -2.005863071187833913e-01 2.014794609946406190e-02
-6.346111386676918098e-01 6.070253933671763275e-02 4.489265735665245449e-01
-3.708092039891731639e-01 -1.462784632488190462e-01 3.995457552184199512e-01
-3.171297430440934151e-01 -1.615700223878936415e-01 3.872327213818200775e-01
-2.189781640207962843e-01 -9.586619835853768534e-02 -5.898307882721193218e-01
-6.109549895194963387e-01 1.132928291539080506e-01 -1.177013686127536124e-01
-1.152191712189877953e-01 5.107967069137422933e-02 -1.092903769757168853e+00
-3.055957831597982399e-01 1.662670980325611225e-01 -9.571533687005818747e-01
-3.872190590399178234e-01 2.304990843030000069e-01 -8.659518405423165532e-01
2.154317489537748570e-02 -3.682493959117050797e-01 9.432560965999822189e-01
1.896483269452049758e-02 3.160023521933503360e-02 -1.112565782575877904e+00
-2.621341292286674673e-01 -1.658532513810556108e-01 3.935117737797905191e-01
-2.081999237076705700e-01 -1.606087548582529057e-01 4.095642390148248047e-01
-1.724188097819538135e-01 -1.502711328625757348e-01 4.186675501052631865e-01
-6.084145780092328204e-01 -2.098463672954670525e-02 6.068480602593173678e-01
-2.203766725303520357e-01 -1.809190859625844361e-01 5.078714546944846919e-01
-2.798680394549158956e-01 -1.931290154870348719e-01 5.438814306070774984e-01
-3.367376969116118168e-01 -1.900672015012525029e-01 5.526675043636638529e-01
-3.903011376491531959e-01 -1.724355123814910740e-01 5.399123178147808844e-01
-4.220591251599856153e-01 -1.493342607068111338e-01 5.169173006064960996e-01
-6.965517412634679717e-01 2.881664397977296566e-01 7.020837739352939755e-01
-4.059225581626014767e-01 -1.283123928755975918e-01 4.223404963744728513e-01
2.326095844007704944e-02 -2.726786551538554204e-01 -3.281317453542830775e-01
-1.875008444658687601e-01 -2.001496388945544769e-01 -3.391943809256177667e-01
-1.312875808343892392e-01 -2.976690597306864139e-01 -1.752598949411811047e-01
-6.703112942444150457e-02 -2.643532738868394905e-01 -3.280541715163307614e-01
2.318662238757013272e-02 -3.267053912515619496e-01 4.861710357626315426e-01
-4.046679420879311095e-01 1.385816783246645312e-01 -7.760425326528230805e-01
-3.251507847565788256e-01 8.478725919749474649e-02 -8.782695158634087340e-01
-1.228332917373874816e-01 -3.531008470119455234e-02 -1.047680979139515633e+00
-5.493285634196752865e-01 4.072970803324060252e-01 -5.727923632764254647e-01
-1.762989014801914500e-01 -1.637492027669463224e-01 4.573225950510857452e-01
-8.065196660739978873e-02 -3.320116095669199408e-01 1.892346977654948137e-01
1.394554251464968572e-02 -5.271705596242391711e-02 -1.065812449776297521e+00
-2.182856447599682004e-01 9.746614485848162368e-02 -1.037410430448722165e+00
-6.531407272109641671e-01 3.111325740274074603e-01 -1.242723881936386165e-01
-1.251154606123837942e-01 -1.634508256279680882e-01 -5.931810276591716891e-01
-1.392003759070622737e-01 -1.693752522784416070e-01 -6.213786797889185864e-01
-1.504491268642296764e-01 -1.770689311953781986e-01 -6.572722105999733166e-01
-1.573618644860791949e-01 -1.650048517509009605e-01 -6.961054495801854980e-01
-1.667061225372037936e-01 -1.112210021356943579e-01 -7.584210743477428629e-01
-1.843258117112710204e-01 -1.179240915902453057e-01 -5.428036577140069596e-01
-1.947839362915558814e-01 -1.203748472983475620e-01 -5.361344902421969483e-01
-2.037613838898024166e-01 -1.226179771486914094e-01 -5.283519916141310446e-01
-2.916393331422835744e-01 -1.135838435770216842e-01 -4.446805300813236883e-01
-5.327972403601095586e-01 -5.674687708206300335e-03 -1.910114970345891949e-01
-7.931383545083448006e-02 -2.863810056203536791e-01 2.942361446467823272e-01
-1.112303030929393810e-01 -2.016001369509105301e-01 4.944421383977531392e-01
-1.506258386054368514e-01 -1.783512857810366503e-01 4.893452105070512648e-01
-1.737146837140375044e-01 -1.105928009835366738e-01 -5.489468086939507385e-01
-5.369713337297715716e-01 1.149727086284939581e-01 -3.962772259914721373e-01
-5.919954287700357476e-02 -2.826286079895459769e-01 4.840293118843004283e-01
-1.998038317466287739e-01 -6.514480808860821648e-02 -8.253943798309629765e-01
2.140066587658821795e-02 -4.424982578517882570e-01 1.361632511111784960e-01
-3.642052715155029430e-02 -3.807136958498967827e-01 2.284176571566821634e-01
2.231901326301835228e-02 -3.981690797523203540e-01 2.420123758610468467e-01
-1.259765433102042476e-01 -3.110845693975953785e-01 4.447931913841365187e-02
1.216670700349243434e-02 -9.864466505244462446e-02 -9.902546964082747927e-01
1.177883519878760755e-02 -1.127068050485829781e-01 -8.915829286123245767e-01
-9.632875533745663410e-02 -9.762316607299410809e-02 -8.805162891490367905e-01
-3.415526140341634265e-01 -1.359069076808869930e-02 -6.376060930257428927e-01
-2.555878476630775165e-01 -1.629615165540019839e-01 -1.734058795352524385e-01
-2.808080492529130834e-01 -3.490323346312497466e-02 -7.449338376891847524e-01
-3.997182308929139172e-01 -1.381843176605209167e-01 -1.411224785303742402e-01
-3.159834684349104861e-01 -1.397281706647021671e-01 -2.560514600491714532e-01
-4.530540014295945106e-01 -6.872845822868793586e-02 -2.761872115651361481e-01
-1.160903114033014216e-01 -7.938120413147244092e-02 -9.743385034884768370e-01
-1.637046774680007699e-01 -2.588602101885463802e-01 8.797600412178273755e-04
-3.906652878845844890e-01 5.539104844004192479e-02 -6.921143491421781757e-01
-3.116296148907699015e-01 2.386226590138837075e-02 -8.048306660346978836e-01
-3.860196893246938266e-01 -2.270261839663068743e-02 -5.186908377694650074e-01
-5.924554536822013162e-01 1.558587510672701237e-01 -2.714858189240610953e-01
-4.645099905643940152e-01 4.483412721397564416e-02 -5.139557506954475219e-01
-6.199045297081102746e-01 3.082471109131646458e-01 -3.181142385616211321e-01
-3.657819430920090098e-01 -9.657868933996770211e-02 -3.640134317607220393e-01
-1.205611594383725893e-01 -2.802406451162774426e-01 1.367075523118692904e-01
-1.224893218967812170e-01 -3.790463996685168868e-01 -1.576321140187198488e-01
-1.596199789254316437e-01 -3.055218251268445595e-01 -1.671561363585775672e-01
-9.592192910567479136e-02 -4.310271639265818022e-01 -1.047425050406138314e-01
-1.636250707234320478e-01 -2.315889060957051493e-01 5.892664082748445553e-01
-2.708577951948654139e-01 -2.473410738399398068e-01 6.605704109367368515e-01
-3.632622631000516633e-01 -2.424859155110101194e-01 6.763620602923350322e-01
-4.383361376717585522e-01 -2.139237219779469013e-01 6.595276925730542139e-01
-4.889021502507656658e-01 -1.704520936529287656e-01 6.192273216656267731e-01
-5.202867538429106764e-01 -5.461976987477354384e-02 4.684547226134717635e-01
-6.909950438209995216e-01 2.556150866694912871e-01 2.750350094544460888e-01
-4.776768659087133884e-01 -8.734200876425787796e-02 3.212857674807033659e-01
-4.155875562977021098e-01 -1.220598585511525475e-01 2.827181320793727415e-01
-3.314563828306894555e-01 -1.489501907163764405e-01 2.737012873941492286e-01
-2.499099626447345013e-01 -1.652490842322024700e-01 2.901638348999042716e-01
-1.851894138439174886e-01 -1.705870913660345600e-01 3.185309420207974029e-01
-1.402940685061925541e-01 -1.788111759948188273e-01 3.451053648866869161e-01
-6.950412036594391108e-01 4.854856005891481918e-01 3.121477287710079929e-01
-1.592385797013190774e-01 -2.711724872817660170e-01 -1.862668941517010290e-01
-8.135256283225514307e-02 -3.698962782126734017e-01 9.541082946870033110e-02
-7.912119431289195426e-02 -4.268725932847565185e-01 -1.741464324520161366e-01
-4.693726058088527886e-02 -3.947423322818781610e-01 -2.149105874592746324e-01
-7.930301468070410920e-02 -3.943331183034263221e-01 -1.836738700642639166e-01
-1.420432505895287967e-01 -2.459304525931625407e-01 -2.105459742271238999e-01
-3.386777104852327358e-02 -4.107239437293145889e-01 -2.268450293684304286e-01
-2.433519144444435886e-02 -3.329599110465223388e-01 -2.355272733385283535e-01
-1.347139934109665982e-01 -1.585178767527394283e-01 4.214343204213101268e-01
-1.048367620282166096e-01 -1.925573555480339927e-01 3.934175399399151285e-01
-8.760439373180933798e-02 -2.336799039331149408e-01 3.701384481273193860e-01
-4.385195070709793086e-01 -1.259817217147203294e-01 4.992168109555596978e-01
-4.787940243673685092e-01 -1.268779448916827757e-01 5.428009178682409175e-01
7.553934728515496189e-02 -4.192452759314911348e-01 1.234694660968869984e-01
4.588812929577562039e-01 -1.229512924522619538e-01 4.136062833960236773e-01
8.614835441804917504e-02 -3.392151874407106082e-01 -2.270299293882248048e-01
6.751290110433604275e-01 1.182743999504723281e-01 7.824205994630648586e-01
2.800202186951443184e-01 -1.730291431234675936e-01 3.276960026694587524e-01
3.419283739470166394e-01 -1.683975541779497154e-01 3.174238288846346068e-01
4.008281455718414321e-01 -1.527029475428730576e-01 3.209796409154664909e-01
4.788593979827616143e-01 -1.094357614308288651e-01 3.822657200718178050e-01
2.288122186545322734e-01 -1.682270559575837210e-01 3.532366410604739215e-01
3.750306513238317319e-01 -2.297619170896906537e-01 6.095025859774321209e-01
3.019333707625968533e-01 -2.274944344370985472e-01 5.982545290622017786e-01
4.409700597930513166e-01 -2.093844463244951548e-01 5.915818427548350522e-01
4.816749533907786485e-01 -1.811962952355496148e-01 5.505040031378803933e-01
5.247703541645715175e-01 -7.160008754555598209e-02 3.211948174972215075e-01
2.452655427363371610e-01 -3.638073130593907911e-02 -9.134437611177240735e-01
4.811273595629388944e-01 -1.071048059066978392e-01 4.476444987219364569e-01
7.089612937920656277e-01 1.951623624163645321e-01 3.948746266919795356e-01
5.902440055570888910e-01 -1.907709533123496184e-02 3.951909124833104525e-01
3.293808902738535327e-01 -1.869239997589436098e-01 -7.350997199298112128e-02
5.805758521882905393e-02 -2.663251781851859179e-01 -4.552461845500335169e-01
5.220550777034703438e-02 -2.291095010332007131e-01 -5.200129717337899082e-01
1.258463901822077513e-01 -2.177779607658758831e-01 -4.823685475629920227e-01
1.687416170259466719e-01 -1.647998644706064608e-01 -5.118503335860612458e-01
1.065843102422131539e-01 -1.947875599078682796e-01 -5.253930354373677059e-01
1.481470588018020673e-01 -1.464881516848187959e-01 -5.373976649302706354e-01
2.733950369762138677e-01 -6.273173502145897029e-02 -6.481871722580172523e-01
7.418476047608855983e-02 -4.589785062611837496e-01 -1.991746239900483995e-01
8.225843939335873711e-02 -4.901740621854202562e-01 -1.102869598966832454e-01
5.564951759401220999e-01 -1.732537302279981706e-01 6.278063628211469904e-01
2.049442937147130106e-01 -2.213569774315083671e-01 1.628986872414057707e-01
2.186029043522537962e-01 -3.099538210204383915e-01 -1.500970433899796730e-01
2.222990130253019447e-01 -2.977298532794128150e-01 -9.624760341661378615e-02
5.085697904686019566e-01 -1.096240398377990033e-01 -5.373044783611989617e-02
7.908291003904223404e-02 -4.667429491363664917e-01 1.331788890340505731e-02
4.251291707136403142e-01 -2.909402166345434471e-01 7.227019656780497847e-01
5.046625196298986094e-01 -2.391653010313224414e-01 6.940825728523095650e-01
6.155780775003749650e-01 -2.292268258749212417e-02 9.246899898283311714e-01
1.587577895399994998e-01 -3.282348464952102307e-01 6.289293812595122546e-01
2.399814834355919191e-01 -2.026656610292757177e-01 5.538369650073040606e-01
3.202046069281092588e-01 -5.912297601045458928e-02 -5.612224851348582844e-01
6.488290618924250630e-01 4.673165846516568189e-01 -4.170829178838719731e-01
1.740326888435337338e-01 -2.791869230118415035e-01 -1.985735884713422661e-01
1.272606526863732102e-01 -2.809292182150559536e-01 -2.246150383336995571e-01
2.196010511520420372e-01 -5.759167958315066643e-02 -5.776873048232991081e-01
2.044505692116384554e-01 -7.582853910200769432e-02 -5.805184435827115408e-01
5.338052033293165799e-01 -2.174617396483856657e-01 7.507444487033703151e-01
2.208688903561417949e-01 -2.707271363692815846e-01 -1.840729141362406340e-01
3.146645830306697977e-01 -3.240373156068424576e-01 7.086752101470259468e-01
3.245231876421270645e-01 -3.464600466250519206e-01 7.759856528398288988e-01
3.741804949939800951e-01 -2.811406398479741053e-01 1.108174016618697744e+00
5.753376837944383926e-01 -1.332386120849958222e-01 8.257876120436697942e-01
3.415352342654354167e-01 -3.151157328160201221e-01 9.368767055766409335e-01
5.898934904305993543e-01 -1.254903774632689650e-01 6.679937084138023451e-01
6.368293516449463620e-01 -8.778084802838649961e-03 7.106120374466902145e-01
5.570039923540577587e-02 -2.544070283353955242e-01 -4.915229924124270844e-01
1.160937106220117643e-01 -2.087599364576043504e-01 -5.055807813632710035e-01
1.586369608236960216e-01 -1.608260257881221345e-01 -5.244911924263735425e-01
1.605979507027958386e-01 -2.638561497267151168e-01 -2.126303382013114140e-01
2.115979958255471693e-01 -6.761988797870155388e-02 -5.794949600669166978e-01
1.880298342898844843e-01 -1.025106323937525210e-01 -6.081897573339999363e-01
1.972225335873092900e-01 -7.732757957646925473e-02 -5.804616010202710008e-01
1.429795651418273028e-01 -3.673803580797737611e-01 -1.830921067936367719e-01
1.400779633088921061e-01 -1.337357053841965737e-01 -5.465404502929623876e-01
9.946086227782005573e-02 -1.661276987382775960e-01 -5.384071780030499355e-01
4.926041960598451230e-02 -1.967232381857824397e-01 -5.375494667429825402e-01
9.351138077042855934e-02 -1.263688907227470126e-01 -8.078691053581422699e-01
5.780907854421606096e-02 -1.856812334638043016e-01 -7.430269871684404004e-01
5.391506735025078378e-02 -1.950358592106001820e-01 -7.011503364198550248e-01
5.021445464382755242e-02 -1.839000346276891684e-01 -6.578060371815310781e-01
4.395945697592910928e-02 -1.799790403115906767e-01 -6.205728437654773888e-01
1.375488596062922619e-01 -1.309797724634075011e-01 -6.015855103249485580e-01
1.498146353786208862e-01 -1.392804504246400454e-01 -6.190262521022330544e-01
1.621395604227449661e-01 -1.466164373501429030e-01 -6.406139628587672608e-01
1.742173479393395175e-01 -1.331306513169245309e-01 -6.630136739155241266e-01
2.703479781061595144e-01 -1.664114132860946560e-01 -4.051087955544192543e-01
7.155960572290392951e-01 4.959850103097337426e-01 3.896899063184169898e-02
1.658912191995715879e-01 -9.812736426718682292e-02 -5.898415415059907740e-01
1.766757555966330384e-01 -1.040218560157715744e-01 -5.991052618762933157e-01
1.076144637702204226e-01 -2.774819337184897261e-01 -2.580335867693518970e-01
2.021195085612326747e-01 -2.201811167945276759e-01 -2.305696333307174772e-01
1.171989542239943172e-01 -2.806817451700340249e-01 -2.421662427860578615e-01
2.682558414898910670e-01 -1.934255015953082191e-01 1.108474603544420262e-01
3.681136798072212057e-01 -1.693168856109027454e-01 4.812934599786389267e-02
2.330006199858053739e-01 -2.576617537722869500e-01 -1.315469201218279760e-01
5.212446688794541982e-01 -1.645810700496344592e-01 1.035251784089889160e+00
4.824202245794501076e-01 -2.335871715794117232e-01 9.044442840150406226e-01
4.451848620074638219e-01 -2.898490399973907006e-01 7.900480443312368761e-01
2.355266610793287363e-01 -8.588041342224930763e-02 -7.085505599795115517e-01
1.789729038537790362e-01 -3.688391054340769415e-01 7.418461380451554232e-01
1.919373837888660450e-01 -3.583108403264770869e-01 9.406684950013389779e-01
2.128721316990165313e-01 -3.467650935639123300e-01 1.145478165165122686e+00
4.505189179887173490e-01 -1.291976306510722594e-01 3.411449549509755208e-01
5.884511401415269960e-01 -3.048252182939750407e-02 2.564765875965196451e-01
1.952257454889812782e-01 -1.610121914829180934e-01 3.779086993439268460e-01
5.343547128674974722e-01 -1.238804812820847034e-01 5.084417745715509307e-01
1.628406771376365580e-01 -2.507246373641199844e-01 2.209385127979988095e-01
1.814273478624816860e-01 -3.754575554001764459e-01 -1.261633849344185598e-01
6.613993544918379541e-01 4.516614226488475242e-02 1.976519477366384114e-01
5.482281075605575094e-01 -7.707058354076105899e-02 1.851847222276006288e-01
4.711013098944719091e-01 -1.291624594065269860e-01 1.460951757879065116e-01
3.553253554246015855e-01 -1.561981909933498891e-01 1.627783235651470151e-01
2.700091355137179128e-01 -1.737460977186583433e-01 2.036295800712963899e-01
2.066255690029005776e-01 -1.951809208602947598e-01 2.460259339239403986e-01
8.250345575269964205e-02 -3.311042213906251752e-01 3.351446561704014004e-01
6.517308841317440704e-01 5.363955753158453077e-02 4.519393261049367908e-03
5.775819384591434069e-01 -9.625953011900206802e-02 5.208645070407411648e-01
5.341979711912456935e-02 -4.208665005938433956e-01 -2.378190807646602123e-01
2.014350266658791466e-01 -2.360983385739980900e-01 6.463462461093415212e-02
7.272234012789491331e-01 3.968612104551806907e-01 4.341322830652456499e-01
1.597645551902434624e-01 -2.094665824053737468e-01 2.935886277333836780e-01
2.404024458165815725e-01 -1.954946782946129780e-01 -1.269635831305288287e-01
5.033467858211893020e-01 -9.504365822991751866e-02 4.438541260588685922e-01
1.834339496794698265e-01 -3.597946477846516999e-01 -5.998188408892095314e-02
6.921833828920195275e-01 4.963888061300879562e-01 -1.813569455074429682e-01
1.952451121232117448e-01 -1.489106492576153518e-01 4.119948013819660915e-01
1.323741178605593871e-01 -4.263944973939970406e-01 -1.436537719362443108e-02
5.134675018719129236e-01 1.672542043669736356e-01 -6.787594713196800633e-01
5.140801516671928972e-01 2.907478374101241658e-01 -7.593145427913043921e-01
7.116595119416846416e-01 2.763225164685967350e-01 1.657393933752226295e-02
5.901431314344358636e-01 2.293611145667446283e-01 -5.492275695651256395e-01
6.759826395982055924e-01 1.093627793219290600e-01 5.677899205032703733e-01
2.600149345296732806e-01 1.072387778298103736e-02 -9.848656718126957976e-01
5.146358659216211662e-02 -3.340414422843085984e-01 -2.449264224897210462e-01
2.557577472239617733e-01 -2.059515233260552358e-01 -1.430319992536655937e-03
6.383569510442015371e-01 4.500952466735732432e-02 3.810000567523166848e-01
3.984530239444537547e-01 -1.537158793857777150e-01 3.732132162638132078e-01
3.452430317648621516e-01 -1.667503126812922842e-01 3.663806089775763497e-01
1.992095603496766842e-01 -9.038528831348047188e-02 -6.182346179959536947e-01
6.385642069567389889e-01 9.792659828068124572e-02 -1.724803519766645588e-01
1.503075912250065038e-01 4.538978489294865498e-02 -1.095347138565461398e+00
3.395627710053867321e-01 1.528067251640122526e-01 -9.673667921713460238e-01
4.211829870086314931e-01 2.143994168020438851e-01 -8.829675988544108955e-01
2.924817348667464456e-01 -1.693529847776445163e-01 3.752551588546205186e-01
2.430107153790870278e-01 -1.612733566817756981e-01 3.929377293663751103e-01
2.111550565738278817e-01 -1.488585658827141500e-01 4.029019448804757042e-01
6.169430211184737667e-01 -3.532118157151848542e-02 5.423532784962599163e-01
2.526144556827306653e-01 -1.820555811224959242e-01 4.827370032009002943e-01
3.068793158019146317e-01 -1.975604127018983636e-01 5.145566434825485924e-01
3.629591618045063806e-01 -1.970364359906086049e-01 5.216077720792015038e-01
4.171896289364711019e-01 -1.818514681722369075e-01 5.065595800263588133e-01
4.494304353192318802e-01 -1.596623939497046063e-01 4.813705271311179423e-01
7.120434921331972866e-01 2.687487777070587391e-01 6.296883176055925180e-01
4.345181269617650055e-01 -1.369999596750536841e-01 3.913400397803845077e-01
2.199506794909489582e-01 -2.055241981834436960e-01 -3.586184096506276342e-01
1.732184392515565274e-01 -3.045959682946295377e-01 -1.879075144045553869e-01
1.099031563559982883e-01 -2.653966135006992078e-01 -3.356207062371210359e-01
4.301860146699209575e-01 1.214553881422517079e-01 -7.986355086499151712e-01
3.486954264275102799e-01 6.960276843371546174e-02 -8.922643632757278898e-01
1.483736217696262072e-01 -4.158055282149607929e-02 -1.052386984992874419e+00
5.873450568832817575e-01 3.881725062027093776e-01 -6.125374859932163352e-01
2.133021188716917038e-01 -1.619191605975756620e-01 4.394663998538169691e-01
1.224781269644748538e-01 -3.334756013962528742e-01 1.799258200836510446e-01
2.519918797548176825e-01 8.770798978995056339e-02 -1.042165103783661895e+00
6.894294894106093308e-01 2.926896713770739122e-01 -1.828378794001056518e-01
9.602402188986028375e-02 -1.576811728990646366e-01 -6.112957538523056122e-01
1.076915913195670982e-01 -1.647904951234996085e-01 -6.399736471332068133e-01
1.168102325351710880e-01 -1.728528767862086701e-01 -6.749950329147459405e-01
1.253925894736839519e-01 -1.613634367586644358e-01 -7.116365119045836574e-01
1.747148011414360880e-01 -1.116673422454079745e-01 -7.683347063188488146e-01
1.778709069683447885e-01 -1.083997767282792735e-01 -5.581845772395473970e-01
1.879935424862826943e-01 -1.090287212469391032e-01 -5.536275579488642018e-01
1.972702861397905849e-01 -1.106440139415930946e-01 -5.467853452771117562e-01
3.049807714284119009e-01 -1.141785267576957835e-01 -4.750171633961174367e-01
5.542159033440526850e-01 -2.047640375707428934e-02 -2.387105894734662948e-01
1.221802938723678678e-01 -2.870673986490075991e-01 2.844189563259107434e-01
1.533188035181047848e-01 -2.034769044928219639e-01 4.792907467733458216e-01
1.880395867364594298e-01 -1.770536913546206792e-01 4.724636557931635727e-01
1.678857027164413207e-01 -9.978348935045937285e-02 -5.630539772065316084e-01
5.614004131606094017e-01 9.716633508222444204e-02 -4.417682734094853236e-01
9.913093100825751125e-02 -2.828913596360299043e-01 4.744807691326984878e-01
2.122108782488357492e-01 -7.175886605841023946e-02 -8.345885121832150588e-01
7.956931338461670222e-02 -3.822178876634204636e-01 2.231498727800443893e-01
1.651547654308729574e-01 -3.151831119406767190e-01 3.111870760385979442e-02
1.154723901928821073e-01 -1.028327811234405337e-01 -8.856969781723691426e-01
3.408268139978622990e-01 -2.434774756345276306e-02 -6.694948620415290819e-01
2.894210284010049761e-01 -1.723579560456469650e-01 -1.969982115827070279e-01
2.871625863344969831e-01 -4.425949865224034635e-02 -7.614409918230438112e-01
4.225946757536628295e-01 -1.505849087498231931e-01 -1.781710514557419689e-01
3.408619677102875389e-01 -1.501765287974235474e-01 -2.866059452103464356e-01
4.717438373826403075e-01 -8.420371390038992876e-02 -3.196753749584046456e-01
1.376588487432147401e-01 -8.496857406571423077e-02 -9.803784410659016624e-01
2.018306956837702670e-01 -2.640466367416317017e-01 -1.470491243671647429e-02
4.054513384960531375e-01 4.040298386131313535e-02 -7.163286102785624276e-01
3.282260387145176650e-01 1.031882585844414238e-02 -8.199341705030978034e-01
3.900377428499779975e-01 -3.189478472644165230e-02 -5.615125448859509261e-01
6.203629955201164226e-01 1.387461983062849291e-01 -3.216342569244621807e-01
4.771838337290005283e-01 2.741917726224343821e-02 -5.550513440869141446e-01
6.552410641362872434e-01 2.912257850678910964e-01 -3.702458953499407346e-01
3.783215700328327880e-01 -1.064664979884101526e-01 -4.046433345819965277e-01
1.608286424858527131e-01 -2.814477222290722724e-01 1.238126665415208577e-01
1.612110362297388688e-01 -3.831736308246800338e-01 -1.698670633267055086e-01
1.988480244814583020e-01 -3.133247653080795669e-01 -1.818507492837868333e-01
1.361474835397108174e-01 -4.357156255228538111e-01 -1.153480326724069110e-01
2.039114414775572981e-01 -2.349746846599673200e-01 5.709422134906858570e-01
3.066448807489114414e-01 -2.564814666712947888e-01 6.374042725738844339e-01
3.960116905783986896e-01 -2.544524600232069833e-01 6.483776432365673248e-01
4.671381841261333934e-01 -2.273635674744159951e-01 6.270322598920440305e-01
5.133636161336394554e-01 -1.846252072154627166e-01 5.818115757013694322e-01
5.391773340536011316e-01 -6.740154445415949547e-02 4.192063336382341743e-01
7.190990533198028389e-01 2.392577939212329752e-01 2.075983158281013707e-01
4.931756809603254910e-01 -9.804102652250326622e-02 2.778176842803336544e-01
4.312010146400448996e-01 -1.312591145760381439e-01 2.466081188204777563e-01
3.502268719493665250e-01 -1.550995011797028367e-01 2.482943257871905729e-01
2.732411184571514329e-01 -1.686346233326720678e-01 2.723952941544119377e-01
2.145100640407347770e-01 -1.734644882985032499e-01 3.043458488748365665e-01
1.740431824864132615e-01 -1.800782687206461397e-01 3.338118758922195006e-01
7.237338151605735570e-01 4.678013790998744037e-01 2.417410035180276029e-01
1.981759871199031131e-01 -2.794348045187835528e-01 -2.002807962432973099e-01
1.233394333271717047e-01 -3.710825519084818835e-01 8.622897712571903073e-02
1.186987821737507387e-01 -4.311375997001105076e-01 -1.829072707783739316e-01
8.631415533377373439e-02 -3.990114847776439211e-01 -2.207483640131991387e-01
1.186370079984908343e-01 -3.982669935442438858e-01 -1.926323892030783191e-01
1.826449736885360497e-01 -2.550323413416746843e-01 -2.228851424292102035e-01
7.358123688617820846e-02 -4.140360737964955407e-01 -2.314404391488500967e-01
7.166208329705295310e-02 -3.364318036675004175e-01 -2.394943800641981257e-01
1.738724747352287381e-01 -1.581457200859889556e-01 4.082246397828198647e-01
1.424184416097028227e-01 -1.931872351216226136e-01 3.829603538907768723e-01
1.233302738371028773e-01 -2.350355982622223949e-01 3.622683368233361456e-01
4.672248700190723136e-01 -1.367145487671903858e-01 4.626092168323336917e-01
5.049073713578821065e-01 -1.405292967830089335e-01 5.043192013496009540e-01
-3.240981394101752899e-01 -1.539701300676226681e-01 4.809561495758954974e-01
-2.600222381753490297e-01 -1.599411597373219529e-01 4.791435208140258917e-01
-3.233042570715961572e-01 -1.622525839958650906e-01 5.634684684185788939e-01
-3.890393430597381963e-01 -1.479468972911258950e-01 4.830634362498536505e-01
-3.254687702933491411e-01 -1.456901905092030658e-01 3.990077168563110899e-01
3.510211733495828268e-01 -1.603318149820545102e-01 4.516071421512988238e-01
4.137483546382625388e-01 -1.660154881005751759e-01 4.482397353684312025e-01
3.501162995431109648e-01 -1.687554028830893504e-01 5.361768436359430900e-01
2.877956080424526331e-01 -1.546731358968915782e-01 4.556740488817583312e-01
3.521626373831918122e-01 -1.519245106189197891e-01 3.669769883253684029e-01
