-1.493189059556698089e-02 -2.920015621356656932e-01 -4.908771380000733764e-01
2.307089846629428731e-02 -4.875165927018705325e-01 -2.116524896656711285e-01
2.604711443094861675e-02 -3.058986003383484253e-01 -2.749066203339170511e-01
-3.436233015815273739e-02 -4.421858385865207186e-01 1.350625302174466302e-01
2.286278765870274066e-02 -5.225849699247251401e-01 -1.145160976585065660e-01
2.179339823072698468e-02 -5.130848690715135163e-01 2.357925379362255797e-02
2.409125373443425644e-02 -3.771671695434294924e-01 3.752069774664098523e-01
-4.523343503101504570e-01 -1.192974593730102562e-01 4.734112742527947226e-01
2.456999178417339572e-02 -3.609870520268913530e-01 6.424441151748073731e-01
2.355870289729361869e-02 -3.895558640193493294e-01 7.713625920265945179e-01
2.212345669615160132e-02 -3.775806233396760137e-01 1.224789812883918527e+00
-1.380095267450132807e-02 -2.808409020087572205e-01 -5.184018251132412880e-01
-1.211110611621705156e-02 -2.575354068539128516e-01 -5.450667218538183256e-01
-9.609766818509241776e-03 -2.223083823685270133e-01 -5.636567108353475186e-01
-1.734348806723726155e-02 -2.000076463934678528e-01 -6.650883072951232489e-01
-1.836423133530037943e-02 -2.033665069595566866e-01 -7.067339896175973690e-01
-2.022045978206656047e-02 -2.131211592861403936e-01 -7.518445685346911711e-01
-1.997077539168388288e-02 -2.015793943181750369e-01 -7.939174959511950957e-01
1.178365449571412010e-02 -1.364598634817464906e-01 -8.564625411600803595e-01
2.197200337875747367e-02 -4.466619677483221196e-01 -2.534299779589315182e-01
-4.234807976937526863e-02 -3.533503164383844375e-01 -2.332258646869772578e-01
-7.017903798158702244e-01 1.450925698279619536e-01 8.992941797742499688e-01
-2.687301427750514726e-01 -1.795836942501918831e-01 3.735371287955743802e-01
-3.375489404772966662e-01 -1.722418928676824890e-01 3.674015204208441743e-01
-4.016301153388165401e-01 -1.532412180298172166e-01 3.785429628735993979e-01
-4.799459858530434886e-01 -1.052866337476802694e-01 4.487322454559700136e-01
-2.080872771878254923e-01 -1.749783274185954529e-01 3.968276430748762240e-01
-3.658390465082322907e-01 -2.336932770053499753e-01 6.586147857815641826e-01
-2.872441546115215849e-01 -2.329909291505268820e-01 6.439359467930907410e-01
-4.353631885644342336e-01 -2.086849368255489501e-01 6.439516118547560231e-01
-4.794223239728723218e-01 -1.766130911775109780e-01 6.073786151712675663e-01
-5.377102251199424865e-01 -6.258118472194906801e-02 3.929567717433311569e-01
-2.381046984045135373e-01 -2.774144141032403033e-02 -9.517997666435160653e-01
-4.743427848099535105e-01 -1.019551317684032621e-01 5.084661251423426842e-01
-7.240201136622147482e-01 2.245884932431024827e-01 4.882072478503239887e-01
-6.111801572352880685e-01 -4.106499838467137301e-03 4.770081272815802631e-01
-3.144311073719411320e-01 -1.882250930779979514e-01 -4.705169178003466846e-02
-9.035449071516001018e-02 -2.798920614969213072e-01 -4.704080960699397185e-01
-7.838230381728550356e-02 -2.439577001116121080e-01 -5.362798080828465874e-01
-1.550344123836011334e-01 -2.327794398180801916e-01 -4.903427173263776861e-01
-1.929774562259393145e-01 -1.815831445309925574e-01 -5.196879762026003213e-01
-1.313556789963882254e-01 -2.115897938316460836e-01 -5.376139316952827096e-01
-1.684755793666192492e-01 -1.622112997097922005e-01 -5.510586607332711440e-01
-2.982617906689953857e-01 -5.985410315815238580e-02 -6.523485279622335264e-01
-3.408960430258742985e-02 -4.803001989352255752e-01 -2.046527424758789460e-01
-4.416090598164442577e-02 -5.128117460610086553e-01 -1.100333149274743683e-01
-5.688494025271189081e-01 -1.670595264713364836e-01 7.068084233849378784e-01
-1.765904912656242887e-01 -2.312079806239300539e-01 1.896732938504193111e-01
-1.893715378754707857e-01 -3.194687401683133365e-01 -1.412375387272406246e-01
-1.946609423750791379e-01 -3.066255110077404922e-01 -8.388043248954150932e-02
-5.118781315572626944e-01 -1.037226762371308286e-01 -7.952522326773979466e-03
-3.986430760793270578e-02 -4.911295514616158542e-01 1.922072113677449762e-02
-4.155872405454624774e-01 -2.917023460225133258e-01 7.966266755219255646e-01
-5.062216874558828072e-01 -2.360298208613580417e-01 7.705006430895217084e-01
-6.347844325473657179e-01 -4.132455464435297668e-03 1.044565421059154620e+00
-1.204321862817658573e-01 -3.421577769394688051e-01 6.817310576051469617e-01
-2.176300229550228171e-01 -2.102271560743799728e-01 5.976627410336962098e-01
-3.407427709445398079e-01 -5.755535571175379034e-02 -5.489768634714861095e-01
-6.407650663129066393e-01 5.127871517382103228e-01 -3.864736650105133897e-01
-1.387722467672842797e-01 -2.866781924833075035e-01 -1.964552823558259331e-01
-8.574765486122827574e-02 -2.868383843019182700e-01 -2.271892038748363207e-01
-2.439507489555370889e-01 -6.905622399987625115e-02 -5.720715789777011118e-01
-2.313330329108559957e-01 -8.572980991016668217e-02 -5.791511839557771379e-01
-5.395874214298155280e-01 -2.125349335387053396e-01 8.390282106938402595e-01
-1.934267001529913488e-01 -2.769634656388931804e-01 -1.769967222073722257e-01
-2.907587011321938752e-01 -3.286828988407579089e-01 7.766808417731259073e-01
-3.010521487876020030e-01 -3.516166207309249225e-01 8.531858975721525740e-01
-3.646095356005660815e-01 -2.827915776936433812e-01 1.212807096727459122e+00
-5.861405903803051931e-01 -1.236623492636100552e-01 9.289399650974250466e-01
-3.248622047349186692e-01 -3.207080160465561325e-01 1.024238731017133475e+00
-6.053555937614641946e-01 -1.165823630501382491e-01 7.630768618749004251e-01
-6.527342193680243376e-01 7.657559231417667561e-03 8.134344031498143002e-01
-8.611985883128142616e-02 -2.689600335697744926e-01 -5.072091895319557064e-01
-1.434809974898742235e-01 -2.247839790388626025e-01 -5.151892305140004513e-01
-1.817026787661717713e-01 -1.770984386988303516e-01 -5.350605508251110587e-01
-1.232068126058608881e-01 -2.695227485114631283e-01 -2.125276213886632681e-01
-2.372320062182982636e-01 -7.768807701235838636e-02 -5.757641499867983681e-01
-2.212582528106027957e-01 -1.129064605270008459e-01 -6.153905901471758977e-01
-2.241449307741187336e-01 -8.755255410652132420e-02 -5.816569332013215021e-01
-1.082018410140094672e-01 -3.847620026842142327e-01 -1.817275552244341230e-01
-1.586129682530111884e-01 -1.487911374068816017e-01 -5.632123701512914415e-01
-1.200896244880514663e-01 -1.828024912556896198e-01 -5.546834759502936585e-01
-7.044271092757825592e-02 -2.123514800736053532e-01 -5.554784893168159821e-01
-8.042186982485319269e-02 -1.312783060661539825e-01 -8.474974270132911158e-01
-9.940515571515846915e-02 -1.979343423508524713e-01 -7.792298509575684706e-01
-9.624369819850135677e-02 -2.093204739848400775e-01 -7.359083992936574781e-01
-8.842031680926779047e-02 -1.983501326782121099e-01 -6.899060374746579516e-01
-7.924434207784919471e-02 -1.948163541473094118e-01 -6.507757488645878885e-01
-1.702428707154840515e-01 -1.445406936299366563e-01 -6.162985611031850386e-01
-1.850984172973143826e-01 -1.511268018703666449e-01 -6.335801859692912208e-01
-2.003723434734080711e-01 -1.578031601980200982e-01 -6.551866489909575764e-01
-2.113723246958579272e-01 -1.430911980420229712e-01 -6.790133437206479217e-01
-2.622739755956989827e-01 -1.691412709881585930e-01 -3.977300042804743363e-01
-7.167063847452729286e-01 5.444746168904524009e-01 1.112791130717018517e-01
2.589682922182868358e-02 -3.551392297429256106e-01 -2.608325366169020332e-01
-1.952457524649867104e-01 -1.116264171661965898e-01 -5.997573485587839315e-01
-2.083312340422396325e-01 -1.156156462328472023e-01 -6.074441506666617974e-01
-6.352988529876417434e-02 -2.871692011806015743e-01 -2.644685513555246059e-01
-1.692416724355439717e-01 -2.213023006822024130e-01 -2.277662647864461265e-01
-7.428861713650547483e-02 -2.881385023818949787e-01 -2.463398253738986465e-01
-2.464311109434801361e-01 -2.004802698609431388e-01 1.412582925936362310e-01
-3.562516371328960929e-01 -1.709155477248562871e-01 8.587535541717265797e-02
-2.056793062551008910e-01 -2.636268208716405770e-01 -1.200859386788283301e-01
-5.283719983041383905e-01 -1.542727076578957746e-01 1.152483594863684235e+00
-4.818267779618768953e-01 -2.301263390629836314e-01 1.004139935126425964e+00
-4.367394333033591813e-01 -2.899052981789404515e-01 8.741745130194500391e-01
-2.467818935098136657e-01 -8.736355636518151890e-02 -7.330755507306062624e-01
-1.393684521593065162e-01 -3.827716007282691013e-01 8.107489551439779341e-01
-1.620855587042093482e-01 -3.709352398979147702e-01 1.011597496001781504e+00
-1.876258721065153789e-01 -3.562254571930971170e-01 1.232305285047792909e+00
-4.531247321553095730e-01 -1.266056999652231396e-01 4.048475330583158338e-01
-6.127869116128282778e-01 -1.515232982865963307e-02 3.286935916113504774e-01
-1.677467656621069447e-01 -1.700519251324524306e-01 4.196453203955544664e-01
-5.407903738925290416e-01 -1.163241967506808971e-01 5.748822746621019553e-01
-1.298290025411561466e-01 -2.634520145748143749e-01 2.465031030785888033e-01
-1.501185978247736308e-01 -3.897663759690097596e-01 -1.177690340337662622e-01
-6.726312890361862973e-01 6.529965755048727782e-02 2.740857699055126440e-01
-5.707776970327440580e-01 -6.692421593992156637e-02 2.474172430373046128e-01
-4.874247430170071116e-01 -1.244581979049743659e-01 1.970970876585141918e-01
-3.582163943016629104e-01 -1.577810719277239759e-01 2.017534355364452026e-01
-2.621919508909364982e-01 -1.790308243889919271e-01 2.373337187572235885e-01
-1.903343445891972907e-01 -2.028022728106291250e-01 2.778240804346451265e-01
-3.969037372553663179e-02 -3.484704228090142464e-01 3.592322475622479194e-01
-6.599479598401918334e-01 7.226186983305674105e-02 6.743866177054332056e-02
-5.947004844316768901e-01 -8.625232927785056458e-02 6.007496220999367642e-01
-1.354151741064113686e-02 -4.426894561160725772e-01 -2.477664164831085425e-01
-1.715744778843381058e-01 -2.463814005999582779e-01 8.503959300785689235e-02
-7.423319406624062644e-01 4.376053900108776151e-01 5.336240897573482078e-01
-1.343547098089426517e-01 -2.196157556177249504e-01 3.241447243758999175e-01
-2.097958967648605733e-01 -1.979950681058116890e-01 -1.145714024679971299e-01
-5.011793048822208441e-01 -8.892944466086924460e-02 5.087990232965460269e-01
-1.537181660656002369e-01 -3.731939378606411450e-01 -4.824405185591976175e-02
-6.870894288979727538e-01 5.458497891981084482e-01 -1.289086930445071388e-01
-1.639468420265780546e-01 -1.589536178097554209e-01 4.525844323871249797e-01
-9.947977327531688785e-02 -4.461093283836912171e-01 -4.671737159357591818e-03
-5.132506543288427592e-01 1.954477915054701476e-01 -6.812158490067421468e-01
-5.067611203841256851e-01 3.268617212936354433e-01 -7.699437654578761281e-01
-7.121839420844372492e-01 3.102598143552753873e-01 8.461758279136198657e-02
-5.904528995966340510e-01 2.614337850408910424e-01 -5.340061736856411834e-01
-6.911013942748249761e-01 1.328986162536309190e-01 6.676565958008479074e-01
-2.481106620095664406e-01 2.269242618418967905e-02 -1.028789166063672766e+00
-1.908982987551572676e-03 -3.500774144200983762e-01 -2.554230761611565592e-01
-2.322273107739454279e-01 -2.113693269178254230e-01 2.123104943762386607e-02
-6.687262513652598717e-01 6.396575657425584982e-02 4.730597469651318665e-01
-3.907429823497989840e-01 -1.541420287535740230e-01 4.273888560401725156e-01
-3.341778474098840990e-01 -1.702556239893459056e-01 4.156981958373088815e-01
-2.319190219663209707e-01 -1.000842503281643980e-01 -6.240241185041359717e-01
-6.437984066148165763e-01 1.193831692618040341e-01 -1.240287006967422112e-01
-1.214130666165824657e-01 5.382558635769719296e-02 -1.151655551755730089e+00
-3.220238146953640079e-01 1.752052048224847502e-01 -1.008607526452280467e+00
-4.080349902974849674e-01 2.428901406584332845e-01 -9.125032526287610857e-01
2.270128226954394243e-02 -3.880455653718153375e-01 9.939631932267483094e-01
1.998433481990453259e-02 3.329898514101782558e-02 -1.172374545365194365e+00
-2.762258065025479103e-01 -1.747691086948768846e-01 4.216598671643472795e-01
-2.193922325534053419e-01 -1.692426811137996423e-01 4.369009469651042865e-01
-1.816876151471429890e-01 -1.583493343318418678e-01 4.455441233257175782e-01
-6.411214289151337953e-01 -2.211271842712843327e-02 6.394476373248549894e-01
-2.322235730355524108e-01 -1.906448449836320447e-01 5.302391428118794492e-01
-2.949130475310370869e-01 -2.035111498793539253e-01 5.644289666391723026e-01
-3.548398759937137492e-01 -2.002847404069507675e-01 5.727709393972354457e-01
-4.112827537689771606e-01 -1.817052156367909843e-01 5.606604736531839439e-01
-4.447479715141458012e-01 -1.573620982646523614e-01 5.388277568942765328e-01
-7.339966263355748310e-01 3.036575489589420918e-01 7.398260472922046915e-01
-4.277439429042483310e-01 -1.352101472273973259e-01 4.490314187886309538e-01
2.459849966808948935e-02 -2.874345409048370548e-01 -3.454982452877311538e-01
-1.975281406155827979e-01 -2.108908746033130721e-01 -3.571888134429883066e-01
-1.383452738735617138e-01 -3.136370556150421263e-01 -1.846642369535877459e-01
-7.054615003121787742e-02 -2.786298983510410165e-01 -3.454360046754431646e-01
2.443307740172032810e-02 -3.442682585924177752e-01 5.123063785966004424e-01
-4.263065828100596200e-01 1.460394709064761209e-01 -8.176913248758606034e-01
-3.422640700330193964e-01 8.937056378294755410e-02 -9.252824373566705951e-01
-1.294268679205641814e-01 -3.720759942061872827e-02 -1.104001183666482921e+00
-5.788590974856218097e-01 4.291923559591491744e-01 -6.035842527262481605e-01
-1.857762909018158548e-01 -1.725519516727712643e-01 4.822453145160948695e-01
-8.498761526283997447e-02 -3.498597259757424971e-01 1.994074831168194395e-01
1.469522011330451697e-02 -5.555099346471512045e-02 -1.123116533042105791e+00
-2.300201368252691170e-01 1.027056817036089975e-01 -1.093179028873722869e+00
-6.882519443934305148e-01 3.278582853090897808e-01 -1.309529620801756222e-01
-1.309116859686471068e-01 -1.725574228997176773e-01 -6.317399663626853679e-01
-1.455928249301329802e-01 -1.788153926707625463e-01 -6.612577803065187165e-01
-1.573587737562347488e-01 -1.869206942222431111e-01 -6.989759571058615784e-01
-1.645396408318592074e-01 -1.741790735766224618e-01 -7.391926049756984973e-01
-1.742508855504345533e-01 -1.173778065302919227e-01 -8.024797869472219958e-01
-1.977650391105925942e-01 -1.223999340315430062e-01 -5.687852579242020923e-01
-2.092092643986953049e-01 -1.246895773607630820e-01 -5.614561646362059566e-01
-2.189807633660315056e-01 -1.268278060049790046e-01 -5.530311657441648876e-01
-3.109334436421242187e-01 -1.173509814467016965e-01 -4.653212640735353567e-01
-5.614390917117861868e-01 -5.979744829373259685e-03 -2.012797989139837873e-01
-8.357754951132537191e-02 -3.017761345203794354e-01 3.102790947998276816e-01
-1.172097668845248353e-01 -2.124376577141993683e-01 5.186537523866763255e-01
-1.587231081711401037e-01 -1.879390062659780924e-01 5.129607228426932286e-01
-1.861615336295992795e-01 -1.149496212004597340e-01 -5.755613301860005304e-01
-5.658375739347787370e-01 1.211533547544141332e-01 -4.175801017218930267e-01
-6.238196271465952514e-02 -2.978220173478539623e-01 5.097293795338968536e-01
-2.092776771782444700e-01 -6.864509989474965046e-02 -8.716668035862640274e-01
2.255111232118664488e-02 -4.662858610236829682e-01 1.434830482581546107e-01
-3.837840389302771271e-02 -4.011799150005630477e-01 2.406968209488184463e-01
2.351882777362544752e-02 -4.195736568244387010e-01 2.550223578384183121e-01
-1.327487282127579049e-01 -3.278077002990694711e-01 4.687041647476123535e-02
1.282019523774896239e-02 -1.039612073682632809e-01 -1.043642308576223865e+00
1.255347650051045864e-02 -1.189592159012846095e-01 -9.416695379830737345e-01
-1.009118496265805215e-01 -1.029758843279047625e-01 -9.297288015657945159e-01
-3.597968410981906562e-01 -1.400625790546558731e-02 -6.720782089052944608e-01
-2.693276131601980428e-01 -1.717219214127600202e-01 -1.827277473095648141e-01
-2.944076111073040125e-01 -3.668924913091948375e-02 -7.865284117446763590e-01
-4.212060864682396488e-01 -1.456127620775574394e-01 -1.487088711507925654e-01
-3.329576411330051888e-01 -1.472396087703409795e-01 -2.698147331233777813e-01
-4.774090550602370087e-01 -7.242312879958942573e-02 -2.910343475103902566e-01
-1.220424237781381205e-01 -8.363987434111280761e-02 -1.026681470443458810e+00
-1.725050328047580683e-01 -2.727758897368732227e-01 9.270537477480550459e-04
-4.111747020521017704e-01 5.840279758419694711e-02 -7.291481568750231013e-01
-3.273586609192296049e-01 2.521592947185594819e-02 -8.477095257699703845e-01
-4.083088531696624224e-01 -2.287949601355341797e-02 -5.452914715270249513e-01
-6.243043818511737619e-01 1.642373289610098985e-01 -2.860802197217372500e-01
-4.894816942283841676e-01 4.724710258053205908e-02 -5.415899817890049706e-01
-6.532290517723206014e-01 3.248177073494539768e-01 -3.352152669520376271e-01
-3.860722845417317584e-01 -1.009767090506955428e-01 -3.828934760308770890e-01
-1.270422268047984860e-01 -2.953056835438290229e-01 1.440566097344245788e-01
-1.290740424699660105e-01 -3.994156733249638047e-01 -1.661025373390321580e-01
-1.682007510518976345e-01 -3.219304261218606245e-01 -1.761352555486113969e-01
-1.010784528762444651e-01 -4.541981096870664203e-01 -1.103732010405633623e-01
-1.724211466000649395e-01 -2.440385483247215492e-01 6.144370666259119096e-01
-2.854184350025544825e-01 -2.606375133359467022e-01 6.884466234906285731e-01
-3.827903367333782558e-01 -2.555213537994054929e-01 7.056500845717652570e-01
-4.618999956391478534e-01 -2.254237279489773593e-01 6.882611494874956160e-01
-5.151843109908122997e-01 -1.796151732621428798e-01 6.459136901951797460e-01
-5.482560726286893615e-01 -5.755599259068518159e-02 4.930835465372679360e-01
-7.281412146917228823e-01 2.693563164676884281e-01 2.898202061157393317e-01
-5.033555833477246777e-01 -9.203729740744209797e-02 3.437207162661650162e-01
-4.379285072437697490e-01 -1.286214922455498622e-01 3.048916702938945233e-01
-3.492746516343802066e-01 -1.569573816290375512e-01 2.973662859462307129e-01
-2.633444990840131394e-01 -1.741324630263202944e-01 3.152693330105149627e-01
-1.951447350457252150e-01 -1.797574281157492404e-01 3.445487361326416420e-01
-1.478359278689783673e-01 -1.884236190311239234e-01 3.716270042639501781e-01
-7.324048859957987823e-01 5.115840961370148321e-01 3.289280124698875651e-01
-1.677978469406357920e-01 -2.857239493084640092e-01 -1.962699665276111116e-01
-8.572587379412224817e-02 -3.897809799595241542e-01 1.005398779687425859e-01
-8.337455246607104742e-02 -4.498150764437558458e-01 -1.835050995614707359e-01
-4.946049069278300736e-02 -4.159310713712641161e-01 -2.264286844786728703e-01
-8.356614704356955803e-02 -4.155120977329722631e-01 -1.935324901860485391e-01
-1.496642053027031072e-01 -2.591075049264168206e-01 -2.218490020913631011e-01
-3.568841795742361267e-02 -4.327777953007568845e-01 -2.390085481171971837e-01
-2.563549398329266135e-02 -3.507947294935755411e-01 -2.481121497141516863e-01
-1.419558818480384510e-01 -1.670394026139970789e-01 4.480476867677143371e-01
-1.104725258187582160e-01 -2.029087589272089431e-01 4.197295337303409424e-01
-9.231378753671033721e-02 -2.462419529929086859e-01 3.939994116188361151e-01
-4.620932225201217491e-01 -1.327541849953906838e-01 5.222794513981595665e-01
-5.045327974599853604e-01 -1.336985868960175461e-01 5.652943451022977017e-01
7.960015427184613523e-02 -4.417828567661938877e-01 1.301068768932274466e-01
4.835496072532244893e-01 -1.295608474107937946e-01 4.384501554656755618e-01
9.078374042497103225e-02 -3.573932331875103174e-01 -2.391702501184273522e-01
7.114222635467686295e-01 1.246325368278340950e-01 8.244815807346629333e-01
2.950734075478296803e-01 -1.823307584875051290e-01 3.567126038637925545e-01
3.603095908859252905e-01 -1.774501868670583238e-01 3.470050069368091350e-01
4.223756673932336225e-01 -1.609118773067167441e-01 3.502661134191167869e-01
5.046016853979623518e-01 -1.153187551365410513e-01 4.086042651998535447e-01
2.411125930891314662e-01 -1.772705230874260240e-01 3.811459165931030402e-01
3.951913641688901135e-01 -2.421133449445184160e-01 6.311951568936126078e-01
3.181645560398479455e-01 -2.397239680774703174e-01 6.188923026564512320e-01
4.646755108471822826e-01 -2.206404321530365253e-01 6.128900689092373621e-01
5.075685980453944479e-01 -1.909369563360152622e-01 5.706398834406665177e-01
5.529807001258036925e-01 -7.544912980667038693e-02 3.425607343074617006e-01
2.584299281697584605e-01 -3.838483871248186269e-02 -9.626775921005052972e-01
5.069915669385487433e-01 -1.128624932546210824e-01 4.706446742347359935e-01
7.470732854704764669e-01 2.056538044703690171e-01 4.161021021808097853e-01
6.219740517881059416e-01 -2.010263238746582554e-02 4.174443534139603007e-01
3.470875857719953328e-01 -1.969725679751339609e-01 -7.746168476604564646e-02
6.174512619238783917e-02 -2.811137041914082424e-01 -4.782556267481139489e-01
5.589287056124986330e-02 -2.423014150803467492e-01 -5.453400706660318509e-01
1.343837550378866597e-01 -2.297677300422354407e-01 -5.059347546951480368e-01
1.814734865897650873e-01 -1.737233959539183081e-01 -5.359704686446216115e-01
1.142008158413927721e-01 -2.058078110007985906e-01 -5.506727079323648910e-01
1.596369581838098795e-01 -1.545867757033313472e-01 -5.629713152355669825e-01
2.943733194595561375e-01 -6.559337866924699889e-02 -6.815434380192922914e-01
7.817274825297673702e-02 -4.836491073535155172e-01 -2.098795441066353407e-01
8.668044802075533517e-02 -5.165245977401339283e-01 -1.162157119670927385e-01
5.864109692284455999e-01 -1.825674188348683780e-01 6.601055748470501250e-01
2.159615880084742867e-01 -2.332565766842458199e-01 1.716557145529551964e-01
2.303544515022920569e-01 -3.266142445212955603e-01 -1.581654824939629223e-01
2.342492537630199712e-01 -3.137350679363466455e-01 -1.014216345117109480e-01
5.359092345143516845e-01 -1.155171549212825055e-01 -5.661886264459821405e-02
8.333421012510375259e-02 -4.918338864684960177e-01 1.403382550888413946e-02
4.479830550629884112e-01 -3.065804373523516868e-01 7.615526216208711174e-01
5.317919185363807477e-01 -2.520222313637472955e-01 7.313591831237757912e-01
6.486700202799586812e-01 -2.415494874149889948e-02 9.743990188412827713e-01
1.672922125145857031e-01 -3.458799335369563965e-01 6.627390568437211416e-01
2.528822896992869440e-01 -2.135604617106128256e-01 5.733012365369127838e-01
3.444297834516089063e-01 -6.100420104430341606e-02 -5.856721646014084737e-01
6.837084946965634735e-01 4.924383591989864861e-01 -4.395042557408010975e-01
1.833914117817044831e-01 -2.941598306895106818e-01 -2.092291638856127733e-01
1.341204532833364382e-01 -2.959704977045550245e-01 -2.366437218531938780e-01
2.397529768128873195e-01 -5.966966509727583690e-02 -6.040075142668949182e-01
2.235055983689456238e-01 -7.905133380917336861e-02 -6.079864001858186207e-01
5.625012402573160708e-01 -2.291519406289244665e-01 7.911025990803500774e-01
2.327422512645329622e-01 -2.852683400292292393e-01 -1.939633969007309444e-01
3.315801665399056297e-01 -3.414567538526837032e-01 7.467718231399257389e-01
3.419687451572819281e-01 -3.650848749894457512e-01 8.177007069655790605e-01
3.942955055542278209e-01 -2.962540597485699423e-01 1.167746689019047768e+00
6.062664033296985000e-01 -1.404011877001827280e-01 8.701798957954767211e-01
3.598953169951790709e-01 -3.320555690129776139e-01 9.872408615881063110e-01
6.216046938422677970e-01 -1.322364272446738820e-01 7.039033848365106039e-01
6.710637099420561080e-01 -9.249972750479567782e-03 7.488127689885877292e-01
5.942221166630565210e-02 -2.687719541404430257e-01 -5.158436015195713154e-01
1.241851734977185429e-01 -2.204029401460055881e-01 -5.300581500725608519e-01
1.707092583179250223e-01 -1.696312863047965969e-01 -5.493425425770379622e-01
1.692436063837750027e-01 -2.779963607766464673e-01 -2.240379935193248517e-01
2.312353374634624759e-01 -7.031075666057383378e-02 -6.063722762154720725e-01
2.030404103902636592e-01 -1.080702036169600005e-01 -6.431197755920908810e-01
2.156281991408692256e-01 -8.072431317425463049e-02 -6.083740965367341325e-01
1.506657901086677909e-01 -3.871076841782670752e-01 -1.929179558313636189e-01
1.510485676603564309e-01 -1.411910162483604181e-01 -5.726807085610385872e-01
1.068294526674773148e-01 -1.756382741457375163e-01 -5.642627732137692753e-01
5.290848024092630747e-02 -2.082294618742333014e-01 -5.635669018550969467e-01
9.865519654500044811e-02 -1.336935476181294324e-01 -8.542467132614316450e-01
6.114086083307776476e-02 -1.964254302837848409e-01 -7.880858462175075463e-01
5.705550294204231321e-02 -2.063502095627208766e-01 -7.451548691721167073e-01
5.325717668613341033e-02 -1.946448025839004892e-01 -7.001503174482671676e-01
4.678406537350357497e-02 -1.904699751678294306e-01 -6.611592080612178624e-01
1.470417080702629831e-01 -1.385540939451197495e-01 -6.396800763911283383e-01
1.598022758449697267e-01 -1.473289429294291353e-01 -6.580146947655923784e-01
1.725178775626699523e-01 -1.550807602014348807e-01 -6.805274900862011700e-01
1.850779152737331845e-01 -1.408506314129928938e-01 -7.037812998813044452e-01
2.872314127901302028e-01 -1.749386580596294927e-01 -4.243152722239497132e-01
7.540647172490259065e-01 5.226479279486271334e-01 4.106386641657307213e-02
1.792384708438016228e-01 -1.035490698514135721e-01 -6.244467853618422826e-01
1.907433933214096322e-01 -1.097379403852874469e-01 -6.340734719235616712e-01
1.134390689034018296e-01 -2.923382674751884847e-01 -2.718162746178982569e-01
2.130063894944954073e-01 -2.319925275639546647e-01 -2.429534382068825882e-01
1.235282509511475002e-01 -2.957079895611720022e-01 -2.551182068451295359e-01
2.826766067532009985e-01 -2.038235743416534074e-01 1.168063434748519147e-01
3.879025535079015374e-01 -1.784189392659078222e-01 5.071665967847658468e-02
2.455261524340804913e-01 -2.715130072914873627e-01 -1.386185545945473607e-01
5.492654827894676295e-01 -1.734285380666900078e-01 1.090904339068251794e+00
5.083539331551706342e-01 -2.461442355790567360e-01 9.530649543570235416e-01
4.691168903209297358e-01 -3.054306017795434536e-01 8.325190575653220737e-01
2.497306127187913227e-01 -9.081824782195024870e-02 -7.495951178075893617e-01
1.885940409765862469e-01 -3.886669762079346668e-01 7.817259369670562785e-01
2.022554590318886847e-01 -3.775727378156401581e-01 9.912364881591564370e-01
2.243156067983186341e-01 -3.654063204912422202e-01 1.207056215590226245e+00
4.747376918536676538e-01 -1.361429731787395792e-01 3.693379698666839350e-01
6.200848063975061830e-01 -3.212118612261957024e-02 2.702641295367890772e-01
2.057205948589524991e-01 -1.696678054856191609e-01 4.047052184426391808e-01
5.630802900583149473e-01 -1.305399871728468719e-01 5.302396972703199429e-01
1.715945859706294874e-01 -2.642029687997943244e-01 2.329305445040802391e-01
1.911804297761454663e-01 -3.956412175440860435e-01 -1.329456139768844247e-01
6.969545348877546065e-01 4.759416138572080540e-02 2.082772236908004837e-01
5.776994838630090667e-01 -8.121370597110527667e-02 1.951397914488242624e-01
4.964265418353466242e-01 -1.361059112157712025e-01 1.539488879866949822e-01
3.744267606884024713e-01 -1.645950163312750458e-01 1.719217626508572350e-01
2.845241534926993276e-01 -1.830862547743297153e-01 2.172559772692546076e-01
2.177332444646518095e-01 -2.056733605699778700e-01 2.631929246176304416e-01
8.693863584873641470e-02 -3.489035588732541937e-01 3.531611971247731740e-01
6.867663116650806199e-01 5.652308644701800611e-02 4.762344647257114177e-03
6.086313035301393892e-01 -1.014342025356451821e-01 5.454123077613867165e-01
5.629151226265785568e-02 -4.434672077945360780e-01 -2.505711033096142959e-01
2.122636715118728645e-01 -2.487903966508074882e-01 6.810922094992961917e-02
7.663171183275105935e-01 4.181954795054554919e-01 4.574701520603954297e-01
1.683530993762698269e-01 -2.207269836648537709e-01 3.140891041398169437e-01
2.533258819683984475e-01 -2.060039848217520841e-01 -1.337888288330835729e-01
5.304054541583054228e-01 -1.001529683477795363e-01 4.670895661580949376e-01
1.932949015042565444e-01 -3.791363110635602718e-01 -6.320636058246079103e-02
7.293934359086122754e-01 5.230734308256004272e-01 -1.911062427660163987e-01
2.057410025951572075e-01 -1.569157145200322234e-01 4.370274829618439050e-01
1.394902204214677477e-01 -4.493164025511584558e-01 -1.513762401501228885e-02
5.410770179596440244e-01 1.762453734206722578e-01 -7.152418568508152052e-01
5.417158189933738432e-01 3.063777163004386406e-01 -8.001333996027543138e-01
7.499165531010267838e-01 2.911769262971515837e-01 1.746491308253014102e-02
6.218677549241029556e-01 2.416909962771595088e-01 -5.787526744532343059e-01
7.123217810445835463e-01 1.152418497486680238e-01 5.983128915589728258e-01
2.739926891797937469e-01 1.130036671027550253e-02 -1.037840586830029777e+00
5.424071862724984261e-02 -3.519357456874885326e-01 -2.580087063061077268e-01
2.695066460979074763e-01 -2.170229637726486249e-01 -1.507210400849799681e-03
6.726734292766338719e-01 4.742912450248552847e-02 4.014816697221725295e-01
4.198728651484541774e-01 -1.619792618402063900e-01 4.004569586329262965e-01
3.638024364444509828e-01 -1.757143937741957596e-01 3.940139033557048531e-01
2.152636337384550291e-01 -9.517884945361917981e-02 -6.529322251257958509e-01
6.728918267503301021e-01 1.031908880111059024e-01 -1.817524656968136365e-01
1.583877526049444207e-01 4.782982665567667852e-02 -1.154230269979716228e+00
3.578168190277194460e-01 1.610212337540455896e-01 -1.019370019224836721e+00
4.438247343600311146e-01 2.259249949408869140e-01 -9.304337356865799435e-01
3.082048237616360487e-01 -1.784569790338566553e-01 4.023824845040933074e-01
2.560743656000381563e-01 -1.699430102744695636e-01 4.190569141133304032e-01
2.225062259951537946e-01 -1.568608312727428622e-01 4.284530392293664502e-01
6.501083398640936650e-01 -3.721996020671015232e-02 5.706666839721733497e-01
2.661943790398022536e-01 -1.918424352900012786e-01 5.037364434194615548e-01
3.233763827539918312e-01 -2.081807679607942663e-01 5.337419441143961274e-01
3.824709414678311159e-01 -2.076286235678055925e-01 5.403910678296641734e-01
4.396167033135520708e-01 -1.916273497364000544e-01 5.262008201406971342e-01
4.735906950695123463e-01 -1.682454462021327202e-01 5.024478751552513556e-01
7.503211751103532334e-01 2.831960419924890449e-01 6.635387921737257999e-01
4.578767381918762425e-01 -1.443647359594550372e-01 4.175503148284794297e-01
2.327939807945633710e-01 -2.165569292006842561e-01 -3.769351651087635702e-01
1.825302307035154281e-01 -3.209385577916100130e-01 -1.979899368226450684e-01
1.159937653594299012e-01 -2.796792184851479290e-01 -3.533375519374671314e-01
4.533120760169232488e-01 1.279845268999350583e-01 -8.415681836753735601e-01
3.674396101719271113e-01 7.334325657322102177e-02 -9.402451105418214716e-01
1.563498177731250938e-01 -4.381581967878853123e-02 -1.108973153099930054e+00
6.189192628608185531e-01 4.090396921737443070e-01 -6.454659741537212003e-01
2.247687090094172557e-01 -1.706235309987614857e-01 4.629328354571446980e-01
1.290622457260084122e-01 -3.514024183560157111e-01 1.895981836073085680e-01
2.655383349821175409e-01 9.242295260341394647e-02 -1.098189301593510914e+00
7.264914999792354555e-01 3.084239381913501110e-01 -1.926667879727066990e-01
1.021904772935256916e-01 -1.668940674335899765e-01 -6.506945077793779841e-01
1.142761959438213237e-01 -1.744347373696676917e-01 -6.807800617472548055e-01
1.235889759879450489e-01 -1.829450061879156486e-01 -7.175939715995287571e-01
1.324622663090582186e-01 -1.707931458437317029e-01 -7.553864295237623372e-01
1.842709472312689944e-01 -1.181524541975011999e-01 -8.132903817511479838e-01
1.932148383846541140e-01 -1.138989394155391355e-01 -5.836384613843257352e-01
2.043135681571359719e-01 -1.144095238005944926e-01 -5.783853743956934856e-01
2.143447047870200017e-01 -1.159954763179532888e-01 -5.708232896993896688e-01
3.261628891601917046e-01 -1.192258855957361030e-01 -4.954942521245955245e-01
5.839532761920396275e-01 -2.144791638406595355e-02 -2.513653131856113943e-01
1.287484018693824672e-01 -3.024994263270416872e-01 2.999745344194393870e-01
1.615608401638173042e-01 -2.144153156002888139e-01 5.019868531955038460e-01
1.981481261273470851e-01 -1.865716563981655862e-01 4.943124258913158542e-01
1.823174816524507080e-01 -1.049361965910110828e-01 -5.891739363493124770e-01
5.916075693334928998e-01 1.027477851853639823e-01 -4.648016987771482755e-01
1.044599627209082948e-01 -2.980988938677999189e-01 4.995269224471673430e-01
2.236270464802377900e-01 -7.580993062486707235e-02 -8.819076725343721890e-01
8.384676130190851784e-02 -4.027649684159567145e-01 2.351458536169417357e-01
1.740330738813727074e-01 -3.321265702713961931e-01 3.279157175846711403e-02
1.217273620147521496e-01 -1.085518531958821753e-01 -9.355699670627672937e-01
3.632601109599408185e-01 -2.532965552141530283e-02 -7.043627120925646246e-01
3.049795813467902628e-01 -1.816234900656836515e-01 -2.075883443110305704e-01
3.032074223640915944e-01 -4.680142606114331971e-02 -8.044171977969198917e-01
4.453102613586839009e-01 -1.586752369078206770e-01 -1.877425626318038610e-01
3.592699446840402211e-01 -1.580064303753141997e-01 -3.014942653738181821e-01
4.971072276117969313e-01 -8.803192644344461082e-02 -3.355620341272823048e-01
1.450625952941993480e-01 -8.954731832073122011e-02 -1.033243559505121922e+00
2.126806107097432286e-01 -2.782411256514324416e-01 -1.549541176904151510e-02
4.282985097194231261e-01 4.258271786375061180e-02 -7.545379893237098567e-01
3.460113336777118076e-01 1.082395572916771895e-02 -8.641174728225342605e-01
4.155856163008823101e-01 -3.246984467092315502e-02 -5.877078368252681706e-01
6.537116271515268640e-01 1.462060908543427462e-01 -3.389228042335426516e-01
5.043698259345046342e-01 2.964613694009251427e-02 -5.828755474058187058e-01
6.904651901956144755e-01 3.068813574617524353e-01 -3.901493916424780273e-01
4.004343063196704189e-01 -1.111685110777209107e-01 -4.234787849822302386e-01
1.694743893520683775e-01 -2.965776501129041565e-01 1.304685270526553253e-01
1.698773396302991900e-01 -4.037636329688014669e-01 -1.789938534403832104e-01
2.095375985395429852e-01 -3.301525498545211379e-01 -1.916180633142874901e-01
1.434664328323416171e-01 -4.591386112901855165e-01 -1.215488553404794336e-01
2.148732122100012742e-01 -2.476063379036837486e-01 5.953772100117703525e-01
3.231293450569974191e-01 -2.702692708984604231e-01 6.652582955207593240e-01
4.173002917870057282e-01 -2.681311899113861252e-01 6.773612235380508384e-01
4.922503683059722412e-01 -2.395860660331317615e-01 6.548979981538841644e-01
5.409607642958952356e-01 -1.945501980755199589e-01 6.070960573405120853e-01
5.681621633363483914e-01 -7.102488344860451164e-02 4.432270131012766567e-01
7.577560256764853674e-01 2.521196964408300989e-01 2.187582837340690256e-01
5.196875760571928460e-01 -1.033114676871861315e-01 2.981552506492923804e-01
4.543813061814667709e-01 -1.383152773401294389e-01 2.664469280588859235e-01
3.690541954523123280e-01 -1.634372636923347999e-01 2.699371403792609758e-01
2.879298797816771671e-01 -1.777000002685133473e-01 2.964106145463002440e-01
2.260415902992806148e-01 -1.827895067338134449e-01 3.302217327985959017e-01
1.833993100785520636e-01 -1.897588275029664373e-01 3.601266723302984918e-01
7.626399407591233359e-01 4.929492149881234964e-01 2.547363971947830819e-01
2.088310366406649909e-01 -2.944334439889738642e-01 -2.110354420882592230e-01
1.299698537714841229e-01 -3.910310247717797005e-01 9.086443184835245324e-02
1.250797327814299198e-01 -4.543091359128331730e-01 -1.927364782478756255e-01
9.095418913902501845e-02 -4.204314754955767452e-01 -2.325801565266694126e-01
1.250146377805141651e-01 -4.196573129529304058e-01 -2.029709138514766142e-01
1.924793074749595601e-01 -2.687066886204576011e-01 -2.348483865431290618e-01
7.753678073948722105e-02 -4.362682506641130109e-01 -2.438496119765736769e-01
7.552256957870752407e-02 -3.544576610516572135e-01 -2.522932969646145551e-01
1.832194255042467468e-01 -1.666472397326472787e-01 4.333890966564080127e-01
1.500745019743652819e-01 -2.035724992563526514e-01 4.079217241473259703e-01
1.299602018900642697e-01 -2.476705260693353727e-01 3.848513041067727625e-01
4.923417142164032700e-01 -1.440639820727285803e-01 4.847562072688196277e-01
5.320499328828329766e-01 -1.480838014315205564e-01 5.249858437587978655e-01
-3.415208473920469112e-01 -1.622471804048476740e-01 5.053508016278425163e-01
-2.740003854512527148e-01 -1.685391977435153621e-01 5.032533150830870161e-01
-3.406842879181340433e-01 -1.709748784077018413e-01 5.836770275202545211e-01
-4.099531282481519989e-01 -1.559001536505060515e-01 5.069684567527866781e-01
-3.429651599744491519e-01 -1.535221319380695448e-01 4.267039416551995923e-01
3.698911965155712300e-01 -1.689508536402817285e-01 4.745729405199763384e-01
4.359904346883400894e-01 -1.749400668559736305e-01 4.712713736672015097e-01
3.689376789491589093e-01 -1.778272726264515935e-01 5.546362737541873367e-01
3.032667824420161584e-01 -1.629879780748694773e-01 4.783479766490188467e-01
3.710940228099002258e-01 -1.600915935544137969e-01 3.944807539307189637e-01
