-1.200583746557109047e-02 -2.842869178997911028e-01 -4.473636589083073156e-01
2.179624018186793535e-02 -4.605414598389963032e-01 -1.999277860238888871e-01
2.517834643591795873e-02 -2.879239746564956626e-01 -2.580172612525878373e-01
-3.246382460700251993e-02 -4.177552407390303091e-01 1.276003772671066017e-01
2.159962741651183862e-02 -4.937123509322564052e-01 -1.081891280625810747e-01
2.058932134394327734e-02 -4.847371270045414127e-01 2.227651033601311600e-02
2.276022121310972493e-02 -3.563288282029505871e-01 3.544769326163791368e-01
-4.273430510854673292e-01 -1.127063205353536768e-01 4.470678413203460488e-01
2.321250916936587819e-02 -3.410426559684126002e-01 6.069493244155785838e-01
2.225709360529980543e-02 -3.680330520645149761e-01 7.287451049070646780e-01
2.090114420584714833e-02 -3.567194388356600410e-01 1.157120645861475561e+00
-1.062868956947104343e-02 -2.753775600237451382e-01 -4.705585295745144947e-01
-8.495304444927631593e-03 -2.548324075503621278e-01 -4.936405267457487644e-01
-5.621573048770978076e-03 -2.215934641029184138e-01 -5.108065563003281184e-01
-1.450729436866664453e-02 -1.919285619308881141e-01 -6.791605245440415217e-01
-1.530731061684639273e-02 -1.952173084332490538e-01 -7.166763487956678835e-01
-1.713983018485652071e-02 -2.042745303144464786e-01 -7.541335870481349346e-01
-1.690783166648445260e-02 -1.931072992689973900e-01 -7.860034604576648931e-01
1.259423625778723771e-02 -1.309713823143955347e-01 -8.298598712255265131e-01
2.075805862610322072e-02 -4.216294414613547259e-01 -2.389329231997441849e-01
-3.995301747422774774e-02 -3.329115067587498644e-01 -2.193888112809276869e-01
-6.630167307154718470e-01 1.370762610392030068e-01 8.496085215386011136e-01
-2.538829055396341627e-01 -1.696617640766305279e-01 3.513933864823458597e-01
-3.188994910851406517e-01 -1.627255944023313639e-01 3.455096357389751960e-01
-3.794402056333206485e-01 -1.447746995557898098e-01 3.561999599781151549e-01
-4.534291543634280108e-01 -9.946958764772402539e-02 4.234171101876801346e-01
-1.965905349981491579e-01 -1.653108419946953400e-01 3.736635997692620559e-01
-3.456265796171126281e-01 -2.207818131546984142e-01 6.238842511405675584e-01
-2.713740253288005611e-01 -2.201182697492558016e-01 6.099870901305894932e-01
-4.113095395117685182e-01 -1.971551741703019001e-01 6.099150410713207737e-01
-4.529344246011268726e-01 -1.668552856834399911e-01 5.751412547078860182e-01
-5.080019415838145092e-01 -5.912359913038987141e-02 3.707119484191110370e-01
-2.213242985168488997e-01 -2.596506509785068487e-02 -9.005358873814519605e-01
-4.481355280271624442e-01 -9.632214903164929010e-02 4.807380835942329789e-01
-6.840182802997585298e-01 2.121800652004154353e-01 4.612339881758512616e-01
-5.774126881514498599e-01 -3.879616888630851856e-03 4.506342664586144853e-01
-2.970589093850036222e-01 -1.778257289362281945e-01 -4.445210387012654696e-02
-8.342132673765582929e-02 -2.697162147910376895e-01 -4.312461258924358276e-01
-7.104505162559023035e-02 -2.393626897037198220e-01 -4.879259366085705318e-01
-1.466910070047139358e-01 -2.214161593858275934e-01 -4.487596476899129438e-01
-1.898332066259237338e-01 -1.684734619036656889e-01 -4.744704074627784651e-01
-1.233376167881451435e-01 -2.039263953004394891e-01 -4.911537618178795084e-01
-1.650091796110539355e-01 -1.515454721760995105e-01 -5.061250787906640403e-01
-2.855993794004254016e-01 -5.330151089482755566e-02 -6.245774496434060019e-01
-3.220616632909784061e-02 -4.537247663948132947e-01 -1.933175485497196922e-01
-4.172103287746020683e-02 -4.844790939355277937e-01 -1.039540156720175634e-01
-5.374206913921147910e-01 -1.578295517601159270e-01 6.678643021754846476e-01
-1.668339344080099484e-01 -2.184338284443631539e-01 1.791939205412510783e-01
-1.789088330987070874e-01 -3.018002662084457444e-01 -1.334325258128844505e-01
-1.839060000300664910e-01 -2.896845692237225989e-01 -7.924607079226023143e-02
-4.835970612747429453e-01 -9.799203903164779850e-02 -7.513148099647568717e-03
-3.766181949346069507e-02 -4.639948322649734003e-01 1.815878240838350588e-02
-3.926262050297855688e-01 -2.755859033756256626e-01 7.526133574869759979e-01
-4.782531335387204541e-01 -2.229892638595516452e-01 7.279310924723618736e-01
-5.997128363131100093e-01 -3.904138991574348377e-03 9.868535892440972734e-01
-1.137783542179690299e-01 -3.232536911018940584e-01 6.440656783570575250e-01
-2.056060477247215745e-01 -1.986121863976207380e-01 5.659283607883598410e-01
-3.365261417185170245e-01 -4.522251554702032272e-02 -5.072346926266945166e-01
-6.053630423587896825e-01 4.844558618090049062e-01 -3.651211433678054896e-01
-1.310679472238887588e-01 -2.702477027134091436e-01 -1.853413735700819021e-01
-8.074472704228036202e-02 -2.699441876166066567e-01 -2.139939451032067952e-01
-2.456353371483365466e-01 -5.570859974596686220e-02 -5.377860139080273827e-01
-2.312953068319659744e-01 -7.273781795544395634e-02 -5.504138424400289997e-01
-5.097754235181346516e-01 -2.007924600428896977e-01 7.926722241166039851e-01
-1.827399492169813344e-01 -2.614698720090115613e-01 -1.671673119312479250e-01
-2.746943945032753742e-01 -3.105232948457629649e-01 7.337695233965269015e-01
-2.844191331268942080e-01 -3.321899374046790032e-01 8.060477109681245533e-01
-3.444649987151434667e-01 -2.671674515764996261e-01 1.145799970173057680e+00
-5.537565477536889880e-01 -1.168300519349744770e-01 8.776163886022982918e-01
-3.069136926226859741e-01 -3.029890212647571857e-01 9.676499342856715868e-01
-5.719099295737781752e-01 -1.101412322421221612e-01 7.209171581657480843e-01
-6.166709043020089931e-01 7.234483497364215671e-03 7.684924713538849872e-01
-7.897052190613046418e-02 -2.612845274267105444e-01 -4.626472678758305479e-01
-1.353452831203881823e-01 -2.151269010981911034e-01 -4.705635806088224182e-01
-1.781498107459305313e-01 -1.651250430256878676e-01 -4.896946223913760110e-01
-1.162270094454524866e-01 -2.538529179304815364e-01 -2.004745950476259364e-01
-2.381724907959629489e-01 -6.444916860212911158e-02 -5.441253232658589400e-01
-2.134329934534061335e-01 -1.029984359076406564e-01 -6.047608759336923212e-01
-2.231452630836433526e-01 -7.525246750211363189e-02 -5.554512177383914562e-01
-1.022237308315999404e-01 -3.631868359480695529e-01 -1.714749553837046636e-01
-1.549135609140745995e-01 -1.390642512891412941e-01 -5.188361834814398943e-01
-1.127995678523958933e-01 -1.767855134074879653e-01 -5.080491041294630250e-01
-6.320675869700023708e-02 -2.099277451592223009e-01 -5.058203475411147121e-01
-7.258736221087652707e-02 -1.254793810108099927e-01 -8.203282347642308903e-01
-9.039369434210398069e-02 -1.889638380612580493e-01 -7.725478979490714160e-01
-8.752671633474852497e-02 -1.999253980261638253e-01 -7.388902970170742046e-01
-8.017171587990845616e-02 -1.896607223446148405e-01 -6.988959390271548555e-01
-7.192657595816535909e-02 -1.862486564504403364e-01 -6.632971737144406355e-01
-1.598326409818707772e-01 -1.357479766797887177e-01 -6.208009041918406412e-01
-1.727266822901736831e-01 -1.422571633708608618e-01 -6.370114364942928153e-01
-1.857374822927227442e-01 -1.489686133403175794e-01 -6.559661167537879090e-01
-1.948169240216520159e-01 -1.352766973817983442e-01 -6.765321637022980727e-01
-2.522322215539606338e-01 -1.568499042536550536e-01 -3.671181079408473158e-01
-6.771086320980800322e-01 5.143926033055364888e-01 1.051309822622893131e-01
2.460245359678715077e-02 -3.345887122530016300e-01 -2.451154006839754151e-01
-1.888747274969318490e-01 -1.019644825353934747e-01 -5.922011810801022236e-01
-2.011579060825721688e-01 -1.056627048756801912e-01 -5.988605910221834749e-01
-5.948227682108505471e-02 -2.702440682238617109e-01 -2.486146513858267237e-01
-1.595723291847817860e-01 -2.085616213873683344e-01 -2.150730071555927714e-01
-6.978546022368482815e-02 -2.711277461338238992e-01 -2.318076285263216407e-01
-2.328158866572041519e-01 -1.894038119061035585e-01 1.334538244655837647e-01
-3.365688709296068559e-01 -1.614725293195246048e-01 8.113077330920648311e-02
-1.943156035351504274e-01 -2.490615402124606581e-01 -1.134512358198401932e-01
-4.991796482150758774e-01 -1.457491997778575243e-01 1.088809318631891898e+00
-4.552060334301962774e-01 -2.174119471644674895e-01 9.486615958917028468e-01
-4.126097472571436664e-01 -2.738881417356078263e-01 8.258767134685044420e-01
-2.264759606824125748e-01 -8.250835145745508137e-02 -7.150246514315938828e-01
-1.316683986745203205e-01 -3.616236167161062109e-01 7.659553865807908757e-01
-1.531303938028495404e-01 -3.504412102782049621e-01 9.557071293913026455e-01
-1.772596146934072303e-01 -3.365441374214324655e-01 1.164220891073133535e+00
-4.280897646370718235e-01 -1.196107836401377744e-01 3.814101576344893774e-01
-5.789306699663889777e-01 -1.431516773720461003e-02 3.105333968448848458e-01
-1.584788212493953019e-01 -1.606566215438468004e-01 3.954917313670818779e-01
-5.109119133190402895e-01 -1.098973286892665213e-01 5.439515876638923997e-01
-1.226559999860252492e-01 -2.488963918964341993e-01 2.328805014656929739e-01
-1.418246029184473400e-01 -3.682319333097623382e-01 -1.112623409517574380e-01
-6.354686685085573217e-01 6.169187485160958218e-02 2.589426363269115572e-01
-5.392424483664859380e-01 -6.322667954065547269e-02 2.337475353313747117e-01
-4.604947130648269216e-01 -1.175819310867377149e-01 1.862075458523323457e-01
-3.384250760189773111e-01 -1.490637282684743048e-01 1.905059582123431183e-01
-2.477059445627205481e-01 -1.691394400630409911e-01 2.237984604699186919e-01
-1.798184451110765580e-01 -1.915975250841275290e-01 2.618722708464842341e-01
-3.749749581247460023e-02 -3.292175657102759390e-01 3.393848071462349236e-01
-6.234860883821060629e-01 6.826942926272469570e-02 6.371270327895237062e-02
-5.618435109444644970e-01 -8.148692203582054427e-02 5.680010388726278725e-01
-1.279335366636378223e-02 -4.178848599804413921e-01 -2.336252376729151536e-01
-1.620950538406274732e-01 -2.327689227910804404e-01 8.034118982157677225e-02
-7.013183858872413801e-01 4.134278601889718185e-01 5.041415703702902817e-01
-1.269316636644733931e-01 -2.074820694200391058e-01 3.054999873673234223e-01
-1.982047539994119811e-01 -1.870559165939906232e-01 -1.082413756178854380e-01
-4.734893406667189941e-01 -8.401612613685585651e-02 4.810390231609297240e-01
-1.452252963956737752e-01 -3.525751160454989597e-01 -4.557858566716477267e-02
-6.491280016927819529e-01 5.156917978710587880e-01 -1.217865380781477380e-01
-1.548888419361167945e-01 -1.501714914406089008e-01 4.270636311863636458e-01
-9.398355398747719469e-02 -4.214619592309506446e-01 -4.413624632218632153e-03
-4.848937526900403694e-01 1.846493760480379387e-01 -6.435789348359501894e-01
-4.787627630047410765e-01 3.088027366590543332e-01 -7.274046679616468225e-01
-6.728360526583019308e-01 2.931180753369634906e-01 7.994249213817188060e-02
-5.578306035411090269e-01 2.469896654001750846e-01 -5.045025375694465186e-01
-6.529183075225687416e-01 1.255560187191665789e-01 6.307688251649199440e-01
-2.333750469165982722e-01 2.150985930765834248e-02 -9.716688441330088022e-01
-1.650709858838727336e-03 -3.297749588557505884e-01 -2.400696006766372403e-01
-2.193968409948632292e-01 -1.996912527403916227e-01 2.005804189521341943e-02
-6.317793826699886761e-01 6.043167391932893762e-02 4.469233775307692724e-01
-3.691545825628862465e-01 -1.456257408328380798e-01 4.028632317447380373e-01
-3.157146496156980620e-01 -1.608490661170873803e-01 3.916343364492916868e-01
-2.235998838057178251e-01 -9.077029766887134699e-02 -6.097847845435790948e-01
-6.082287917733762983e-01 1.127872958280369819e-01 -1.171761617497058400e-01
-1.147050412908010020e-01 5.085174210903577185e-02 -1.088027024587805425e+00
-3.042319773084575241e-01 1.655251930523329307e-01 -9.528822623406846271e-01
-3.854912137090539259e-01 2.294705569905750031e-01 -8.620877981882446583e-01
2.144704513810971602e-02 -3.666061968375243785e-01 9.390471150756081187e-01
1.888020799215412229e-02 3.145922983624134528e-02 -1.107601301753396772e+00
-2.609644367234203455e-01 -1.651131825251529739e-01 3.973605318332574798e-01
-2.072708959192232081e-01 -1.598920879465937639e-01 4.119996177096935108e-01
-1.716494441516216718e-01 -1.496005943928939708e-01 4.203013961887820948e-01
-6.056997160640347211e-01 -2.089099837972024920e-02 6.041217074329878756e-01
-2.193933097650816733e-01 -1.801117904779053758e-01 5.016511130741665436e-01
-2.786192148582413153e-01 -1.922672369669098658e-01 5.344904952572739898e-01
-3.352351090514553711e-01 -1.892190853793896399e-01 5.425029741866165267e-01
-3.885595394954103332e-01 -1.716660722209725765e-01 5.308708450529409095e-01
-4.201758168058867815e-01 -1.486679027394630370e-01 5.099004846690015080e-01
-6.934435944774309801e-01 2.868805825694773493e-01 6.989509421638484543e-01
-4.041112542496366755e-01 -1.277398384939207598e-01 4.236509558620766835e-01
2.452076762507152466e-02 -2.729863314385183592e-01 -3.223923908808186134e-01
-1.854550413711924528e-01 -1.991167063961067907e-01 -3.342196528490906093e-01
-1.307017505963127268e-01 -2.958092246312070128e-01 -1.742086541230052910e-01
-6.534781918268645073e-02 -2.642016107207034170e-01 -3.226205356654184842e-01
2.308315925398832583e-02 -3.252475694536326456e-01 4.840016478295412483e-01
-4.022868818070671759e-01 1.380031566756109718e-01 -7.722337702145514182e-01
-3.218734680371888590e-01 8.453543670412151656e-02 -8.735560768044428048e-01
-1.222371046823117202e-01 -3.514919333326520928e-02 -1.043059810844595647e+00
-5.468773545464129526e-01 4.054796430392320072e-01 -5.702364544508228272e-01
-1.755122221402997673e-01 -1.630185225774560265e-01 4.555529516002913559e-01
-8.029208214232953778e-02 -3.305301104103308685e-01 1.883902928484187389e-01
1.388331484285056441e-02 -5.248182239921189707e-02 -1.061192232662375279e+00
-2.173116125596206705e-01 9.703123052869050413e-02 -1.032781307148633143e+00
-6.502262886533511921e-01 3.097442375258075975e-01 -1.237178628766399391e-01
-1.199180159439087456e-01 -1.643177552525640350e-01 -6.413249614927891695e-01
-1.331369419869774251e-01 -1.702909006088733634e-01 -6.682154723421429576e-01
-1.438988295631546954e-01 -1.779404165314464881e-01 -7.033422397060012932e-01
-1.502643341659361531e-01 -1.657854243327263055e-01 -7.370241909730117502e-01
-1.588915480040695438e-01 -1.116121570700798205e-01 -7.817169669706980351e-01
-1.997922470792962701e-01 -1.087887445949092396e-01 -5.253771407386733650e-01
-2.123142568151271115e-01 -1.097260454317267181e-01 -5.168732119950455450e-01
-2.227988569882145831e-01 -1.107861769210586877e-01 -5.076214196330806061e-01
-3.076192946548402807e-01 -1.014473560789059675e-01 -4.242893794645086758e-01
-5.304197974048583397e-01 -5.649367065239455955e-03 -1.901591672858654047e-01
-7.895992198232795745e-02 -2.851031189258399490e-01 2.931039545415757841e-01
-1.107339722554898098e-01 -2.007005586703480282e-01 4.903379063990958020e-01
-1.499537173710452365e-01 -1.775554483107571468e-01 4.850055980675608835e-01
-1.871708484723214327e-01 -1.028468967230319886e-01 -5.333733865601775204e-01
-5.345752651734015926e-01 1.144596775669808608e-01 -3.945089613911842985e-01
-5.893538322018573861e-02 -2.813674652092962303e-01 4.816129291679787094e-01
-1.925892476055459934e-01 -6.484548330186658271e-02 -8.372446398158928105e-01
2.130517202175596231e-02 -4.405237461874079719e-01 1.355556682876890295e-01
-3.625801180960808168e-02 -3.790148786909448564e-01 2.273984139836223994e-01
2.221942156690811382e-02 -3.963923733395466331e-01 2.409324704589740351e-01
-1.254144119350167896e-01 -3.096964506875551359e-01 4.428084437705905041e-02
1.210960439861800270e-02 -9.827261397692300948e-02 -9.886747164656515263e-01
1.243207946785386368e-02 -1.131698420530089233e-01 -9.042659514266591092e-01
-9.292830794473488920e-02 -9.771021819633408934e-02 -8.914893471871023767e-01
-3.394457462775722911e-01 -1.195799033373822796e-02 -6.382224665430588084e-01
-2.544473659153423384e-01 -1.622343511707007024e-01 -1.726321094113276722e-01
-2.720899303804382718e-01 -3.429690549134211536e-02 -7.544916807275278137e-01
-3.979346118721407422e-01 -1.375677128666857318e-01 -1.404927631020757572e-01
-3.143807348014671099e-01 -1.391046769041631992e-01 -2.548867532799566349e-01
-4.510323880231152383e-01 -6.842177873325622217e-02 -2.749548115248841018e-01
-1.141320817423120693e-01 -7.898374924132145480e-02 -9.716519497966169538e-01
-1.629741959588906219e-01 -2.577051265347878872e-01 8.758343840374505258e-04
-3.864680393779026946e-01 5.531386788936337728e-02 -6.894784569866325707e-01
-3.051322588942820824e-01 2.410952480682945070e-02 -8.017458475140593066e-01
-3.919702196417792495e-01 -1.739384234630032833e-02 -5.100911661101223959e-01
-5.898118043950825173e-01 1.551632795789256170e-01 -2.702743973948967815e-01
-4.624412734802751945e-01 4.464806243891111109e-02 -5.117592460767638185e-01
-6.171383974059108102e-01 3.068716570700690816e-01 -3.166947521263644427e-01
-3.670945056470225065e-01 -9.218653779579433216e-02 -3.585772304521730458e-01
-1.200231925393887705e-01 -2.789901578820410677e-01 1.360975407125584458e-01
-1.219427511689745725e-01 -3.772404758023466531e-01 -1.568741455018843878e-01
-1.589077241206637292e-01 -3.039159853263170286e-01 -1.663041283934365566e-01
-9.549390715411167074e-02 -4.291038384722185017e-01 -1.042751248925154195e-01
-1.628949444348068432e-01 -2.305555122047394101e-01 5.814226176371910526e-01
-2.696491760274207228e-01 -2.462373907706588982e-01 6.515048403468115534e-01
-3.616413175641249866e-01 -2.414038970846577592e-01 6.676771088008697230e-01
-4.363801981818403730e-01 -2.129691535093981847e-01 6.511986641128295616e-01
-4.867205755636762055e-01 -1.696915038852545299e-01 6.111737786740851774e-01
-5.179651350657595854e-01 -5.437604693544263734e-02 4.659203187441440241e-01
-6.879116920792838208e-01 2.544744833761117264e-01 2.738077543456171603e-01
-4.755453805823752211e-01 -8.695227205448488594e-02 3.239899414601579153e-01
-4.137331253187763180e-01 -1.215152041707446007e-01 2.870463949153903016e-01
-3.299773612017462554e-01 -1.482855465426141939e-01 2.796534346605822896e-01
-2.487948149105388418e-01 -1.645117112854056762e-01 2.964877019069920849e-01
-1.843630633413647080e-01 -1.698258992128041101e-01 3.242372646443329454e-01
-1.396680496014997830e-01 -1.780132864066488185e-01 3.499520642685258753e-01
-6.919397971804330805e-01 4.833192711985971890e-01 3.107548660409709118e-01
-1.585123409480213574e-01 -2.695538866232079500e-01 -1.852764768262449013e-01
-8.098955217314129928e-02 -3.682457304354065375e-01 9.498509083055164948e-02
-7.876814044590288444e-02 -4.248875897021803238e-01 -1.733222143079363731e-01
-4.672781756757052318e-02 -3.924857580895095843e-01 -2.134042269223870858e-01
-7.894914949653879244e-02 -3.922699956945421285e-01 -1.826158322138616841e-01
-1.411755626701353128e-01 -2.441510954620923490e-01 -2.093653726788730074e-01
-3.371664614321394360e-02 -4.084897017528343888e-01 -2.253457881980938660e-01
-2.410296166731551448e-02 -3.304677811773277796e-01 -2.332787864878305140e-01
-1.341128738661427899e-01 -1.578105397381699138e-01 4.227257066936057628e-01
-1.043689610538940660e-01 -1.916981278836412672e-01 3.957993805874928661e-01
-8.721348621024266334e-02 -2.326371796107929435e-01 3.716628450899173153e-01
-4.365627493518111635e-01 -1.254195672325037481e-01 4.939648369190471344e-01
-4.766575540668106514e-01 -1.263117912906325802e-01 5.350207297398803519e-01
7.520227630309438138e-02 -4.173745235095905892e-01 1.229185235714982116e-01
4.568336770645103351e-01 -1.224026603236832156e-01 4.154982855798434738e-01
8.583072665773153198e-02 -3.368041088365774649e-01 -2.250110117933873943e-01
6.721164565674668800e-01 1.177466370086846514e-01 7.789292966176644128e-01
2.787707150456608662e-01 -1.722570540693013630e-01 3.425631462637452884e-01
3.404026242954393267e-01 -1.676461321574616026e-01 3.339364246295657424e-01
3.990395738999760744e-01 -1.520215578520471567e-01 3.367804563156541753e-01
4.767226359726571827e-01 -1.089474381807113840e-01 3.888516559206046663e-01
2.277912148727786468e-01 -1.674763947326894376e-01 3.644371476086818440e-01
3.733571929939979994e-01 -2.287366755722971545e-01 5.909228765493441671e-01
3.005860864471045502e-01 -2.264793108599836846e-01 5.790802707138760219e-01
4.390023672400211741e-01 -2.084501329701000660e-01 5.739114677415297905e-01
4.795256278351774926e-01 -1.803877627901972480e-01 5.345006833018965953e-01
5.224287287072211239e-01 -7.128059518858123611e-02 3.256331589694831941e-01
2.440689301794051747e-01 -3.645976514563785409e-02 -9.127496416694143022e-01
4.789804774754897188e-01 -1.066268838249236767e-01 4.441228983833762634e-01
7.057977732146458738e-01 1.942915107142360598e-01 3.931126207574111575e-01
5.876102241734947329e-01 -1.899196924334387027e-02 3.948726749803171954e-01
3.279111298887461001e-01 -1.860899092030430246e-01 -7.318195557428583409e-02
6.205811883160948506e-02 -2.717044304715967584e-01 -4.364239057033810765e-01
5.800694981688413188e-02 -2.383078314999733660e-01 -4.931418395768177865e-01
1.356457435246889720e-01 -2.201066903675882869e-01 -4.593789834177954834e-01
1.878134085441057755e-01 -1.652122933998894649e-01 -4.854830398189962093e-01
1.171625266528203424e-01 -1.996920196017044624e-01 -4.983055732133419014e-01
1.667190244085393624e-01 -1.480446653126387679e-01 -5.117924659002193177e-01
3.035232122395044030e-01 -5.990357395520602701e-02 -6.439991369468704985e-01
7.385373391885324823e-02 -4.568844371817495920e-01 -1.982512484803830577e-01
8.189138654016922536e-02 -4.879868119845710006e-01 -1.097948393330201167e-01
5.540119882742553514e-01 -1.724806390233156184e-01 6.229279419443680688e-01
2.040297931685358945e-01 -2.203692403587064752e-01 1.621718022144864046e-01
2.176274564790658395e-01 -3.085406671429468672e-01 -1.494209600791027992e-01
2.213070724099205910e-01 -2.964013258610488366e-01 -9.581812645125929728e-02
5.063004550178665797e-01 -1.091348764535021998e-01 -5.349069053212066743e-02
7.873002700378850527e-02 -4.646602530330845582e-01 1.325846351055038480e-02
4.232321632304527070e-01 -2.896419858704923911e-01 7.194771316006696171e-01
5.024106191672339516e-01 -2.380980998204206001e-01 6.909345407307969644e-01
6.128312506535036341e-01 -2.282039541079287914e-02 9.205638538151701411e-01
1.580493819887929252e-01 -3.267701999761319365e-01 6.261229783475615873e-01
2.389106402630578052e-01 -2.017613281769514710e-01 5.366001641419158030e-01
3.538763633419926835e-01 -5.238659147067352417e-02 -5.313379466014700458e-01
6.459338628082187395e-01 4.652313288772441102e-01 -4.152218143162026420e-01
1.733055906617284037e-01 -2.773855306817520350e-01 -1.973861785059998208e-01
1.269837868142711101e-01 -2.787240816222040229e-01 -2.228915684332028468e-01
2.608938046942546052e-01 -5.225476447362246979e-02 -5.552412105069290948e-01
2.445351640756552314e-01 -7.123082932694967118e-02 -5.642130356213859166e-01
5.314232626509566293e-01 -2.164913838698642734e-01 7.473944908871260617e-01
2.198833312210073387e-01 -2.693247566420338690e-01 -1.831761052604473083e-01
3.132604896166579778e-01 -3.225913992715639944e-01 7.055129733009033455e-01
3.230751032531125611e-01 -3.449140757852479644e-01 7.725230567827001682e-01
3.725108302239175662e-01 -2.798861366655072125e-01 1.103229132693957837e+00
5.727704172629843882e-01 -1.326440759731818686e-01 8.221027973128091082e-01
3.400112388781364459e-01 -3.137096262855775253e-01 9.326961829408505489e-01
5.872612731123849628e-01 -1.249304145564257562e-01 6.650129930198053207e-01
6.339876975576577145e-01 -8.738915201353322781e-03 7.074411509360876149e-01
6.065005171731413514e-02 -2.618908655145067987e-01 -4.678071863704610367e-01
1.264131873683070895e-01 -2.124442948873096482e-01 -4.800788442174629411e-01
1.772240030948306622e-01 -1.618913371906901821e-01 -4.982717024208281886e-01
1.600740781380743383e-01 -2.619892567293262697e-01 -2.113242147812177674e-01
2.525836960087268768e-01 -6.260645315359950058e-02 -5.599394141492657351e-01
2.117970599214925032e-01 -1.022970031941573960e-01 -6.288149742763740058e-01
2.360686353751951516e-01 -7.318903780516521074e-02 -5.667179878122936554e-01
1.423415630386978270e-01 -3.653946004373317402e-01 -1.820132266849545655e-01
1.582374513224570345e-01 -1.355746948559714560e-01 -5.218144126858154097e-01
1.106836576472082362e-01 -1.712300305429669822e-01 -5.112320793211334591e-01
5.559345252779994417e-02 -2.062141447043783771e-01 -5.098606297680113864e-01
9.367734467213231775e-02 -1.284566554844578934e-01 -8.285502888286913059e-01
5.866945883598556621e-02 -1.886573314763070330e-01 -7.809006547022706579e-01
5.488257378060560493e-02 -1.983059106878594657e-01 -7.481064424372659838e-01
5.170358401758567979e-02 -1.873647478336702976e-01 -7.100326518275208443e-01
4.606602620046202495e-02 -1.832464243770838552e-01 -6.746174600171742641e-01
1.474071603535094810e-01 -1.330559202343310210e-01 -6.454002070594130336e-01
1.587969039172310581e-01 -1.414590189557589639e-01 -6.623795082461593209e-01
1.697101186643010795e-01 -1.488693889150967953e-01 -6.819782214076060001e-01
1.809005567627552935e-01 -1.353470680991112896e-01 -7.014005400324003769e-01
2.815982556239561285e-01 -1.636671744671817086e-01 -3.878303842067757357e-01
7.124029310711132990e-01 4.937718305495044091e-01 3.879510355955075041e-02
1.874033347320136489e-01 -9.842116682450097187e-02 -6.146789476883577352e-01
1.988255024217402134e-01 -1.041771073124493907e-01 -6.231339410546758995e-01
1.077530454009795191e-01 -2.752979992247560626e-01 -2.554956590732538335e-01
2.015533080387306164e-01 -2.188075495709616847e-01 -2.293678706411348966e-01
1.171296338923956404e-01 -2.784506010603210457e-01 -2.400477311324054619e-01
2.670588327363846437e-01 -1.925624000975924566e-01 1.103528378343459626e-01
3.664710863241962269e-01 -1.685613613581333214e-01 4.791458412016159213e-02
2.319609267580777234e-01 -2.565120178597482536e-01 -1.309599326623636095e-01
5.189187757026199055e-01 -1.638466779095911763e-01 1.030632293081767292e+00
4.802675734815917696e-01 -2.325448610465471744e-01 9.004084882045191307e-01
4.431983622026812730e-01 -2.885556782717138002e-01 7.865226991998777173e-01
2.421735682142571733e-01 -8.709961037927282934e-02 -7.295772174521093500e-01
1.781742926050413067e-01 -3.671932749634785886e-01 7.385358790175680088e-01
1.910809225567662861e-01 -3.567119889838004099e-01 9.364710526775836819e-01
2.119222556269576008e-01 -3.452177615464580018e-01 1.140366823011162989e+00
4.485086166082977721e-01 -1.286211261695195396e-01 3.537368749502992626e-01
5.858253588655328858e-01 -3.034650165564439783e-02 2.553321401216114284e-01
1.943546109594880000e-01 -1.602937243600555672e-01 3.855055392986844742e-01
5.319703201727205011e-01 -1.233277038320740870e-01 4.982455196708254763e-01
1.621140509628697379e-01 -2.496058561887400939e-01 2.201172560476639117e-01
1.806177844162183410e-01 -3.737821921428918781e-01 -1.256004198362505875e-01
6.584480643633803254e-01 4.496460097480915741e-02 1.967699870297463516e-01
5.457818091313283437e-01 -7.672667989033629676e-02 1.843583962456763481e-01
4.689991659538217394e-01 -1.285861118657788404e-01 1.454432676498100263e-01
3.537398258852493260e-01 -1.555012048592830098e-01 1.626147206324203287e-01
2.688043032277123157e-01 -1.729708094762785198e-01 2.065593057755344963e-01
2.057035662855654645e-01 -1.943099863468482347e-01 2.505733373246876727e-01
8.213530958976050789e-02 -3.296267711732272510e-01 3.336491731762762369e-01
6.488227365629779531e-01 5.340020803855613507e-02 4.499227986468703339e-03
5.750046576351253158e-01 -9.583000262373146672e-02 5.135950458716198597e-01
5.318142823899140587e-02 -4.186123195114610507e-01 -2.362484209575969607e-01
2.005361851389149408e-01 -2.350448227348209129e-01 6.434621347872845898e-02
7.239783916931341601e-01 3.950903364190381239e-01 4.321950983910233246e-01
1.590516552585937438e-01 -2.085319025441124130e-01 2.990362027045265214e-01
2.393297242295751581e-01 -1.946223437356229824e-01 -1.263970473953153761e-01
5.011007564138486581e-01 -9.461955529059432046e-02 4.409782771517504196e-01
1.826154323929978229e-01 -3.581891754099552627e-01 -5.971423257989333377e-02
6.890947285546091816e-01 4.941738245558555676e-01 -1.805476962099219485e-01
1.943738911761009880e-01 -1.482461815253874049e-01 4.142885201033532638e-01
1.317834392869382809e-01 -4.244918437817108980e-01 -1.430127546704808988e-02
5.112101612519266425e-01 1.665078841915169638e-01 -6.757006193554713214e-01
5.117862279332984210e-01 2.894504650788823352e-01 -7.559263364084056747e-01
7.084839514000053073e-01 2.750895162577876030e-01 1.649998460219978536e-02
5.875098001704255335e-01 2.283376615066899373e-01 -5.467768113457140977e-01
6.729662760688099876e-01 1.088747826283432973e-01 5.652563407033738274e-01
2.588546982755592918e-01 1.067602568192065407e-02 -9.809562644301841328e-01
5.139956894273286364e-02 -3.315655383026250846e-01 -2.425128120834715295e-01
2.546165073519656152e-01 -2.050325283291520029e-01 -1.423937183577592917e-03
6.355084805168959017e-01 4.480868357954072290e-02 3.792999582106335588e-01
3.966750505185122622e-01 -1.530299697997803965e-01 3.818331332376939669e-01
3.437024914775961837e-01 -1.660062409666900884e-01 3.761150909776143636e-01
2.251320344596118572e-01 -8.965598482441840267e-02 -6.338241516379095053e-01
6.357148116140028948e-01 9.748963021629149239e-02 -1.717107117333161459e-01
1.496368900711545769e-01 4.518724835609685964e-02 -1.090459490618229665e+00
3.380475771255411210e-01 1.521248723976379447e-01 -9.630502169510288812e-01
4.193035881501493423e-01 2.134427256924175120e-01 -8.790276289397909171e-01
2.911766255541895498e-01 -1.685972994435046834e-01 3.835419813831798530e-01
2.419263551955807556e-01 -1.605537241899602507e-01 3.983401035087389408e-01
2.102128424186310851e-01 -1.481943305564436264e-01 4.066789274867086412e-01
6.141901036327184205e-01 -3.516357127111467001e-02 5.387269476151931302e-01
2.514872417773966751e-01 -1.812432143795464634e-01 4.734909866053766403e-01
3.055099617358679742e-01 -1.966788604417981090e-01 5.001200881334959547e-01
3.613395687643984333e-01 -1.961572218145797297e-01 5.060210204092734365e-01
4.153280492037223492e-01 -1.810400122202204254e-01 4.934275374260909119e-01
4.474249909561885952e-01 -1.589499498810047207e-01 4.723474128670949734e-01
7.088662181986318256e-01 2.675495693780889361e-01 6.268785353463270926e-01
4.325792241641905345e-01 -1.363886397125498029e-01 3.970030363161176634e-01
2.250023651622833631e-01 -2.045799422457219019e-01 -3.501169821855473763e-01
1.724455055219450972e-01 -3.027399877677582896e-01 -1.867712770666715705e-01
1.113053980214573080e-01 -2.644557525199018322e-01 -3.298040592372500357e-01
4.282681076518800589e-01 1.209134292312832037e-01 -7.950719499981395710e-01
3.471354236109349678e-01 6.928628345847705206e-02 -8.885457608440316957e-01
1.477115503565256394e-01 -4.139501246037464999e-02 -1.047886241196603452e+00
5.847242111618498051e-01 3.864404028229264654e-01 -6.098042268458574444e-01
2.123503241148177179e-01 -1.611966464054550574e-01 4.372788422910385830e-01
1.219316061905924009e-01 -3.319875696287613587e-01 1.791229567408594292e-01
2.508674439020744940e-01 8.731661910656890457e-02 -1.037514764223861574e+00
6.863531234714130846e-01 2.913836306263882792e-01 -1.820220218929627376e-01
1.006078279902777317e-01 -1.606520263511106439e-01 -6.608050809533426717e-01
1.111800509459847236e-01 -1.679749805448661759e-01 -6.884159718311759768e-01
1.187806479005279470e-01 -1.760736112738711945e-01 -7.223097219132701419e-01
1.264742305420959723e-01 -1.644119988095580631e-01 -7.524523396334872327e-01
1.747531391236129272e-01 -1.135750631939832223e-01 -7.939155723035162815e-01
2.073157513303279798e-01 -1.067942738244947454e-01 -5.312415116982479590e-01
2.195156093155242183e-01 -1.066078679351198655e-01 -5.242648917835077693e-01
2.299968684210731973e-01 -1.075958894198067173e-01 -5.151873191137056329e-01
3.279918581236015984e-01 -1.082429498259047107e-01 -4.454719603472432343e-01
5.514639768274463005e-01 -1.974007213938332173e-02 -2.367583629240628262e-01
1.216351020865751031e-01 -2.857864491378218630e-01 2.835307221707152880e-01
1.526346657603993573e-01 -2.025689517173611676e-01 4.727556765006442063e-01
1.872005182185880190e-01 -1.762636439982797620e-01 4.652710539513972288e-01
1.954733003565046201e-01 -9.876889131190663695e-02 -5.386074218974497008e-01
5.590334115593194042e-01 9.851937112838640709e-02 -4.362294110186762386e-01
9.868858987786092996e-02 -2.816290444077951260e-01 4.717035971366578262e-01
2.113050736682207942e-01 -7.240418497472650428e-02 -8.493959232568237816e-01
7.921425992481920253e-02 -3.805123585135656850e-01 2.221541354660757916e-01
1.644178133525656116e-01 -3.137767047517224794e-01 3.097985021654534737e-02
1.151939809829867489e-01 -1.033272230217629206e-01 -8.989594614066576117e-01
3.598218073755300450e-01 -2.260750427422142383e-02 -6.641581229642163908e-01
2.881295765447445256e-01 -1.715888619562983552e-01 -1.961191679712802061e-01
2.889136589025880220e-01 -4.487363136260805185e-02 -7.736804483988001246e-01
4.206987448803466423e-01 -1.498893114353004041e-01 -1.773434809030956238e-01
3.397827442526532016e-01 -1.482927466352355061e-01 -2.827388470264355913e-01
4.696568786477647306e-01 -8.034304131494317269e-02 -3.117703015826236990e-01
1.370623037490658891e-01 -8.464454656193477755e-02 -9.789272909377368936e-01
2.009300886061463343e-01 -2.628684102629156305e-01 -1.463929474265980232e-02
4.088873327658049117e-01 4.026147277777687022e-02 -7.125304247142794090e-01
3.274634472792226081e-01 1.002534809099832162e-02 -8.191184323116755817e-01
4.111541065813354434e-01 -2.606611211871910638e-02 -5.400487335496876318e-01
6.175921407013655884e-01 1.381332881445379579e-01 -3.201905379267501184e-01
4.827082750720517179e-01 3.105424596718602340e-02 -5.425246501093499152e-01
6.523172534745255158e-01 2.899262836287392897e-01 -3.685937875142931697e-01
3.855311294032146008e-01 -1.008947226637439409e-01 -3.882537412614179839e-01
1.601109943936400715e-01 -2.801918487864232254e-01 1.232601943831289626e-01
1.604916818236723497e-01 -3.813314227173952298e-01 -1.690333066083275493e-01
1.979607266518946529e-01 -3.116796753234430950e-01 -1.809057563677988201e-01
1.355399674883928929e-01 -4.337713792581922578e-01 -1.148333277398255747e-01
2.030015497151521076e-01 -2.339261827789711201e-01 5.594317814921383469e-01
3.052765727768063098e-01 -2.553369974250239705e-01 6.253769617426179206e-01
3.942446108477935529e-01 -2.533170445917763969e-01 6.370743460907706268e-01
4.650537244089080202e-01 -2.263490278506606890e-01 6.158666538742199048e-01
5.110728897180254471e-01 -1.838013743105484377e-01 5.706324642849842643e-01
5.367714219028354439e-01 -6.710078590119236686e-02 4.194630613655646600e-01
7.158902961248758690e-01 2.381901799894068916e-01 2.066719725288119480e-01
4.909750369637314593e-01 -9.760354875389852525e-02 2.843166383929656149e-01
4.292769134306236856e-01 -1.306734113598383151e-01 2.549350581014453443e-01
3.486640928161771624e-01 -1.544074176092372630e-01 2.590678572167448568e-01
2.720218644465228208e-01 -1.678821434643778809e-01 2.846037685543042484e-01
2.135528792020155442e-01 -1.726904566510930883e-01 3.166165520301985059e-01
1.732665685951098600e-01 -1.792747251229459271e-01 3.443109101361509494e-01
7.205043767739041094e-01 4.657139600801249446e-01 2.406623090311326707e-01
1.973167792729600967e-01 -2.778265564492546913e-01 -1.991999921753370151e-01
1.227890692399437877e-01 -3.694267107516186477e-01 8.584420518263613520e-02
1.181691255575018917e-01 -4.291300723331802347e-01 -1.820373766811868022e-01
8.592900510214337984e-02 -3.967633024891928928e-01 -2.192139372239641504e-01
1.181076270303997588e-01 -3.961841980603524327e-01 -1.915080233262490272e-01
1.820772909089948821e-01 -2.533376305416606966e-01 -2.216008387863455109e-01
7.325290336636591793e-02 -4.117913338385618127e-01 -2.298990273351648739e-01
7.146931587601276781e-02 -3.339930528811282384e-01 -2.372403845390538280e-01
1.730966225744856035e-01 -1.574400437054817858e-01 4.110142314448563261e-01
1.417829433468477396e-01 -1.923251968143786517e-01 3.875171183996694579e-01
1.227799506212674668e-01 -2.339868245731093199e-01 3.651040138818051339e-01
4.651400234928512178e-01 -1.361045023626196449e-01 4.566465209927905722e-01
5.026543783200844162e-01 -1.399022282448585952e-01 4.928383963679757729e-01
-3.226519516674798416e-01 -1.532830859665665624e-01 4.776397504366496349e-01
-2.588619693309744396e-01 -1.592274717624833635e-01 4.756850244199448685e-01
-3.218616117833847934e-01 -1.615285820049171817e-01 5.528746840458859113e-01
-3.873033752742298108e-01 -1.472867300040762994e-01 4.792544805385360318e-01
-3.240164665341082051e-01 -1.450400930784408460e-01 4.022330707495669344e-01
3.494548498919765045e-01 -1.596163838289688108e-01 4.477135030313188491e-01
4.119021305280988754e-01 -1.652746953134719421e-01 4.447147117331892163e-01
3.485540138050977621e-01 -1.680023840733939622e-01 5.189393896251485172e-01
2.865114091219960746e-01 -1.539829548496772227e-01 4.510310523188577059e-01
3.505912204952524869e-01 -1.512465944621904645e-01 3.764773556980627878e-01
