-1.662070975453341232e-02 -2.798187181091626452e-01 -4.978237412277544127e-01
2.270996596411256618e-02 -4.799267017471733343e-01 -2.083699801053972567e-01
2.511160422563639416e-02 -3.021071556429018035e-01 -2.721805426203068867e-01
-3.382474893551869199e-02 -4.352680654714631281e-01 1.329495454520896458e-01
2.250511094452705557e-02 -5.144093931879519799e-01 -1.127245506270651565e-01
2.145245157162955704e-02 -5.050579165929997005e-01 2.321036716045779547e-02
2.371435829172890974e-02 -3.712665805202932101e-01 3.693370577733028903e-01
-4.452578088777174870e-01 -1.174311111430819954e-01 4.656145905800539442e-01
2.418560672755316887e-02 -3.553395927338074411e-01 6.323934029175135585e-01
2.319013894226175723e-02 -3.834614601561672220e-01 7.592950156018496433e-01
2.177734643980779733e-02 -3.716735660416507492e-01 1.205628597621464904e+00
-1.572895256100886180e-02 -2.674679394150925593e-01 -5.270251775009102690e-01
-1.439124580948256474e-02 -2.433237500905519601e-01 -5.546124396764400277e-01
-1.216843922342392137e-02 -2.087076942099783672e-01 -5.727985932408377057e-01
-1.810410934488487777e-02 -1.952459116708626929e-01 -6.160091378071230750e-01
-1.919918414818793523e-02 -1.984887780359587128e-01 -6.582461868272547756e-01
-2.098304617334931232e-02 -2.081779142919547021e-01 -7.064880638174925176e-01
-2.073512990497586306e-02 -1.969613128527677448e-01 -7.537547615542510293e-01
1.079613853857322447e-02 -1.331980570534478936e-01 -8.267606310842667838e-01
2.162826253272903676e-02 -4.400024845999872536e-01 -2.499236085882947656e-01
-4.173680683866189123e-02 -3.486706929102290076e-01 -2.304579989565676001e-01
-6.908112253558017501e-01 1.428226701813360977e-01 8.852251785614195789e-01
-2.645259960234563890e-01 -1.767741984600103566e-01 3.645599835845006464e-01
-3.322681585487882172e-01 -1.695472558354891857e-01 3.583390626126016776e-01
-3.953468159392480308e-01 -1.508438369160438608e-01 3.696483577090628470e-01
-4.724374743904712348e-01 -1.036394777766911357e-01 4.406241833450381673e-01
-2.048318573030165068e-01 -1.722408802561005148e-01 3.880406008911483351e-01
-3.601156802230006670e-01 -2.300372642438263671e-01 6.517601024866741533e-01
-2.827503655372696212e-01 -2.293459042648769985e-01 6.372499177730732711e-01
-4.285521523477067163e-01 -2.054201668589123453e-01 6.370846169237787127e-01
-4.719220049347512269e-01 -1.738500689653558196e-01 6.006230627944153522e-01
-5.292980214389815252e-01 -6.160213305579076426e-02 3.856978776321915436e-01
-2.363717326669043661e-01 -2.744133959040730153e-02 -9.348562774925242014e-01
-4.669219325850855196e-01 -1.003600962356001602e-01 5.012698680369827020e-01
-7.126931862937041506e-01 2.210749202045022566e-01 4.805694900154773297e-01
-6.016185537391333105e-01 -4.042256144865974399e-03 4.695053274058500481e-01
-3.095119922142316460e-01 -1.852804069871080705e-01 -4.631559193239059846e-02
-9.075184128010643780e-02 -2.706785440062000059e-01 -4.750735703227301210e-01
-7.965863033475582833e-02 -2.322256767708741898e-01 -5.440806846335908276e-01
-1.532657017053063453e-01 -2.273764591173594307e-01 -4.950851792939439111e-01
-1.866666454955641097e-01 -1.799109313672426769e-01 -5.235599661769531066e-01
-1.305691084065721264e-01 -2.042672829923533606e-01 -5.431394235327356990e-01
-1.634586842612960889e-01 -1.598342994429762798e-01 -5.526643863481235375e-01
-2.915257584124842927e-01 -6.070122436790387210e-02 -6.346952158566910862e-01
-3.355629012753304219e-02 -4.728222814491339632e-01 -2.014771700001447008e-01
-4.347003101126331592e-02 -5.047890664534333549e-01 -1.083119003173698136e-01
-5.599500422131437061e-01 -1.644459649322969619e-01 6.959729198917228299e-01
-1.738278226176252217e-01 -2.275908490634537262e-01 1.867059482737172815e-01
-1.864089162373386011e-01 -3.144874309971406046e-01 -1.390295165993039317e-01
-1.916155706869701603e-01 -3.018285104452154144e-01 -8.256816567744634794e-02
-5.038700578749575332e-01 -1.020999868081104989e-01 -7.828109539372157810e-03
-3.924065112928748489e-02 -4.834460787887416844e-01 1.892002387542765507e-02
-4.090855890027619290e-01 -2.871388108053651300e-01 7.841638553278658108e-01
-4.983021059719175971e-01 -2.323372540565821209e-01 7.584471848005869266e-01
-6.248535521388696168e-01 -4.067805197688519059e-03 1.028223718736541059e+00
-1.185480858250195502e-01 -3.368048921026636777e-01 6.710657210645740722e-01
-2.142253116539098445e-01 -2.069382588699937853e-01 5.909888253519615109e-01
-3.275307471370566548e-01 -6.168449201672590587e-02 -5.464181199523359123e-01
-6.307406219232425393e-01 5.047648537769096055e-01 -3.804274805871639686e-01
-1.366356529418326360e-01 -2.827409980604764228e-01 -1.936223938625138974e-01
-8.465189057073857493e-02 -2.833197972568203271e-01 -2.242303758824001347e-01
-2.321897600468263989e-01 -7.319743800609129769e-02 -5.623728047580333067e-01
-2.211412742696696743e-01 -8.890142020321958882e-02 -5.652095099845318993e-01
-5.311458499649254206e-01 -2.092099323266709554e-01 8.259020399931540357e-01
-1.904006375582914523e-01 -2.728077773754357116e-01 -1.742743680530815520e-01
-2.862099287606250098e-01 -3.235408216357347211e-01 7.645300640291499139e-01
-2.963423406495340195e-01 -3.461157570816611462e-01 8.398382308038727651e-01
-3.589054043897296209e-01 -2.783674469263912044e-01 1.193833344980204325e+00
-5.769707182045287208e-01 -1.217277145457384135e-01 9.144071706131073896e-01
-3.197799003508675630e-01 -3.156907018370323503e-01 1.008215035686952366e+00
-5.958851126059411252e-01 -1.147584911247592210e-01 7.511389114948638923e-01
-6.425225236510011539e-01 7.537759237323513051e-03 8.007086283450519648e-01
-8.690056463722328761e-02 -2.582767539376671917e-01 -5.139942677060417298e-01
-1.421787978677900577e-01 -2.183634871453508097e-01 -5.207949483332210416e-01
-1.761462919245742886e-01 -1.748436466520200128e-01 -5.381548526629684748e-01
-1.214391690027977477e-01 -2.660272296822746019e-01 -2.094906235139847861e-01
-2.262166848950230014e-01 -8.136428362321342089e-02 -5.640117905470823922e-01
-2.155087276838875132e-01 -1.131567640683422693e-01 -5.870911875717031991e-01
-2.148119148878187556e-01 -9.026365213242534824e-02 -5.658705658360787538e-01
-1.065090781042809520e-01 -3.790362780709156665e-01 -1.790809985845707442e-01
-1.541539733516528177e-01 -1.465476092867927516e-01 -5.635349760439003486e-01
-1.193842492843991410e-01 -1.758443684300308729e-01 -5.589076848456298041e-01
-7.198966190966174516e-02 -2.008025472226037111e-01 -5.628105826296933012e-01
-8.102720117528557087e-02 -1.284254634446271859e-01 -8.187437180703502904e-01
-9.978391346377063487e-02 -1.937578263113833854e-01 -7.391359366199090619e-01
-9.660607930043169089e-02 -2.048534501067277303e-01 -6.911295052710393350e-01
-8.888523054790101185e-02 -1.940000265547972003e-01 -6.432859149164524837e-01
-7.961989385328760438e-02 -1.905619356422738053e-01 -6.038729809995949660e-01
-1.681330469668049776e-01 -1.427228211804199010e-01 -5.773722462706289971e-01
-1.833813952295285654e-01 -1.490482086336549217e-01 -5.944913901542554502e-01
-1.991962492127966611e-01 -1.553981427109842883e-01 -6.168850048077196835e-01
-2.107455257901582613e-01 -1.408024759885719845e-01 -6.417847430512737539e-01
-2.562525427914551512e-01 -1.680836169559437876e-01 -3.977544412714242306e-01
-7.054938769552684397e-01 5.359565877319516503e-01 1.095382101413632236e-01
2.536539191715134200e-02 -3.504435357907752513e-01 -2.579612808521895007e-01
-1.899037277605635232e-01 -1.118003813884690945e-01 -5.701368954014903734e-01
-2.028270430937987867e-01 -1.157659977343643010e-01 -5.781185008676098525e-01
-6.303371757644722628e-02 -2.836571583663707874e-01 -2.614810445801875050e-01
-1.668891279812514949e-01 -2.183158341577821071e-01 -2.243041308341484075e-01
-7.349556882427199511e-02 -2.846409860631604616e-01 -2.433395813673180363e-01
-2.425758212321497687e-01 -1.973438577465778665e-01 1.390483798288509321e-01
-3.506782610034590020e-01 -1.682416606895413280e-01 8.453188060765287615e-02
-2.024615578539230576e-01 -2.595025130022081683e-01 -1.182072558700288378e-01
-5.201058864442433816e-01 -1.518591894121862351e-01 1.134453573699781614e+00
-4.742888424609249531e-01 -2.265261292359901368e-01 9.884306690225808101e-01
-4.299068664358873804e-01 -2.853698768636270255e-01 8.604984900104373224e-01
-2.465870298117322501e-01 -8.601240480188693249e-02 -7.043508028841204416e-01
-1.371881034296485724e-01 -3.767833332224849174e-01 7.980651990497431569e-01
-1.595498123674942148e-01 -3.651321462525013439e-01 9.957715601414094397e-01
-1.846905605237277037e-01 -3.506524906355366067e-01 1.213026494036083314e+00
-4.460358255998854160e-01 -1.246250180188448187e-01 3.962882305202508615e-01
-6.032001712595752574e-01 -1.491528087528137814e-02 3.235513471233560368e-01
-1.651224526145778637e-01 -1.673915490344627943e-01 4.110654042739620984e-01
-5.323299828466414585e-01 -1.145043644859411458e-01 5.676182264517477538e-01
-1.277978936612225724e-01 -2.593304414612130904e-01 2.426396032266149860e-01
-1.477700685199411501e-01 -3.836686787531721210e-01 -1.159265964630128987e-01
-6.621083137583820832e-01 6.427807909563298949e-02 2.697978370844771878e-01
-5.618481695294903489e-01 -6.587721975366378491e-02 2.435465257896506919e-01
-4.797992301927261893e-01 -1.225111117590012011e-01 1.940136068327791841e-01
-3.526122805430806917e-01 -1.553126671028756123e-01 1.983876320366477208e-01
-2.580900923941285563e-01 -1.762299779673070499e-01 2.327413375035230492e-01
-1.873566603284797516e-01 -1.996295341381140731e-01 2.722248369391517264e-01
-3.906943796431282256e-02 -3.430187798301102542e-01 3.536122381753377675e-01
-6.496234088131549456e-01 7.113136953939547258e-02 6.638361656039687420e-02
-5.853966970560704475e-01 -8.490295456395535734e-02 5.922720750414940394e-01
-1.332966733811362034e-02 -4.360842973700591596e-01 -2.443088717055126313e-01
-1.688902822209663868e-01 -2.425268885817332687e-01 8.370919015780348138e-02
-7.307185340504299687e-01 4.307592756900336939e-01 5.252758053523005621e-01
-1.322527985347854151e-01 -2.161799785365055016e-01 3.175425749474705683e-01
-2.065137463935854401e-01 -1.948975357121133789e-01 -1.127789917805827047e-01
-4.933386089155200604e-01 -8.753818939467461480e-02 5.015693219091796884e-01
-1.513133233417722212e-01 -3.673555080314830357e-01 -4.748929891965347760e-02
-6.763402633569313149e-01 5.373102461665065777e-01 -1.268919811599002467e-01
-1.613819768565503410e-01 -1.564668690994384104e-01 4.444310144459548972e-01
-9.792346269048263219e-02 -4.391301742612208070e-01 -4.598650981421315009e-03
-5.052211082240841700e-01 1.923901099619003685e-01 -6.705585726433157534e-01
-4.988330997456631444e-01 3.217481354874175414e-01 -7.578983858550000230e-01
-7.010421856155368836e-01 3.054059600800607122e-01 8.329378519648006352e-02
-5.812155635308879909e-01 2.573437892238887859e-01 -5.256519180102312561e-01
-6.802894635708122140e-01 1.308194848244414454e-01 6.572114470749501614e-01
-2.447937636620163282e-01 2.229829999276769503e-02 -1.012721132375700828e+00
-2.020585025985915766e-03 -3.454901671211894065e-01 -2.525764651691458917e-01
-2.285942323103984375e-01 -2.080625610300393946e-01 2.089890063506814888e-02
-6.582643684207143409e-01 6.296504398388891310e-02 4.656589672164357374e-01
-3.846300066225856185e-01 -1.517305549130266162e-01 4.188038895449781585e-01
-3.289498045221931344e-01 -1.675920611260806603e-01 4.069129858190023707e-01
-2.259432546664737473e-01 -1.005979863062004265e-01 -5.978556450743761630e-01
-6.337265071550026718e-01 1.175154793642907980e-01 -1.220883353764136703e-01
-1.195136207846179688e-01 5.298351353570210365e-02 -1.133638484906168697e+00
-3.169859952904681144e-01 1.724642035835784459e-01 -9.928284203327661928e-01
-4.016514898785079613e-01 2.390902445113796126e-01 -8.982276021723460957e-01
2.234613222524676687e-02 -3.819747893647694736e-01 9.784131370870607913e-01
1.967169004009574479e-02 3.277803863186373734e-02 -1.154033340371768634e+00
-2.719043938946347216e-01 -1.720349346531737100e-01 4.129767702966840037e-01
-2.159599523771295049e-01 -1.665949652279363202e-01 4.284788995706452219e-01
-1.788452045818894054e-01 -1.558720393299718454e-01 4.372701242913199504e-01
-6.310914094133476260e-01 -2.176677694541290231e-02 6.294506833155566472e-01
-2.285905530470263569e-01 -1.876623031017665699e-01 5.234158087416134197e-01
-2.902992825176404779e-01 -2.003273211847260149e-01 5.581912424318262733e-01
-3.492885861510848233e-01 -1.971513872516972299e-01 5.666760987968191277e-01
-4.048484437381433265e-01 -1.788625297208059073e-01 5.543582087623848409e-01
-4.377901151292562520e-01 -1.549002480702091344e-01 5.321515372009437694e-01
-7.225136214875719221e-01 2.989069837763931314e-01 7.282518441107159735e-01
-4.210521059204802574e-01 -1.330948530688086939e-01 4.408171443523853927e-01
2.302739633979020151e-02 -2.816115981917055588e-01 -3.438122984894528278e-01
-1.955673583384536784e-01 -2.076840744652515558e-01 -3.545535293677509747e-01
-1.361809322491056573e-01 -3.091928120395615598e-01 -1.820094481897840122e-01
-7.064668509074782665e-02 -2.733766221213253522e-01 -3.434853717054166533e-01
2.405083430115420584e-02 -3.388823563408413508e-01 5.042916052066230836e-01
-4.198935349880094092e-01 1.437370027720110133e-01 -8.050530520811074453e-01
-3.377231401459037663e-01 8.791604807637298791e-02 -9.110318639059120649e-01
-1.274234690118749569e-01 -3.662698965420169150e-02 -1.086670580511234441e+00
-5.698031405721372122e-01 4.224778592879457895e-01 -5.941414833025846498e-01
-1.828699150786465277e-01 -1.698524639278712889e-01 4.745999420530424562e-01
-8.365802713795229828e-02 -3.443863480536160648e-01 1.962878573262485937e-01
1.446532084980790486e-02 -5.468192635407820301e-02 -1.105427942918299600e+00
-2.264215884784061550e-01 1.010989049776955806e-01 -1.076076797558352949e+00
-6.774845918872298700e-01 3.227291118838553352e-01 -1.289042678637467021e-01
-1.309302367071521478e-01 -1.691467578299121199e-01 -5.883263986170291782e-01
-1.457394701158138961e-01 -1.752733458198828531e-01 -6.180363162414802547e-01
-1.575158690594827271e-01 -1.832562240341956694e-01 -6.554864291911847163e-01
-1.648144292795162558e-01 -1.707784189068767278e-01 -6.982036864755594152e-01
-1.746745929121926721e-01 -1.151461618352095650e-01 -7.716394571676241654e-01
-1.882422022113469096e-01 -1.238904065166298585e-01 -5.659760008049453672e-01
-1.985701617235955951e-01 -1.268391751136871692e-01 -5.598167405333366320e-01
-2.075038800104613834e-01 -1.294962563741373363e-01 -5.524337754380866938e-01
-2.988470704714563109e-01 -1.206699053950517908e-01 -4.675610465142228112e-01
-5.526556619511195922e-01 -5.886193975303488646e-03 -1.981308785732006084e-01
-8.227002114976586511e-02 -2.970549999928144280e-01 3.053576492403447529e-01
-1.153760795444512266e-01 -2.091141783330894288e-01 5.112462198591680718e-01
-1.562399656671771275e-01 -1.849987958581247871e-01 5.057383460591780011e-01
-1.777069528729028347e-01 -1.159622381694135895e-01 -5.715777672152948519e-01
-5.569853321511704092e-01 1.192579727626333908e-01 -4.110472728771050743e-01
-6.140602855559314233e-02 -2.931627429774512072e-01 5.018504278398312479e-01
-2.088203408581727483e-01 -6.757502929673298020e-02 -8.473435725027198551e-01
2.219831160954733457e-02 -4.589910552840142932e-01 1.412383256405176923e-01
-3.777799323424524403e-02 -3.949036587568910406e-01 2.369312412953357705e-01
2.315088764467393423e-02 -4.130096398214414544e-01 2.510326624279262675e-01
-1.306719417059267196e-01 -3.226793151312254415e-01 4.613715219737504758e-02
1.262088263906750718e-02 -1.023044415984925015e-01 -1.024760571612050919e+00
1.204267042885211886e-02 -1.166678558533910670e-01 -9.158418409730675336e-01
-1.006564481363913521e-01 -1.011320479280695961e-01 -9.050998065018434069e-01
-3.544276187795264432e-01 -1.448743803010870551e-02 -6.584745850084898766e-01
-2.651141192875359209e-01 -1.690354190701871540e-01 -1.798690644043097753e-01
-2.931272201259483845e-01 -3.631598519840853467e-02 -7.652743273174524852e-01
-4.146165309316289793e-01 -1.433347242870904870e-01 -1.463823963045922660e-01
-3.279163757552132630e-01 -1.449361197886969710e-01 -2.656128934550965326e-01
-4.699402325928829782e-01 -7.129010569120661223e-02 -2.864812627910753862e-01
-1.207747012800707287e-01 -8.235063297697642337e-02 -1.008735648694658815e+00
-1.698062790817453094e-01 -2.685084493265479932e-01 9.125504621772528857e-04
-4.058352734490104918e-01 5.741339291855510063e-02 -7.167211143093937809e-01
-3.245122215494654627e-01 2.466386059955685828e-02 -8.327036387404764817e-01
-3.985031697363974335e-01 -2.484132288551794965e-02 -5.394878606067246007e-01
-6.145374565190824256e-01 1.616679192702627499e-01 -2.816046398183487676e-01
-4.818222128311732133e-01 4.650171246807324743e-02 -5.330299063740360221e-01
-6.430096146533704760e-01 3.197360959849955275e-01 -3.299709941619131115e-01
-3.788346862771010959e-01 -1.011615690100440557e-01 -3.788360659327238977e-01
-1.250547156174737218e-01 -2.906857759392043050e-01 1.418029140384705067e-01
-1.270547445573400047e-01 -3.932666678926570736e-01 -1.635514329107397857e-01
-1.655693356332610389e-01 -3.171049891941649101e-01 -1.734720329998643840e-01
-9.949713176009550297e-02 -4.470924106847036228e-01 -1.086464675249362299e-01
-1.697237052341674657e-01 -2.402206890417672991e-01 6.067656487872470361e-01
-2.809532083853610862e-01 -2.565599716663753416e-01 6.799537512529181260e-01
-3.768017761122992582e-01 -2.515238518502543319e-01 6.967201487554097739e-01
-4.546738045383839077e-01 -2.218970880871348195e-01 6.794987201640272367e-01
-5.071245138085594961e-01 -1.768051849987893331e-01 6.377781516160709874e-01
-5.396788845135712664e-01 -5.665555750604106544e-02 4.855348191077235587e-01
-7.167498147883217818e-01 2.651423735463424025e-01 2.852861129031572518e-01
-4.954808406085002837e-01 -9.059742058184541702e-02 3.368030062617817788e-01
-4.310773379177409437e-01 -1.266092742515971536e-01 2.980408910726377036e-01
-3.438104269035046068e-01 -1.545018630210377442e-01 2.900436978020977663e-01
-2.592246095554349705e-01 -1.714082489831187384e-01 3.075009315453654524e-01
-1.920917946667216047e-01 -1.769452143473796979e-01 3.365050472025850614e-01
-1.455231097775606386e-01 -1.854758271024135596e-01 3.634355523839330471e-01
-7.209467831178902886e-01 5.035806224896893779e-01 3.237821005864876533e-01
-1.651863806926593126e-01 -2.816093863623460591e-01 -1.933379703327539056e-01
-8.438473598904581985e-02 -3.836830542716638259e-01 9.896698024422034834e-02
-8.207019989030013563e-02 -4.428477325092261552e-01 -1.806752680616082463e-01
-4.868670640818036077e-02 -4.098548057791610022e-01 -2.233625251876139584e-01
-8.225879706783340017e-02 -4.092756813891512691e-01 -1.907122129995516835e-01
-1.475262354288272570e-01 -2.556471804608216880e-01 -2.185880373784840902e-01
-3.513009115384913006e-02 -4.263565042631509705e-01 -2.356930614228436305e-01
-2.534200206628388352e-02 -3.461822445717249730e-01 -2.452723472023532469e-01
-1.397350540935546059e-01 -1.644261559024963737e-01 4.398574097213661105e-01
-1.087442389504554852e-01 -1.997343543334225147e-01 4.116228801940438053e-01
-9.086958516331015978e-02 -2.423896225617514499e-01 3.866531573666316390e-01
-4.548640084828328156e-01 -1.306773131199635563e-01 5.152345289852962029e-01
-4.966396378031986414e-01 -1.316069403319689024e-01 5.584452482441351062e-01
7.835485024099694829e-02 -4.348713880972745471e-01 1.280714192503125681e-01
4.759847189620348695e-01 -1.275339336818343272e-01 4.309109788880012282e-01
8.930537706517407970e-02 -3.525827248278040615e-01 -2.363036103119517950e-01
7.002924231521754361e-01 1.226827240177155165e-01 8.115829784410375503e-01
2.904571337833241618e-01 -1.794782862709708993e-01 3.481617874586291905e-01
3.546727301287023737e-01 -1.746740687175153961e-01 3.383150990944248648e-01
4.157678143564029760e-01 -1.583944926200335779e-01 3.416517703257640481e-01
4.967074480243341972e-01 -1.135146517159169588e-01 4.007036426954793118e-01
2.373405088914430916e-01 -1.744972156865684521e-01 3.728590608179436772e-01
3.890087957648692418e-01 -2.383256044917536620e-01 6.242052798457797813e-01
3.131870329717815205e-01 -2.359736082136123514e-01 6.122121723881233102e-01
4.574058982190625233e-01 -2.171886245272608429e-01 6.060357077926445957e-01
4.996279448285707581e-01 -1.879498445202356094e-01 5.641766170999253927e-01
5.443295976103902367e-01 -7.426876566782486533e-02 3.361335387982329892e-01
2.544324458777962872e-01 -3.767680393941921779e-02 -9.444056373580953512e-01
4.990599410806523251e-01 -1.110968168050293359e-01 4.635589100584631694e-01
7.353857029243560106e-01 2.024364550316757883e-01 4.095923958890237415e-01
6.122435832876287343e-01 -1.978813729215581074e-02 4.106507775278054329e-01
3.416575765769949147e-01 -1.938910320772455620e-01 -7.624983678558394651e-02
5.798901491017914578e-02 -2.711642256723600930e-01 -4.841649812824944110e-01
5.130945542476469945e-02 -2.303119120855307012e-01 -5.548723660079648567e-01
1.267204144933898879e-01 -2.235250069575313026e-01 -5.129324689879615207e-01
1.688328708411539480e-01 -1.699790520710748043e-01 -5.427615928094146058e-01
1.064692073276125028e-01 -1.981255468312190793e-01 -5.592804067451724315e-01
1.475509442632892965e-01 -1.505024975169344525e-01 -5.686531081199892590e-01
2.758009085613589151e-01 -6.570236420780076192e-02 -6.676370929325164960e-01
7.694977526514143462e-02 -4.761226971798887542e-01 -2.066262031978917668e-01
8.532437638617763886e-02 -5.084438324516419305e-01 -1.143975753320414790e-01
5.772368671127585671e-01 -1.797112441872621424e-01 6.501563589064358606e-01
2.125829785256699855e-01 -2.296073958776991830e-01 1.689702479831159398e-01
2.267506729719115377e-01 -3.215306992498304095e-01 -1.556965633133781113e-01
2.305845430271806773e-01 -3.088268419624924932e-01 -9.983494605269221944e-02
5.275252064177370359e-01 -1.137099476366782436e-01 -5.573309082210747833e-02
8.203048868479080602e-02 -4.841393948317622709e-01 1.381427206368511518e-02
4.409745874371990837e-01 -3.017841419442984230e-01 7.496385172063315672e-01
5.234723037594455342e-01 -2.480794714099279208e-01 7.199266987732624301e-01
6.385219068958196686e-01 -2.377705838243604486e-02 9.591550342845629462e-01
1.646750107204457692e-01 -3.404688174485072660e-01 6.523708405200427940e-01
2.489260745691326826e-01 -2.102194166305996759e-01 5.670179933264061223e-01
3.233359738320394916e-01 -6.293314572067160162e-02 -5.879811837259371066e-01
6.730122221558882956e-01 4.847344108930451423e-01 -4.326284346289446248e-01
1.804793105460435754e-01 -2.900412017075964521e-01 -2.062180287404246082e-01
1.317690542879436932e-01 -2.921680171323546293e-01 -2.335689568662020488e-01
2.167837371784642198e-01 -6.099911185287662518e-02 -6.010668134613159630e-01
2.012755715900869102e-01 -7.971201938441953294e-02 -6.015037670639656886e-01
5.537011937215036150e-01 -2.255669747711002149e-01 7.787261940208882738e-01
2.291011168182502944e-01 -2.809745314803320793e-01 -1.909945676151871274e-01
3.263927630515705003e-01 -3.361148361664284545e-01 7.350889505801718737e-01
3.366188176268095633e-01 -3.593733073350193763e-01 8.049081942408566892e-01
3.881269524037465057e-01 -2.916193152793520871e-01 1.149477884490354374e+00
5.967816730205520726e-01 -1.382046823469149643e-01 8.565663665463845167e-01
3.542649373428075066e-01 -3.268607280941323578e-01 9.717959791553907323e-01
6.118800037594706032e-01 -1.301676562064451037e-01 6.928911734848635096e-01
6.605652586439155760e-01 -9.105261716974726027e-03 7.370979731053008965e-01
5.520005364880495313e-02 -2.574985373024015201e-01 -5.242341244523487376e-01
1.164158059832511860e-01 -2.133303218512102584e-01 -5.382055766148805542e-01
1.584413773844043638e-01 -1.655687501672474804e-01 -5.558669251516488163e-01
1.664281958193716549e-01 -2.742470961410861663e-01 -2.208438900645973701e-01
2.085033197832381058e-01 -7.130969531743572287e-02 -6.017273204117210561e-01
1.888142069742559936e-01 -1.062708980951696802e-01 -6.150697673200054005e-01
1.940683677762814474e-01 -8.115129550937129344e-02 -6.005399528812213061e-01
1.483087002581552627e-01 -3.813529644371221883e-01 -1.901276828678701847e-01
1.393102367344750681e-01 -1.372065660924618735e-01 -5.774611443746175965e-01
9.897818573271705000e-02 -1.684496195176064526e-01 -5.723049005001612510e-01
4.818782110823160991e-02 -1.967867682201349666e-01 -5.728194854619315102e-01
9.685197566729428220e-02 -1.304207547613316920e-01 -8.240996843671068994e-01
5.968615988554973328e-02 -1.916576054509739890e-01 -7.476499007350281278e-01
5.562473440754112097e-02 -2.012775747850508168e-01 -6.996065842459642248e-01
5.166082021283049941e-02 -1.896907127003231164e-01 -6.519636772354194809e-01
4.502636091178351119e-02 -1.856768962726627059e-01 -6.125750399499398924e-01
1.400763379148845245e-01 -1.352012699589975053e-01 -5.978796111273869673e-01
1.530031363421718305e-01 -1.437767158604797979e-01 -6.162014473171536499e-01
1.661241823187848687e-01 -1.513595423649399807e-01 -6.396524665970280132e-01
1.788590030103547612e-01 -1.373951183957995981e-01 -6.645287408721465283e-01
2.767346707906032099e-01 -1.730391420595440433e-01 -4.262138943854174578e-01
7.422677572996217998e-01 5.144713662655099329e-01 4.042144305899803003e-02
1.664285743288342889e-01 -1.016031632231529647e-01 -5.943324918446749594e-01
1.774580181374879606e-01 -1.077452149909938206e-01 -6.042087304462205877e-01
1.111260641313561170e-01 -2.885875484696694970e-01 -2.687700659755810628e-01
2.093819732510329157e-01 -2.287033410809231615e-01 -2.393029846844417774e-01
1.212010650879322415e-01 -2.919332017950499458e-01 -2.520299539182867532e-01
2.782542746479850226e-01 -2.006348579248119490e-01 1.149789674893579305e-01
3.818340148489138830e-01 -1.756276654765521750e-01 4.992322287744357934e-02
2.416850203395263241e-01 -2.672653240363349059e-01 -1.364499376318522028e-01
5.406725029644778857e-01 -1.707153365723668159e-01 1.073837694120893360e+00
5.004009937689705145e-01 -2.422934338872652082e-01 9.381547304159669753e-01
4.617777945641428072e-01 -3.006522949656924015e-01 8.194947192631092392e-01
2.423945445296593615e-01 -8.868361846366190626e-02 -7.212085736724193064e-01
1.856435828829975376e-01 -3.825864785436117743e-01 7.694962312682478434e-01
1.990912749835325735e-01 -3.716658038826379795e-01 9.757290961757971726e-01
2.208063029297063773e-01 -3.596897239850159189e-01 1.188172433460827460e+00
4.673106615084450244e-01 -1.340130854313832942e-01 3.609925691659026659e-01
6.103838941827133269e-01 -3.161866763123041824e-02 2.660359843405284974e-01
2.025022005185139751e-01 -1.670134387446327584e-01 3.966852526703270598e-01
5.542711845821293171e-01 -1.284977545191899329e-01 5.233863309975570477e-01
1.689100757264489494e-01 -2.600696473883171711e-01 2.292565245062139767e-01
1.881895089419138856e-01 -3.894516114122297257e-01 -1.308657472921575526e-01
6.860510347682666765e-01 4.684957604608705473e-02 2.050188321893161025e-01
5.686616685163553564e-01 -7.994315874250790266e-02 1.920869252904576219e-01
4.886602004353435280e-01 -1.339766032840232768e-01 1.515404388548898251e-01
3.685690439715394451e-01 -1.620200108030819819e-01 1.691297710076729577e-01
2.800729174560409040e-01 -1.802219632016663353e-01 2.131589398546074876e-01
2.143269183153869717e-01 -2.024557051860274570e-01 2.580485687447237608e-01
8.557852499657374323e-02 -3.434451397003636663e-01 3.476361724808503806e-01
6.760222011292240651e-01 5.563881104490639440e-02 4.687839206461055785e-03
5.991095755571177461e-01 -9.984731511669658888e-02 5.377791220846086517e-01
5.541085972117838765e-02 -4.368566600363453789e-01 -2.470942570474097266e-01
2.089429140566316789e-01 -2.448981971114983502e-01 6.704368596146675907e-02
7.543284757791191009e-01 4.116530265068656380e-01 4.503132667345022266e-01
1.657193005453877488e-01 -2.172738219845850027e-01 3.079461625486415444e-01
2.493627270622370551e-01 -2.027811569891148635e-01 -1.316957704797110384e-01
5.221075299131843206e-01 -9.858612596756177737e-02 4.599450349716538433e-01
1.902709008325520201e-01 -3.732049158203259998e-01 -6.221752991684315059e-02
7.179824456395496046e-01 5.148902123658389840e-01 -1.881164825499217486e-01
2.025222889860389675e-01 -1.544608477728142693e-01 4.294387986960175319e-01
1.373079666891237616e-01 -4.422870753803502808e-01 -1.490080415180657092e-02
5.325970636922489065e-01 1.734881039662723445e-01 -7.040656684256463294e-01
5.332409498283801064e-01 3.015845923603981404e-01 -7.876157184894805319e-01
7.381844890752723432e-01 2.866216078856222982e-01 1.719168220786435053e-02
6.121389493841365992e-01 2.379098632550297188e-01 -5.696983824741008728e-01
7.011778681550800973e-01 1.134389486939644254e-01 5.889525836676483550e-01
2.697062125594904547e-01 1.112357830347509430e-02 -1.021181951337825966e+00
5.324806603604954891e-02 -3.472870959810619440e-01 -2.551212404762219776e-01
2.652903513457618434e-01 -2.136277496044707847e-01 -1.483631248694744498e-03
6.621497947361463243e-01 4.668711991137780570e-02 3.952006957983955626e-01
4.133041671830219865e-01 -1.594451784640020797e-01 3.923211733763225517e-01
3.581109318904546202e-01 -1.729654312269884864e-01 3.857817284750182374e-01
1.998657584081680039e-01 -9.383504161517497444e-02 -6.276600890265957577e-01
6.623647754921639930e-01 1.015765196988093200e-01 -1.789090405776104231e-01
1.559098565686820592e-01 4.708155211288070352e-02 -1.136172922969746146e+00
3.522189564215856272e-01 1.585021382412226676e-01 -1.003422492420652068e+00
4.368813215520411797e-01 2.223905130112585615e-01 -9.158775719192142617e-01
3.033831156522929229e-01 -1.756651101316297758e-01 3.942755111287530312e-01
2.520682120618198407e-01 -1.672843380941784197e-01 4.111993920010930115e-01
2.190252289712723011e-01 -1.544068231460853924e-01 4.207360774701423001e-01
6.399377246997488555e-01 -3.663767320162727992e-02 5.619582984049908969e-01
2.620299030254020223e-01 -1.888411577153539245e-01 4.971457318540084547e-01
3.183173233010454517e-01 -2.049238854602719040e-01 5.276001175823066269e-01
3.764873776236460357e-01 -2.043803790861977721e-01 5.343487059373570602e-01
4.327391230164667757e-01 -1.886294370661216191e-01 5.199461773300908529e-01
4.661816089070836000e-01 -1.656133315505454173e-01 4.958378893673931476e-01
7.385827809785355802e-01 2.787655835864741860e-01 6.531580581576739153e-01
4.507134889127967226e-01 -1.421062229044574576e-01 4.096702535907075227e-01
2.258745975549758533e-01 -2.131491054978225108e-01 -3.754223488776612383e-01
1.796746378453579207e-01 -3.163498430588734811e-01 -1.951515204932706693e-01
1.127241377080077100e-01 -2.750920415463074531e-01 -3.514134178549562226e-01
4.462194968265725814e-01 1.259822754653836530e-01 -8.284022294407005216e-01
3.616930112730424307e-01 7.219846864133105946e-02 -9.253007272648945403e-01
1.539038041934218670e-01 -4.313034340854648985e-02 -1.091454009032845063e+00
6.092365849833538682e-01 4.026404768230469333e-01 -6.353679864457510984e-01
2.212523165865800667e-01 -1.679542124169804418e-01 4.557317013263453287e-01
1.270431323674569013e-01 -3.459049057942382710e-01 1.866320162116836268e-01
2.613841224441756372e-01 9.097704317778393390e-02 -1.081008687103250487e+00
7.151259090255782658e-01 3.035988052673437299e-01 -1.896526138185488652e-01
9.835894470039435733e-02 -1.626462396291496471e-01 -6.050224938649402251e-01
1.107203383643333705e-01 -1.699596416336348614e-01 -6.352241631559245594e-01
1.205455398567919223e-01 -1.783045976733375060e-01 -6.722198139348629642e-01
1.296588732855905313e-01 -1.664423827265827383e-01 -7.136448483779551655e-01
1.810237513439710844e-01 -1.152322209384291640e-01 -7.809239216477164014e-01
1.758585004201266289e-01 -1.122954976764577173e-01 -5.864806922645323661e-01
1.858586797906209842e-01 -1.131932009244420168e-01 -5.825144139333655602e-01
1.951965955038474920e-01 -1.150556954724976100e-01 -5.763972247808653027e-01
3.099018868914773517e-01 -1.197677815425739756e-01 -5.013194684699266990e-01
5.749418687867882127e-01 -2.139968562211126690e-02 -2.478279851459255223e-01
1.267341984387486686e-01 -2.977669762661017128e-01 2.952122992506550081e-01
1.590333027824664958e-01 -2.110608967648560097e-01 4.949332005933315681e-01
1.950481992185512103e-01 -1.836528374853105272e-01 4.875039786218904325e-01
1.659966715618200195e-01 -1.032456002014882079e-01 -5.904958093902281657e-01
5.822906613536695808e-01 1.003444690246885207e-01 -4.591193689824487612e-01
1.028257395987464407e-01 -2.934352879047075757e-01 4.918321158882197341e-01
2.201101967444024643e-01 -7.419381368372957031e-02 -8.559383372020130665e-01
8.253502125846182147e-02 -3.964639148157298454e-01 2.314671160312506415e-01
1.713104147309217895e-01 -3.269306185738833359e-01 3.227856405915503768e-02
1.197174896979900094e-01 -1.064289487907213450e-01 -9.095661883005876636e-01
3.484379360114382429e-01 -2.566021261466479297e-02 -6.923635594565020757e-01
3.002083305187980278e-01 -1.787820827047975625e-01 -2.043407299779605446e-01
2.971130365513016125e-01 -4.570768722088475178e-02 -7.814758537469483901e-01
4.383481666200859106e-01 -1.562033825384431251e-01 -1.848199198368424279e-01
3.534387466440510606e-01 -1.560751498202502252e-01 -2.979297795168349694e-01
4.893221955035161885e-01 -8.820714237764387677e-02 -3.331983577994115930e-01
1.427852730841789597e-01 -8.812184240525719470e-02 -1.014460144593839486e+00
2.093533304522728899e-01 -2.738881843978462904e-01 -1.525299527779395981e-02
4.192614274867467739e-01 4.189925992080648087e-02 -7.424480789185575746e-01
3.402854359893107139e-01 1.076484483970679973e-02 -8.478896011999719207e-01
3.989020119330636271e-01 -3.449496125869058738e-02 -5.863647086585823676e-01
6.434858327954292578e-01 1.439160080070723824e-01 -3.336243267758420283e-01
4.930697218114338254e-01 2.750852708305132066e-02 -5.782336907773190093e-01
6.796632125816619574e-01 3.020803511918217499e-01 -3.840457023407404247e-01
3.901813346498849144e-01 -1.116997560469912276e-01 -4.233672169336029079e-01
1.668230485083675441e-01 -2.919378432366001030e-01 1.284274100167542287e-01
1.672196948339200739e-01 -3.975621500261929953e-01 -1.762595082942156055e-01
2.062594891129631014e-01 -3.252023375859756094e-01 -1.887364696838454425e-01
1.412219732740407629e-01 -4.519556206466561754e-01 -1.196472851628178624e-01
2.115116298144095186e-01 -2.437326623627769084e-01 5.876931139913994517e-01
3.180741503834934036e-01 -2.660410452682048232e-01 6.565210240026750910e-01
4.107718404266960111e-01 -2.639364134734824563e-01 6.682940020253242963e-01
4.845493610221807135e-01 -2.358378635767970355e-01 6.461744820695660696e-01
5.324977075785893854e-01 -1.915065589257948231e-01 5.991595382787548996e-01
5.592735545308628042e-01 -6.991373517938032078e-02 4.359060027978942653e-01
7.459013170794074332e-01 2.481754116953257538e-01 2.153359213654569282e-01
5.115573275775719964e-01 -1.016952121871725900e-01 2.920831461405218321e-01
4.472727411628882876e-01 -1.361514049962210815e-01 2.605637118455793044e-01
3.632805297929592170e-01 -1.608803706168271397e-01 2.635529304451305621e-01
2.834253628850200712e-01 -1.749199739150399391e-01 2.893316702641302585e-01
2.225052842944214015e-01 -1.799298576336977873e-01 3.225765789816579798e-01
1.805301209144732910e-01 -1.867901469150917704e-01 3.523120122688370714e-01
7.507088257882843507e-01 4.852372746025284123e-01 2.507511754934871884e-01
2.055421528151837318e-01 -2.901415456623568923e-01 -2.078966792401365504e-01
1.279365413455086642e-01 -3.849135427670040688e-01 8.944290546912408990e-02
1.231229238174886831e-01 -4.472745230212535894e-01 -1.897679537825636975e-01
8.953125699280545247e-02 -4.142609303773145957e-01 -2.294195152547487959e-01
1.230588471948382834e-01 -4.133578904022225942e-01 -2.000259035552433007e-01
1.892529146910724436e-01 -2.649872187978991600e-01 -2.314263696634931700e-01
7.632375714076156115e-02 -4.297886286254224419e-01 -2.404772368814740435e-01
7.423057103139354962e-02 -3.497279565594845208e-01 -2.493774749084393116e-01
1.803530505430739894e-01 -1.640401282104733127e-01 4.257701939472786634e-01
1.477266625267417421e-01 -2.003877107818453629e-01 4.004003116677057328e-01
1.279270404628770341e-01 -2.437958463371408535e-01 3.780206682532457063e-01
4.846392778721846373e-01 -1.418101741597104226e-01 4.778815494424493160e-01
5.237262816023433576e-01 -1.457671054839680402e-01 5.184516704870787418e-01
-3.361779269948842463e-01 -1.597089055786199419e-01 4.978805025007895235e-01
-2.697137884266869179e-01 -1.659024874980891129e-01 4.958717375092338564e-01
-3.353544550695375381e-01 -1.683000631739534070e-01 5.775534223645921728e-01
-4.035396195340461567e-01 -1.534611748378776896e-01 4.996527108590682609e-01
-3.375996440396631382e-01 -1.511203560687147673e-01 4.181648783273919090e-01
3.641044363992106403e-01 -1.663077032471917405e-01 4.674901738038412802e-01
4.291695855242184665e-01 -1.722032182605705564e-01 4.641759446527364830e-01
3.631658361313865324e-01 -1.750452551615060415e-01 5.486594821158663482e-01
2.985223274839523544e-01 -1.604381138449155753e-01 4.713391572313652134e-01
3.652884450863824739e-01 -1.575870417908892263e-01 3.862833780707182196e-01
