-1.381188622493895179e-02 -3.244830303829053797e-01 -5.131328224054914067e-01
2.492148874631183730e-02 -5.265765732535303556e-01 -2.285947611412235680e-01
2.878157159321792502e-02 -3.292209991253116641e-01 -2.950337773913362938e-01
-3.711864215364502062e-02 -4.776549736982347305e-01 1.458963261348507068e-01
2.469668470771074764e-02 -5.645031755480927060e-01 -1.237017997032179295e-01
2.354151614617169819e-02 -5.542410413339426967e-01 2.547062230354368850e-02
2.602368996181025906e-02 -4.074209500331025247e-01 4.053035208922044497e-01
-4.886175298848414172e-01 -1.288666887235281333e-01 5.111449328712205364e-01
2.654082911598909522e-02 -3.899429737335875501e-01 6.939766047626712009e-01
2.544842152508122735e-02 -4.208033811687688086e-01 8.332360434337449107e-01
2.389804965281955296e-02 -4.078675682757917365e-01 1.323034106494715090e+00
-1.240736555618590642e-02 -3.138916684890313835e-01 -5.409637529033641812e-01
-1.041786738324269879e-02 -2.899683975995477336e-01 -5.689682379907297083e-01
-7.741753278779642256e-03 -2.517080733854284436e-01 -5.898430362555573403e-01
-1.843815692510385185e-02 -2.165200207307329539e-01 -7.542628345754280872e-01
-1.951483146968435722e-02 -2.201665361132356669e-01 -7.983450406731531501e-01
-2.153240284096022417e-02 -2.306786167204490923e-01 -8.436701567060316265e-01
-2.126330479362714687e-02 -2.181695029485155590e-01 -8.839357137798309338e-01
1.295963051450221837e-02 -1.477295504103321999e-01 -9.411557993831731750e-01
2.373444778224031992e-02 -4.820890070799017657e-01 -2.731983095735832645e-01
-4.568234711098428935e-02 -3.806571337594366611e-01 -2.508574427567038523e-01
-7.580832223939113490e-01 1.567309071826459288e-01 9.714294314809812647e-01
-2.902858438195421442e-01 -1.939886745986849625e-01 4.015722070614100581e-01
-3.646248165724612633e-01 -1.860579639330741664e-01 3.948329179674678890e-01
-4.338461466604490724e-01 -1.655331844219514181e-01 4.070785263683966981e-01
-5.184439826974527321e-01 -1.137320101301337871e-01 4.840572745358024953e-01
-2.247786207487059151e-01 -1.890138966188006364e-01 4.270720180488596363e-01
-3.951841621528666693e-01 -2.524385594035787328e-01 7.135660924294526808e-01
-3.102849235392053373e-01 -2.516798739893308934e-01 6.976722875192358231e-01
-4.702850571779109146e-01 -2.254242205703778090e-01 6.975780477763375842e-01
-5.178783162292557307e-01 -1.907797899878955761e-01 6.577879943947806396e-01
-5.808416756582381879e-01 -6.760102191252981285e-02 4.237934593110588288e-01
-2.566314617326661551e-01 -2.992819729507653626e-02 -1.031785637771084119e+00
-5.123913310444319080e-01 -1.101332768086309422e-01 5.497183703262984444e-01
-7.820960740257865140e-01 2.426034519239133047e-01 5.273679106548976314e-01
-6.602048651360936660e-01 -4.435894813439547613e-03 5.152457089820514646e-01
-3.396526284101346604e-01 -2.033232275617691265e-01 -5.082585790510885104e-02
-9.537072506138899453e-02 -3.081669353178209114e-01 -4.936812739841602848e-01
-8.199541660540132781e-02 -2.727756620022065981e-01 -5.610767933138629537e-01
-1.654909949675245073e-01 -2.541146133082539116e-01 -5.158764323166282750e-01
-2.074732327568260537e-01 -1.970137944702157196e-01 -5.511828586877633995e-01
-1.395725620558130320e-01 -2.338521052241964160e-01 -5.658634379372173839e-01
-1.807680208133142230e-01 -1.769594724910157346e-01 -5.871135482916431947e-01
-3.227183660547670030e-01 -6.414274123770724589e-02 -7.134889279118841188e-01
-3.682403961176194951e-02 -5.187824577066946219e-01 -2.210366824742293623e-01
-4.770319296651392982e-02 -5.539460102564750521e-01 -1.188594367795379192e-01
-6.144786257083678649e-01 -1.804599034147771341e-01 7.636404412465527258e-01
-1.907553772650631974e-01 -2.497539094801570769e-01 2.048875969440975275e-01
-2.045616323495249578e-01 -3.450740427446739034e-01 -1.525647365521070054e-01
-2.102753168384174920e-01 -3.312209202894962345e-01 -9.060874925950157532e-02
-5.529375075584770372e-01 -1.120426035570427636e-01 -8.590419006422322923e-03
-4.306195026997516884e-02 -5.305246177392506368e-01 2.076247499557704046e-02
-4.489228173534636213e-01 -3.151007206890326096e-01 8.605266395687252157e-01
-5.468273420518050543e-01 -2.549625248875342365e-01 8.323053559197699514e-01
-6.857025145845625502e-01 -4.463933004164033491e-03 1.128353349550149431e+00
-1.300924356933743642e-01 -3.696033424930456057e-01 7.364148780308372721e-01
-2.350868205612779427e-01 -2.270901461393468601e-01 6.472494941658606393e-01
-3.700023820781797035e-01 -6.072692513815874937e-02 -5.918333400673105871e-01
-6.921628740413687808e-01 5.539194469560229095e-01 -4.174739491561916260e-01
-1.498615469489761320e-01 -3.090043295278532831e-01 -2.119196745939504467e-01
-9.232553156837797204e-02 -3.086628505564972258e-01 -2.446852698205195242e-01
-2.649106462394696937e-01 -7.313298805754708809e-02 -6.232807009895111605e-01
-2.507893073364970693e-01 -9.136404220791488617e-02 -6.341120419554249210e-01
-5.828694478656997191e-01 -2.295830377876804107e-01 9.063293369867313487e-01
-2.089420721148571580e-01 -2.989630041931858884e-01 -1.911371717364409584e-01
-3.140813830351927294e-01 -3.550476014851451367e-01 8.389808869387298529e-01
-3.252005009264955504e-01 -3.798209102850536034e-01 9.216226646648664200e-01
-3.938560282575336302e-01 -3.054751912388744550e-01 1.310090218493138892e+00
-6.331567948365925957e-01 -1.335817003407131498e-01 1.003453199709447574e+00
-3.509204373306635816e-01 -3.464330279305340987e-01 1.106396183307385428e+00
-6.539130948664118037e-01 -1.259338058731067633e-01 8.242856884646005966e-01
-7.050921110020267335e-01 8.271798125187412865e-03 8.786825762091563519e-01
-9.054493436045885080e-02 -2.982059789582172105e-01 -5.307164250874611966e-01
-1.528157823807057003e-01 -2.468355583212642479e-01 -5.415874504931927902e-01
-1.951022384282476985e-01 -1.927351015692604363e-01 -5.682923370597410262e-01
-1.328942997724189556e-01 -2.902610686443822807e-01 -2.292233937888048523e-01
-2.574052637116726050e-01 -8.257080999363591856e-02 -6.288299413129587734e-01
-2.393662204892728074e-01 -1.213836041835296697e-01 -6.835209952737013595e-01
-2.428114156516056887e-01 -9.344896684681963661e-02 -6.381152757744894544e-01
-1.168810554604285956e-01 -4.152661659529490734e-01 -1.960644419547057371e-01
-1.700531885452691849e-01 -1.624111548163054142e-01 -6.015165108773188329e-01
-1.275153143415028723e-01 -2.029073813057278297e-01 -5.860057502175033406e-01
-7.346648039576553213e-02 -2.389025600391330162e-01 -5.825587662950768575e-01
-8.633733289149575496e-02 -1.420381489304842759e-01 -9.307233745280925064e-01
-1.068230978522621832e-01 -2.141215808612675353e-01 -8.679548788174988871e-01
-1.034269662341755769e-01 -2.264533195201212656e-01 -8.258435850159866476e-01
-9.498175286745791368e-02 -2.146187311767515649e-01 -7.783954915735362690e-01
-8.513666687890986129e-02 -2.107898880049199342e-01 -7.367105246483580672e-01
-1.837357952509137693e-01 -1.560073643059642912e-01 -6.927700052165794986e-01
-1.996070646943177707e-01 -1.631670722939380092e-01 -7.113057356528829089e-01
-2.158820803212302408e-01 -1.704427423194694313e-01 -7.335771871596312721e-01
-2.275571317807791871e-01 -1.545834035155686514e-01 -7.580319332897360596e-01
-2.826529331928420152e-01 -1.823224938472356449e-01 -4.243888480829300924e-01
-7.741956876076576677e-01 5.881486608469899124e-01 1.202051624569020483e-01
2.812840423709081494e-02 -3.825749821583910304e-01 -2.802771666709231724e-01
-2.112442126997269298e-01 -1.200285719978416710e-01 -6.678913157738399775e-01
-2.253695002913311818e-01 -1.243266424835496320e-01 -6.758826123987065060e-01
-6.801769479262731455e-02 -3.090058840839415844e-01 -2.842773733705132866e-01
-1.824564624113889089e-01 -2.384724540723091035e-01 -2.459125321293309518e-01
-7.979650151596473506e-02 -3.100166596312625700e-01 -2.650565700116838119e-01
-2.661981355902311996e-01 -2.165614311248611479e-01 1.525890684479871418e-01
-3.848277161218289777e-01 -1.846252284200224913e-01 9.276368940618739956e-02
-2.221774987946123492e-01 -2.847731682048291191e-01 -1.297184135140714289e-01
-5.707543999138380286e-01 -1.666474131198780739e-01 1.244927976327645069e+00
-5.204756391343670074e-01 -2.485855060030210950e-01 1.084685206577367111e+00
-4.717716948926664600e-01 -3.131595259117414543e-01 9.442948438361575825e-01
-2.655237391713667350e-01 -9.436678129898701251e-02 -8.081452987114143838e-01
-1.505476397962295376e-01 -4.134749305014624454e-01 8.757817122390605391e-01
-1.750869578437983520e-01 -4.006891374530505701e-01 1.092740962173605723e+00
-2.026759411667822253e-01 -3.847994362056379458e-01 1.331152418628455791e+00
-4.894713107763051241e-01 -1.367611465809133175e-01 4.359524944913268918e-01
-6.619405024020830197e-01 -1.636774458053480430e-02 3.550591519569388232e-01
-1.812022682508858118e-01 -1.836923319076002592e-01 4.520669914501724840e-01
-5.841688929785835427e-01 -1.256549302793019685e-01 6.220594688841458719e-01
-1.402430005273225255e-01 -2.845843401379246629e-01 2.662715504440806846e-01
-1.621600889002190460e-01 -4.210307789526952504e-01 -1.272156644704240946e-01
-7.265851880290927767e-01 7.053754925038635548e-02 2.960710628675227163e-01
-6.165615948606841812e-01 -7.229242150330472683e-02 2.672633684815521882e-01
-5.265226348041496252e-01 -1.344413874903618300e-01 2.129068692863218537e-01
-3.869500727236836468e-01 -1.704371944669818006e-01 2.178078611770364326e-01
-2.832232008251724942e-01 -1.933914572842314605e-01 2.558300341867476568e-01
-2.056016688576853824e-01 -2.190696893300647652e-01 2.993385423122698619e-01
-4.287406507306046333e-02 -3.764223458026552116e-01 3.880474146226018384e-01
-7.128844885836187473e-01 7.805822467048617597e-02 7.284813362608799636e-02
-6.424033052654145592e-01 -9.317090439994446527e-02 6.495041640334573430e-01
-1.462772555227823124e-02 -4.778074064874169302e-01 -2.671290580703422624e-01
-1.853370134672378544e-01 -2.661444378216564211e-01 9.186089164225963444e-02
-8.018767510192033043e-01 4.727071127470141576e-01 5.764277859806767879e-01
-1.451317291959532962e-01 -2.372318351682736193e-01 3.492035478736075227e-01
-2.266242941464289284e-01 -2.138768834180040379e-01 -1.237615387820301116e-01
-5.413804939046595877e-01 -9.606275783262985257e-02 5.500606071248985707e-01
-1.660483899794509277e-01 -4.031290127765729814e-01 -5.211386002922813176e-02
-7.422030613591896753e-01 5.896341401073472710e-01 -1.392488710262727025e-01
-1.770975406323220813e-01 -1.717037939904582089e-01 4.882276295419374357e-01
-1.074593628760690533e-01 -4.818931791140013132e-01 -5.046471130283780582e-03
-5.544201247550271106e-01 2.111252816448048186e-01 -7.358583429090730377e-01
-5.474100446140930387e-01 3.530803414838947774e-01 -8.317034082649437110e-01
-7.693104854105037305e-01 3.351467388776807610e-01 9.140502683024331887e-02
-6.378150081160782747e-01 2.824042181707717702e-01 -5.768405104556535434e-01
-7.465368392628066729e-01 1.435588377368151036e-01 7.212114587977858093e-01
-2.678501646447755125e-01 2.452389798383150521e-02 -1.111596054544174983e+00
-1.889262800712797341e-03 -3.770713958845046676e-01 -2.745070845287900241e-01
-2.508550033495395848e-01 -2.283239341456040350e-01 2.293405932627390342e-02
-7.223669148434126441e-01 6.909665468496539731e-02 5.110053766457540725e-01
-4.220857220431852852e-01 -1.665062520442401883e-01 4.605030713668747389e-01
-3.609833173883254531e-01 -1.839123700988793964e-01 4.476389794074235873e-01
-2.509157352087589832e-01 -1.075148300450987637e-01 -6.909438804910799092e-01
-6.954395282344520979e-01 1.289592746284480285e-01 -1.339774370368171930e-01
-1.311519955653630554e-01 5.814310672220024401e-02 -1.244033513243492095e+00
-3.478543480509750374e-01 1.892589739310519548e-01 -1.089511136527840485e+00
-4.407647770483027472e-01 2.623731366068771109e-01 -9.856980461590723053e-01
2.452222445666027428e-02 -4.191719366542399072e-01 1.073692155782337565e+00
2.158734199469497517e-02 3.597000379723702679e-02 -1.266414443350203811e+00
-2.983827586191045711e-01 -1.887878957945896552e-01 4.541990462658156424e-01
-2.369903826067221164e-01 -1.828181758476037366e-01 4.709699342763937757e-01
-1.962613576947984662e-01 -1.710510390092681021e-01 4.804806510010704024e-01
-6.925478216234486339e-01 -2.388644908018466850e-02 6.907440021204802605e-01
-2.508509657952400218e-01 -2.059370754781486568e-01 5.736768385372688073e-01
-3.185689627962631221e-01 -2.198354276872662716e-01 6.112984227137943094e-01
-3.833027131231805384e-01 -2.163502176303211399e-01 6.204777108715102685e-01
-4.442730539766470699e-01 -1.962803699758040032e-01 6.071516647226999908e-01
-4.804226234720676558e-01 -1.699846135913607448e-01 5.831275167146916516e-01
-7.928728345702369396e-01 3.280148847361843423e-01 7.991698519568988246e-01
-4.620546475450515445e-01 -1.460557839755423082e-01 4.843179868199052329e-01
2.802102192692279559e-02 -3.121109141263023190e-01 -3.686676106774138262e-01
-2.119164835415268122e-01 -2.277227085360795655e-01 -3.822895490099598170e-01
-1.494423891198888299e-01 -3.382298587985883564e-01 -1.991906089202062358e-01
-7.473358663787033063e-02 -3.020722965374686986e-01 -3.689249632131317291e-01
2.639293239464998719e-02 -3.718831126043009583e-01 5.534001056574235911e-01
-4.604283495957206540e-01 1.577588636205367045e-01 -8.832366764308057228e-01
-3.694843872403161811e-01 9.655545555253386425e-02 -9.996844934093918056e-01
-1.398024552118430908e-01 -4.019171233582419234e-02 -1.192640840042930250e+00
-6.252912301947857188e-01 4.636192424263674283e-01 -6.519996689224889508e-01
-2.006779991600740054e-01 -1.863928935429028932e-01 5.208656788042227426e-01
-9.180474269101790430e-02 -3.779230894033180910e-01 2.154025889262745075e-01
1.587397054403136276e-02 -6.000691566043325764e-02 -1.213349464500325325e+00
-2.484707849454124151e-01 1.109440297928854235e-01 -1.180866402129181481e+00
-7.434588259268242183e-01 3.541568392631742057e-01 -1.414571183480695105e-01
-1.408187399417616392e-01 -1.866031195558852662e-01 -7.129320505763816485e-01
-1.565747018428322868e-01 -1.933726804521418430e-01 -7.443852213190966793e-01
-1.692285433544418183e-01 -2.021268755772780423e-01 -7.849371696586224800e-01
-1.769193156105965947e-01 -1.883446822814081045e-01 -8.257333819222383298e-01
-1.873230888868890887e-01 -1.269066429876044566e-01 -8.843618184477914923e-01
-2.138911856244771759e-01 -1.320626035468919213e-01 -6.137990964016375450e-01
-2.265170153665836406e-01 -1.342871621949174310e-01 -6.051488119564281121e-01
-2.372608305587142752e-01 -1.363811902885605498e-01 -5.953263954846463868e-01
-3.370372808052088942e-01 -1.253324154555859327e-01 -4.973833249279935309e-01
-6.064739102500258383e-01 -6.459400169072537778e-03 -2.174250929508976249e-01
-9.028157107248424573e-02 -3.259825598618362186e-01 3.351261774810727623e-01
-1.266115357682342513e-01 -2.294779591593272272e-01 5.606912556200485120e-01
-1.714547944392244005e-01 -2.030141928149586938e-01 5.546006817967037428e-01
-2.011593697064895103e-01 -1.241663773621739519e-01 -6.218672682422297093e-01
-6.112252087476246487e-01 1.308714504343373441e-01 -4.510755322749884222e-01
-6.738581872039006715e-02 -3.217112703513449468e-01 5.506751489745842498e-01
-2.252551903408659406e-01 -7.415023669611353618e-02 -9.518705702254521839e-01
2.436000889823769500e-02 -5.036881357283595761e-01 1.549922845704263530e-01
-4.145685795977271937e-02 -4.333598343185278701e-01 2.600038799231261244e-01
2.540534789068393806e-02 -4.532289967846532264e-01 2.754785137741060375e-01
-1.433969266985744007e-01 -3.541022004796601230e-01 5.063004240639479292e-02
1.384818397026293946e-02 -1.123089861394168665e-01 -1.130560555392390754e+00
1.365077031190790879e-02 -1.286249522388123179e-01 -1.027427505680527986e+00
-1.086260868957837911e-01 -1.113028067715388092e-01 -1.013801253888867215e+00
-3.885826972732946416e-01 -1.492853014488422503e-02 -7.298387356431916828e-01
-2.909312392080849463e-01 -1.854962839108944550e-01 -1.973849221722869807e-01
-3.170674870082206276e-01 -3.957453783532660641e-02 -8.583388628524968311e-01
-4.549923688118227005e-01 -1.572928257101429139e-01 -1.606372835577083436e-01
-3.594603517582193319e-01 -1.590501669600041801e-01 -2.914338823082882612e-01
-5.157035566019771977e-01 -7.823241873256647771e-02 -3.143791398877149312e-01
-1.316474952246179386e-01 -9.034336139886145478e-02 -1.111766966945207713e+00
-1.863422111629822187e-01 -2.946561130367020276e-01 1.001415682856166001e-03
-4.438422316885746177e-01 6.310922848023187148e-02 -7.894957373361188857e-01
-3.529634958330660766e-01 2.728385571730584935e-02 -9.191158169602138273e-01
-4.420422949061570961e-01 -2.404820195910770120e-02 -5.883865755796899855e-01
-6.743818256279752177e-01 1.774113284493838982e-01 -3.090276257231026058e-01
-5.287450945440270722e-01 5.103873309176165662e-02 -5.851420025841198580e-01
-7.056266354902254179e-01 3.508723744794686183e-01 -3.621039516576303186e-01
-4.171659815267965143e-01 -1.085693583087045111e-01 -4.126017952075331507e-01
-1.372326886292576376e-01 -3.189930933947522362e-01 1.556118532403272248e-01
-1.394274827031871666e-01 -4.313323237460906512e-01 -1.793681329191449958e-01
-1.816926692553888500e-01 -3.474956881532098585e-01 -1.901508231364783530e-01
-1.091862776618838238e-01 -4.906307873401374309e-01 -1.192265881464575905e-01
-1.862515961785122798e-01 -2.636136579000645241e-01 6.649171499486268289e-01
-3.083127571428567748e-01 -2.815440787864478267e-01 7.450701709909406389e-01
-4.134951693812425333e-01 -2.760175357911447414e-01 7.635502757409504682e-01
-4.989504661060335522e-01 -2.435056834669717674e-01 7.447022129412275149e-01
-5.565088861793343611e-01 -1.940226786424905647e-01 6.989360321797359887e-01
-5.922334391993731018e-01 -6.217274310794351777e-02 5.327370386558425430e-01
-7.865477417005131144e-01 2.909622448993305355e-01 3.130676121543563006e-01
-5.437313386004625215e-01 -9.941990230382846683e-02 3.703440689024994903e-01
-4.730561482427502185e-01 -1.389386319832464078e-01 3.280679072971834920e-01
-3.772910843847308016e-01 -1.695474333447979376e-01 3.195762190063864416e-01
-2.844681985813415359e-01 -1.881001827483248512e-01 3.388133874583947325e-01
-2.107979160607524882e-01 -1.941763442111912319e-01 3.705538091450528704e-01
-1.596943187136783404e-01 -2.035376779141864212e-01 3.999738235607748216e-01
-7.911534156658222017e-01 5.526198866202447491e-01 3.553123764595071954e-01
-1.812407741881247869e-01 -3.082084938961524578e-01 -2.118441269150046491e-01
-9.260221929151091214e-02 -4.210465543758235007e-01 1.086045048034240956e-01
-9.006229098739215733e-02 -4.858109134110488725e-01 -1.981745186527745783e-01
-5.342787425414219360e-02 -4.487679153544616995e-01 -2.440094221042721223e-01
-9.026925397645646498e-02 -4.485190166512387222e-01 -2.088028952951994643e-01
-1.614206702093294865e-01 -2.791664674283209635e-01 -2.393879425475393674e-01
-3.855109920437649329e-02 -4.670655058055284137e-01 -2.576625283241007480e-01
-2.756037795015905956e-02 -3.778633734636249741e-01 -2.667411520223694765e-01
-1.533426154649843998e-01 -1.804381653587170398e-01 4.832606357453346213e-01
-1.193338789769652353e-01 -2.191847170373670828e-01 4.524498982631866006e-01
-9.971857058738453627e-02 -2.659938046777039489e-01 4.248760376487141777e-01
-4.991591923308362766e-01 -1.434028211871298808e-01 5.648657527848865989e-01
-5.450029808077898608e-01 -1.444229765734861282e-01 6.118654503142941792e-01
8.598513628711468293e-02 -4.772196674220219315e-01 1.405431659722764515e-01
5.223366620528659965e-01 -1.399533358194935406e-01 4.732222694754404380e-01
9.813677793639574709e-02 -3.851069833491349570e-01 -2.572857048979708683e-01
7.684877102102856128e-01 1.346297097409081545e-01 8.906158831092554351e-01
3.187421858009802378e-01 -1.969560896118287552e-01 3.835895793234742612e-01
3.892111712758152819e-01 -1.916840317900567747e-01 3.729332403682596997e-01
4.562557655496100040e-01 -1.738191317215473930e-01 3.765299173456981841e-01
5.450773944667792748e-01 -1.245688399423490189e-01 4.404981814236608173e-01
2.604530024716467107e-01 -1.914899566061722957e-01 4.103604799495754740e-01
4.268909227424879660e-01 -2.615340278221900405e-01 6.835115026438298713e-01
3.436855488921048973e-01 -2.589529914230297436e-01 6.702903434319735787e-01
5.019486142329174783e-01 -2.383387042735529704e-01 6.636499300690652525e-01
5.482822926315513712e-01 -2.062526180129018449e-01 6.178529753808796876e-01
5.973370441227734418e-01 -8.150114587543288991e-02 3.694143759053623022e-01
2.791463362378996393e-01 -4.149470333568694436e-02 -1.044084791695749637e+00
5.476589760209504831e-01 -1.219155534681488628e-01 5.085586179326382350e-01
8.069984142023400864e-01 2.221499514304672296e-01 4.494789776811578541e-01
6.718645723650915613e-01 -2.171512811068021520e-02 4.507752494333927551e-01
3.749285870005696353e-01 -2.127723652937092425e-01 -8.367513237531243320e-02
6.920909724448259803e-02 -3.102869011695923440e-01 -5.014486479930329033e-01
6.339703426574722078e-02 -2.710752813619128343e-01 -5.702434229793849063e-01
1.485717402239847829e-01 -2.512147900714800652e-01 -5.314492143026345872e-01
2.007044952698489038e-01 -1.889399840534362607e-01 -5.660837174965331897e-01
1.270245083534743413e-01 -2.272191752311318869e-01 -5.780205515271674699e-01
1.771521269854683389e-01 -1.687700839148706944e-01 -5.960158806055688707e-01
3.220038366559552223e-01 -7.052867016318714599e-02 -7.444623625772166520e-01
8.444323348312798849e-02 -5.223952285577171395e-01 -2.266778525616639506e-01
9.363336295855584357e-02 -5.579566815995624651e-01 -1.255377454912149915e-01
6.334488616336884093e-01 -1.972117332397580469e-01 7.132755678140725308e-01
2.332845551312987542e-01 -2.519668299581994120e-01 1.854247663879005081e-01
2.488319160679530739e-01 -3.527810404288467261e-01 -1.708457204265085849e-01
2.530391328285681585e-01 -3.389007574335232142e-01 -1.095569850841857651e-01
5.788962218574242868e-01 -1.247831540060135858e-01 -6.116044012426291587e-02
9.001871265870742267e-02 -5.312854497013539401e-01 1.515952503836004439e-02
4.839172033807628281e-01 -3.311722311325842050e-01 8.226391840428952662e-01
5.744486428452795224e-01 -2.722377375951783307e-01 7.900292454627448890e-01
7.007019095547804000e-01 -2.609249224267884415e-02 1.052558676629343992e+00
1.807112539469954982e-01 -3.736240651316466987e-01 7.158994683714645646e-01
2.731667839503360007e-01 -2.306908268420406749e-01 6.208573616919950133e-01
3.767026700590525579e-01 -6.506908515590725806e-02 -6.307441102331199367e-01
7.385509316523410916e-01 5.319384091156731387e-01 -4.747582925477566995e-01
1.981544026169241857e-01 -3.171647637687162735e-01 -2.256918058212409317e-01
1.451879862817369027e-01 -3.186997870188275073e-01 -2.548590985149006283e-01
2.652480228328875089e-01 -6.380575340793409600e-02 -6.550721163976485073e-01
2.477175248295966359e-01 -8.484712136817812445e-02 -6.617844561921146784e-01
6.076212571148653652e-01 -2.475329479657037979e-01 8.545594669763243445e-01
2.514112488577042726e-01 -3.079440514274964791e-01 -2.094416321087986255e-01
3.581772682584114520e-01 -3.688460881107014089e-01 8.066727782403564362e-01
3.693991478692710828e-01 -3.943694961334358595e-01 8.832910862256131423e-01
4.259232044537437645e-01 -3.200175418768194113e-01 1.261415371900145743e+00
6.548969633723542572e-01 -1.516632143455893811e-01 9.399798056360406662e-01
3.887636671562333390e-01 -3.586908042786900452e-01 1.066430596879961001e+00
6.714655870414807382e-01 -1.428435314845875048e-01 7.603657182802212589e-01
7.248918684208254248e-01 -9.991942420175092821e-03 8.088774272361991535e-01
6.700559526308824676e-02 -2.985462510896983446e-01 -5.393285526153177578e-01
1.377334187842639279e-01 -2.421271185254063596e-01 -5.561992320527653355e-01
1.890788189835761468e-01 -1.848195738946272204e-01 -5.804809241367512307e-01
1.830240485277114804e-01 -2.995624357110160396e-01 -2.416289866040228773e-01
2.561105959213847427e-01 -7.534753140746086597e-02 -6.588257461507387447e-01
2.226711752558825363e-01 -1.167700633090794637e-01 -7.144148012091582345e-01
2.390877159959940990e-01 -8.671393575640939932e-02 -6.629812141766913136e-01
1.627511732207997941e-01 -4.177905918205526703e-01 -2.081141543181246334e-01
1.677876161115072762e-01 -1.543490675854848337e-01 -6.073699109094206072e-01
1.190566042709166883e-01 -1.945223122752941514e-01 -5.935033353885263985e-01
6.013605560583201726e-02 -2.341136597007136277e-01 -5.905511689659852514e-01
1.066432947798873210e-01 -1.447569310646705798e-01 -9.390129061583811776e-01
6.618830563341426831e-02 -2.126683158778346350e-01 -8.780651454267971445e-01
6.178673577515136905e-02 -2.234321607408147337e-01 -8.368404560925171154e-01
5.774838573861301727e-02 -2.108063814280909387e-01 -7.912561064396594901e-01
5.083150238647998753e-02 -2.062691811934509456e-01 -7.499471804429189703e-01
1.601767663720345958e-01 -1.500085038354577183e-01 -7.213440988789256991e-01
1.738557775204048195e-01 -1.595050616194915172e-01 -7.408730761447888113e-01
1.874176853166726886e-01 -1.678923873917164133e-01 -7.639642688895289524e-01
2.008785253304854468e-01 -1.525084360975477171e-01 -7.871635033140709226e-01
3.128657388759190638e-01 -1.888345990232034310e-01 -4.527474807799278800e-01
8.145506510016256030e-01 5.645711836357039104e-01 4.435772998939713219e-02
1.966689587466758926e-01 -1.119487203559867972e-01 -6.959102107188108732e-01
2.091624941535845661e-01 -1.186196534354029275e-01 -7.060824389065967210e-01
1.231960877866752346e-01 -3.147823898435602175e-01 -2.921457547364052498e-01
2.304491270418831395e-01 -2.501857048760813829e-01 -2.622577111945545436e-01
1.339190313542213406e-01 -3.183874046731189900e-01 -2.744788284283601332e-01
3.053509981129511885e-01 -2.201729127112086459e-01 1.261757524813869047e-01
4.190174533530228729e-01 -1.927304909056894999e-01 5.478480503330374063e-02
2.652205874751965009e-01 -2.932919307662724684e-01 -1.497375905582973843e-01
5.933238173655723813e-01 -1.873397937246679135e-01 1.178409252206250812e+00
5.491306219729059634e-01 -2.658882490387162179e-01 1.029513338853083937e+00
5.067462509064437626e-01 -3.299301635845988123e-01 8.992980639447480939e-01
2.707475913402448420e-01 -9.830816982745083088e-02 -8.257787421583229204e-01
2.037217699469335841e-01 -4.198431928336128216e-01 8.444306652940589686e-01
2.184790138757422007e-01 -4.078590502287462449e-01 1.070746725390099741e+00
2.423086763878570249e-01 -3.947167258031982762e-01 1.303878040855050102e+00
5.128179148404701237e-01 -1.470634348688357740e-01 3.974631828111268028e-01
6.698237845817445191e-01 -3.469772738449572458e-02 2.919428765473957021e-01
2.222220992889425428e-01 -1.832774007999202759e-01 4.361809714029374341e-01
6.082467543455098991e-01 -1.410110164546676259e-01 5.736147404391696014e-01
1.853587344872038578e-01 -2.853955307941609121e-01 2.515971405042467524e-01
2.065156212334784414e-01 -4.273768602903391667e-01 -1.436096052972062331e-01
7.528594789349813965e-01 5.141183929715920087e-02 2.249838034659377151e-01
6.240386002684639166e-01 -8.772811610965725038e-02 2.107925797335377105e-01
5.362464965894009339e-01 -1.470234000477219638e-01 1.662976150296722189e-01
4.044607242516651269e-01 -1.777977070633673939e-01 1.856523304464816615e-01
3.073467424635216716e-01 -1.977721866631632075e-01 2.342746924294476507e-01
2.351983217971034268e-01 -2.221710761871400486e-01 2.837042907535121117e-01
9.391226085491932718e-02 -3.768902250907699703e-01 3.814893782618065110e-01
7.418540258634536144e-01 6.105698379478097237e-02 5.144348677385224278e-03
6.574515597534853484e-01 -1.095705640878765763e-01 5.896873359933789693e-01
6.080683430719602267e-02 -4.786392620512467388e-01 -2.701286900741113328e-01
2.292900169693155021e-01 -2.687466671218659009e-01 7.357247954111301169e-02
8.277858562121576114e-01 4.517402676600887901e-01 4.941652868470520765e-01
1.818572379243077464e-01 -2.384321983579242854e-01 3.385647485232645693e-01
2.736459581688330811e-01 -2.225282208636634174e-01 -1.445204571038747332e-01
5.729509657415530199e-01 -1.081865570703897106e-01 5.046514919546889466e-01
2.087997014765388126e-01 -4.095480426691144871e-01 -6.827634321522557670e-02
7.879004075713371691e-01 5.650308174542786332e-01 -2.064354834468744571e-01
2.222441439946962749e-01 -1.695024239842095604e-01 4.716435396652460810e-01
1.506791754787060178e-01 -4.853575029195908996e-01 -1.635186035776126090e-02
5.844828622333926305e-01 1.903825764180702151e-01 -7.726098329063226799e-01
5.851685709798424284e-01 3.309532491791387088e-01 -8.643146491620434801e-01
8.100697493894388757e-01 3.145331591846272090e-01 1.886583084103410357e-02
6.717497490909183355e-01 2.610778012224335143e-01 -6.251762706318597651e-01
7.694593808728589224e-01 1.244857666810967878e-01 6.463054827018019921e-01
2.959705158401977343e-01 1.220680501294379994e-02 -1.121604869158263185e+00
5.876758271986892712e-02 -3.791182906150418752e-01 -2.773006098759400739e-01
2.911246329482057860e-01 -2.344310672275278229e-01 -1.628108073319367577e-03
7.266307084725038834e-01 5.123356570889425754e-02 4.336857899365349489e-01
4.535522055617473569e-01 -1.749721345696251262e-01 4.314854032299191289e-01
3.929841891063334813e-01 -1.898090052022149976e-01 4.244102752691079061e-01
2.361529854262147676e-01 -1.027717234783162015e-01 -7.228159275684866714e-01
7.268666243034758168e-01 1.114681569972240105e-01 -1.963314101137005885e-01
1.710925389344737368e-01 5.166641088786105840e-02 -1.246814757820409625e+00
3.865184462437945001e-01 1.739372599979742695e-01 -1.101136936628369867e+00
4.794253305239815077e-01 2.440471586815595728e-01 -1.005066790397369125e+00
3.329269147517672778e-01 -1.927715819646369511e-01 4.335998178480440224e-01
2.766149064304450622e-01 -1.835746806418079302e-01 4.519100309474115562e-01
2.403541593849867208e-01 -1.694431383767729393e-01 4.622279356622098767e-01
7.022556013358780547e-01 -4.020549133764594885e-02 6.165699288347514795e-01
2.875466783950293426e-01 -2.072307283190415461e-01 5.448967366283614666e-01
3.493154328341638859e-01 -2.248796107144772627e-01 5.778458161462278753e-01
4.131501544037119444e-01 -2.242831770603519459e-01 5.851472348459365591e-01
4.748797598986254087e-01 -2.069983900678287192e-01 5.695648978386951278e-01
5.115789137894211080e-01 -1.817409495460426960e-01 5.434817541805432306e-01
8.105068274194371369e-01 3.059120989079318065e-01 7.167633606432897153e-01
4.946044903590474107e-01 -1.559446914403470608e-01 4.502556321507826809e-01
2.535385043771021252e-01 -2.339946588423595930e-01 -4.034020366472281793e-01
1.971715621298915089e-01 -3.461539887307418795e-01 -2.135548482658122804e-01
1.268878306079097573e-01 -3.023718825184986692e-01 -3.774276517994414881e-01
4.896738952066552741e-01 1.382505717119348887e-01 -9.090730627832330768e-01
3.969125928151835403e-01 7.922559718535604478e-02 -1.015957896600299115e+00
1.688911348560369063e-01 -4.733042619170912957e-02 -1.198134913066963847e+00
6.685647490840445073e-01 4.418500654521331228e-01 -6.972408566792562823e-01
2.427981233710909681e-01 -1.843097881018338491e-01 5.000902376121207915e-01
1.394147397048071113e-01 -3.795895260551098715e-01 2.048064580577064753e-01
2.868380109530326294e-01 9.983649117909987325e-02 -1.186278564788757706e+00
7.847656981142199228e-01 3.331636012367376054e-01 -2.081212049571772305e-01
1.110290491828413995e-01 -1.807514851123572797e-01 -7.364942418585078698e-01
1.239506665830700793e-01 -1.889284204818779678e-01 -7.685017927014223815e-01
1.338213600695680183e-01 -1.981305695243189557e-01 -8.074286054745041241e-01
1.432975481838354437e-01 -1.849753704351009276e-01 -8.443545811275869895e-01
1.991566005663534256e-01 -1.279377956562517404e-01 -8.970411985566686397e-01
2.144849504089325620e-01 -1.235991614286074958e-01 -6.249450308948989452e-01
2.267003566950642757e-01 -1.239737006180166023e-01 -6.186990168616985919e-01
2.376543521401304204e-01 -1.255521434829891536e-01 -6.095416856484705548e-01
3.561087880504505421e-01 -1.281169467877234514e-01 -5.287342798299943247e-01
6.307583301520809371e-01 -2.308576840451845302e-02 -2.714145872465729692e-01
1.390757214323965485e-01 -3.267638692090368835e-01 3.239959563704757350e-01
1.745201499572972548e-01 -2.316142512861483205e-01 5.427202283364125357e-01
2.140422187111570285e-01 -2.015371634572704629e-01 5.345033556769469563e-01
2.024307436126537851e-01 -1.139469474965697504e-01 -6.319339384397402171e-01
6.390799704182592578e-01 1.112181908187771517e-01 -5.016282875069446590e-01
1.128390291861667283e-01 -3.220103560192062453e-01 5.396657358605252419e-01
2.415701477230065564e-01 -8.201446870425133095e-02 -9.636476723335549721e-01
9.057237719861732650e-02 -4.350720299190480311e-01 2.540076518137346362e-01
1.879928212833634760e-01 -3.587675007742876510e-01 3.542188845580218626e-02
1.315218173349971265e-01 -1.173811612061418375e-01 -1.020964702428182491e+00
3.950242887707950956e-01 -2.715258943902584821e-02 -7.650240948265283336e-01
3.294429653657848789e-01 -1.961920889362245290e-01 -2.242396668760435752e-01
3.279167944044703020e-01 -5.065940191451251406e-02 -8.784117004701137432e-01
4.810287066290306335e-01 -1.714000550678878021e-01 -2.027978271909007812e-01
3.881750887371890890e-01 -1.705252862716544193e-01 -3.253484020948302913e-01
5.369840929463252088e-01 -9.464719234986618268e-02 -3.616493019697415434e-01
1.567007957377255511e-01 -9.673724896045687860e-02 -1.119397131450609706e+00
2.297404001887988212e-01 -3.005597329386149319e-01 -1.673834645477390026e-02
4.633250576112120100e-01 4.600337633025858297e-02 -8.162042103193138942e-01
3.738558599241943448e-01 1.166050788303020502e-02 -9.369725896112344188e-01
4.518466210556058016e-01 -3.434652837862006702e-02 -6.337315426986047662e-01
7.061475771666394508e-01 1.579345410856480836e-01 -3.661077910867174268e-01
5.458065768459974265e-01 3.250507859825974011e-02 -6.283435074568846090e-01
7.458496032271764165e-01 3.314972928141699526e-01 -4.214445175337888649e-01
4.337477572160888251e-01 -1.194333384199214310e-01 -4.555436157894163784e-01
1.830684701419884597e-01 -3.203670884553782017e-01 1.409338271490416794e-01
1.835037423460130768e-01 -4.360100551499783705e-01 -1.932709756014117097e-01
2.263452769974068080e-01 -3.563726238060223039e-01 -2.068464166016572570e-01
1.549743325570187569e-01 -4.959675823194551469e-01 -1.312986763354864195e-01
2.321088772419859225e-01 -2.674676312497030750e-01 6.440872083346551591e-01
3.490485794563227273e-01 -2.919484303140693626e-01 7.195970927364454539e-01
4.507732778936262008e-01 -2.896388470381547897e-01 7.325886635303948680e-01
5.317353388741086206e-01 -2.588040278162981878e-01 7.083190787890485396e-01
5.843529509391425236e-01 -2.101556893857106090e-01 6.567056806203304120e-01
6.137362608722591872e-01 -7.672201566655401095e-02 4.785535016286526222e-01
8.185380510401847332e-01 2.723430206566606060e-01 2.363055827325468705e-01
5.613733724860736629e-01 -1.115984097061790692e-01 3.212484932200276866e-01
4.908286786090982901e-01 -1.494099864689277801e-01 2.868172110506441719e-01
3.986572084386308390e-01 -1.765470873961483278e-01 2.903264725945891023e-01
3.110256529102812806e-01 -1.919538835204579463e-01 3.187594775316178186e-01
2.441731065251742105e-01 -1.974516355167472703e-01 3.552609199879577240e-01
1.981103531308692212e-01 -2.049799877121172287e-01 3.877390080092015801e-01
8.238137205139040020e-01 5.324902422754682618e-01 2.751696153160483327e-01
2.256087094113672364e-01 -3.176667965137398575e-01 -2.277643817833598927e-01
1.403951498836490952e-01 -4.223968692656629997e-01 9.815295555530534344e-02
1.351127767069050245e-01 -4.906617434591145077e-01 -2.081393780074562994e-01
9.824991446994202349e-02 -4.536584794653708563e-01 -2.506521794443681284e-01
1.350424602285444919e-01 -4.529944802869390053e-01 -2.189703935098199494e-01
2.081815603071694998e-01 -2.896687739861465438e-01 -2.533783462327516833e-01
8.375625298890909676e-02 -4.708404924629205901e-01 -2.628688811884085652e-01
8.171546864657819320e-02 -3.818933249577680655e-01 -2.712706428990976359e-01
1.979160394416674684e-01 -1.800145458430506551e-01 4.676623803396604551e-01
1.621124559811406574e-01 -2.199016980932801957e-01 4.399762954200165943e-01
1.403847237940654136e-01 -2.675369681526533761e-01 4.152481189465015987e-01
5.318340119310835945e-01 -1.556198131260320139e-01 5.240545143992196842e-01
5.747273533446080052e-01 -1.599620750045063211e-01 5.680779825791821835e-01
-3.689153227970871640e-01 -1.752615437360427464e-01 5.461546003367545588e-01
-2.959788294541141340e-01 -1.820582638345813464e-01 5.439232656429280333e-01
-3.680116602221250588e-01 -1.846893182059927696e-01 6.323458754566004814e-01
-4.428367749560244704e-01 -1.684054017413147974e-01 5.480126621030998457e-01
-3.704754882939393923e-01 -1.658366313299000083e-01 4.597848641973620865e-01
3.995613480242274917e-01 -1.825029399625441862e-01 5.128396609539049855e-01
4.709626167120974927e-01 -1.889725670545359115e-01 5.092356684931091948e-01
3.985313457754866562e-01 -1.920913647997721796e-01 6.007036785963482117e-01
3.275927774031277551e-01 -1.760617631476844025e-01 5.169952399023132195e-01
4.008606568483585875e-01 -1.729330503956871823e-01 4.249391764304553121e-01
