-1.596598064726727911e-02 -3.288991751836986555e-01 -5.427328553934278599e-01
2.576356164014503847e-02 -5.444022836454867065e-01 -2.363444549496566682e-01
2.928104370872151863e-02 -3.412357072802661984e-01 -3.064133916569005134e-01
-3.837284501173489348e-02 -4.937944712238558909e-01 1.508260212585494364e-01
2.553116169147384013e-02 -5.835771894423132933e-01 -1.278815626418441653e-01
2.433696110647173491e-02 -5.729683076825980992e-01 2.633124883883418421e-02
2.690300516394089625e-02 -4.211873081305263500e-01 4.189983359105868277e-01
-5.051274415340261115e-01 -1.332209689431712307e-01 5.288373388607467973e-01
2.743761794774542129e-02 -4.031187679914791655e-01 7.174254000482869209e-01
2.630829896560065231e-02 -4.350219186134076654e-01 8.613902798633088498e-01
2.470554153394152047e-02 -4.216490171697521716e-01 1.367738143642612370e+00
-1.461416214490168092e-02 -3.169545494406034170e-01 -5.726382184820533183e-01
-1.258736451803999651e-02 -2.913897017013527546e-01 -6.018512940394924460e-01
-9.678784637294216703e-03 -2.520408288319294088e-01 -6.225960709114592984e-01
-1.890576828469569051e-02 -2.240818839648821004e-01 -7.578978367607149824e-01
-2.000522473852934385e-02 -2.278611656344349257e-01 -8.038947949317821751e-01
-2.209749221846297323e-02 -2.387153247366051168e-01 -8.527507924858982458e-01
-2.181962356913252910e-02 -2.257617658501074875e-01 -8.974158433674768176e-01
1.351846842369763824e-02 -1.528908914623661741e-01 -9.627471229360193838e-01
2.453641171509252095e-02 -4.986724524486132459e-01 -2.828400903314873815e-01
-4.727181431670142431e-02 -3.942791837584779246e-01 -2.601227774178727081e-01
-7.836981180105350164e-01 1.620266922742940041e-01 1.004253088239568381e+00
-3.000943204732536840e-01 -2.005433634558808076e-01 4.185223319543824316e-01
-3.769451348961413428e-01 -1.923446817814620791e-01 4.117509756516337105e-01
-4.485053864801734624e-01 -1.711263899102168917e-01 4.240411173749873419e-01
-5.359617012111616008e-01 -1.175749042632510122e-01 5.015870839724370089e-01
-2.323736719742756640e-01 -1.954004925609887922e-01 4.442853931814351731e-01
-4.085370510756988205e-01 -2.609682130850232151e-01 7.339547484030390923e-01
-3.207691496677964604e-01 -2.601838924276810294e-01 7.175897362061824936e-01
-4.861755323840890597e-01 -2.330410859867299567e-01 7.176873266850352096e-01
-5.353769214225418960e-01 -1.972260537514828327e-01 6.770500006327608844e-01
-6.004677515985386016e-01 -6.988519407079027412e-02 4.393122895176437281e-01
-2.650028155965838406e-01 -3.091927969300702767e-02 -1.063543433075593514e+00
-5.297045363388581674e-01 -1.138545739375811661e-01 5.674743503272434708e-01
-8.085223405708757971e-01 2.508007868782998750e-01 5.451871572302333657e-01
-6.825125461485365141e-01 -4.585779714127140999e-03 5.326987968469377721e-01
-3.511291607559682282e-01 -2.101933218951898552e-01 -5.254321426705749198e-02
-1.002365908841132414e-01 -3.143416141292710297e-01 -5.208747656018246630e-01
-8.657848581186759762e-02 -2.753737058749430866e-01 -5.927902570467646903e-01
-1.729889389800168820e-01 -2.605505306388873898e-01 -5.428954296677069857e-01
-2.171397851486950581e-01 -2.021497825265044512e-01 -5.755496427090286415e-01
-1.462869511547173207e-01 -2.377250618853826714e-01 -5.950571845995543674e-01
-1.893685938344516762e-01 -1.809180838131949076e-01 -6.112445027367832129e-01
-3.340045937714647417e-01 -6.604149314837762241e-02 -7.312454128737587711e-01
-3.806828848548596267e-02 -5.363439853121788614e-01 -2.285286934177616636e-01
-4.931503751381613454e-02 -5.726633077916417625e-01 -1.228755823765532995e-01
-6.352412615129993112e-01 -1.865574682366953341e-01 7.892033681923666943e-01
-1.972008161464625930e-01 -2.581928514487918935e-01 2.118105470046080518e-01
-2.114735711776296878e-01 -3.567486461119525609e-01 -1.577211550591743061e-01
-2.173803155146311616e-01 -3.424125534092290479e-01 -9.367033087174964079e-02
-5.716207287672256943e-01 -1.158284135846483209e-01 -8.880681268489939995e-03
-4.451697208479050982e-02 -5.484505291748408284e-01 2.146401990316650077e-02
-4.640914832291139769e-01 -3.257476679248316187e-01 8.896029987292282115e-01
-5.653041067040301959e-01 -2.635774609106816824e-01 8.604274494796255723e-01
-7.088717364012318001e-01 -4.614764876390984455e-03 1.166479307461583792e+00
-1.344881327123312043e-01 -3.820918803710085521e-01 7.612976213419495597e-01
-2.430301758442314219e-01 -2.347633015622492825e-01 6.662313479426034135e-01
-3.840685308558571265e-01 -6.202145422755915571e-02 -6.103026825743622652e-01
-7.155503851279276795e-01 5.726358441484987738e-01 -4.315799883276257298e-01
-1.549560653523676390e-01 -3.199359849506208664e-01 -2.192957381273560324e-01
-9.566524741920029440e-02 -3.199602268990280329e-01 -2.534863715518747007e-01
-2.760556155292934188e-01 -7.477541840320525712e-02 -6.387355145338177165e-01
-2.613595683441364281e-01 -9.371086419884512575e-02 -6.483192738899569152e-01
-6.025640402589357292e-01 -2.373404255975679611e-01 9.369533247962593681e-01
-2.160020217470917658e-01 -3.092234781519481723e-01 -1.976373207099604845e-01
-3.246938878419418639e-01 -3.670443150151656564e-01 8.673292360492859121e-01
-3.361887099247122812e-01 -3.926546898524732598e-01 9.527633935702193302e-01
-4.071640408263074162e-01 -3.157969011856302521e-01 1.354356894240283049e+00
-6.545505478304665115e-01 -1.380952962223279956e-01 1.037358908485797038e+00
-3.627776979933908796e-01 -3.581386633890913385e-01 1.143780235491729247e+00
-6.760081830738157160e-01 -1.301889868304919595e-01 8.521375010949114870e-01
-7.289164884448994242e-01 8.551292925266067158e-03 9.083724012413325610e-01
-9.537957698557228414e-02 -3.027497167246318011e-01 -5.609317031070027992e-01
-1.599688988497906805e-01 -2.520447905748492423e-01 -5.701475715520667453e-01
-2.042925740324888773e-01 -1.974013007162002120e-01 -5.929267845054788655e-01
-1.375278854063130274e-01 -3.007146488941274121e-01 -2.372265380556560221e-01
-2.682714615224852661e-01 -8.456080170282664898e-02 -6.436675145436078216e-01
-2.481316175767281917e-01 -1.251813589914439195e-01 -6.944193337709364533e-01
-2.529983657229304961e-01 -9.594041709370311477e-02 -6.518587470102075176e-01
-1.208303527759995999e-01 -4.295607042777654927e-01 -2.028652866411715106e-01
-1.781695116552334257e-01 -1.659721902722181286e-01 -6.252233315698150218e-01
-1.337412283017044012e-01 -2.056054792447468138e-01 -6.144609197656605293e-01
-7.763899864340159662e-02 -2.402026316046072529e-01 -6.142452782717559012e-01
-8.897397436693865735e-02 -1.469578061972688920e-01 -9.524184069479342263e-01
-1.101413307162005251e-01 -2.215191625143226872e-01 -8.810998906704421429e-01
-1.066403610090562171e-01 -2.342845009836580505e-01 -8.348522619487113161e-01
-9.791278272812273253e-02 -2.220582715335266966e-01 -7.844974003523488282e-01
-8.777011434129519674e-02 -2.180939713311217942e-01 -7.411725269491612478e-01
-1.898648958699036826e-01 -1.612119333431049073e-01 -6.997347862119582818e-01
-2.061740920040081582e-01 -1.686373057711039736e-01 -7.189938016514982877e-01
-2.228815865324167145e-01 -1.761922398023516578e-01 -7.426824340282838222e-01
-2.348424971967496555e-01 -1.598141757835706001e-01 -7.687174809757408855e-01
-2.938473970190866869e-01 -1.881650993452867182e-01 -4.416506661356992547e-01
-8.003550077708018184e-01 6.080216327181764413e-01 1.242667802144876432e-01
2.896569332744008962e-02 -3.962725096659378554e-01 -2.908308576621791985e-01
-2.190848486529612671e-01 -1.237950534843000328e-01 -6.775928194176107366e-01
-2.336783172652824869e-01 -1.282325094013932187e-01 -6.860075668724360254e-01
-7.076183913419499538e-02 -3.203253504121937323e-01 -2.949130425169974590e-01
-1.888859074615699685e-01 -2.469563638508113224e-01 -2.543122973537237930e-01
-8.282346330647905042e-02 -3.213968778425966288e-01 -2.747772967267483324e-01
-2.751927119837719871e-01 -2.238788314959348491e-01 1.577449062298211802e-01
-3.978306707944260223e-01 -1.908635355273084477e-01 9.589808574978264666e-02
-2.296846606363097121e-01 -2.943953769050127178e-01 -1.341014733855909469e-01
-5.900396366063933584e-01 -1.722782673133876896e-01 1.286992883216294459e+00
-5.380620053453512019e-01 -2.569849687532523852e-01 1.121335660360788467e+00
-4.877124021429768419e-01 -3.237408820618614680e-01 9.762016436499789673e-01
-2.739434979515643076e-01 -9.755299299487996123e-02 -8.253859892169524981e-01
-1.556344982898550666e-01 -4.274458467175482612e-01 9.053735254849879510e-01
-1.810029760546204569e-01 -4.142280341432634794e-01 1.129663612112561388e+00
-2.095241643217467253e-01 -3.978014353273404691e-01 1.376130765656516708e+00
-5.060100708523752600e-01 -1.413821728621935392e-01 4.530847593125020834e-01
-6.843068289115944447e-01 -1.692079616614566850e-02 3.670562557661801173e-01
-1.873249168594182668e-01 -1.898991173480283901e-01 4.695161649697700001e-01
-6.039073923597897409e-01 -1.299006889999401448e-01 6.412116247663735003e-01
-1.449816752708757428e-01 -2.942001685211715900e-01 2.752762459162638176e-01
-1.676393207677239483e-01 -4.352569999475389695e-01 -1.315141574858599560e-01
-7.511357956644630907e-01 7.292094591052539210e-02 3.060750164525998795e-01
-6.373946121693947475e-01 -7.473511149610331805e-02 2.762939380596307060e-01
-5.443133231242375247e-01 -1.389840306669447301e-01 2.201007883578053881e-01
-4.000247397640153135e-01 -1.761961016904863842e-01 2.253934326039834235e-01
-2.927930390306580088e-01 -1.999259667485608349e-01 2.654233070610746981e-01
-2.125487495090188084e-01 -2.264718413091518223e-01 3.108049020968954301e-01
-4.432273808027829831e-02 -3.891412911778761585e-01 4.011591569850700423e-01
-7.369721628947791814e-01 8.069573624954406998e-02 7.530959989300467505e-02
-6.641094888638128246e-01 -9.631905804664384063e-02 6.704564933049845799e-01
-1.512198227537357720e-02 -4.942391719389922500e-01 -2.765301283031961210e-01
-1.915993710997792310e-01 -2.751371998197637558e-01 9.496478053189372215e-02
-8.289713874232277346e-01 4.886794268578765754e-01 5.959047152876604247e-01
-1.500355893318827405e-01 -2.452476684109434757e-01 3.626550665963242381e-01
-2.342817088830598249e-01 -2.211035755300664873e-01 -1.279433216433808751e-01
-5.596732148495353609e-01 -9.930862579470858820e-02 5.678586162729587494e-01
-1.716590037629887600e-01 -4.167503504836603256e-01 -5.387473743031692686e-02
-7.672813817618215904e-01 6.095573048796173454e-01 -1.439539544011258221e-01
-1.830814944823131729e-01 -1.775054983813759701e-01 5.058822612832352128e-01
-1.110903103522672825e-01 -4.981758814832593085e-01 -5.216987185838101171e-03
-5.731534421585037231e-01 2.182589998060964764e-01 -7.607222814390875998e-01
-5.659064982198098726e-01 3.650105832096407488e-01 -8.598058584410891436e-01
-7.953047393373169349e-01 3.464710243882006546e-01 9.449351528532057287e-02
-6.593661576112719303e-01 2.919463851452833714e-01 -5.963313909108389765e-01
-7.717615938105925055e-01 1.484095513983840209e-01 7.455804933429388548e-01
-2.768155312896501408e-01 2.535842531740739592e-02 -1.148824612592151961e+00
-2.079834022098579933e-03 -3.906091728719693901e-01 -2.848120731785747095e-01
-2.593311502103223254e-01 -2.360387780666287627e-01 2.370897908542695526e-02
-7.467749911258367845e-01 7.143136282161852146e-02 5.282717518874858742e-01
-4.363475885401930654e-01 -1.721323365421401630e-01 4.781120146603032861e-01
-3.731805929922430431e-01 -1.901265904160265863e-01 4.652267187809743243e-01
-2.600618258999397581e-01 -1.108345095748396736e-01 -7.031539073416466223e-01
-7.189377542829680223e-01 1.333166825372287534e-01 -1.385044051755839056e-01
-1.355834940830456525e-01 6.010770686103102112e-02 -1.286068197093487298e+00
-3.596079965179036497e-01 1.956538515044554116e-01 -1.126324652315870756e+00
-4.556577906674725842e-01 2.712384672061330937e-01 -1.019003825545857111e+00
2.535080659802625355e-02 -4.333353491736601226e-01 1.109971165059001841e+00
2.231675730887158066e-02 3.718539458250760821e-02 -1.309205357085720056e+00
-3.084648221578450977e-01 -1.951668553884846058e-01 4.717975970116133899e-01
-2.449980574019052226e-01 -1.889954244039959153e-01 4.885961226248278777e-01
-2.028928383059296903e-01 -1.768306874435144893e-01 4.981225195307787956e-01
-7.159483397148344030e-01 -2.469354968787071392e-02 7.140761464160816363e-01
-2.593269762309854398e-01 -2.128954891933443339e-01 5.914722974412978118e-01
-3.293330985635130048e-01 -2.272634532215382364e-01 6.291558872187472673e-01
-3.962541394259739835e-01 -2.236604813026055183e-01 6.383503033812214511e-01
-4.592846088649799041e-01 -2.029124929934402188e-01 6.250022995569013418e-01
-4.966556371948105397e-01 -1.757282285467545724e-01 6.009385562442257633e-01
-8.196632373846394204e-01 3.390981918237673254e-01 8.261730248713254898e-01
-4.776670252054721066e-01 -1.509908670247667728e-01 5.019661747107837524e-01
2.790508995458824970e-02 -3.214687701030509714e-01 -3.844564155309990738e-01
-2.201739258957819967e-01 -2.354680623698723330e-01 -3.977879630744771688e-01
-1.544919022668975739e-01 -3.500726072095020069e-01 -2.061308673615227793e-01
-7.833755218817602117e-02 -3.114778997410931338e-01 -3.844844694178778943e-01
2.728472393987202080e-02 -3.844486816995559830e-01 5.720989576065275140e-01
-4.759471810179455309e-01 1.630920559472914255e-01 -9.130571816083830061e-01
-3.818463873625748128e-01 9.982645651454932767e-02 -1.033152551066901070e+00
-1.445230190174472962e-01 -4.154952856065260991e-02 -1.232872621529623736e+00
-6.464192134007075152e-01 4.792844862278439200e-01 -6.740301043261163194e-01
-2.074587137956067084e-01 -1.926909283374271253e-01 5.385741058571369422e-01
-9.490673575942472351e-02 -3.906927434468523974e-01 2.226808359398326220e-01
1.641033658735667131e-02 -6.203449104465519337e-02 -1.254241650991430479e+00
-2.568663713825571349e-01 1.146927221761811500e-01 -1.220766730660657329e+00
-7.685795773942374343e-01 3.661234575976527461e-01 -1.462368155559987670e-01
-1.452656704414239386e-01 -1.930153371946521368e-01 -7.186842499932594164e-01
-1.615001357973390173e-01 -2.000186764039529885e-01 -7.513754976355268012e-01
-1.745522462270447384e-01 -2.090680077178979634e-01 -7.933602505121156723e-01
-1.824682425878162706e-01 -1.948104179017350335e-01 -8.370200244050007843e-01
-1.931782463993296783e-01 -1.312542255705373140e-01 -9.032698641149724539e-01
-2.238607053973019623e-01 -1.350904332848827938e-01 -6.323460160851761547e-01
-2.370606241869810948e-01 -1.373404560008751329e-01 -6.237262098887800255e-01
-2.482798717618335260e-01 -1.394859255871477577e-01 -6.139500499562002833e-01
-3.505344503889249452e-01 -1.287356559407882017e-01 -5.155864095059410346e-01
-6.269660744957976650e-01 -6.677656326917996710e-03 -2.247716756160367813e-01
-9.333209765164238170e-02 -3.369971938717179483e-01 3.465223784231786230e-01
-1.308896165603699591e-01 -2.372317964644452548e-01 5.788740019706593021e-01
-1.772480853772058218e-01 -2.098738451645079661e-01 5.724739357518315863e-01
-2.105010864842183915e-01 -1.270382885863863831e-01 -6.403531425677230215e-01
-6.318779147538051699e-01 1.352934703032321606e-01 -4.663169362965023934e-01
-6.966272007049885417e-02 -3.325815816381698098e-01 5.691788611290019562e-01
-2.324421915388720783e-01 -7.665512183404371571e-02 -9.775641312289786722e-01
2.518310993347489674e-02 -5.207072685080976759e-01 1.602293204984825414e-01
-4.285764491543098131e-02 -4.480026421166649064e-01 2.687891584353148677e-01
2.626376991494255853e-02 -4.685431642798857377e-01 2.847866651307123242e-01
-1.482421695434556486e-01 -3.660669698281501794e-01 5.234078200355231358e-02
1.431591199300369377e-02 -1.161083672296182590e-01 -1.166379376780122934e+00
1.415936240138041327e-02 -1.330358607055077413e-01 -1.055935636881212059e+00
-1.120971861650517515e-01 -1.150986812513804525e-01 -1.042185911827915090e+00
-4.016734348124836318e-01 -1.532749486998407143e-02 -7.516460767098434026e-01
-3.007615231449820570e-01 -1.917640231369978077e-01 -2.040543669355841527e-01
-3.272801250658965433e-01 -4.088149796230013122e-02 -8.818030274560529902e-01
-4.703661189347601024e-01 -1.626075974829385151e-01 -1.660650613120755459e-01
-3.717563929753540108e-01 -1.644243175863982498e-01 -3.012984177425476195e-01
-5.331286787802085314e-01 -8.087581615975478200e-02 -3.250017056092438517e-01
-1.359991256938330728e-01 -9.339307442949634774e-02 -1.147162886721607045e+00
-1.926385334491262091e-01 -3.046122568416012588e-01 1.035252545917464406e-03
-4.586746117054861793e-01 6.525303146827639289e-02 -8.145705925873251152e-01
-3.645472212656984956e-01 2.822948000229240362e-02 -9.471783267100037929e-01
-4.574935690341899175e-01 -2.451144630352488502e-02 -6.077011065917480304e-01
-6.971685323627045960e-01 1.834058848848726941e-01 -3.194693689799362191e-01
-5.466111469575927195e-01 5.276422214220029272e-02 -6.048320926226660177e-01
-7.294690739962707005e-01 3.627280083505720620e-01 -3.743390924048259905e-01
-4.316866716683323557e-01 -1.119720913531316864e-01 -4.267554658924012090e-01
-1.418696478582543996e-01 -3.297715601228876636e-01 1.608698237918363971e-01
-1.441386018917278911e-01 -4.459958966114107026e-01 -1.854713482857072437e-01
-1.878318880374452160e-01 -3.594262576764163941e-01 -1.966585443428982838e-01
-1.128755759110193074e-01 -5.072087250028829430e-01 -1.232551380341911640e-01
-1.925448566723623189e-01 -2.725209073032412999e-01 6.852892420936673723e-01
-3.187303456848494809e-01 -2.910571796922030163e-01 7.677875519503631896e-01
-4.274667694494143078e-01 -2.853439001780538331e-01 7.870732986251010033e-01
-5.158095176318181485e-01 -2.517335039486919834e-01 7.677011876907076093e-01
-5.753127808021335499e-01 -2.005785164632921114e-01 7.204270328016031399e-01
-6.122444317627772081e-01 -6.427349899889980844e-02 5.505593109018254161e-01
-8.131244257715937174e-01 3.007935764884132057e-01 3.236458598333328829e-01
-5.621034923037941944e-01 -1.027792042175228737e-01 3.845199459266160358e-01
-4.890402559239300784e-01 -1.436332333808724993e-01 3.413986325200548122e-01
-3.900393835926717623e-01 -1.752762764043753752e-01 3.332562325682270621e-01
-2.940801040515087506e-01 -1.944559051864908628e-01 3.533222423930166278e-01
-2.179205728569904577e-01 -2.007373742422750573e-01 3.859379119730643182e-01
-1.650902346020439448e-01 -2.104150183166795807e-01 4.160542874830920890e-01
-8.178857209858377830e-01 5.712923757260551794e-01 3.673180364786859387e-01
-1.873769487406521661e-01 -3.189409872661826406e-01 -2.191262537850355019e-01
-9.573115831951016508e-02 -4.352733084068891034e-01 1.122741434169262364e-01
-9.310540830550280422e-02 -5.022885096404404726e-01 -2.049073847812015459e-01
-5.523315022069937019e-02 -4.643172528177577085e-01 -2.526808747718240489e-01
-9.331936437290572206e-02 -4.639105992177788851e-01 -2.160439800792960108e-01
-1.670571813783163218e-01 -2.891307284697453017e-01 -2.476645357476690013e-01
-3.985370374391884740e-02 -4.831601179688396197e-01 -2.667482539375587436e-01
-2.858797728961454121e-02 -3.914153545812402157e-01 -2.766873720476717979e-01
-1.585239134711743658e-01 -1.865349956728392100e-01 5.008638141627946849e-01
-1.233660550825751712e-01 -2.265907556909359521e-01 4.693998678801378777e-01
-1.030879642122279199e-01 -2.749814769282152849e-01 4.405081076218104186e-01
-5.160252965129821234e-01 -1.482482632010529988e-01 5.827370120726176328e-01
-5.634181020659231320e-01 -1.493028886468464322e-01 6.303872333052060739e-01
8.889049050880612479e-02 -4.933444563714642905e-01 1.452919816173205980e-01
5.399859104203065252e-01 -1.446822230739747417e-01 4.902620506514570042e-01
1.014006767730389613e-01 -3.988187974803487634e-01 -2.667630687401006950e-01
7.944541633623989352e-01 1.391787168420279830e-01 9.207089229885323522e-01
3.295121746052755984e-01 -2.036110445395133417e-01 4.011383561005061327e-01
4.023622386395954154e-01 -1.981608490056798177e-01 3.905713533108953750e-01
4.716722046209436137e-01 -1.796923113193753530e-01 3.940940452889369339e-01
5.634950300901578890e-01 -1.287779000269806962e-01 4.577116860287351319e-01
2.692534563984331775e-01 -1.979602162098734186e-01 4.278157082189947835e-01
4.413151523029347212e-01 -2.703710085453692180e-01 7.021509120408988558e-01
3.552983497030940407e-01 -2.677027614337248451e-01 6.883018864711880624e-01
5.189089702712472718e-01 -2.463919375479811658e-01 6.818512429159591104e-01
5.668082186504004305e-01 -2.132216936038013322e-01 6.349237075148901344e-01
6.175204825384529306e-01 -8.425498971860881370e-02 3.835461199711437952e-01
2.885715647124699745e-01 -4.291296043197170840e-02 -1.076190730889954095e+00
5.661638407770713810e-01 -1.260349615804508827e-01 5.253141285470814825e-01
8.342661066296930272e-01 2.296561824734920099e-01 4.646664356739783619e-01
6.945662235575471577e-01 -2.244886154289520153e-02 4.664125227282683861e-01
3.875970597170355081e-01 -2.199617368113768734e-01 -8.650243450760666808e-02
7.005341959577954247e-02 -3.159755843044240731e-01 -5.290537269244800500e-01
6.390830414390218095e-02 -2.736503324129872516e-01 -6.020765697169376818e-01
1.524014546556723415e-01 -2.575758065996404111e-01 -5.592360424247427853e-01
2.068812428696686356e-01 -1.943737070616418927e-01 -5.924645793686246220e-01
1.300223945376500767e-01 -2.315142049224131471e-01 -6.082554191716231795e-01
1.823924448039171975e-01 -1.732624155394383858e-01 -6.228753686566033121e-01
3.349819193407965190e-01 -7.274082761854962220e-02 -7.619106239078704546e-01
8.729648830701139395e-02 -5.400823213985174176e-01 -2.343640586011027094e-01
9.679714332932178034e-02 -5.768094958230965963e-01 -1.297795432544200100e-01
6.548524832808970686e-01 -2.038753261172758791e-01 7.367929260777221767e-01
2.411670136162508693e-01 -2.604805443599635950e-01 1.916900891063802459e-01
2.572397047748942178e-01 -3.647246127474871868e-01 -1.766233581800036312e-01
2.615890793025937300e-01 -3.503518847894900312e-01 -1.132588105742705631e-01
5.984565628037784579e-01 -1.289994555546531418e-01 -6.322699337677073483e-02
9.306035750742759627e-02 -5.492370689098051706e-01 1.567174943949700000e-02
5.002682955636812423e-01 -3.423622190930058484e-01 8.504353628883545291e-01
5.938587044175789309e-01 -2.814363862730708821e-01 8.167092651712595242e-01
7.243779463557746823e-01 -2.697413360432671103e-02 1.088123606176330860e+00
1.868173116592135585e-01 -3.862484593214878248e-01 7.400890159206423569e-01
2.823968242020127861e-01 -2.384856457678722896e-01 6.376872475065586965e-01
3.916477072639209522e-01 -6.683352187661950605e-02 -6.487730236513928883e-01
7.635058501401754683e-01 5.499120911883925711e-01 -4.907999140313915598e-01
2.048112934282595166e-01 -3.283144695262014134e-01 -2.335525617307649959e-01
1.498669577950573484e-01 -3.302099617788845087e-01 -2.640326084218616032e-01
2.762739064791870369e-01 -6.562092168238405077e-02 -6.712034928067902584e-01
2.578994249081123513e-01 -8.742829920320854820e-02 -6.770826612451641413e-01
6.281521890965674482e-01 -2.558968458024006853e-01 8.834341955828124426e-01
2.599061907138225935e-01 -3.185006449003432993e-01 -2.165772564390547328e-01
3.702797301882697623e-01 -3.813090390987478040e-01 8.339294621557562515e-01
3.818807862092691296e-01 -4.076948582829089673e-01 9.131366339232862561e-01
4.403147357533396811e-01 -3.308306237239254100e-01 1.304037371867897921e+00
6.770252955407584095e-01 -1.567877670194715023e-01 9.717408045010840212e-01
4.018996137905572752e-01 -3.708106180917799533e-01 1.102464250724973560e+00
6.941537569074606173e-01 -1.476700763414480477e-01 7.860577372154280429e-01
7.493852604316705301e-01 -1.032956053484015632e-02 8.362086096885292807e-01
6.767038703072138228e-02 -3.027730707357620399e-01 -5.698132408489455791e-01
1.411226734965179697e-01 -2.474907608569095196e-01 -5.855661829838629817e-01
1.947640088365556188e-01 -1.899587273027437129e-01 -6.074286061866256414e-01
1.890580351660809677e-01 -3.102217392854387801e-01 -2.500718802516533890e-01
2.667075865553518721e-01 -7.757738691191673475e-02 -6.745286020121716852e-01
2.316692908478749091e-01 -1.207319641055617510e-01 -7.249812650070279751e-01
2.488546551429385856e-01 -8.938943008002077362e-02 -6.780841868115254911e-01
1.682503772532663311e-01 -4.321773278472218482e-01 -2.153502339493802431e-01
1.727084243488506976e-01 -1.583508005984516076e-01 -6.339974858239219024e-01
1.219021430609524836e-01 -1.978225248286186733e-01 -6.235292878439953057e-01
6.066567681551750246e-02 -2.356087260968179331e-01 -6.223748930566028736e-01
1.102857915671212607e-01 -1.498260015287902203e-01 -9.604777361698997318e-01
6.849976293067663868e-02 -2.201093898830469020e-01 -8.910388154388055870e-01
6.395548881930041007e-02 -2.312594533103987660e-01 -8.453862222503489843e-01
5.981456963053866094e-02 -2.182167859773893048e-01 -7.964471608055635476e-01
5.270351753249248594e-02 -2.135118675135006527e-01 -7.533115299144050869e-01
1.662914577412982486e-01 -1.552556207268757649e-01 -7.267446592998385579e-01
1.803775759899148845e-01 -1.650824130484240815e-01 -7.471134820369892404e-01
1.943067181086176876e-01 -1.737603239370238417e-01 -7.717498755505882713e-01
2.081664779954162381e-01 -1.578500764344529239e-01 -7.969446655547645086e-01
3.233672367616270416e-01 -1.949724378739876307e-01 -4.702879625785807427e-01
8.420735261735258215e-01 5.836474954571359008e-01 4.585653459277666544e-02
2.046213128602233922e-01 -1.157804395173852863e-01 -7.050985896633826799e-01
2.176029175331107568e-01 -1.226692464475973854e-01 -7.156793193852214463e-01
1.268765146822291578e-01 -3.261556639644882516e-01 -3.030976806110847743e-01
2.379741525067188279e-01 -2.589440256530758377e-01 -2.712539086351961615e-01
1.380904746313103559e-01 -3.299081541143507601e-01 -2.845621119123905585e-01
3.156685116946340575e-01 -2.276123415365772784e-01 1.304391085796178795e-01
4.331756460317734980e-01 -1.992426669582082477e-01 5.663593002332624471e-02
2.741821334676056154e-01 -3.032019801775393542e-01 -1.547970782751255658e-01
6.133716527479240455e-01 -1.936698233564326799e-01 1.218226556028920271e+00
5.676852122160583880e-01 -2.748723546667320994e-01 1.064299588824859200e+00
5.238687144271299001e-01 -3.410781832892266219e-01 9.296844718689785125e-01
2.804122682575417302e-01 -1.017373983219350131e-01 -8.435699489642946025e-01
2.106053306403702363e-01 -4.340292864472173329e-01 8.729631571208522622e-01
2.258612075050612789e-01 -4.216402113061721857e-01 1.106926217024406744e+00
2.504960511632508546e-01 -4.080538205058835133e-01 1.347934813154853639e+00
5.301455339869438621e-01 -1.520325654628247869e-01 4.148583794387581958e-01
6.924564795375998116e-01 -3.587013093238890227e-02 3.018073427271955045e-01
2.297307681380144628e-01 -1.894701661213201160e-01 4.535271477016275532e-01
6.287988212709729741e-01 -1.457756410116446688e-01 5.907694314659197588e-01
1.916218260519081951e-01 -2.950387685216208089e-01 2.601446144191223442e-01
2.134935834476969774e-01 -4.418175092084457578e-01 -1.484620343453207369e-01
7.782978693349271726e-01 5.314899644903726961e-02 2.325857876161903648e-01
6.451242583260891061e-01 -9.069236392627000320e-02 2.179150534258888494e-01
5.543657447526062487e-01 -1.519911779039988531e-01 1.719166526801125250e-01
4.181270591957553240e-01 -1.838053188568608554e-01 1.920834387376228469e-01
3.177316903079704380e-01 -2.044547167173846325e-01 2.432689733733633397e-01
2.431454445984934654e-01 -2.296780210151703749e-01 2.948763770037494125e-01
9.708546491465767925e-02 -3.896249796525976250e-01 3.943795365358399585e-01
7.669205526957680874e-01 6.312003961181307521e-02 5.318170348221219756e-03
6.796662092518505061e-01 -1.132728463033734478e-01 6.082229449789056108e-01
6.286143781605962877e-02 -4.951052077043932576e-01 -2.796531320128067266e-01
2.370375038904164455e-01 -2.778273559199951337e-01 7.605842145144928179e-02
8.557559361102906603e-01 4.670041352390578160e-01 5.108626546089900522e-01
1.880020173218105439e-01 -2.464885907066350912e-01 3.519030407004493655e-01
2.828921892518412862e-01 -2.300472332633520245e-01 -1.494036629496557911e-01
5.923104222594914869e-01 -1.118420757319542602e-01 5.214516494737660990e-01
2.158548405432158812e-01 -4.233862731602661134e-01 -7.058333522152540618e-02
8.145227969080954811e-01 5.841226598559119410e-01 -2.134107378831364699e-01
2.297535577129595219e-01 -1.752297462212187296e-01 4.887408132094727131e-01
1.557704784352572092e-01 -5.017572614246939011e-01 -1.690437435761141943e-02
6.042342409698667760e-01 1.968154187210209294e-01 -7.987135496054449391e-01
6.049408485095368881e-01 3.421358379520915705e-01 -8.935190014867022690e-01
8.374412192490013895e-01 3.251609262739966200e-01 1.950328788927606360e-02
6.944475205164889475e-01 2.698993664920251723e-01 -6.463003694658320253e-01
7.954586658326950888e-01 1.286920191022917492e-01 6.681435114957119392e-01
3.059710720389017258e-01 1.261926118290809459e-02 -1.159124623895871453e+00
6.062420295167196549e-02 -3.926962672176702029e-01 -2.876996271359442137e-01
3.009614514717020572e-01 -2.423522652423897861e-01 -1.683120612752650458e-03
7.511828541994345354e-01 5.296469812144993794e-02 4.483396142529171846e-01
4.688772939675647233e-01 -1.808842730135622467e-01 4.489544624766836356e-01
4.062627430771686976e-01 -1.962224670909989976e-01 4.419448383574135497e-01
2.457582934931813456e-01 -1.062224127233851456e-01 -7.347434659388147882e-01
7.514267413971458254e-01 1.152345584309279192e-01 -2.029652577280114945e-01
1.768735896108761807e-01 5.341216767054511594e-02 -1.288943417222715659e+00
3.995785290446902671e-01 1.798144310355025977e-01 -1.138343283976720022e+00
4.956246466868657885e-01 2.522932750847445282e-01 -1.039027020835481041e+00
3.441761917670286275e-01 -1.992851464441180998e-01 4.510493074460534824e-01
2.859614553909182733e-01 -1.897774907602616246e-01 4.691900018589305610e-01
2.484754929296416059e-01 -1.751684574107020276e-01 4.794123772972260777e-01
7.259841358727641136e-01 -4.156399618015087227e-02 6.370643314638884114e-01
2.972626013101104525e-01 -2.142328533069639551e-01 5.613158219499604362e-01
3.611184619541956131e-01 -2.324780742928799770e-01 5.939598547137934226e-01
4.271100967509705582e-01 -2.318614877250093631e-01 6.011936716347869858e-01
4.909254856460421035e-01 -2.139926645719562592e-01 5.857556027664492238e-01
5.288646682940534305e-01 -1.878817996722165762e-01 5.599139425883965515e-01
8.378930657210176269e-01 3.162485715403748898e-01 7.409820926839234545e-01
5.113166955864006935e-01 -1.612139110658613039e-01 4.675509200948821942e-01
2.613338258094280442e-01 -2.418354739352867044e-01 -4.191815973104470183e-01
2.038337976646326655e-01 -3.582373923949080385e-01 -2.210027191851687001e-01
1.300821614044667396e-01 -3.123990473507693433e-01 -3.932401317543590680e-01
5.062196121077752187e-01 1.429219256187222453e-01 -9.397897654911684384e-01
4.103236115652939553e-01 8.190215709355916363e-02 -1.050069193872466444e+00
1.745978022272646202e-01 -4.892967531182879082e-02 -1.238466591175674258e+00
6.911549024535692531e-01 4.567797527066991270e-01 -7.207999478659548043e-01
2.510020360845569010e-01 -1.905374367872144092e-01 5.169241497797156804e-01
1.441254283198122321e-01 -3.924154873741865224e-01 2.117266693086456431e-01
2.965299886837099441e-01 1.032098699248225893e-01 -1.226361765038654461e+00
8.112821686637520235e-01 3.444208784529626532e-01 -2.151534182856156829e-01
1.151168405074592394e-01 -1.871053874299398179e-01 -7.405121294508230090e-01
1.284050825898571113e-01 -1.955750721011370041e-01 -7.738741432080999960e-01
1.385101951665856368e-01 -2.050929977220444234e-01 -8.146990849952724378e-01
1.482495237785636799e-01 -1.914783086843702131e-01 -8.552426465736533423e-01
2.059407772171372164e-01 -1.324220858347625041e-01 -9.158969896508426523e-01
2.220392133465636242e-01 -1.270595656138308605e-01 -6.465750158193075414e-01
2.348506997348622782e-01 -1.274583443295773943e-01 -6.401890055913527222e-01
2.462957344984930685e-01 -1.290986464449286886e-01 -6.312027821134058581e-01
3.691752351972008572e-01 -1.320619118160247796e-01 -5.474713349633465453e-01
6.520523319097157877e-01 -2.382255109090244266e-02 -2.805259182254982719e-01
1.437749549493287926e-01 -3.378049029027285766e-01 3.350504722960143122e-01
1.804170162802810340e-01 -2.394402718268514030e-01 5.598230733275493254e-01
2.212744973421540140e-01 -2.083469084197384080e-01 5.511352719019932955e-01
2.094857280691055368e-01 -1.171556205171381815e-01 -6.533469333145249802e-01
6.606831238760479952e-01 1.150959918259266690e-01 -5.183385022831800137e-01
1.166517503607067685e-01 -3.328907731201902753e-01 5.577151040532333237e-01
2.497353267488559014e-01 -8.485042575183501801e-02 -9.896405913088326400e-01
9.363272983426310092e-02 -4.497726911431507157e-01 2.625903236033652610e-01
1.943449160819287203e-01 -3.708899060874541465e-01 3.661875948015536758e-02
1.359816998828397849e-01 -1.214113047569620740e-01 -1.049241570208525598e+00
4.097479923108058308e-01 -2.796060173272282151e-02 -7.866753966876134374e-01
3.405745231159057473e-01 -2.028212290232972448e-01 -2.318165073738427950e-01
3.392002030505431032e-01 -5.242557842006308200e-02 -9.023799822266098669e-01
4.972815128898598891e-01 -1.771899093718156681e-01 -2.096479861290544977e-01
4.012932474703774233e-01 -1.762057564481969707e-01 -3.361665419309213254e-01
5.551294747342920832e-01 -9.761145676117755077e-02 -3.734344899650316463e-01
1.619967517317682792e-01 -1.000096040119156093e-01 -1.154791389729057371e+00
2.375031051213445932e-01 -3.107153543247092586e-01 -1.730392014301946474e-02
4.793322127086794282e-01 4.756038676243597163e-02 -8.426386412184164731e-01
3.865351779621559736e-01 1.203790854091903867e-02 -9.659458150962558776e-01
4.686473292210223685e-01 -3.512561997321357599e-02 -6.526884597641641195e-01
7.300074382272038198e-01 1.632714118222053368e-01 -3.784776457772097147e-01
5.647622683635861174e-01 3.385544472689770712e-02 -6.489004662882970065e-01
7.710511367369592417e-01 3.426982614984447340e-01 -4.356847183533460455e-01
4.489512163625037910e-01 -1.231269844682668368e-01 -4.699912491204656373e-01
1.892541758994302215e-01 -3.311919811417937121e-01 1.456958414584392236e-01
1.897041555283675018e-01 -4.508456093793959951e-01 -1.998604718478624309e-01
2.339932640156338617e-01 -3.686065904550873684e-01 -2.139396316104110185e-01
1.602107646985564682e-01 -5.127258450999243600e-01 -1.357351310538930100e-01
2.399516107132140252e-01 -2.765051026682787683e-01 6.633322368915024470e-01
3.608425918599618143e-01 -3.018130841502496553e-01 7.413316389295419029e-01
4.660044690332301176e-01 -2.994254622991722736e-01 7.549793389879411176e-01
5.497021594006457068e-01 -2.675487644914380514e-01 7.299016329581782259e-01
6.040976694600260766e-01 -2.172566459665138394e-01 6.764837839903008465e-01
6.344738128902763785e-01 -7.931437804147883908e-02 4.953210111102797075e-01
8.461956565856801893e-01 2.815452267469195080e-01 2.442901188052558070e-01
5.803416333753919076e-01 -1.153692115537361396e-01 3.342772944032952886e-01
5.074133028255731759e-01 -1.544584047618393075e-01 2.991570463254053514e-01
4.121274482214393187e-01 -1.825124419660473229e-01 3.034743532892191786e-01
3.215349075647120358e-01 -1.984398187638937716e-01 3.333014350739053611e-01
2.524234785836381723e-01 -2.041233344591426024e-01 3.710937627789427373e-01
2.048043095015100734e-01 -2.119060623614971162e-01 4.042084523759021386e-01
8.516495858056716273e-01 5.504825702545583788e-01 2.844673292938477149e-01
2.332122534919505719e-01 -3.286820749901125382e-01 -2.356061468531353009e-01
1.451389656061414513e-01 -4.366692491250427910e-01 1.014694499664767768e-01
1.396781061715125782e-01 -5.073059664387928880e-01 -2.152140778913738395e-01
1.015696836313574880e-01 -4.693516774608473829e-01 -2.595496563771979570e-01
1.396054137676597806e-01 -4.685389360153542349e-01 -2.265755669056670474e-01
2.150230669949032281e-01 -2.998902748952236297e-01 -2.621655713811509303e-01
8.658629540928552970e-02 -4.870593210361813252e-01 -2.721474092258695521e-01
8.437757461401934611e-02 -3.955277988305127002e-01 -2.813604070704803783e-01
2.046034301415234347e-01 -1.860970624652793504e-01 4.847597170488699980e-01
1.675900783785846671e-01 -2.273319628401905268e-01 4.566029519608320597e-01
1.451281872291195485e-01 -2.765767823978198536e-01 4.305297639891853545e-01
5.498041665243562637e-01 -1.608780554289206410e-01 5.406665599489558494e-01
5.941468322739160701e-01 -1.653670381178172222e-01 5.846795362724459544e-01
-3.813806131579259295e-01 -1.811834610345558483e-01 5.641384889685355786e-01
-3.059796665617557920e-01 -1.882098357022982116e-01 5.617714203741428491e-01
-3.804464167024523835e-01 -1.909297908448842618e-01 6.504663966750265924e-01
-4.577997993715769987e-01 -1.740956566624795032e-01 5.658652281697871267e-01
-3.829934951312361502e-01 -1.714400899943903100e-01 4.773315664326811536e-01
4.130621378052733439e-01 -1.886695370046277964e-01 5.296402654249158237e-01
4.868759859966954595e-01 -1.953577665108987005e-01 5.260138404370542364e-01
4.119973327811814467e-01 -1.985819454020747443e-01 6.168302607016507011e-01
3.386618190994241662e-01 -1.820107190827140453e-01 5.337308315683653159e-01
4.144053490123100758e-01 -1.787762901663308979e-01 4.424265887605807746e-01
