-1.669212247884772904e-02 -3.314502013148755699e-01 -5.541903373802554711e-01
2.612139941983837588e-02 -5.519732768764273878e-01 -2.396345660930262467e-01
2.955055937602865668e-02 -3.462335183613239886e-01 -3.110783612636404127e-01
-3.890581688306651853e-02 -5.006529296806344620e-01 1.529208887819527574e-01
2.588577159907422265e-02 -5.916826668086228036e-01 -1.296577475443359273e-01
2.467498440652870356e-02 -5.809264351309517682e-01 2.669697109117268041e-02
2.727666901404857125e-02 -4.270373040775771178e-01 4.248179293810463442e-01
-5.121433069902625590e-01 -1.350713146523971342e-01 5.357617669122074489e-01
2.781870719400850178e-02 -4.087178046039485757e-01 7.273899350700618882e-01
2.667370276422335179e-02 -4.410640675852328663e-01 8.733543859718140290e-01
2.504868415731435760e-02 -4.275054259311400484e-01 1.386735066015345463e+00
-1.539302554444103854e-02 -3.189528531532905276e-01 -5.851656142317194220e-01
-1.345988372204694541e-02 -2.926855536460609142e-01 -6.152656145359955975e-01
-1.062373354983482329e-02 -2.527843149996031324e-01 -6.363734243596523843e-01
-1.958982032179948027e-02 -2.265273983917220346e-01 -7.565597503363867826e-01
-2.074142753198290889e-02 -2.303332591281297970e-01 -8.036162135197049139e-01
-2.284505988556827932e-02 -2.413737439330498891e-01 -8.543518722908951535e-01
-2.256245861902653194e-02 -2.282993253637000675e-01 -9.014705778400400327e-01
1.337820531603026164e-02 -1.545541710073478625e-01 -9.712592301461890898e-01
2.487720524404657407e-02 -5.056839585998149644e-01 -2.868876355304749159e-01
-4.794169899714614824e-02 -3.999758475574018979e-01 -2.639645390125145985e-01
-7.945831345472920137e-01 1.642771292528577565e-01 1.018201458436407414e+00
-3.042624198547227987e-01 -2.033287699502789314e-01 4.209584247570576920e-01
-3.821806381243619821e-01 -1.950162143446171337e-01 4.138976289024548505e-01
-4.547348113524118940e-01 -1.735032152990245713e-01 4.267272183867989455e-01
-5.434058328821189665e-01 -1.192079371209309180e-01 5.073813500356048056e-01
-2.356011791023621127e-01 -1.981144681900437465e-01 4.476768844506464617e-01
-4.142113438354233512e-01 -2.645928783097012404e-01 7.478659551363693314e-01
-3.252244079086596962e-01 -2.637976639891881359e-01 7.312079102416202403e-01
-4.929281691304954194e-01 -2.362778630267831081e-01 7.311120939049648992e-01
-5.428129309128748581e-01 -1.999653851435423402e-01 6.894138107375364921e-01
-6.088078270124386293e-01 -7.085585013958986544e-02 4.442163667013545592e-01
-2.694971059809843639e-01 -3.140341297431808315e-02 -1.077961718090037824e+00
-5.370617603835969867e-01 -1.154359342221041584e-01 5.761735550988813515e-01
-8.197521481271230481e-01 2.542842336926576241e-01 5.527594231966468374e-01
-6.919921661458772189e-01 -4.649473100400869363e-03 5.400542309345229830e-01
-3.560060982316748390e-01 -2.131127595359910698e-01 -5.327300261673884041e-02
-1.020962828873019923e-01 -3.174382938795339282e-01 -5.312702903375029484e-01
-8.849215351450759326e-02 -2.770749598358325239e-01 -6.054784563315938062e-01
-1.753750900260458434e-01 -2.637931317277781851e-01 -5.538785945642900055e-01
-2.185044522986795967e-01 -2.056257701378977898e-01 -5.873732315486666078e-01
-1.485258802612129392e-01 -2.400461786524577534e-01 -6.072851308034459272e-01
-1.907232051808179785e-01 -1.837800876943926909e-01 -6.230826190686744592e-01
-3.377883450546330657e-01 -6.768717427217277316e-02 -7.394215050247836540e-01
-3.859703038183388835e-02 -5.438028145533999602e-01 -2.317095813351798261e-01
-4.999998875526018294e-02 -5.806171990056846477e-01 -1.245822381336310902e-01
-6.440643165612269794e-01 -1.891486204675657534e-01 8.004042715727766044e-01
-1.999397970059105245e-01 -2.617789688492355715e-01 2.147524459561231946e-01
-2.144107905819572779e-01 -3.617079514038633592e-01 -1.599121983855861240e-01
-2.203995754500115423e-01 -3.471684233297978039e-01 -9.497134599110557129e-02
-5.795601392907312466e-01 -1.174371887106044066e-01 -9.004027796488775492e-03
-4.513528166798823349e-02 -5.560681218964058647e-01 2.176214037123176681e-02
-4.705373880404473130e-01 -3.302720742883086258e-01 9.019589596914645568e-01
-5.731557837826872781e-01 -2.672383667554123488e-01 8.723788702647856663e-01
-7.187174670414364641e-01 -4.678860694654039115e-03 1.182680884305338909e+00
-1.363560784364928335e-01 -3.873988682797674388e-01 7.718715107098828021e-01
-2.464056943279441247e-01 -2.380239989672855438e-01 6.783690623439893042e-01
-3.861305549123635883e-01 -6.493703561835560689e-02 -6.213300593218449297e-01
-7.254888775091172803e-01 5.805893531014031383e-01 -4.375743313047469885e-01
-1.571172404953183888e-01 -3.245219728765463829e-01 -2.224040975244584439e-01
-9.705780655092732800e-02 -3.246559558820004687e-01 -2.571618111251818828e-01
-2.765035051596584914e-01 -7.795257835403304747e-02 -6.481132758946965833e-01
-2.621481344888445530e-01 -9.686416404579602235e-02 -6.564600485893199444e-01
-6.109332316502891214e-01 -2.406369174457667626e-01 9.499669485375883404e-01
-2.190021381498957753e-01 -3.135644280855278687e-01 -2.003944890142796975e-01
-3.292036579400448026e-01 -3.721423028077164297e-01 8.793758300888065982e-01
-3.408581350297401613e-01 -3.981083877675956062e-01 9.659966064439535760e-01
-4.128192634378125003e-01 -3.201830983866499336e-01 1.373167960455294878e+00
-6.636417953064266406e-01 -1.400133429146491193e-01 1.051767095278544062e+00
-3.678164254715798887e-01 -3.631129579342134983e-01 1.159666539786230466e+00
-6.853974620354919001e-01 -1.319972204372676927e-01 8.639730926037381131e-01
-7.390406266153204395e-01 8.670064024616445930e-03 9.209890544035166382e-01
-9.727581441340940605e-02 -3.052341885497388829e-01 -5.726753295150470713e-01
-1.622729570095620688e-01 -2.548663199079581054e-01 -5.818983056519257957e-01
-2.057107862592168490e-01 -2.006048936671226413e-01 -6.048279111845535905e-01
-1.394795835971439080e-01 -3.050786856359457566e-01 -2.405962409951321046e-01
-2.688627232708131753e-01 -8.774209605403908430e-02 -6.524556299668460291e-01
-2.505962385913850232e-01 -1.277436771304187868e-01 -6.985700109574199956e-01
-2.539757899283724418e-01 -9.894695370575325166e-02 -6.594349794439888779e-01
-1.225086015275057838e-01 -4.356032986777660376e-01 -2.057339877665432804e-01
-1.795421379834040154e-01 -1.685836568188210371e-01 -6.369619409436795276e-01
-1.357806305796115942e-01 -2.074655614153890215e-01 -6.267596413387788168e-01
-7.950254796953171166e-02 -2.413166645391601750e-01 -6.272731998354370564e-01
-9.097083755274208705e-02 -1.486725989591539676e-01 -9.610349626289353964e-01
-1.124609502153762763e-01 -2.241548472477986609e-01 -8.848366173668915646e-01
-1.088844660828084399e-01 -2.370515906367084424e-01 -8.362564787418911294e-01
-1.000275566703592300e-01 -2.246332040236651006e-01 -7.843962073165087201e-01
-8.964888763492687151e-02 -2.206303438400595285e-01 -7.401561266325362709e-01
-1.927274630513719500e-01 -1.636321423029710731e-01 -7.004548999743338555e-01
-2.095191237913618387e-01 -1.710962472724869565e-01 -7.200093894869199485e-01
-2.267771884699438800e-01 -1.786654557467040050e-01 -7.443681206953776108e-01
-2.391988518738548120e-01 -1.620134074631837118e-01 -7.712172587310874849e-01
-2.969528307174718051e-01 -1.914385135037566799e-01 -4.497875404672265764e-01
-8.114713768096570856e-01 6.164666262364004723e-01 1.259927591378285083e-01
2.933519542362313104e-02 -4.019999551687744033e-01 -2.951844771084414232e-01
-2.211426275326233148e-01 -1.262987598275531198e-01 -6.809988190999181068e-01
-2.359565492500715900e-01 -1.308136940553378536e-01 -6.896692907680128659e-01
-7.187397926873914655e-02 -3.250291954546661310e-01 -2.993079371241669229e-01
-1.915860808623275902e-01 -2.505099990172486857e-01 -2.578707960924369047e-01
-8.406972985001748278e-02 -3.261233192321670860e-01 -2.788155283840355603e-01
-2.790149455095364273e-01 -2.269883512549580873e-01 1.599358726121600793e-01
-4.033562594501949317e-01 -1.935144960090723343e-01 9.723004322524803067e-02
-2.328748192851684551e-01 -2.984843219621868826e-01 -1.359640488858262219e-01
-5.982348728258024551e-01 -1.746710914704630024e-01 1.304868310622016025e+00
-5.455353087658731948e-01 -2.605543095112450303e-01 1.136910223646734996e+00
-4.944863849311254000e-01 -3.282374155788914116e-01 9.897603973586950321e-01
-2.792455941898588367e-01 -9.891430967579623035e-02 -8.316009416585785630e-01
-1.577961521826518054e-01 -4.333827693707503759e-01 9.179485279896049121e-01
-1.835169802895142421e-01 -4.199813706615185271e-01 1.145353844800350407e+00
-2.124343078337434521e-01 -4.033266179230010628e-01 1.395244255655621046e+00
-5.130381954100504682e-01 -1.433458719629573941e-01 4.569791299307773835e-01
-6.938113702365467095e-01 -1.715581454811360151e-02 3.721544094073775399e-01
-1.899267284127464928e-01 -1.925366827385083246e-01 4.738660380324094534e-01
-6.122952419685057102e-01 -1.317049185549009349e-01 6.519817429598224745e-01
-1.469953689324815516e-01 -2.982864022709719176e-01 2.790920077673051392e-01
-1.699677132148050274e-01 -4.413024140340182644e-01 -1.333407965798825423e-01
-7.615685444094943968e-01 7.393376704845228131e-02 3.103261835015042047e-01
-6.462475757461305648e-01 -7.577312951226913840e-02 2.801314668422943965e-01
-5.518734529589564008e-01 -1.409144210540162201e-01 2.231578345610487624e-01
-4.055808024970697367e-01 -1.786433418159083519e-01 2.282982344201317515e-01
-2.968597291451489650e-01 -2.027027980362378079e-01 2.681620846815200299e-01
-2.155009023853660111e-01 -2.296173761536374203e-01 3.137715611708163932e-01
-4.493834978824426396e-02 -3.945461904525598973e-01 4.067309751663026329e-01
-7.472081887265158429e-01 8.181654336051669141e-02 7.635559694698551558e-02
-6.733335033183207585e-01 -9.765686192388525755e-02 6.807611194705927016e-01
-1.533201601566314479e-02 -5.011870704020862100e-01 -2.804796980767054748e-01
-1.942605518209319926e-01 -2.789586623205514426e-01 9.628377424284034758e-02
-8.404852178806831997e-01 4.954668409402585016e-01 6.041814117105810400e-01
-1.521194783108756332e-01 -2.486539863092573910e-01 3.660420186298091183e-01
-2.375357173039624459e-01 -2.241745489325425167e-01 -1.297203647402463689e-01
-5.674466827944146807e-01 -1.006879530738698791e-01 5.765327298552797020e-01
-1.740432267842034753e-01 -4.225387202046820834e-01 -5.462301990432924526e-02
-7.779383813601170594e-01 6.180236278057960053e-01 -1.459533735389238196e-01
-1.856243678786065332e-01 -1.799709251073600136e-01 5.117522528792848302e-01
-1.126332767540848268e-01 -5.050951946518611457e-01 -5.289447677022302008e-03
-5.811141409947240266e-01 2.212904640492624475e-01 -7.712881797397808104e-01
-5.737665420936144400e-01 3.700803238955241437e-01 -8.717479580486398039e-01
-8.063509636939913960e-01 3.512832644311799646e-01 9.580596426334114790e-02
-6.685242905255073254e-01 2.960013162370475071e-01 -6.046140151793899520e-01
-7.824808204081856733e-01 1.504708558523043527e-01 7.559360828397254650e-01
-2.808909230249663769e-01 2.569466122059391178e-02 -1.164838408047572438e+00
-2.145474297542211001e-03 -3.962655595386643803e-01 -2.890665123565838712e-01
-2.629330777812363684e-01 -2.393171909446556445e-01 2.403828020683956151e-02
-7.571471713580368856e-01 7.242349408862849836e-02 5.356090755623138522e-01
-4.424081501363996693e-01 -1.745231338232772211e-01 4.827063921633514276e-01
-3.783638093769259303e-01 -1.927673152476866436e-01 4.692292137213355252e-01
-2.626704932303392526e-01 -1.132232230981747578e-01 -7.081522406455746932e-01
-7.289232948430690584e-01 1.351683574384597020e-01 -1.404281343065895971e-01
-1.374666536074703460e-01 6.094256100487112360e-02 -1.303930781258288985e+00
-3.646027316627430404e-01 1.983713441940091471e-01 -1.141968529990725623e+00
-4.619865574113668494e-01 2.750057782382345772e-01 -1.033157073125732239e+00
2.570291150002620290e-02 -4.393540728802969308e-01 1.125387883485494234e+00
2.262672139679171301e-02 3.770187339861433284e-02 -1.327389300155616958e+00
-3.127491819298444664e-01 -1.978775859612763588e-01 4.761019232745594687e-01
-2.484009083785834737e-01 -1.916204381340674834e-01 4.936720823796922897e-01
-2.057108773561650006e-01 -1.792867415194321357e-01 5.036360725260715654e-01
-7.258923594057875572e-01 -2.503652595552760540e-02 7.240015772676522410e-01
-2.629288458282574847e-01 -2.158524580404219684e-01 6.012738361525433728e-01
-3.339073040408280235e-01 -2.304199829996073090e-01 6.406884072022396293e-01
-4.017578311680947145e-01 -2.267669683307715900e-01 6.503051661126997285e-01
-4.656637495668414228e-01 -2.057308050334832883e-01 6.363440283743759807e-01
-5.035538352377799676e-01 -1.781689702427563526e-01 6.111749263976018476e-01
-8.310477841743557637e-01 3.438080283997199116e-01 8.376479880379794629e-01
-4.843014847619453445e-01 -1.530880241401061381e-01 5.076562825914063826e-01
2.798448114925457253e-02 -3.255892082175650959e-01 -3.907624845634641852e-01
-2.235133194029310100e-01 -2.387671228825927194e-01 -4.040891717620574974e-01
-1.566376863032803435e-01 -3.550550131355102446e-01 -2.090547222849313824e-01
-7.973845265579487807e-02 -3.155717841428707926e-01 -3.907219102472599959e-01
2.766368959572978320e-02 -3.897884039237936582e-01 5.800450103927928813e-01
-4.826624308334805935e-01 1.653500387967833385e-01 -9.258018386229391883e-01
-3.874822591078546097e-01 1.011899583363660426e-01 -1.047633466776354494e+00
-1.465390900118937467e-01 -4.212722840967117466e-02 -1.249982926073300860e+00
-6.553975223513608395e-01 4.859414111821169779e-01 -6.833919091630180631e-01
-2.103401696501799867e-01 -1.953672700221059655e-01 5.459457886533005677e-01
-9.622492367445181771e-02 -3.961191913041034462e-01 2.257737171922493680e-01
1.663826463901587477e-02 -6.289610656388666676e-02 -1.271631530188380044e+00
-2.604340649063513480e-01 1.162857239537855025e-01 -1.237722323312195893e+00
-7.792546080182582990e-01 3.712086561377322402e-01 -1.482679418295797524e-01
-1.481273376377003903e-01 -1.954057643124321175e-01 -7.182933229908305961e-01
-1.647334082720269821e-01 -2.024927016591628881e-01 -7.516668082400008721e-01
-1.780462491822512039e-01 -2.116695106846742114e-01 -7.943504404082246673e-01
-1.861661425291797345e-01 -1.972402272686244462e-01 -8.396170171740517940e-01
-1.971477708960425179e-01 -1.329157966063025942e-01 -9.102969559669304989e-01
-2.240923339196848607e-01 -1.384884352394258888e-01 -6.437969309636163429e-01
-2.370919123027513953e-01 -1.410457316918032611e-01 -6.354199448716828513e-01
-2.481859429006082474e-01 -1.434375007995578599e-01 -6.258065809762606291e-01
-3.523084929417852340e-01 -1.326368742857399752e-01 -5.262334599755886799e-01
-6.356741930072939972e-01 -6.770404081561737231e-03 -2.278935963529221675e-01
-9.462841494908252882e-02 -3.416778482510424153e-01 3.512628145437052263e-01
-1.327075814221029271e-01 -2.405267795302656886e-01 5.876756111804328775e-01
-1.797099368173205036e-01 -2.127888454978604793e-01 5.812902124165510997e-01
-2.109184116621056759e-01 -1.300786491860624339e-01 -6.515491958217644042e-01
-6.406542552773308863e-01 1.371726018036186490e-01 -4.727937510882013195e-01
-7.063028633426352010e-02 -3.372009062642672417e-01 5.771872848792353183e-01
-2.368210350527012453e-01 -7.772137888715685561e-02 -9.879246134554378056e-01
2.553288564656287785e-02 -5.279395268206588110e-01 1.624547924347961025e-01
-4.345290750814356784e-02 -4.542250842227274488e-01 2.725224510989449067e-01
2.662855523632046140e-02 -4.750508998149893802e-01 2.887421519286964555e-01
-1.503011491809486122e-01 -3.711513829823570587e-01 5.306775860994140948e-02
1.451526164101026029e-02 -1.177086373986060419e-01 -1.181929163264483496e+00
1.422761496089244501e-02 -1.347078932086709091e-01 -1.067189081070254009e+00
-1.141945980456625098e-01 -1.166022295148978760e-01 -1.053592161288449125e+00
-4.073584280729973806e-01 -1.582639643763448026e-02 -7.612954785555221537e-01
-3.049388895030435975e-01 -1.944274907593268598e-01 -2.068885388028457450e-01
-3.331839859739745835e-01 -4.153129052891081641e-02 -8.913735871388734910e-01
-4.768991740299188820e-01 -1.648661028269315931e-01 -1.683715884007819241e-01
-3.769633931931273274e-01 -1.667080558969052939e-01 -3.054882487786106937e-01
-5.405334617589829804e-01 -8.199912445422591345e-02 -3.295157510799812117e-01
-1.381500844419858709e-01 -9.469810566852848721e-02 -1.162675175230424740e+00
-1.953141474055988813e-01 -3.088431071866765132e-01 1.049631476813250863e-03
-4.654917553508869377e-01 6.612842393847291611e-02 -8.257171171825099520e-01
-3.705396374772140788e-01 2.855721022998973513e-02 -9.600841707802783009e-01
-4.624518547184057748e-01 -2.579931940234857918e-02 -6.172776036552872769e-01
-7.068517137169472164e-01 1.859532638360666956e-01 -3.239065741797669817e-01
-5.542024614550792316e-01 5.349453424669710355e-02 -6.132105913167198441e-01
-7.396008871919679262e-01 3.677660448640943658e-01 -3.795383995328371896e-01
-4.371585879174474387e-01 -1.142479894566579002e-01 -4.334006898159502574e-01
-1.438401176444026319e-01 -3.343518555233693235e-01 1.631041918691253922e-01
-1.461405858561137805e-01 -4.522163553185015727e-01 -1.880597517011423081e-01
-1.904407410644348708e-01 -3.644732536636676734e-01 -1.994139790418767433e-01
-1.144433383978125940e-01 -5.142534980249990895e-01 -1.249670651476146033e-01
-1.952191695241867198e-01 -2.763060313381671129e-01 6.968994470476104208e-01
-3.231572863700626908e-01 -2.950997595342141899e-01 7.809061287182772482e-01
-4.334039827046698434e-01 -2.893071265795482683e-01 8.002787647944575866e-01
-5.229737496239683647e-01 -2.552299055481921375e-01 7.805249293090144036e-01
-5.833034713357998502e-01 -2.033644112082783062e-01 7.325557928518440232e-01
-6.207480769944295762e-01 -6.516621256375179638e-02 5.583843541583046743e-01
-8.244181530596383922e-01 3.049713880449067549e-01 3.281410727479137091e-01
-5.699107150959425994e-01 -1.042067351912892570e-01 3.882005585030295913e-01
-4.958326816686609018e-01 -1.456281981315185603e-01 3.438977776552726295e-01
-3.954567567403455275e-01 -1.777107408024858337e-01 3.350069211642394684e-01
-2.981646705953465148e-01 -1.971567611602148551e-01 3.551730283268337285e-01
-2.209473365874808914e-01 -2.035254754102594488e-01 3.884386816145326549e-01
-1.673832220322832298e-01 -2.133375351650973473e-01 4.192706618139061536e-01
-8.292455793209685400e-01 5.792272256563923971e-01 3.724198260701544472e-01
-1.899830281653068775e-01 -3.234631969934087525e-01 -2.222057580039181746e-01
-9.706079688497723512e-02 -4.413189490064167719e-01 1.138335518208943575e-01
-9.439857704710910569e-02 -5.092830742460582316e-01 -2.077640594725349565e-01
-5.600029989187085833e-02 -4.708782052049661493e-01 -2.563141510684845414e-01
-9.461550481404568114e-02 -4.704225937833039772e-01 -2.190985718203674049e-01
-1.694303443565784995e-01 -2.933006843457156565e-01 -2.511589149191073567e-01
-4.040724380446596153e-02 -4.899616195762068749e-01 -2.705632712004457652e-01
-2.901298868754437210e-02 -3.970792973258884251e-01 -2.808010190977504594e-01
-1.607256993118569288e-01 -1.891258357755781772e-01 5.065478848905441422e-01
-1.250795226925711934e-01 -2.297379421726813975e-01 4.742595899422998862e-01
-1.045197836455057094e-01 -2.788007765473898836e-01 4.453522281569319841e-01
-5.231925255222691362e-01 -1.503073274751709487e-01 5.920442058609218794e-01
-5.712435838645324448e-01 -1.513766009278355584e-01 6.412925548597410152e-01
9.012511700198316822e-02 -5.001966644379490790e-01 1.473099848109672982e-01
5.474859355313299591e-01 -1.466917575548445929e-01 4.966707243075334510e-01
1.027939672896495127e-01 -4.045609417860588364e-01 -2.706955584193129205e-01
8.054885738160666442e-01 1.411118114859655215e-01 9.334969217749284898e-01
3.340888673230613115e-01 -2.064390589699999223e-01 4.049591471531557296e-01
4.079507675906113295e-01 -2.009131640473954539e-01 3.940738748435648198e-01
4.782234003291341295e-01 -1.821881113414614006e-01 3.977201062534927445e-01
5.713215803650040225e-01 -1.305665346289380802e-01 4.631799951446853303e-01
2.729931978347352461e-01 -2.007097446029421084e-01 4.323879242039516679e-01
4.474447098715217397e-01 -2.741262719962334060e-01 7.136037090729905330e-01
3.602331942856207281e-01 -2.714209648058840685e-01 6.996314554339004843e-01
5.261162514840855842e-01 -2.498141485410887430e-01 6.929331718338818114e-01
5.746807867877867793e-01 -2.161831932010754853e-01 6.451947662235686387e-01
6.260974084104720117e-01 -8.542523215831024364e-02 3.882437914827909786e-01
2.925982133038289579e-01 -4.346507715348107981e-02 -1.090345964367322784e+00
5.740274589582872178e-01 -1.277854986935109127e-01 5.327737809572021810e-01
8.458534770189096719e-01 2.328459455806669576e-01 4.711203261710322776e-01
7.042132606698592312e-01 -2.276066056716329056e-02 4.727357215839130822e-01
3.929805107011064003e-01 -2.230168508758634260e-01 -8.770389278245435682e-02
7.015875366620778764e-02 -3.188967122853794134e-01 -5.400706044287540974e-01
6.359207172763885196e-02 -2.752130751089063021e-01 -6.156457075380576960e-01
1.525350060146151154e-01 -2.604305729676615888e-01 -5.713791037842296250e-01
2.060470985160490209e-01 -1.968110980954270728e-01 -6.055369461987658575e-01
1.297112270404165435e-01 -2.334830404117012037e-01 -6.218491291892191963e-01
1.813205684574439869e-01 -1.751960585031738238e-01 -6.361799254626614442e-01
3.339309759277142575e-01 -7.421476303919617712e-02 -7.723319968594664076e-01
8.850897522893336200e-02 -5.475940865286563763e-01 -2.376270354129172979e-01
9.814158767802741434e-02 -5.848209746773924689e-01 -1.315820897748352369e-01
6.639479244282409098e-01 -2.067070112332958232e-01 7.472491491212909231e-01
2.445166540849522119e-01 -2.640984362084974890e-01 1.943525298369414012e-01
2.608125836373487161e-01 -3.697971801231045852e-01 -1.790779613696059647e-01
2.652223679230539255e-01 -3.552180264478349558e-01 -1.148318963266346526e-01
6.067687042176006518e-01 -1.307911674073108932e-01 -6.410517232121587528e-02
9.435290052508385483e-02 -5.568655861159710341e-01 1.588941867975834227e-02
5.072166708945413660e-01 -3.471173899052676370e-01 8.622473128927543584e-01
6.021069848070892405e-01 -2.853453400503291881e-01 8.280582409029779711e-01
7.344390473635975525e-01 -2.734878578373439728e-02 1.103236877351566170e+00
1.894120729327575248e-01 -3.916131791930682615e-01 7.503683326522159192e-01
2.863191177876728277e-01 -2.417980439200489995e-01 6.481273418122621699e-01
3.906941808508721525e-01 -6.893938490870715752e-02 -6.626901480037677983e-01
7.741104102554707822e-01 5.575499839799991086e-01 -4.976167801915815092e-01
2.076447979100088381e-01 -3.330001008272418517e-01 -2.368645485331943856e-01
1.518827361300515433e-01 -3.350114140757149972e-01 -2.678628346310248931e-01
2.723800286504507451e-01 -6.745657190886390764e-02 -6.838976202530653303e-01
2.539737980907975645e-01 -8.941754514926174291e-02 -6.886622470098545667e-01
6.368767819069642844e-01 -2.594510732966992528e-01 8.957044745803128816e-01
2.635161051935297483e-01 -3.229683191905305950e-01 -2.196024128873683701e-01
3.754226556256268221e-01 -3.866051538919557107e-01 8.455121551687845294e-01
3.871848421683543595e-01 -4.133574535761397328e-01 9.258194605527614307e-01
4.464303982385575686e-01 -3.354256287741380627e-01 1.322149535252141739e+00
6.864287014803716058e-01 -1.589654390050831978e-01 9.852376002864777771e-01
4.074817172072808802e-01 -3.759609171893207868e-01 1.117776705003654669e+00
7.037950651476421182e-01 -1.497211102087011303e-01 7.969755272059875217e-01
7.597936954715656110e-01 -1.047303090245091037e-02 8.478229600811837408e-01
6.756310710879072368e-02 -3.050749699647334889e-01 -5.823569244421153979e-01
1.410073280783094019e-01 -2.499255956848171478e-01 -5.985603457675912065e-01
1.938546704576025181e-01 -1.922089328799066466e-01 -6.206751306019444581e-01
1.916403555704890849e-01 -3.146863404266934117e-01 -2.536259631011532623e-01
2.627381413224447737e-01 -7.951211017259682268e-02 -6.867025072319616896e-01
2.304010717341743453e-01 -1.223644916396986193e-01 -7.300162297571270997e-01
2.450326118690794308e-01 -9.132115804099130707e-02 -6.891904272188905667e-01
1.705872568458402516e-01 -4.382582662397055406e-01 -2.184004873582936490e-01
1.715850445827553639e-01 -1.600353308996388391e-01 -6.472538806642409437e-01
1.213706476807579482e-01 -1.993161558725742299e-01 -6.373025030255035084e-01
6.021496427040588795e-02 -2.366244382344857566e-01 -6.363268547879892267e-01
1.117114733677745664e-01 -1.514245496697338988e-01 -9.687803144315978443e-01
6.924771115143252276e-02 -2.224743535029282682e-01 -8.949076835149694098e-01
6.462399145714331494e-02 -2.337182083957681789e-01 -8.468134722817202142e-01
6.033366011781501892e-02 -2.204680120391624976e-01 -7.961587571240140715e-01
5.301658402483855337e-02 -2.157368300120274252e-01 -7.520952610319786569e-01
1.666958836322262050e-01 -1.569279527486491799e-01 -7.272283861858044318e-01
1.811270721382584603e-01 -1.668658595373254672e-01 -7.479606232284949918e-01
1.954965152924017513e-01 -1.756448119740479652e-01 -7.733299885943316632e-01
2.097004130998741389e-01 -1.595311774986297171e-01 -7.994713723422877116e-01
3.255451204747399352e-01 -1.980389995559232452e-01 -4.798054322032203611e-01
8.537693361377407530e-01 5.917539493246215532e-01 4.649344965725055179e-02
2.034051919587010482e-01 -1.172554322695477103e-01 -7.090523159073296444e-01
2.164433762186558363e-01 -1.242603419604203785e-01 -7.199256748417746099e-01
1.284988891283700418e-01 -3.308994895989764151e-01 -3.076208675987772700e-01
2.412035752027692492e-01 -2.626289644562256331e-01 -2.750605162674393256e-01
1.399059254077072711e-01 -3.347115421050159689e-01 -2.887490621525462542e-01
3.200529256557804736e-01 -2.307737171283485988e-01 1.322508162018504185e-01
4.391921515739150017e-01 -2.020100076916186982e-01 5.742256321960449716e-02
2.779903307674211344e-01 -3.074132427700643211e-01 -1.569471009919642945e-01
6.218909542875117324e-01 -1.963597612055334451e-01 1.235146867438565721e+00
5.755699611782361114e-01 -2.786901386543216841e-01 1.079081961128599110e+00
5.311448830035003787e-01 -3.458155197458395724e-01 9.425971363474250353e-01
2.829064783272091654e-01 -1.028589230883829031e-01 -8.502748157657680217e-01
2.135304907933244234e-01 -4.400576484552926049e-01 8.850880023678486808e-01
2.289982610748025893e-01 -4.274964977602985217e-01 1.122300644881739640e+00
2.539752654125157494e-01 -4.137214015323237293e-01 1.366656681173252785e+00
5.375088831793406463e-01 -1.541441910379753866e-01 4.191072333682234197e-01
7.020742137869628863e-01 -3.636834216650260132e-02 3.059992347848666805e-01
2.329215671876946891e-01 -1.921017736804758735e-01 4.588310378428033243e-01
6.375323953481992767e-01 -1.478003620972521415e-01 5.998247414962702972e-01
1.942833186565778858e-01 -2.991366498365521931e-01 2.637401920317050674e-01
2.164588594039784653e-01 -4.479540441616891577e-01 -1.505240677505198521e-01
7.891078802097006850e-01 5.388719899174639061e-02 2.358162408815928091e-01
6.540845812600892817e-01 -9.195201717591805490e-02 2.209417396849364668e-01
5.620654956648096778e-01 -1.541022286350202108e-01 1.743044550742824939e-01
4.239345504340463755e-01 -1.863582456654383490e-01 1.946910082249722063e-01
3.221447603712668251e-01 -2.072944491619849172e-01 2.462362825210552275e-01
2.465225640842597099e-01 -2.328680874443539439e-01 2.983667561636299537e-01
9.843391384772068320e-02 -3.950365970205432786e-01 3.998571921706064458e-01
7.775725406317146593e-01 6.399673253705430442e-02 5.392035746617264425e-03
6.891062956284288443e-01 -1.148461263943432453e-01 6.172009355141894194e-01
6.373453894395118835e-02 -5.020668958401506288e-01 -2.836524630137423619e-01
2.403297883688182424e-01 -2.816861827999544987e-01 7.711481931365041231e-02
8.676417851405715531e-01 4.734904955519300129e-01 5.179581789579215112e-01
1.906132333250931676e-01 -2.499121441442453406e-01 3.560662146956384833e-01
2.868213631101920735e-01 -2.332424277913974775e-01 -1.514787749149459906e-01
6.005371980970486412e-01 -1.133954836269968069e-01 5.287902340646429833e-01
2.188529127024504972e-01 -4.292668111874398118e-01 -7.156368838587576220e-02
8.258359465892728402e-01 5.922357134232303366e-01 -2.163748631727013816e-01
2.329446732938325604e-01 -1.776635643477592064e-01 4.950860588140352236e-01
1.579340209967866615e-01 -5.087263174457934412e-01 -1.713916439893396065e-02
6.126204718629864043e-01 1.995490466808602648e-01 -8.098125957924464657e-01
6.133430520984672896e-01 3.468878644892736673e-01 -9.059293529773748688e-01
8.490726897228972891e-01 3.296771823975400695e-01 1.977417455870293661e-02
7.040929089269154506e-01 2.736480791659612333e-01 -6.552770277576835944e-01
8.065070281203012836e-01 1.304794606759066833e-01 6.774235540709956371e-01
3.102207953728908230e-01 1.279453388466469596e-02 -1.175114378367654755e+00
6.142879783865978771e-02 -3.983732429598637603e-01 -2.919940674612743203e-01
3.051415946938296209e-01 -2.457183680238800294e-01 -1.706498077458470930e-03
7.616162565544715157e-01 5.370034058589767678e-02 4.545667374757469403e-01
4.753896703294002712e-01 -1.833966285465704615e-01 4.540873993716150192e-01
4.119054472958405544e-01 -1.989478593690752195e-01 4.468641882575699054e-01
2.442847619469677989e-01 -1.077570762055169162e-01 -7.408955639792753622e-01
7.618635311740984406e-01 1.168350857310214985e-01 -2.057843026331657166e-01
1.793302395677720540e-01 5.415402486890345812e-02 -1.306845936176097567e+00
4.051283942241878933e-01 1.823119272146916936e-01 -1.154154072832571654e+00
5.025085249956540157e-01 2.557974515122463099e-01 -1.053458376537396157e+00
3.489565573859387815e-01 -2.020530771877582232e-01 4.562460766358706898e-01
2.899332592006645393e-01 -1.924133668428451571e-01 4.749395264180735765e-01
2.519266430439023874e-01 -1.776014242787021802e-01 4.854733804430690913e-01
7.360675457250920317e-01 -4.214129100164897002e-02 6.460420334454635150e-01
3.013913701008713586e-01 -2.172083972024663190e-01 5.698724613957711904e-01
3.661341438089360523e-01 -2.357070314958592538e-01 6.035111726766944074e-01
4.330423560729046439e-01 -2.350818809735355508e-01 6.109654052535706814e-01
4.977440959077816807e-01 -2.169648724145928353e-01 5.950569332165867031e-01
5.362102271614155313e-01 -1.904913459367646444e-01 5.684278668153304181e-01
8.495308120251177098e-01 3.206410421254535237e-01 7.512738120037683043e-01
5.184185254352546846e-01 -1.634530590841848374e-01 4.732505009287866216e-01
2.638046749554548431e-01 -2.451960186515065310e-01 -4.263953220420129142e-01
2.066649059796071830e-01 -3.633253444257490417e-01 -2.241395886875068300e-01
1.314810393879572159e-01 -3.166830418271266989e-01 -3.996621559264225132e-01
5.132503441106988085e-01 1.449070112092513685e-01 -9.528427662288241340e-01
4.160234565616488522e-01 8.304079471818318070e-02 -1.064593881099619166e+00
1.770228430954878807e-01 -4.960927414289328929e-02 -1.255623903161764421e+00
7.007545587112185004e-01 4.631241035258834016e-01 -7.308113529872684033e-01
2.544882781090698765e-01 -1.931838679864689157e-01 5.241281556374497441e-01
1.461272293125348565e-01 -3.978658629348563736e-01 2.146674040682844398e-01
3.006485819995396991e-01 1.046433827454497922e-01 -1.243395068788801794e+00
8.225503082942242639e-01 3.492046434085390727e-01 -2.181417481822395255e-01
1.158038181585622772e-01 -1.890356341727732481e-01 -7.400244374203257536e-01
1.294664353447547156e-01 -1.975783179068774098e-01 -7.740381642725684408e-01
1.399806848057229824e-01 -2.072153005180516483e-01 -8.156406041631591997e-01
1.500100183831780121e-01 -1.934521648647855585e-01 -8.580454527842127366e-01
2.086523357380840604e-01 -1.338235974437594900e-01 -9.226425303012164569e-01
2.195320684240651410e-01 -1.289950702171911157e-01 -6.601164106211906413e-01
2.321374910772410205e-01 -1.295506600982517520e-01 -6.540978376053793175e-01
2.435167578218633277e-01 -1.313291665200029823e-01 -6.454319858040848956e-01
3.698373871957008063e-01 -1.348823185670070257e-01 -5.602062139701530219e-01
6.611596245589492771e-01 -2.427077142999744391e-02 -2.845836132893774795e-01
1.457718881130420918e-01 -3.424967757933106149e-01 3.396632500927350140e-01
1.829228819453773691e-01 -2.427659290646372314e-01 5.680699763241821021e-01
2.243478447285765509e-01 -2.112407006739397408e-01 5.593352702005585098e-01
2.071520838153546595e-01 -1.188549992715068337e-01 -6.664918348954826932e-01
6.698344278760066661e-01 1.163695456170569242e-01 -5.261869361482571783e-01
1.182719612589303027e-01 -3.375143921988549289e-01 5.655321305095040163e-01
2.531964937101101043e-01 -8.585327569171050111e-02 -9.996077249388379826e-01
9.493322270161225207e-02 -4.560197179872410578e-01 2.662375188040772001e-01
1.970442304949282519e-01 -3.760413064395778937e-01 3.712736828454239052e-02
1.378272985691141039e-01 -1.229241827585596802e-01 -1.060298788613600829e+00
4.117065382253697337e-01 -2.864580139862048930e-02 -7.978187921959114526e-01
3.453048640863876084e-01 -2.056382734708817051e-01 -2.350362758768770322e-01
3.433597446790754848e-01 -5.300606877883733137e-02 -9.117163670774024453e-01
5.041902656188431697e-01 -1.796552571584902891e-01 -2.125657691466584231e-01
4.067851216856938068e-01 -1.788739400808333491e-01 -3.413064717100412482e-01
5.628365489603824878e-01 -9.960124703223899312e-02 -3.797999266419345155e-01
1.642435498520178894e-01 -1.013886391509764284e-01 -1.170162043988179024e+00
2.408018564738931278e-01 -3.150309724081551410e-01 -1.754425979734054036e-02
4.850355110822708316e-01 4.821391261907399806e-02 -8.543943022997408931e-01
3.917761582675821641e-01 1.225012369774742399e-02 -9.786950808319700990e-01
4.709980410539584827e-01 -3.664804186682076026e-02 -6.651413470440720177e-01
7.401472159218345226e-01 1.655380087418140689e-01 -3.837359856126241198e-01
5.712139318899422946e-01 3.364206376564708723e-02 -6.597416848046733229e-01
7.817604955846912951e-01 3.474580988933243519e-01 -4.417360731481329017e-01
4.535654535905263574e-01 -1.257644048939028647e-01 -4.791741982076460626e-01
1.918827835060749054e-01 -3.357920051927909544e-01 1.477194535764734251e-01
1.923390130360769223e-01 -4.571374655172917301e-01 -2.026535200764740807e-01
2.372432661398773956e-01 -3.737820964979875482e-01 -2.169412845474493201e-01
1.624359797182597931e-01 -5.198472470459991612e-01 -1.376203967093614366e-01
2.432843700890630068e-01 -2.803455643790742080e-01 6.735063907694447405e-01
3.658544420728127022e-01 -3.060050559522553559e-01 7.526127711692698341e-01
4.724769438740605842e-01 -3.035842717102837929e-01 7.663671531467557418e-01
5.573371363871371109e-01 -2.712648289542074487e-01 7.409365848021758350e-01
6.124881618840494202e-01 -2.202741882187131406e-01 6.867998813968803073e-01
6.432862086160462400e-01 -8.041599905694807315e-02 5.019725945908517506e-01
8.579487200467095231e-01 2.854556922419304588e-01 2.476831370119497722e-01
5.884021711399789467e-01 -1.169716088885452976e-01 3.380904815206610126e-01
5.144609172899894389e-01 -1.566037235413991757e-01 3.023013827060327952e-01
4.178516090762973700e-01 -1.850474116224853915e-01 3.064155382992488352e-01
3.260008016450388624e-01 -2.011960084996550213e-01 3.364915211353787239e-01
2.559294634463091245e-01 -2.069584642368765826e-01 3.747868004880909876e-01
2.076488975443935292e-01 -2.148492887646680227e-01 4.085372808286471535e-01
8.634784005137507990e-01 5.581283865997965776e-01 2.884183807412993295e-01
2.364457370101166744e-01 -3.333289091562737783e-01 -2.389208405617831987e-01
1.471548439200529024e-01 -4.427342783608989585e-01 1.028787897786319072e-01
1.416181369825593450e-01 -5.143710093457110055e-01 -2.182153932447929989e-01
1.029804152135221917e-01 -4.759763523220540415e-01 -2.632787910886174032e-01
1.415444349322625417e-01 -4.751156938875136237e-01 -2.297823911787469919e-01
2.179536904773462513e-01 -3.041813628917896528e-01 -2.658723535157515583e-01
8.778891825056422960e-02 -4.939140121938569994e-01 -2.760423135257876748e-01
8.552081578885387114e-02 -4.012332947889885038e-01 -2.855362034602207943e-01
2.074452281111566210e-01 -1.886818199832873688e-01 4.909983067358936193e-01
1.699177868834592098e-01 -2.304894441687543871e-01 4.622730848824880834e-01
1.471439158389428736e-01 -2.804182396897242358e-01 4.360321826402036027e-01
5.574405603181653568e-01 -1.631125386482890072e-01 5.485940068784226353e-01
6.023991145570239958e-01 -1.676638701545157817e-01 5.937899560205053273e-01
-3.866777220645556401e-01 -1.836999720790821744e-01 5.724434957642327015e-01
-3.102295092676321531e-01 -1.908239381569531989e-01 5.701038056515892460e-01
-3.857305502763197502e-01 -1.935816715664839816e-01 6.627424248381814653e-01
-4.641583171122265483e-01 -1.765137230814206593e-01 5.743880610216132165e-01
-3.883130058358896797e-01 -1.738212724570831202e-01 4.819530270797747207e-01
4.187992808421003854e-01 -1.912900243875642614e-01 5.371979964279079978e-01
4.936383515519138232e-01 -1.980711487051206587e-01 5.334832936125804004e-01
4.177196864239429708e-01 -2.013401091770372631e-01 6.269891840512096248e-01
3.433655939542412661e-01 -1.845387201606185634e-01 5.414237740826535195e-01
4.201611483095835098e-01 -1.812593672978424220e-01 4.473774453236322168e-01
