-1.364793940838212108e-02 -2.816297993703846814e-01 -4.637087867946659281e-01
2.204552373214110211e-02 -4.658379359128824726e-01 -2.022370124998532359e-01
2.504934970793269711e-02 -2.920020427972482846e-01 -2.622117032729839869e-01
-3.283511329651747634e-02 -4.225331064942112747e-01 1.290597424968860651e-01
2.184666230702680956e-02 -4.993589379870498890e-01 -1.094264862627339074e-01
2.082480136616302394e-02 -4.902810644433217568e-01 2.253128581121562057e-02
2.302052981228393941e-02 -3.604041602151663581e-01 3.585310869662434174e-01
-4.322305726061640430e-01 -1.139953424715613450e-01 4.506985448519424953e-01
2.347799058488550181e-02 -3.449431600629270234e-01 6.138910024831605305e-01
2.251164793514734419e-02 -3.722422452588913799e-01 7.370797610440689152e-01
2.114019054544197251e-02 -3.607992382608096182e-01 1.170354632103501658e+00
-1.239241745993947645e-02 -2.716276306059036694e-01 -4.885451678492602756e-01
-1.039182641394115550e-02 -2.499907623269850276e-01 -5.125908375641781145e-01
-7.538123037680621516e-03 -2.164764515267295075e-01 -5.295835923045282279e-01
-1.507570860028096399e-02 -1.934868363006298497e-01 -6.612748434202606607e-01
-1.592009476032384824e-02 -1.967884499940390497e-01 -6.999383896318573939e-01
-1.775667405092286669e-02 -2.059832274143568176e-01 -7.403048331304603602e-01
-1.752118825218931114e-02 -1.947446748438739772e-01 -7.763187994789881863e-01
1.242501558545690797e-02 -1.320297505162535134e-01 -8.281556869566788492e-01
2.099546849624212355e-02 -4.267108800457090068e-01 -2.420275967539574635e-01
-4.045042402738326104e-02 -3.373889461196621919e-01 -2.225935339187320450e-01
-6.705996515836660787e-01 1.386440019305174021e-01 8.593254923016445668e-01
-2.567865637631858711e-01 -1.716021852933968250e-01 3.435146634332161830e-01
-3.225467438523469399e-01 -1.645866866620262492e-01 3.368752130602538086e-01
-3.837798624175831064e-01 -1.464304874712221982e-01 3.489869860351219599e-01
-4.586150225890455179e-01 -1.006072210994631289e-01 4.241289851036509351e-01
-1.988389405077933270e-01 -1.672015017253293545e-01 3.681449587360657305e-01
-3.495795100361580587e-01 -2.233068942585823558e-01 6.441158386049852247e-01
-2.744777294503105147e-01 -2.226357619086939132e-01 6.298281373760836743e-01
-4.160136857964111812e-01 -1.994100374568967826e-01 6.290690697056554592e-01
-4.581146346035581129e-01 -1.687636092130922749e-01 5.921481671672663705e-01
-5.138119586549707574e-01 -5.979979498574425345e-02 3.707321221095701280e-01
-2.246325523041145522e-01 -2.631425271666165688e-02 -9.087305762677158061e-01
-4.532608530601965890e-01 -9.742378585080072040e-02 4.891161301700035491e-01
-6.918413958436365752e-01 2.146067681321601750e-01 4.665091178050121412e-01
-5.840165557760557125e-01 -3.923988454080595822e-03 4.556353377348936196e-01
-3.004563714680913988e-01 -1.798595214008576748e-01 -4.496050248279530315e-02
-8.581348510649064454e-02 -2.690187015574424523e-01 -4.455746391364107106e-01
-7.366981290908800051e-02 -2.360300522454552574e-01 -5.056236384899399638e-01
-1.493905967331833895e-01 -2.223390200447723786e-01 -4.631094405214239984e-01
-1.915455517877612812e-01 -1.703424268792709528e-01 -4.874616492963284031e-01
-1.260790872162141918e-01 -2.029244596446910798e-01 -5.068553318224809923e-01
-1.667826483633622625e-01 -1.525789161584278353e-01 -5.181300302275642089e-01
-2.880852678119433241e-01 -5.460674596094063082e-02 -6.259618955978871746e-01
-3.257450848938089893e-02 -4.589425508136797949e-01 -1.955491439659575170e-01
-4.219819623728631591e-02 -4.900200802506741171e-01 -1.051429381328873869e-01
-5.435671706391150826e-01 -1.596346479910482619e-01 6.763462100147594747e-01
-1.687420137431728806e-01 -2.209320556523597656e-01 1.812433585468754826e-01
-1.809550130232234766e-01 -3.052650773674508988e-01 -1.349598311386726035e-01
-1.860093325416145582e-01 -2.929976909948580066e-01 -8.015240792689720672e-02
-4.891279597843182780e-01 -9.911277314733141219e-02 -7.599076265597861160e-03
-3.809255794679811125e-02 -4.693015401251500185e-01 1.836646528597725772e-02
-3.971166700596913679e-01 -2.787377787369489934e-01 7.612209947754213779e-01
-4.837229135587157725e-01 -2.255395915722161471e-01 7.362588625223640548e-01
-6.065717506824281902e-01 -3.948790543520965847e-03 9.981402266132491929e-01
-1.150796370010101211e-01 -3.269507428449660025e-01 6.514318560817602410e-01
-2.079575636332813837e-01 -2.008837135298048304e-01 5.825627298733025983e-01
-3.374451420490721665e-01 -4.770141636508832411e-02 -5.151508829660722544e-01
-6.122865781220314663e-01 4.899965799550367040e-01 -3.692970330689220315e-01
-1.325941576464064742e-01 -2.737710621763486674e-01 -1.876510825671720839e-01
-8.186223878368575901e-02 -2.737966186884134290e-01 -2.169115911716955059e-01
-2.457270344724430955e-01 -5.836613405887383643e-02 -5.414607924733112476e-01
-2.317996896016115416e-01 -7.530667227466426861e-02 -5.517675130235542014e-01
-5.156057238982122426e-01 -2.030889229598845935e-01 8.017380145732119212e-01
-1.848299456079847691e-01 -2.646002838575570726e-01 -1.691160580676857594e-01
-2.778360736796170460e-01 -3.140747490752895388e-01 7.421616437965719015e-01
-2.876720341171517537e-01 -3.359891929767546137e-01 8.152664719113049685e-01
-3.484046441360076352e-01 -2.702230451234007846e-01 1.158904481872522485e+00
-5.600898601534066712e-01 -1.181662369779882954e-01 8.876536852783869502e-01
-3.104238638396501493e-01 -3.064543060241673444e-01 9.787169444226311299e-01
-5.784508621608226431e-01 -1.114009172692498884e-01 7.291622860933575367e-01
-6.237237680570366649e-01 7.317223191254402376e-03 7.772817131054861051e-01
-8.150404341634465144e-02 -2.592619339143830137e-01 -4.792173178677117118e-01
-1.380748750306753925e-01 -2.150919256021813497e-01 -4.859798347830853738e-01
-1.799649960044621966e-01 -1.665393824110712184e-01 -5.025010057530667762e-01
-1.176825385135477492e-01 -2.573256110300742305e-01 -2.029947613187115807e-01
-2.384558976947439013e-01 -6.706994305667066114e-02 -5.466720581941021395e-01
-2.151087480038607058e-01 -1.049629943443899233e-01 -5.986629020246236887e-01
-2.238469887174762141e-01 -7.768507561586485144e-02 -5.558256972308521782e-01
-1.033928634127810331e-01 -3.675725161690103215e-01 -1.735912684872013834e-01
-1.567055247141780905e-01 -1.399566180324412490e-01 -5.301495199481536247e-01
-1.153470110193071801e-01 -1.753853227354919830e-01 -5.229390547154557645e-01
-6.576066717204423484e-02 -2.060605112227791857e-01 -5.233598277809978772e-01
-7.414436523942620483e-02 -1.266028291690248220e-01 -8.190508557180994353e-01
-9.218181063172509182e-02 -1.907038080631942578e-01 -7.627155459300847262e-01
-8.925636482027500540e-02 -2.017469044789283461e-01 -7.252366885447949496e-01
-8.180949912405627300e-02 -1.913434939674127366e-01 -6.831409712880684992e-01
-7.337921501805781677e-02 -1.879081629314195701e-01 -6.466462171540319215e-01
-1.618781492992617810e-01 -1.374734637146640404e-01 -6.085151578028799024e-01
-1.751619070393431732e-01 -1.439955939278828589e-01 -6.249964086750783299e-01
-1.886256901544436926e-01 -1.506972249257283458e-01 -6.449252686621097519e-01
-1.980903366722506220e-01 -1.368043032365671985e-01 -6.666615407177609587e-01
-2.548862993057057214e-01 -1.592332991180273050e-01 -3.752284797594900856e-01
-6.848527220109097424e-01 5.202757103605292199e-01 1.063333669190908437e-01
2.478410012249949307e-02 -3.390947437512377149e-01 -2.488737684399479066e-01
-1.902795755754603246e-01 -1.038796305209462034e-01 -5.850034913757697907e-01
-2.027188046473004102e-01 -1.076352814044859163e-01 -5.919834179774126071e-01
-6.055561668821393684e-02 -2.741091837811961418e-01 -2.523661590935838417e-01
-1.616304346727414076e-01 -2.113225853095870854e-01 -2.176126752401629227e-01
-7.087511243301095054e-02 -2.750264143412835538e-01 -2.351328925464759578e-01
-2.354786014328554833e-01 -1.915700228797972415e-01 1.349801367895649973e-01
-3.404182083546256621e-01 -1.633192902766664178e-01 8.205866701398761842e-02
-1.965379906587338965e-01 -2.519100564915351392e-01 -1.147487779663265012e-01
-5.048887647366807618e-01 -1.474161330501529421e-01 1.101262028376981617e+00
-4.604122238177313919e-01 -2.198984871185485357e-01 9.595114315181939579e-01
-4.173287640148659605e-01 -2.770205998008465897e-01 8.353222586689892371e-01
-2.304959904695543793e-01 -8.345808650493648229e-02 -7.116353818988220281e-01
-1.331742898560495381e-01 -3.657595052127198820e-01 7.747156166261799370e-01
-1.548817457747211912e-01 -3.544492056173668137e-01 9.666375447686910150e-01
-1.792869325107060707e-01 -3.403931919693735653e-01 1.177536082803785078e+00
-4.329858263189903522e-01 -1.209787719054521704e-01 3.773212813023238965e-01
-5.855518987456211910e-01 -1.447889151030661882e-02 3.140849666109528093e-01
-1.602913431740261574e-01 -1.624940509655806997e-01 3.923646754498683054e-01
-5.167552117304323733e-01 -1.111542248078389028e-01 5.567405813163290862e-01
-1.240588163838853841e-01 -2.517430193745870404e-01 2.355170665651152295e-01
-1.434466505852281804e-01 -3.724434011084963858e-01 -1.125348474808590682e-01
-6.427365222508262255e-01 6.239744591815242492e-02 2.619041626801752454e-01
-5.454097630439329603e-01 -6.394980231749693156e-02 2.364209053708314912e-01
-4.657613900695297127e-01 -1.189267147540969127e-01 1.883372036016442153e-01
-3.422956428574571719e-01 -1.507685697957131532e-01 1.918893851841081410e-01
-2.505389581290446976e-01 -1.710738874612306448e-01 2.230188317731498504e-01
-1.818750282661465711e-01 -1.937888255505380575e-01 2.601102072733457726e-01
-3.792635458832269157e-02 -3.329828262739222833e-01 3.432663479641377968e-01
-6.306168973822343649e-01 6.905022657270720732e-02 6.444138409236915832e-02
-5.682693139241310476e-01 -8.241888716529077730e-02 5.779939336240028647e-01
-1.293967130064836019e-02 -4.229172937491828543e-01 -2.366277947845756569e-01
-1.639489346093265520e-01 -2.354311004410997443e-01 8.126005059843807721e-02
-7.093393627000798007e-01 4.181562337024681275e-01 5.099074314578294631e-01
-1.283833808182733016e-01 -2.098550413845377549e-01 3.031803802477677223e-01
-2.004716213281679260e-01 -1.891952746942442420e-01 -1.094793326048793813e-01
-4.789046371982783601e-01 -8.497701899964785199e-02 4.893133053364280283e-01
-1.468862377861574198e-01 -3.566075168601546830e-01 -4.609986846546391265e-02
-6.565520771981676607e-01 5.215897638113953239e-01 -1.231794098262757320e-01
-1.566603052753607339e-01 -1.518890024527730087e-01 4.278738247565379016e-01
-9.505844368449833937e-02 -4.262822187172441435e-01 -4.464103863112373755e-03
-4.904394814564360106e-01 1.867612105494430019e-01 -6.509395456760891374e-01
-4.842383716558008588e-01 3.123345128684428262e-01 -7.357239935243006235e-01
-6.805312770896225771e-01 2.964704685731820444e-01 8.085679547385421495e-02
-5.642105109077673042e-01 2.498144881149849394e-01 -5.102725319647072322e-01
-6.603857327472630878e-01 1.269920026247997880e-01 6.379829268093655248e-01
-2.362643951990038294e-01 2.174061098098368366e-02 -9.826673512098094143e-01
-1.781302099653770711e-03 -3.342490390913354092e-01 -2.437228921497479328e-01
-2.219060821752486812e-01 -2.019751211519277001e-01 2.028744582952325681e-02
-6.390050420583626156e-01 6.112283022312253733e-02 4.520348392012839556e-01
-3.733766026990673614e-01 -1.472912621054550397e-01 4.002612910752753050e-01
-3.193254773581325479e-01 -1.626886965269755958e-01 3.874491708283223090e-01
-2.253616578723062758e-01 -9.261951046320157643e-02 -6.051635501888195101e-01
-6.151851031062713915e-01 1.140772432626522837e-01 -1.185163058657315305e-01
-1.160169225918241120e-01 5.143333429369875004e-02 -1.100470787237660231e+00
-3.077115088806529064e-01 1.674183024845172785e-01 -9.637803929567663186e-01
-3.899000758591620874e-01 2.320950087749660828e-01 -8.719474944104544933e-01
2.169233494544742583e-02 -3.707990710918568356e-01 9.497869899064814714e-01
1.909614088878715255e-02 3.181902836177321475e-02 -1.120268935367471297e+00
-2.639490864033027240e-01 -1.670015816248753560e-01 3.939827340036108350e-01
-2.096414526928647160e-01 -1.617207733992836183e-01 4.106858591555295757e-01
-1.736125984609657724e-01 -1.513115760567986245e-01 4.201581546634804432e-01
-6.126271023636912227e-01 -2.112992929735820619e-02 6.110571695476330056e-01
-2.219025105588001145e-01 -1.821717286232805988e-01 5.129777870958691643e-01
-2.818057821962157705e-01 -1.944661969266278656e-01 5.504473637331404046e-01
-3.390691922448529905e-01 -1.913831836362099026e-01 5.595895661379374220e-01
-3.930034940806832466e-01 -1.736294167055086601e-01 5.463173681618820332e-01
-4.249813666841374404e-01 -1.503682172110107906e-01 5.223902887307313447e-01
-7.013745073185054801e-01 2.901616376148470899e-01 7.069448425281108506e-01
-4.087330737618154464e-01 -1.292007987414398040e-01 4.239799794363878216e-01
2.386444171895646393e-02 -2.750612278022002144e-01 -3.290165505578357408e-01
-1.885005099255549488e-01 -2.014548028466307261e-01 -3.403493834016944608e-01
-1.321965862259306956e-01 -2.995575786423902986e-01 -1.763860117964402563e-01
-6.704612408607878160e-02 -2.665171146212190201e-01 -3.290375195876838466e-01
2.334716129481470559e-02 -3.289674251789595494e-01 4.895371735946399960e-01
-4.069878021822432856e-01 1.395745735637871909e-01 -7.811259074229963684e-01
-3.258720713981260730e-01 8.548028632942734906e-02 -8.835291238358060628e-01
-1.236434841907834148e-01 -3.555177379612393246e-02 -1.054937493510768931e+00
-5.531319896287854032e-01 4.101171128109407649e-01 -5.767582475066241887e-01
-1.775195550328720617e-01 -1.648829650560355020e-01 4.603800150174495176e-01
-8.121038250644074807e-02 -3.343103825447796829e-01 1.905449146702491436e-01
1.404209828369670614e-02 -5.308205688476160672e-02 -1.073235902799425157e+00
-2.197970049870502096e-01 9.814097772717358947e-02 -1.044593224651540142e+00
-6.576629252642515189e-01 3.132867841418416899e-01 -1.251328225663403404e-01
-1.220955578192675084e-01 -1.659197083231111480e-01 -6.266505651377052288e-01
-1.356052118721684796e-01 -1.719481106314671437e-01 -6.542082175103904884e-01
-1.465660531547609835e-01 -1.796868223894621530e-01 -6.899047507688998992e-01
-1.530940807701424711e-01 -1.674179625912188829e-01 -7.259397939501720520e-01
-1.619373038454441083e-01 -1.127344742003742462e-01 -7.782828426772043784e-01
-2.002473860381599746e-01 -1.110091804250353253e-01 -5.332735771625076726e-01
-2.125494835690972528e-01 -1.122492367434393540e-01 -5.252678874039835577e-01
-2.228904000037469912e-01 -1.135612958842038694e-01 -5.164620634734580218e-01
-3.087108432229089816e-01 -1.045970045596862213e-01 -4.339358606599219015e-01
-5.364862074429647132e-01 -5.713978247911564307e-03 -1.923340172573501650e-01
-7.986298643366490646e-02 -2.883638426601521365e-01 2.962006907751529305e-01
-1.120004364488263737e-01 -2.029959705115504942e-01 4.986286955082598338e-01
-1.516687377016621985e-01 -1.795861495764768390e-01 4.936002684868354140e-01
-1.878030154555631048e-01 -1.047757001923592113e-01 -5.407557418070371158e-01
-5.406892012870945230e-01 1.157687532594766089e-01 -3.990209595013897159e-01
-5.960942706642943789e-02 -2.845854642803967716e-01 4.874837795130985141e-01
-1.958904969647355665e-01 -6.558862146801071324e-02 -8.395669498079573190e-01
2.154883922657883574e-02 -4.455620152885435559e-01 1.371060156997653823e-01
-3.667269460968407280e-02 -3.833496710119173034e-01 2.299991691364071111e-01
2.247354504173671233e-02 -4.009259120279985988e-01 2.436880145854358193e-01
-1.268487762841760125e-01 -3.132384483022913058e-01 4.478728398737120975e-02
1.224859056974912999e-02 -9.938472194928883729e-02 -9.979293588115056846e-01
1.245163379636617454e-02 -1.142963327301600995e-01 -9.072714982050938959e-01
-9.450726366137840451e-02 -9.873691816450663739e-02 -8.949303137497087723e-01
-3.434292454241008041e-01 -1.236789334137905830e-02 -6.430495734039359812e-01
-2.573574798709500899e-01 -1.640898250826527405e-01 -1.746065024610520267e-01
-2.764988616810780675e-01 -3.476744685325187934e-02 -7.570005482477863978e-01
-4.024857891392450426e-01 -1.391410744914532427e-01 -1.420995785198517214e-01
-3.181087256294178323e-01 -1.406956167831941995e-01 -2.578171134582861734e-01
-4.561908444374523919e-01 -6.920431846379287988e-02 -2.780994690901201771e-01
-1.156876428463317341e-01 -7.989459870981920064e-02 -9.810930192611684308e-01
-1.648381314740325621e-01 -2.606524994913232973e-01 8.858512999313119911e-04
-3.913144532650131291e-01 5.591695855489091371e-02 -6.962959801424328798e-01
-3.095093484071475554e-01 2.432380486249213769e-02 -8.089917039742395843e-01
-3.951202484738786103e-01 -1.849755890771236436e-02 -5.169292697304356254e-01
-5.965574806844702316e-01 1.569378816608773541e-01 -2.733655250741829912e-01
-4.677295156746076321e-01 4.515627156240940854e-02 -5.175421760744063349e-01
-6.241966078785234906e-01 3.103813450631763837e-01 -3.203167892990239629e-01
-3.709192788671457630e-01 -9.392912182902686535e-02 -3.636243312472650091e-01
-1.213958975243626948e-01 -2.821809676945500334e-01 1.376540855183476242e-01
-1.233374101417072932e-01 -3.816336655358527619e-01 -1.587058128791102307e-01
-1.607251514064753084e-01 -3.075584942521214504e-01 -1.682790544492427931e-01
-9.658607075692593469e-02 -4.340114981143243789e-01 -1.054677186471550676e-01
-1.647579735504448029e-01 -2.331923750828269193e-01 5.954430432342127100e-01
-2.727331530513235069e-01 -2.490536072588757366e-01 6.676040713985691433e-01
-3.657774085052978852e-01 -2.441648329163845499e-01 6.833236788565997255e-01
-4.413710775336917580e-01 -2.154048812423701720e-01 6.662598430112104397e-01
-4.922871976991970433e-01 -1.716322652361456369e-01 6.256419830987582920e-01
-5.238891011585139479e-01 -5.499794504694816011e-02 4.718767531146675909e-01
-6.957793365649876938e-01 2.573849074740577336e-01 2.769392905571205210e-01
-4.809841920378570279e-01 -8.794674499574438309e-02 3.218464753425721026e-01
-4.184649901488801116e-01 -1.229049732894135910e-01 2.824279645248469750e-01
-3.337513115447312551e-01 -1.499814880071926593e-01 2.727119059644871335e-01
-2.516402818845986378e-01 -1.663932313599025825e-01 2.891094365864881888e-01
-1.864716232849831234e-01 -1.717681976427562207e-01 3.178703614180546366e-01
-1.412654327728118109e-01 -1.800492239656484861e-01 3.449267559462744215e-01
-6.998535110951811244e-01 4.888469926236923557e-01 3.143089687497398477e-01
-1.603360220987699869e-01 -2.729174585925878138e-01 -1.875048912949996427e-01
-8.191582950043693745e-02 -3.724573560318357734e-01 9.607143325470818285e-02
-7.966901149223615253e-02 -4.298021353962939717e-01 -1.753368867900732542e-01
-4.726224351271364477e-02 -3.973147812986417282e-01 -2.162209760053210306e-01
-7.985209074297983101e-02 -3.969649081140789182e-01 -1.848682196619307605e-01
-1.429508472418201115e-01 -2.474119503220055249e-01 -2.119255186614701358e-01
-3.410226365775704399e-02 -4.134374295584573034e-01 -2.282576377098703146e-01
-2.446356653715705751e-02 -3.349387174535937151e-01 -2.367694682341789092e-01
-1.356467225049782510e-01 -1.596154185286496885e-01 4.230768218947597026e-01
-1.055626276913379652e-01 -1.938905789440451832e-01 3.944778572265368322e-01
-8.821094665721807004e-02 -2.352978505143535626e-01 3.714241351118460766e-01
-4.415557165409857987e-01 -1.268539905427887859e-01 5.038893687437020485e-01
-4.821090854479499477e-01 -1.277564189654774862e-01 5.487136318842896765e-01
7.606236456919149291e-02 -4.221480350026689532e-01 1.243243412193512087e-01
4.620584828086552465e-01 -1.238025792763910587e-01 4.176380990015367001e-01
8.676649409368973609e-02 -3.412726578371858555e-01 -2.282754734284404563e-01
6.798034509799040226e-01 1.190933050331390991e-01 7.878379043164940310e-01
2.819590150909402904e-01 -1.742271576119166776e-01 3.350682743026665578e-01
3.442958083491396981e-01 -1.695635005964707953e-01 3.252249019269707331e-01
4.036033886153244654e-01 -1.537602280696263035e-01 3.285878415771525396e-01
4.821749116954082703e-01 -1.101934697878253211e-01 3.875038170951105032e-01
2.303964624884551893e-01 -1.693918218851506730e-01 3.596754440097321703e-01
3.776272783762921748e-01 -2.313527364198821878e-01 6.087659626363897125e-01
3.040238888463728251e-01 -2.290695542323963330e-01 5.972385279043588291e-01
4.440232363335337995e-01 -2.108341766752583890e-01 5.909803406074307652e-01
4.850099613695989520e-01 -1.824508572302916964e-01 5.500818022604974100e-01
5.284037449104825868e-01 -7.209583058069775341e-02 3.252537246592741016e-01
2.468781013609618047e-01 -3.683481778378580596e-02 -9.205398848384398480e-01
4.844585761264652568e-01 -1.078463752570539697e-01 4.502675567811478818e-01
7.138699807703419165e-01 1.965136222882805928e-01 3.976086489229072596e-01
5.943307209948062164e-01 -1.920918066107406286e-02 3.983787827475137044e-01
3.316614487488195873e-01 -1.882182190789241372e-01 -7.401893805255428671e-02
6.094853712419730229e-02 -2.704958761575767534e-01 -4.514802255184749424e-01
5.638761291521101476e-02 -2.348494612486204391e-01 -5.116649326577239476e-01
1.342537450883513062e-01 -2.206264834517152607e-01 -4.750610009207684170e-01
1.853438289583391740e-01 -1.662794583647012048e-01 -5.005975720908730775e-01
1.153476413504284648e-01 -1.986869525672783632e-01 -5.158005168553174702e-01
1.640498031512490351e-01 -1.485301176509547239e-01 -5.266970144557887590e-01
3.015449499303163305e-01 -6.103144030198583148e-02 -6.469696414688339559e-01
7.469839890871407539e-02 -4.621414379177962162e-01 -2.005424310712284885e-01
8.282797814510610424e-02 -4.935679160632091556e-01 -1.110505620493862644e-01
5.603482221466363766e-01 -1.744532997065505742e-01 6.315040231763130452e-01
2.063632814572575747e-01 -2.228896028684442254e-01 1.640265607541659398e-01
2.201164612126965681e-01 -3.120901109858629785e-01 -1.511342301263509103e-01
2.238381609027332297e-01 -2.997912671628419901e-01 -9.691399938111854018e-02
5.120910121909689749e-01 -1.103830517917233772e-01 -5.410246467192070252e-02
7.963046214676945678e-02 -4.699745713090996979e-01 1.341009945039545528e-02
4.280726685359340644e-01 -2.929546206159119315e-01 7.277057899476706559e-01
5.081566882964012599e-01 -2.408212272562205714e-01 6.988723342946313588e-01
6.198402002983298686e-01 -2.308139345379936133e-02 9.310923356282948538e-01
1.598569924175595458e-01 -3.305074700233434637e-01 6.332839454523346845e-01
2.416430607220851623e-01 -2.040688720366315156e-01 5.530569922967321084e-01
3.517413781010866325e-01 -5.411032641218953970e-02 -5.412949404306441892e-01
6.533214069543160640e-01 4.705521785464132911e-01 -4.199707052790447870e-01
1.752537021376481263e-01 -2.809396797579644112e-01 -1.998506963506389844e-01
1.282361917981957311e-01 -2.825655633848899728e-01 -2.259362257893136050e-01
2.560646336095946940e-01 -5.373502470948440801e-02 -5.622118825526337682e-01
2.396398660708781991e-01 -7.278554325315701734e-02 -5.693242058589820243e-01
5.375011493188409650e-01 -2.189673953436011566e-01 7.559424350832555373e-01
2.223981363890226159e-01 -2.725385336060699992e-01 -1.853229160839547363e-01
3.168432491366651726e-01 -3.262808763844516902e-01 7.135819186739513764e-01
3.267701124873568785e-01 -3.488588572995599546e-01 7.813584012575180981e-01
3.767712357571009751e-01 -2.830871937853614018e-01 1.115846761820265876e+00
5.793211912458082757e-01 -1.341611259737964801e-01 8.315051802426511873e-01
3.438999466576933561e-01 -3.172975225806638488e-01 9.433634271017560247e-01
5.939777789811898634e-01 -1.263592440444810394e-01 6.726187451355152280e-01
6.412386134384691072e-01 -8.838862231970083180e-03 7.155321537991131686e-01
5.925939753686244871e-02 -2.594843554466875202e-01 -4.852069640620388369e-01
1.247683848805039020e-01 -2.121758394807504167e-01 -4.969651288240135578e-01
1.746870520454532061e-01 -1.626901380274617115e-01 -5.135374331028714767e-01
1.617724321042494917e-01 -2.654593119211572372e-01 -2.139866056686765550e-01
2.476601268937173028e-01 -6.414112753467651751e-02 -5.660055601918495549e-01
2.098371997457195159e-01 -1.034246155006379453e-01 -6.227724641614835743e-01
2.312741768905540174e-01 -7.468519955579995540e-02 -5.711656613555229356e-01
1.439695231772192274e-01 -3.698116128312979867e-01 -1.842748237278118151e-01
1.555655159422898448e-01 -1.358671437647726576e-01 -5.362630850107914515e-01
1.087341476275492519e-01 -1.699511219403991580e-01 -5.284373195875702311e-01
5.391328352196385343e-02 -2.024593906862966475e-01 -5.283117154064146392e-01
9.464739781986356015e-02 -1.294650980351645386e-01 -8.265957473485097129e-01
5.914615377690518594e-02 -1.901539592800661205e-01 -7.708768645570238665e-01
5.530036426894835433e-02 -1.998545631380725940e-01 -7.339599505868096285e-01
5.199725476563044763e-02 -1.887630778427905054e-01 -6.932618831808452509e-01
4.619279128787266708e-02 -1.846349784124772242e-01 -6.568261700579078877e-01
1.472735640097387333e-01 -1.341154082012208648e-01 -6.313070989344852224e-01
1.589362705274837140e-01 -1.425903823799004599e-01 -6.486719780758118947e-01
1.702100248215157041e-01 -1.500668933511641878e-01 -6.693645069658942237e-01
1.816732584959928343e-01 -1.364067210256265650e-01 -6.903606366928943805e-01
2.821055282516349294e-01 -1.658210787442449818e-01 -3.969430334434905783e-01
7.205506818024598470e-01 4.994190978725475683e-01 3.923880307230365183e-02
1.855678450350561892e-01 -9.941968472276993540e-02 -6.071326601964019964e-01
1.970135810797360998e-01 -1.052609583514347857e-01 -6.158881842845020937e-01
1.085603281607678550e-01 -2.790962988971043002e-01 -2.593702837173473275e-01
2.036278565292626852e-01 -2.215787134876366360e-01 -2.321099411276036917e-01
1.181576006662777845e-01 -2.823075803065871470e-01 -2.435061874495057788e-01
2.701131840098541237e-01 -1.947647358373767457e-01 1.116149429941592219e-01
3.706624153198896376e-01 -1.704891972714661919e-01 4.846258280379882322e-02
2.346138633592723954e-01 -2.594457452350322768e-01 -1.324577211196942828e-01
5.248536485812078656e-01 -1.657205919988543885e-01 1.042419632315592315e+00
4.857603926467140010e-01 -2.352044761028947717e-01 9.107064531461762646e-01
4.482672208812090719e-01 -2.918558889195526085e-01 7.955181575537495497e-01
2.436058238938470510e-01 -8.781735404746862650e-02 -7.266041078790995700e-01
1.802120715915724036e-01 -3.713928636290262375e-01 7.469825122162042641e-01
1.932663146412253730e-01 -3.607917032050106942e-01 9.471814700152363375e-01
2.143460099911865813e-01 -3.491660163141425688e-01 1.153409195818673183e+00
4.536382086546010273e-01 -1.300921657022158506e-01 3.479180299324277081e-01
5.925254421863039855e-01 -3.069357545104502843e-02 2.582523732378400050e-01
1.965774442108964570e-01 -1.621270033275090949e-01 3.834264883744240016e-01
5.380544635362591865e-01 -1.247382018894871714e-01 5.094845526903994948e-01
1.639681490016135501e-01 -2.524605978084193403e-01 2.225196869128233113e-01
1.826835096131357306e-01 -3.780571382395027658e-01 -1.270369115573606877e-01
6.659787334047111429e-01 4.547886193947023314e-02 1.990204449318750957e-01
5.520239144632357320e-01 -7.760420275685560310e-02 1.864669003483961918e-01
4.743631083672193993e-01 -1.300567509399614408e-01 1.471067044403758795e-01
3.577855474837406402e-01 -1.572796717919113796e-01 1.640812369335312160e-01
2.718786174432922254e-01 -1.749490762378891062e-01 2.062390572810116895e-01
2.080561975136878683e-01 -1.965323092266615668e-01 2.494936464277831001e-01
8.307469094207073357e-02 -3.333967118188391754e-01 3.374651204879476341e-01
6.562433207517555100e-01 5.401094579069466717e-02 4.550684877107535192e-03
5.815809846200945543e-01 -9.692600953384709894e-02 5.229253245112336357e-01
5.378966380705101080e-02 -4.236584260614019160e-01 -2.393003867998202971e-01
2.028297170404055882e-01 -2.377330298474130688e-01 6.508214036271889325e-02
7.322585309417581900e-01 3.996089861774742014e-01 4.371381152292510563e-01
1.608707286845082740e-01 -2.109168814477060949e-01 2.977333105894066634e-01
2.420669377509914455e-01 -1.968482390461941400e-01 -1.278426501440390606e-01
5.068318446456314685e-01 -9.570171893309854794e-02 4.466474695502642422e-01
1.847040046853634654e-01 -3.622857842090219660e-01 -6.039718474035817020e-02
6.969759034258385944e-01 4.998256894834514075e-01 -1.826126198081805263e-01
1.965969449353038301e-01 -1.499416727723517362e-01 4.161387595808688222e-01
1.332906461876947612e-01 -4.293467560508433811e-01 -1.446483958449498904e-02
5.170509894975147125e-01 1.684122344910821689e-01 -6.834338352143873863e-01
5.176395258789806553e-01 2.927609094014361757e-01 -7.645718642293752865e-01
7.165868807696073040e-01 2.782357119774174214e-01 1.668869396548784689e-02
5.942291484426380777e-01 2.309491588312979626e-01 -5.530302965157249950e-01
6.806629898649858568e-01 1.101199826582331953e-01 5.717211712826988368e-01
2.618152188815260906e-01 1.079812744077669057e-02 -9.918421007608622109e-01
5.187364607598630994e-02 -3.360345673816187428e-01 -2.461937275580299012e-01
2.575285557778062562e-01 -2.073774848976658314e-01 -1.440223057882427608e-03
6.427767895890150740e-01 4.532116039354956716e-02 3.836380134487714644e-01
4.012118221852286060e-01 -1.547801732225532745e-01 3.790116862279888088e-01
3.476334161048878491e-01 -1.679048539738134949e-01 3.724705750730917253e-01
2.229438142409812251e-01 -9.073801943057235864e-02 -6.295622380563249409e-01
6.429854804944188373e-01 9.860461951514387646e-02 -1.736745667598551812e-01
1.513482868486504263e-01 4.570405389085870768e-02 -1.102931073376641535e+00
3.419138265100197804e-01 1.538647242234442158e-01 -9.740646201311065067e-01
4.240991623512129216e-01 2.158838696693889392e-01 -8.890810659684674766e-01
2.945068119702436982e-01 -1.705255463806396310e-01 3.809665131733738774e-01
2.446932663795550189e-01 -1.623899767748875345e-01 3.978947042364093800e-01
2.126170462278148543e-01 -1.498892287839920234e-01 4.074338262184869497e-01
6.212145944760325555e-01 -3.556573726511354228e-02 5.457314243536800502e-01
2.543635007998508724e-01 -1.833160926175574912e-01 4.838629359006955122e-01
3.090040784858151257e-01 -1.989282761293440505e-01 5.143250773176791801e-01
3.654722086052227814e-01 -1.984006715223113892e-01 5.210753918480917068e-01
4.200781551747359011e-01 -1.831105664355890950e-01 5.066691875136224432e-01
4.525421895783293680e-01 -1.607678601027429099e-01 4.825547560561228022e-01
7.169735195527559002e-01 2.706095332054333502e-01 6.340481388281364872e-01
4.375266317846925324e-01 -1.379485162802872034e-01 3.963651761576801880e-01
2.258142878727693870e-01 -2.068857491843060226e-01 -3.569040679222447165e-01
1.744177643834033953e-01 -3.065437268632161261e-01 -1.891119338983729137e-01
1.115097860017214976e-01 -2.673131285430654369e-01 -3.363572751355808355e-01
4.331659197417675466e-01 1.222963170829815538e-01 -8.041651678041239482e-01
3.511063156169293986e-01 7.007973635492406594e-02 -8.985201594978334816e-01
1.494009270280058921e-01 -4.186844712541877567e-02 -1.059736809808688118e+00
5.914117006587934489e-01 3.908601233101454686e-01 -6.167785564261571984e-01
2.147789742973862104e-01 -1.630402520903248553e-01 4.424383545928728401e-01
1.233261376982322938e-01 -3.357845107210358226e-01 1.811715855969928679e-01
2.537366142976130723e-01 8.831525970008310966e-02 -1.049380818264765036e+00
6.942029426114302293e-01 2.947161870223262703e-01 -1.841038073507650363e-01
1.008876097944224060e-01 -1.618509770117652347e-01 -6.445090480583947068e-01
1.117620147235594275e-01 -1.692150540774530199e-01 -6.728025811606140882e-01
1.197062258481393915e-01 -1.773937599527027342e-01 -7.076456509645684401e-01
1.276355680879616150e-01 -1.656375957915648400e-01 -7.409284182905457872e-01
1.766096741665122427e-01 -1.144559850986981431e-01 -7.898300744302778620e-01
2.033892014948366911e-01 -1.078221405674314043e-01 -5.428718980216789003e-01
2.153846668663407793e-01 -1.078148534038120832e-01 -5.363817413710061377e-01
2.257919665199923376e-01 -1.089522988332597142e-01 -5.279775676289859554e-01
3.271441206715542949e-01 -1.104115671438637425e-01 -4.569759614571168305e-01
5.578195287956948523e-01 -2.007790049170196309e-02 -2.396202909051459717e-01
1.230262424774396512e-01 -2.890549881182422065e-01 2.865072494960755334e-01
1.543803480917567972e-01 -2.048857323656688711e-01 4.812352571811207014e-01
1.893415301272991513e-01 -1.782795709009631913e-01 4.741458796371268436e-01
1.917633244214639321e-01 -9.963163001605553071e-02 -5.495073301814618061e-01
5.654030854532812178e-01 9.933571806976509988e-02 -4.418384273421378516e-01
9.981729105985066852e-02 -2.848500351596046087e-01 4.775597144010752526e-01
2.137146246952597028e-01 -7.306451506821970421e-02 -8.511545620056629735e-01
8.012023323863630420e-02 -3.848642775079246237e-01 2.246949118171696069e-01
1.662982595166143940e-01 -3.173653682230763717e-01 3.133416654031296461e-02
1.164703021781076792e-01 -1.043433428965892529e-01 -9.017778841534302980e-01
3.603725231935367423e-01 -2.314955275019511816e-02 -6.697123336692933915e-01
2.914249138680839457e-01 -1.735513233872098549e-01 -1.983621824572910364e-01
2.916910849575851117e-01 -4.524583314670954648e-02 -7.757124096885668063e-01
4.255120534033670632e-01 -1.516077057886384138e-01 -1.793774111631715462e-01
3.435753874746254044e-01 -1.501996413561754173e-01 -2.864213463260494308e-01
4.750252067875772588e-01 -8.186742260985274688e-02 -3.164616593565896530e-01
1.386268070712328160e-01 -8.560304937499509104e-02 -9.880235600089909420e-01
2.032281255807119047e-01 -2.658748356839162885e-01 -1.480672540164072043e-02
4.126524388120057507e-01 4.071520615366596568e-02 -7.201148194675845993e-01
3.310866727938882037e-01 1.018299963581098533e-02 -8.262483511331021324e-01
4.118851749885547586e-01 -2.735221753576441012e-02 -5.488009775417157510e-01
6.246560057133642152e-01 1.397120406989643959e-01 -3.238540376865888248e-01
4.868991957870835718e-01 3.075657326610585496e-02 -5.504756527250489473e-01
6.597778044454152280e-01 2.932421674236493359e-01 -3.728093938387562201e-01
3.883645928967784933e-01 -1.029341924433605365e-01 -3.952484758888232252e-01
1.619421834788758729e-01 -2.833964023351213113e-01 1.246699184876235850e-01
1.623272248301950715e-01 -3.857836754027172410e-01 -1.710185978287843134e-01
2.002248030404221169e-01 -3.154140222371527580e-01 -1.830665146421420197e-01
1.370901377937983612e-01 -4.387324215538412897e-01 -1.161466762526796315e-01
2.053232779857941948e-01 -2.366015960088868608e-01 5.720941746133866301e-01
3.087680202577500754e-01 -2.582572860942208282e-01 6.389475481581589067e-01
3.987535855814248187e-01 -2.562142310649314081e-01 6.502384730672580160e-01
4.703725428161696365e-01 -2.289377811765867243e-01 6.287585640313095858e-01
5.169180292161330570e-01 -1.859035102179760757e-01 5.831574984892261559e-01
5.429104754561372426e-01 -6.786821743965947007e-02 4.227736644650459397e-01
7.240779318425524247e-01 2.409143605458938242e-01 2.090356794169751509e-01
4.965903173647814306e-01 -9.871984032297716205e-02 2.821597639288702664e-01
4.341865525306422002e-01 -1.321679228736720169e-01 2.512618823537390300e-01
3.526517632668953461e-01 -1.561733748995300375e-01 2.537267426077544075e-01
2.751329779025750710e-01 -1.698022111641770970e-01 2.784766496342699904e-01
2.159952830044301053e-01 -1.746655170180682615e-01 3.107124277780186072e-01
1.752482179531018591e-01 -1.813250897537262152e-01 3.398698679946814960e-01
7.287447837216569635e-01 4.710403296012833918e-01 2.434147633219477802e-01
1.995562536461845116e-01 -2.812523032589900329e-01 -2.016067850486540913e-01
1.241934075505636975e-01 -3.736518432172864501e-01 8.682600639722519442e-02
1.195206255825454200e-01 -4.340955385805017608e-01 -1.841562471400041145e-01
8.691177494155460925e-02 -4.016223960570424190e-01 -2.220985175768913633e-01
1.194584236969262470e-01 -4.009253330349184519e-01 -1.938802150288927995e-01
1.839898085299570551e-01 -2.566175000817036977e-01 -2.243343381459979302e-01
7.409069665854006725e-02 -4.167738811803177734e-01 -2.328778357062240290e-01
7.219946201574146960e-02 -3.384569943959295224e-01 -2.407679985008992218e-01
1.750763282602194049e-01 -1.592406851336632678e-01 4.124922104146699353e-01
1.434045145532012178e-01 -1.945248196607426427e-01 3.875700576469977010e-01
1.241841846422660073e-01 -2.366629313630892184e-01 3.661680307354140407e-01
4.704598289025430091e-01 -1.376611292521206231e-01 4.645938473786458967e-01
5.084032353221386025e-01 -1.415022897167916571e-01 5.049262295654477484e-01
-3.263421213179843461e-01 -1.550361842783735955e-01 4.847567471739947509e-01
-2.618225730959857778e-01 -1.610485560013601991e-01 4.829919599422002330e-01
-3.255427423184003022e-01 -1.633759840364966687e-01 5.706185359757425246e-01
-3.917329631121110878e-01 -1.489712480061345656e-01 4.870729013685656805e-01
-3.277222421380945327e-01 -1.466989162989989770e-01 3.997575350557801555e-01
3.534515642296042204e-01 -1.614419160542812648e-01 4.541468905470169015e-01
4.166130542748717192e-01 -1.671649416345935002e-01 4.508666749284198083e-01
3.525404252824121398e-01 -1.699238269647698751e-01 5.352497641788238614e-01
2.897882394681359775e-01 -1.557440575603370181e-01 4.580134324387010736e-01
3.546009315009316376e-01 -1.529764014252109061e-01 3.729987480432884195e-01
