-1.469964710335228478e-02 -3.163311436493396744e-01 -5.143130058733431653e-01
2.460958913000133030e-02 -5.200073055096016139e-01 -2.257500795238854552e-01
2.812229680518606861e-02 -3.256638028198299839e-01 -2.922332430372304168e-01
-3.665409164610753529e-02 -4.716769839985891499e-01 1.440703915526196643e-01
2.438759857875240009e-02 -5.574382555647081627e-01 -1.221536355760632631e-01
2.324688728478615379e-02 -5.473045549187329772e-01 2.515184945989467832e-02
2.569799597953267845e-02 -4.023219593874898248e-01 4.002310322495513661e-01
-4.825023406341100163e-01 -1.272538849629974989e-01 5.046114047573366790e-01
2.620866298811020539e-02 -3.850627250001131818e-01 6.852912874865924042e-01
2.512992719313424106e-02 -4.155369055394536604e-01 8.228078541354016950e-01
2.359895867181277182e-02 -4.027629880741155910e-01 1.306475953232603793e+00
-1.335849281322348467e-02 -3.052835625566356348e-01 -5.423780796576156416e-01
-1.136608115185141349e-02 -2.811765788385978126e-01 -5.700306069197647041e-01
-8.570032502583369016e-03 -2.435510918322044693e-01 -5.899849966717047867e-01
-1.791643686887988210e-02 -2.142705586781357141e-01 -7.332917415263597860e-01
-1.895417606140985950e-02 -2.178893257740716072e-01 -7.769682922986080875e-01
-2.095871300567977297e-02 -2.282452892778799591e-01 -8.227335994413291775e-01
-2.069358563025084502e-02 -2.158519607784898930e-01 -8.640233023490612174e-01
1.302389180660620122e-02 -1.461984219339670932e-01 -9.237066931801278802e-01
2.343740432580884714e-02 -4.762414807105039838e-01 -2.700387968137627492e-01
-4.513964211353834605e-02 -3.763736074114505392e-01 -2.482167887238062309e-01
-7.485955923167921799e-01 1.547693746950853932e-01 9.592717120912641615e-01
-2.866528327972336920e-01 -1.915608504108194665e-01 3.954516624732249408e-01
-3.600614318748648901e-01 -1.837293948755443218e-01 3.887333724438689631e-01
-4.284164370608886663e-01 -1.634614888971203106e-01 4.009452689729131603e-01
-5.119555067910621649e-01 -1.123086212353968660e-01 4.776190675726662005e-01
-2.219654515082968016e-01 -1.866483332115390081e-01 4.208260615455536868e-01
-3.902383184353355738e-01 -2.492792180567819649e-01 7.058406484206678488e-01
-3.064016182686429834e-01 -2.485300278092159032e-01 6.901244516954743169e-01
-4.643993041082006279e-01 -2.226029714620796074e-01 6.899682483601912164e-01
-5.113969198017914719e-01 -1.883921259160278860e-01 6.505152077737945682e-01
-5.735722746357263535e-01 -6.675497519279632863e-02 4.181012932058680853e-01
-2.528579784002665254e-01 -2.951588480104806039e-02 -1.016683380297843886e+00
-5.059786058184062574e-01 -1.087549275406026195e-01 5.431034760004740392e-01
-7.723079161877963728e-01 2.395671997826012700e-01 5.207677474506033910e-01
-6.519422109175430080e-01 -4.380378539955091799e-03 5.087831976277068513e-01
-3.354017778466564237e-01 -2.007785787524994647e-01 -5.018975764076963331e-02
-9.521989405293107556e-02 -3.016473875965339224e-01 -4.941026507302099802e-01
-8.203852217096682664e-02 -2.652614722182868867e-01 -5.618068453790492356e-01
-1.648601478402555998e-01 -2.494725882504335024e-01 -5.152084195173114445e-01
-2.075563063519844653e-01 -1.931282901337458280e-01 -5.470214820088732388e-01
-1.392430455545119183e-01 -2.283008209513990860e-01 -5.647201877043716012e-01
-1.809070779911568227e-01 -1.730809307983625089e-01 -5.816109258125399251e-01
-3.193199670132006451e-01 -6.283711181573722881e-02 -7.006008898893103520e-01
-3.636317636082059268e-02 -5.123102125856899836e-01 -2.182851365267577115e-01
-4.710617375411861596e-02 -5.470132162402547849e-01 -1.173718771037969844e-01
-6.067882485587359209e-01 -1.782013956985063763e-01 7.541608794933537530e-01
-1.883680187254597183e-01 -2.466281673011133657e-01 2.023233678341890829e-01
-2.020014845473150911e-01 -3.407647534932040090e-01 -1.506562327204870322e-01
-2.076436606276231556e-01 -3.270755949839365684e-01 -8.947475464079743257e-02
-5.460173352442648786e-01 -1.106403576309032410e-01 -8.482907656866277984e-03
-4.252301776881040052e-02 -5.238849492025690058e-01 2.050262729792407326e-02
-4.433044188737059188e-01 -3.111571443287873828e-01 8.497569005921090657e-01
-5.399836402204170049e-01 -2.517715953850682697e-01 8.218890343861084968e-01
-6.771207499324116696e-01 -4.408065540490235974e-03 1.114231678552334071e+00
-1.284642913561437894e-01 -3.649776501082869773e-01 7.271984335302189573e-01
-2.321446412284493277e-01 -2.242480474922810274e-01 6.400840158527436596e-01
-3.678997381416527768e-01 -5.854881323884229827e-02 -5.822235313365675680e-01
-6.835002561281500189e-01 5.469869836203410385e-01 -4.122491423283604073e-01
-1.480054860462819699e-01 -3.054472880153770165e-01 -2.094036874610689936e-01
-9.130922194153046068e-02 -3.053485987902602172e-01 -2.419602119828400677e-01
-2.646439127226943855e-01 -7.071112200363388611e-02 -6.110557847441913104e-01
-2.504008925983036149e-01 -8.889897164013353670e-02 -6.211040892311820993e-01
-5.755746686894223085e-01 -2.267097398829565069e-01 8.949863640474059467e-01
-2.063271018461411421e-01 -2.953217975895224834e-01 -1.887714683937890547e-01
-3.101505639795515412e-01 -3.506040783953950912e-01 8.284807992677328814e-01
-3.211305229048988519e-01 -3.750673420937412628e-01 9.100882877870650756e-01
-3.889268065185921830e-01 -3.016520811546551384e-01 1.293694061720978450e+00
-6.252326550155656859e-01 -1.319098868504962052e-01 9.908946936281748386e-01
-3.465285668901327276e-01 -3.420973187123272918e-01 1.092549316108809565e+00
-6.457291839666492450e-01 -1.243577079869739865e-01 8.139695154390064191e-01
-6.962676799608578104e-01 8.168273413976764527e-03 8.676856069176357433e-01
-9.051068043532542462e-02 -2.910240790125463994e-01 -5.316786349303092019e-01
-1.523655397035475478e-01 -2.416722314741322486e-01 -5.409425876621156704e-01
-1.952005326098489313e-01 -1.887438524164493925e-01 -5.637510346276652928e-01
-1.313216355323975071e-01 -2.870367533261205528e-01 -2.265176554201837056e-01
-2.571096469216948566e-01 -8.010681985420245454e-02 -6.162022548580886605e-01
-2.372854843697822236e-01 -1.192958489549533208e-01 -6.680635369121623590e-01
-2.423113211481830731e-01 -9.108700580841695704e-02 -6.248602473774629296e-01
-1.154182553555404001e-01 -4.102353296496948909e-01 -1.937219232791678458e-01
-1.701627471818164816e-01 -1.588031198722440474e-01 -5.952699951781752485e-01
-1.272861699869561325e-01 -1.976523288468932105e-01 -5.836252533931490794e-01
-7.349371860564235526e-02 -2.317376953284566721e-01 -5.824365977280829831e-01
-8.473138051874923304e-02 -1.404857975041163276e-01 -9.136455096227462658e-01
-1.049409078758397895e-01 -2.117462774864908026e-01 -8.484342835334806043e-01
-1.016058424581075259e-01 -2.239553660159899484e-01 -8.055076243811152281e-01
-9.327192300223713373e-02 -2.122843159187733919e-01 -7.580060087944024971e-01
-8.361572217894699954e-02 -2.084919999726463635e-01 -7.167981959347069498e-01
-1.812836228202820421e-01 -1.539298713199698521e-01 -6.754512330667545861e-01
-1.967765736372123486e-01 -1.610444330189327033e-01 -6.938163575827094309e-01
-2.126280134997811100e-01 -1.682916326158292453e-01 -7.161680160596457512e-01
-2.239535522060091544e-01 -1.526628827360363705e-01 -7.406968188641487316e-01
-2.807548306374729741e-01 -1.795290037578488040e-01 -4.204477590167650103e-01
-7.645064053833037221e-01 5.807878107982999971e-01 1.187007615197601396e-01
2.770483670976512172e-02 -3.782742026552724512e-01 -2.774543779741708294e-01
-2.095359795278005643e-01 -1.179849463820712430e-01 -6.523376416706256897e-01
-2.234703062240764038e-01 -1.222182864396540447e-01 -6.602869542790863466e-01
-6.744834210387729012e-02 -3.056939771147364482e-01 -2.813708956087862534e-01
-1.803401414896746435e-01 -2.357573336142721188e-01 -2.428921587208825450e-01
-7.900691486738958824e-02 -3.067089191524925984e-01 -2.622227942619095309e-01
-2.628665891806912791e-01 -2.138511023815393985e-01 1.506793731496596234e-01
-3.800114863120504505e-01 -1.823145904604837886e-01 9.160272597370917869e-02
-2.193968833453397438e-01 -2.812091499070956679e-01 -1.280949506139484051e-01
-5.636112440553420200e-01 -1.645617727016698839e-01 1.229347343801898695e+00
-5.139617364619595286e-01 -2.454743867303343929e-01 1.071110054978005488e+00
-4.658673361233711674e-01 -3.092402441637637223e-01 9.324767180998336791e-01
-2.611670196583353865e-01 -9.318135340683357526e-02 -7.926297102253139215e-01
-1.486634926825927128e-01 -4.083001725449778019e-01 8.648210516300691708e-01
-1.728956940903222939e-01 -3.956743973826007399e-01 1.079064990470552265e+00
-2.001393933333528996e-01 -3.799835603271634055e-01 1.314492662349551200e+00
-4.833454362115793823e-01 -1.350495414043933473e-01 4.297188017581206054e-01
-6.536561261827791292e-01 -1.616289842184208403e-02 3.506154843097043505e-01
-1.789344696246737698e-01 -1.813933694168605448e-01 4.457053036600718832e-01
-5.768578508720995091e-01 -1.240823230433292790e-01 6.148785478778442393e-01
-1.384878189448747465e-01 -2.810226850778860253e-01 2.629366095344380372e-01
-1.601306086382767724e-01 -4.157614573745574416e-01 -1.256235233126909157e-01
-7.174917649326612024e-01 6.965475236956263083e-02 2.923656481609999691e-01
-6.088451487516088889e-01 -7.138766056520262637e-02 2.639184903752799238e-01
-5.199330522376379715e-01 -1.327588143259204601e-01 2.102422802048128370e-01
-3.821072810091757921e-01 -1.683041238426533082e-01 2.150087455449999074e-01
-2.796785816994500351e-01 -1.909711074432289546e-01 2.523209896909688887e-01
-2.030285046987423403e-01 -2.163279690121956700e-01 2.951545116564237015e-01
-4.233748378844767041e-02 -3.717113116256169913e-01 3.831908875910500778e-01
-7.039625336905408481e-01 7.708130348522163056e-02 7.193641734885607153e-02
-6.343634427006816789e-01 -9.200484322930424508e-02 6.416971737628935912e-01
-1.444465540515753668e-02 -4.720090343873525329e-01 -2.640229731938037450e-01
-1.830174673126317431e-01 -2.628135634551708177e-01 9.071122521724105103e-02
-7.918410323060418587e-01 4.667910469535987983e-01 5.692136225263164651e-01
-1.433153637648392764e-01 -2.342628103592492295e-01 3.442982275722547003e-01
-2.237880257713555920e-01 -2.112001525631655718e-01 -1.222126278864942295e-01
-5.346049609481123843e-01 -9.486050516599553450e-02 5.434315635223557761e-01
-1.639702465085383920e-01 -3.980837369630542133e-01 -5.146164048869183300e-02
-7.329141760755336632e-01 5.822546988574630600e-01 -1.375061308194233389e-01
-1.748811138556139455e-01 -1.695548715079436830e-01 4.817424386455450569e-01
-1.061144779700669005e-01 -4.758621470517393481e-01 -4.983313530940329528e-03
-5.474813970591743129e-01 2.084829878794210167e-01 -7.266488636059478257e-01
-5.405590500921497732e-01 3.486614392202044832e-01 -8.212944003375834967e-01
-7.596823429000088002e-01 3.309522825875350627e-01 9.026106745159374889e-02
-6.298325694129358610e-01 2.788698497324871850e-01 -5.696211851691534989e-01
-7.371937154992960206e-01 1.417621574957632358e-01 7.121852894718838645e-01
-2.643387333489352065e-01 2.422800165697338443e-02 -1.097411321061302347e+00
-1.945744213480053199e-03 -3.728560663994101576e-01 -2.717225358007224756e-01
-2.477154806632846928e-01 -2.254663942859494452e-01 2.264703307254049142e-02
-7.133262846519916600e-01 6.823188968990684389e-02 5.046099970385865552e-01
-4.168031975481389928e-01 -1.644223782975891279e-01 4.540763658814245263e-01
-3.564655071028313693e-01 -1.816106537667407095e-01 4.412394072899210595e-01
-2.486922149214563782e-01 -1.055829292490378934e-01 -6.758912924679520984e-01
-6.867359020493757349e-01 1.273453116869193991e-01 -1.323006712294672316e-01
-1.295105905308725769e-01 5.741542964197463017e-02 -1.228464075181110005e+00
-3.435008280999396479e-01 1.868903446342071728e-01 -1.075875577321190546e+00
-4.352484787948568412e-01 2.590894593955033187e-01 -9.733617509431402581e-01
2.421532174803921189e-02 -4.139258790233554808e-01 1.060254585382877535e+00
2.131717018618672563e-02 3.551982838816634264e-02 -1.250564901495306858e+00
-2.946484123738088434e-01 -1.864251608527971171e-01 4.477856365956796036e-01
-2.340243796461142223e-01 -1.805301536719665367e-01 4.645211466507276898e-01
-1.938050902227901606e-01 -1.689102859435268056e-01 4.740118052470447818e-01
-6.838803859802631280e-01 -2.358750372539494128e-02 6.821015455425644136e-01
-2.477114936401411671e-01 -2.033597136086556789e-01 5.670114010836779794e-01
-3.145819803861815700e-01 -2.170841239331010308e-01 6.045536267540954078e-01
-3.785055691655753174e-01 -2.136425322847745889e-01 6.137135524734864678e-01
-4.387128486260369331e-01 -1.938238645596178367e-01 6.004156196843664084e-01
-4.744099958376130077e-01 -1.678572071471658156e-01 5.764421479728299991e-01
-7.829498024671857070e-01 3.239096856566715532e-01 7.891680108658777337e-01
-4.562719004246526544e-01 -1.442278537324646892e-01 4.778410429455295927e-01
2.699843359488445296e-02 -3.074536187911285912e-01 -3.661601596035606310e-01
-2.099730404352978530e-01 -2.248991111578596547e-01 -3.791255932524317807e-01
-1.475720745371006393e-01 -3.342587428399736993e-01 -1.968303245080441355e-01
-7.448032204939585010e-02 -2.977852754816329162e-01 -3.662638232033735841e-01
2.606261723687600812e-02 -3.672288882393619502e-01 5.464741437946400993e-01
-4.545936909767139267e-01 1.557894719431287822e-01 -8.721392678547235100e-01
-3.646307820719545401e-01 9.536292596683007550e-02 -9.868856155742777858e-01
-1.380467481038716859e-01 -3.968828364258516345e-02 -1.177670214006170113e+00
-6.174655301828255727e-01 4.578169139499696505e-01 -6.438397051000388505e-01
-1.981664561468481078e-01 -1.840601327447487223e-01 5.143116458936685120e-01
-9.065577986972372937e-02 -3.731932729874660737e-01 2.127067651939770210e-01
1.567530322634391737e-02 -5.925591181146633302e-02 -1.198097210707914417e+00
-2.453611014398347778e-01 1.095555341592322346e-01 -1.166087518672928702e+00
-7.341542243875781582e-01 3.497244660862559584e-01 -1.396867408476630268e-01
-1.384736705528032130e-01 -1.844682217709437411e-01 -6.945043998677158381e-01
-1.539315669581643731e-01 -1.911624991522020145e-01 -7.256015023650109752e-01
-1.663721959238367298e-01 -1.998058980516740357e-01 -7.656451931173230419e-01
-1.739018572521321693e-01 -1.861780127741486379e-01 -8.066344151261941597e-01
-1.840905999252356318e-01 -1.254298335906119388e-01 -8.673209450377985519e-01
-2.144652928934713543e-01 -1.287024838628716139e-01 -6.033660804334425309e-01
-2.272025019583121253e-01 -1.307478046880369560e-01 -5.949170231733085235e-01
-2.380124843787501387e-01 -1.327116685975879840e-01 -5.853785753341208542e-01
-3.356835295618690318e-01 -1.222655311676970891e-01 -4.907690303038887425e-01
-5.988837144220454656e-01 -6.378558472061014728e-03 -2.147039552308367683e-01
-8.915167118311327632e-02 -3.219027941472029086e-01 3.309084676551621307e-01
-1.250269558970802664e-01 -2.266059763439304264e-01 5.539209009291398145e-01
-1.693089882578779903e-01 -2.004734116646374187e-01 5.479401254912477093e-01
-2.015908557108339050e-01 -1.210900080891818692e-01 -6.112335736751134396e-01
-6.035755490491884201e-01 1.292335569447465859e-01 -4.454301919473786509e-01
-6.654246577235362059e-02 -3.176849610563113879e-01 5.438166593205290278e-01
-2.216418793328231163e-01 -7.322114038945846948e-02 -9.364215740970083246e-01
2.405513636409563685e-02 -4.973843335007707700e-01 1.530525096792629269e-01
-4.093801343075131882e-02 -4.279362110581262924e-01 2.567498564090104907e-01
2.508739263768919314e-02 -4.475567052278797697e-01 2.720308207561418223e-01
-1.416022728208436721e-01 -3.496705093560447120e-01 4.999639260862080714e-02
1.367451671091314894e-02 -1.109119627661336316e-01 -1.114888815899861996e+00
1.356857658502292133e-02 -1.271364983329068832e-01 -1.011310387559005708e+00
-1.068934887086186031e-01 -1.099754673076106248e-01 -9.979660545666255711e-01
-3.836462732204414250e-01 -1.454424273585734270e-02 -7.188854241596795980e-01
-2.872901508764269529e-01 -1.831747444407696990e-01 -1.949145929669289512e-01
-3.121616725218215871e-01 -3.902265770781819521e-02 -8.445374229687749867e-01
-4.492980081457642605e-01 -1.553242606502144851e-01 -1.586268616436392609e-01
-3.550565792569856383e-01 -1.570596082677074012e-01 -2.877974204633481081e-01
-5.092493779182127867e-01 -7.725331745839635056e-02 -3.104445943192236657e-01
-1.298189968338374911e-01 -8.920725654549908901e-02 -1.096395187870628174e+00
-1.840100846694240344e-01 -2.909684068352298425e-01 9.888826768857106320e-04
-4.379791903234176997e-01 6.234074910502579447e-02 -7.784797497940125766e-01
-3.479046364420612658e-01 2.698682035694679668e-02 -9.054647966615845256e-01
-4.374740264492051334e-01 -2.309316836954599522e-02 -5.801274974150089081e-01
-6.659417426617730840e-01 1.751909745276829244e-01 -3.051600558971768740e-01
-5.221282015574606472e-01 5.040172708073739627e-02 -5.777668177301324981e-01
-6.967955147209878852e-01 3.464811037925518145e-01 -3.575721163111866829e-01
-4.124811002674569904e-01 -1.067130512086743865e-01 -4.073010402212238201e-01
-1.355151819680611158e-01 -3.150008028679573968e-01 1.536643242686436817e-01
-1.376825075614152016e-01 -4.259905165811094241e-01 -1.771501845148716614e-01
-1.794187331192270696e-01 -3.432661892277185656e-01 -1.878233225942891327e-01
-1.078197799194825501e-01 -4.844904015919482276e-01 -1.177344325821007009e-01
-1.839206037576082697e-01 -2.603144569738996550e-01 6.572737290434806923e-01
-3.044541341033032977e-01 -2.780204734737040662e-01 7.365411430241640689e-01
-4.083201581293427473e-01 -2.725630967572418850e-01 7.547312932652379125e-01
-4.927059571795974757e-01 -2.404581396377927782e-01 7.360825962886894391e-01
-5.495440170320844420e-01 -1.915944288842137688e-01 6.908767480980253506e-01
-5.848214669719966619e-01 -6.139463286237543255e-02 5.261274405997369286e-01
-7.767038699581962913e-01 2.873207685225079300e-01 3.091494789667254550e-01
-5.369263841448190799e-01 -9.817563356459509116e-02 3.651709181408624438e-01
-4.671357141694817972e-01 -1.371997749491659646e-01 3.232350002595431038e-01
-3.725691776938880317e-01 -1.674254983374240391e-01 3.146436105145297146e-01
-2.809079979497784985e-01 -1.857460547335680612e-01 3.335821151136517115e-01
-2.081597193700297777e-01 -1.917461712840216881e-01 3.649891566320260239e-01
-1.576956982764809445e-01 -2.009903451969320687e-01 3.941373528649630420e-01
-7.812519025860533706e-01 5.457036894236420022e-01 3.508655396346206379e-01
-1.789802226238013383e-01 -3.045524965853799171e-01 -2.092713092309267664e-01
-9.144327582065595039e-02 -4.157770353637173510e-01 1.072452867909479968e-01
-8.893513545150266708e-02 -4.797703754107099927e-01 -1.957175367480051831e-01
-5.275920900505593619e-02 -4.433954381120692734e-01 -2.412252920040740545e-01
-8.913950823909319587e-02 -4.430552335673215714e-01 -2.063071598258303940e-01
-1.595156771779638327e-01 -2.760086492362944233e-01 -2.365107347281164563e-01
-3.806862130473717687e-02 -4.614178865488788306e-01 -2.546777776354608447e-01
-2.727637453129432010e-02 -3.736301938072825735e-01 -2.639928707612065883e-01
-1.514234884250856839e-01 -1.781799297004847682e-01 4.767999329234279271e-01
-1.178403809924221946e-01 -2.164415571145796024e-01 4.462492314957789974e-01
-9.847056392847897133e-02 -2.626648155284411201e-01 4.191454978986394742e-01
-4.929120711355228224e-01 -1.416080935381755501e-01 5.581896613527974615e-01
-5.381821113833182846e-01 -1.426154813857695436e-01 6.049046817843062307e-01
8.490900751770773247e-02 -4.712471257059182017e-01 1.387842268493376108e-01
5.157994681421165239e-01 -1.382017794743720662e-01 4.676787224541373300e-01
9.687566164129660096e-02 -3.807294575568217487e-01 -2.545613271517573883e-01
7.588698649686204112e-01 1.329447801109157057e-01 8.794695650416104460e-01
3.147530354550559517e-01 -1.944911273695935916e-01 3.804445251544282813e-01
3.843400812610722750e-01 -1.892850508713499191e-01 3.700837424554034305e-01
4.505455931091517652e-01 -1.716437351774946496e-01 3.735648455335800477e-01
5.382555937339126295e-01 -1.230098249983475889e-01 4.358259318880899902e-01
2.571933580593582236e-01 -1.890934045943419572e-01 4.065201617657571709e-01
4.215482597753919536e-01 -2.582608540659891982e-01 6.733490742250605177e-01
3.393842251661385867e-01 -2.557121200814549411e-01 6.602280098173380907e-01
4.956665826183331847e-01 -2.353558266785751862e-01 6.538201667488489077e-01
5.414203816742080289e-01 -2.036713070376182377e-01 6.087468161438424064e-01
5.898611988084554447e-01 -8.048113509701773638e-02 3.653863844205792466e-01
2.756399040918196541e-01 -4.100570165908813680e-02 -1.028959120307258557e+00
5.408048660506856731e-01 -1.203897451692916704e-01 5.020393274266351513e-01
7.968985963979102749e-01 2.193696807443985819e-01 4.438536186945628570e-01
6.634559935491768368e-01 -2.144335724294386611e-02 4.452801976768507863e-01
3.702362476455772766e-01 -2.101094578016193815e-01 -8.262791441252209657e-02
6.757767178865448088e-02 -3.034033628505061198e-01 -5.016752240976879440e-01
6.187445445443950920e-02 -2.636556169984535236e-01 -5.704052101783895212e-01
1.466363472356098652e-01 -2.467695552323689590e-01 -5.303826453124399487e-01
1.992692818737488714e-01 -1.859689988407354500e-01 -5.624530586444204117e-01
1.253360560010493008e-01 -2.223467453803436022e-01 -5.767107385341150305e-01
1.758636299905589340e-01 -1.659430664874946837e-01 -5.916885338432136265e-01
3.219075888115141559e-01 -6.932592219601356465e-02 -7.294163021330610785e-01
8.338640207183022068e-02 -5.158799770988973243e-01 -2.238579725803796494e-01
9.246151442743796856e-02 -5.509736928752415608e-01 -1.239666039732361946e-01
6.255210665124955050e-01 -1.947435715438194936e-01 7.041381231994406908e-01
2.303649316699039051e-01 -2.488133924414070997e-01 1.831041219801939068e-01
2.457177129022658502e-01 -3.483807058968305670e-01 -1.687106518940262034e-01
2.498722751322174918e-01 -3.346593167520751644e-01 -1.081858487149349873e-01
5.716511687500871464e-01 -1.232214568597204962e-01 -6.039500046749236850e-02
8.889210251816467845e-02 -5.246362591333253445e-01 1.496979843915873486e-02
4.778608400712935911e-01 -3.270275151858599294e-01 8.123436174948117650e-01
5.672592524714781259e-01 -2.688306038253812646e-01 7.801366404888177009e-01
6.919324231503809486e-01 -2.576593806343345505e-02 1.039385597814083573e+00
1.784496005063518353e-01 -3.689480522439263499e-01 7.069397801371490875e-01
2.697480228975680516e-01 -2.278036646379354158e-01 6.115900438625140323e-01
3.762960158146511636e-01 -6.344176641549668927e-02 -6.183543930159062230e-01
7.293077538248438074e-01 5.252810465723317668e-01 -4.688165556477975615e-01
1.956500680279518734e-01 -3.134691230398209960e-01 -2.230156873398767003e-01
1.432275327660144926e-01 -3.151800437198524762e-01 -2.520248222315960573e-01
2.666736963693103202e-01 -6.236916151385128726e-02 -6.409666385024329616e-01
2.490810466374015764e-01 -8.325025429369600771e-02 -6.472919701967947415e-01
6.000167019101012578e-01 -2.444350017602975322e-01 8.438644053513371102e-01
2.482647645985538998e-01 -3.041858029799638374e-01 -2.068575819282950645e-01
3.536945764867380215e-01 -3.642298729828477577e-01 7.965770323302194811e-01
3.647760110390965704e-01 -3.894338481959991327e-01 8.722364436362922691e-01
4.205926527600162279e-01 -3.160124300819318055e-01 1.245628394865635480e+00
6.467007390745991291e-01 -1.497651054948567761e-01 9.282156838467796600e-01
3.838981777845584809e-01 -3.542016854556748195e-01 1.053083910517258470e+00
6.630620016419150886e-01 -1.410558039492050830e-01 7.508495221090610849e-01
7.158196377074608208e-01 -9.866890435408993271e-03 7.987540930419473328e-01
6.539688154212236482e-02 -2.911886666459834738e-01 -5.398872145145867663e-01
1.359159411868794132e-01 -2.373920904465071646e-01 -5.551817923099273688e-01
1.876763907422885347e-01 -1.818353255829091020e-01 -5.767444208863103938e-01
1.806384767828514981e-01 -2.961530752620125106e-01 -2.387809977954021279e-01
2.575366018576447646e-01 -7.381274117612371399e-02 -6.444896227900271946e-01
2.228461356701108287e-01 -1.153392729059379562e-01 -6.973461632209414507e-01
2.403717841531993471e-01 -8.515220872097623017e-02 -6.484977970327391317e-01
1.607142953681809372e-01 -4.127325238900607651e-01 -2.056385874905083400e-01
1.665797073757581681e-01 -1.517173815029214390e-01 -6.025212585575172586e-01
1.176001938678866848e-01 -1.901447946838477621e-01 -5.914627018263084457e-01
5.878789786973789844e-02 -2.272913153548809517e-01 -5.898940101277323489e-01
1.053818773726852842e-01 -1.432783056542715761e-01 -9.216234760040311613e-01
6.550040387783041818e-02 -2.104845773092513528e-01 -8.580346976916569668e-01
6.116519365869031721e-02 -2.211558732291453999e-01 -8.157902349664369890e-01
5.724082675898086586e-02 -2.087063177465814934e-01 -7.698397850353724259e-01
5.048455556922268328e-02 -2.041989196151058339e-01 -7.288595886567958981e-01
1.594874097016349690e-01 -1.484652785661952912e-01 -7.020179170005482749e-01
1.728920680405650612e-01 -1.578605004937027323e-01 -7.214045780637715621e-01
1.861138400937034088e-01 -1.661563105370646998e-01 -7.446206290358902136e-01
1.993015309616544273e-01 -1.509527468451644650e-01 -7.681942634502388900e-01
3.098531920394697048e-01 -1.861406607466920549e-01 -4.475344430123566197e-01
8.043563147764078991e-01 5.575054125114966563e-01 4.380258021062857776e-02
1.968669203362953257e-01 -1.106395477248125203e-01 -6.788395774714390818e-01
2.093047816711004760e-01 -1.172128930312501538e-01 -6.888730487166538907e-01
1.213493589130909545e-01 -3.113088063430440311e-01 -2.891726612970811905e-01
2.273995805323751340e-01 -2.472472565092561081e-01 -2.590606828048238608e-01
1.320194693299812372e-01 -3.148849298910630923e-01 -2.715550674308219170e-01
3.015294423415065816e-01 -2.174173852346747426e-01 1.245966265637003800e-01
4.137733291251893819e-01 -1.903184132494653569e-01 5.409915718347173275e-02
2.619012753621349221e-01 -2.896212976991967558e-01 -1.478635814444034802e-01
5.858981987410993852e-01 -1.849951821977557920e-01 1.163661120689658546e+00
5.422580939292895863e-01 -2.625605809487061015e-01 1.016628679083865672e+00
5.004041754857729840e-01 -3.258009924713149985e-01 8.880430894145985299e-01
2.683259670724922330e-01 -9.727907914764248598e-02 -8.099103529846368721e-01
2.011721332648172544e-01 -4.145887342381261442e-01 8.338623720758209235e-01
2.157446860314705950e-01 -4.027545766328844978e-01 1.057346021434790284e+00
2.392761134473599949e-01 -3.897767321863411238e-01 1.287559631276947725e+00
5.063998507952566230e-01 -1.452228935843315194e-01 3.939198884157579794e-01
6.614407468132799117e-01 -3.426347598578227682e-02 2.882891272827898810e-01
2.194409256516254847e-01 -1.809836312916142387e-01 4.316632798698027407e-01
6.006343708625788702e-01 -1.392462224897705603e-01 5.656319939274607744e-01
1.830389164877709030e-01 -2.818237234492002030e-01 2.484650224233396765e-01
2.039310186970677563e-01 -4.220281156747401896e-01 -1.418122896855002202e-01
7.434372255132110086e-01 5.076840596932435945e-02 2.221680663046700366e-01
6.162285772811539886e-01 -8.663017344528511909e-02 2.081544480616637771e-01
5.295352170893413701e-01 -1.451833598105456424e-01 1.642163542022314626e-01
3.993987816851146677e-01 -1.755725175019227924e-01 1.833858940236689494e-01
3.035002093761737796e-01 -1.952970107310568471e-01 2.317318581537503308e-01
2.322547469941635967e-01 -2.193905411186515553e-01 2.807260327566450941e-01
9.273692183622461727e-02 -3.721733352695554276e-01 3.767149304795849307e-01
7.325695088596506643e-01 6.029283781953399812e-02 5.079965118483633149e-03
6.492233639455522454e-01 -1.081992564483613417e-01 5.818058118139062262e-01
6.004581902490212231e-02 -4.728343183491288126e-01 -2.669989838669357685e-01
2.264203863046088117e-01 -2.653832251054878411e-01 7.265169830763804071e-02
8.174258775781345632e-01 4.460866097443217937e-01 4.879806675853928244e-01
1.795812421638107170e-01 -2.354481506575270555e-01 3.350126856878360426e-01
2.702212001125788854e-01 -2.197432160265865020e-01 -1.427117419192175385e-01
5.657803192284721616e-01 -1.068325711194018091e-01 4.982448576142092245e-01
2.061865130174055927e-01 -4.044224308459395956e-01 -6.742184553811192416e-02
7.780396068256850706e-01 5.579592938803235036e-01 -2.038518838579661541e-01
2.194626944615313824e-01 -1.673810522819592361e-01 4.661597507444540378e-01
1.487933821580823823e-01 -4.792831138461672857e-01 -1.614721244256310528e-02
5.771721422214852737e-01 1.879998835885421382e-01 -7.629366178139009858e-01
5.778450176149740880e-01 3.268112738546924412e-01 -8.534975021533164341e-01
7.999314929397030038e-01 3.105966842534079175e-01 1.862971886664285467e-02
6.633426073213823937e-01 2.578103372736548216e-01 -6.173520093719714330e-01
7.598293748927273938e-01 1.229277909812030445e-01 6.382167797278390786e-01
2.922663595087088284e-01 1.205403338430340379e-02 -1.107328560014276597e+00
5.795048117064809101e-02 -3.748590322807607844e-01 -2.744808705690007233e-01
2.874811242381364318e-01 -2.314970948367191250e-01 -1.607732052265341965e-03
7.175367156745998676e-01 5.059236286385201953e-02 4.282580890144285224e-01
4.478758689539502624e-01 -1.727823078625279063e-01 4.271280860716539229e-01
3.880658786857130171e-01 -1.874334907818089868e-01 4.202514226585542523e-01
2.364389112035270302e-01 -1.014445614495073367e-01 -7.060467791448367114e-01
7.177696789509346864e-01 1.100731013188009921e-01 -1.938742659154742143e-01
1.689512664852044210e-01 5.101979019805924498e-02 -1.231210511680338460e+00
3.816810564591166521e-01 1.717603850444866798e-01 -1.087355890418177484e+00
4.734251842982831193e-01 2.409928381339673797e-01 -9.924880897634527077e-01
3.287602384336887895e-01 -1.903589900419638825e-01 4.291831929925108424e-01
2.731529911307745695e-01 -1.812771905905774528e-01 4.469797871273508694e-01
2.373460577882510192e-01 -1.673225086509912141e-01 4.570082615934563663e-01
6.934666700309222165e-01 -3.970230824351177190e-02 6.087310697110077662e-01
2.839479488176864797e-01 -2.046371760112958293e-01 5.373581258653521431e-01
3.449436494876156889e-01 -2.220651775555319840e-01 5.693829525031086636e-01
4.079794611137207982e-01 -2.214762084405347276e-01 5.764795564192763955e-01
4.689365027997521862e-01 -2.044077455402780463e-01 5.613343220006933310e-01
5.051763561995548102e-01 -1.794664091681245910e-01 5.359828368558026135e-01
8.003631008121501189e-01 3.020835207982774939e-01 7.077928570144902398e-01
4.884143725719922169e-01 -1.539929986694606179e-01 4.453717959274690052e-01
2.502639276770027843e-01 -2.310161182551354608e-01 -3.993946084824122611e-01
1.947039031869739201e-01 -3.420665706357824964e-01 -2.110288640161510632e-01
1.246462475691136884e-01 -2.984676844751769642e-01 -3.746082726008637120e-01
4.835456943734494084e-01 1.365203268339241216e-01 -8.976957645609053849e-01
3.919446076907827647e-01 7.823332443094099808e-02 -1.003104551150229895e+00
1.667774136134550500e-01 -4.673807226296594619e-02 -1.183043723279502579e+00
6.601974685078026983e-01 4.363201862682587473e-01 -6.885146863493857294e-01
2.397594348604953907e-01 -1.820030979688160022e-01 4.938084932704096541e-01
1.376699240453335693e-01 -3.748388537041413837e-01 2.022432461911775892e-01
2.832481505530290433e-01 9.858700915169968382e-02 -1.171431946556540371e+00
7.749441291611334215e-01 3.289939644858898005e-01 -2.055165080775885056e-01
1.102690361095099297e-01 -1.789508433775812146e-01 -7.160339408508531456e-01
1.228978983576466816e-01 -1.870562588752307243e-01 -7.477683812695256060e-01
1.324595000885825657e-01 -1.961523118906588481e-01 -7.865593767460171692e-01
1.417102701254858155e-01 -1.831336895745026005e-01 -8.242691876251873051e-01
1.967668334211065129e-01 -1.266388133427654161e-01 -8.796689067197355216e-01
2.143410879959543047e-01 -1.214433846475370393e-01 -6.156259452933888765e-01
2.267001126035922687e-01 -1.217594601186932080e-01 -6.093231129900629206e-01
2.377007790592175485e-01 -1.232768808987840942e-01 -6.004578586885236380e-01
3.542740765230802946e-01 -1.258173967907719182e-01 -5.206530363919719129e-01
6.228291765278375358e-01 -2.271583663908945810e-02 -2.679063405890410032e-01
1.373351486843382707e-01 -3.226743251826785785e-01 3.199796716054939538e-01
1.723359799679266002e-01 -2.287155321589097456e-01 5.354821656022170639e-01
2.113634186374599988e-01 -1.990148677551754897e-01 5.272983718775705597e-01
2.022248781836065157e-01 -1.120086438320230110e-01 -6.223892498743647250e-01
6.310990425913585167e-01 1.100506625190974253e-01 -4.949021699817027775e-01
1.114268162053822647e-01 -3.179803035808155265e-01 5.328447476349849055e-01
2.385519924989871754e-01 -8.110930427901216766e-02 -9.482089212899558195e-01
8.943883778674090179e-02 -4.296269780370947089e-01 2.508286728230689766e-01
1.856400369282920626e-01 -3.542774220725191103e-01 3.497857319952612370e-02
1.299055325339494305e-01 -1.160318376754613523e-01 -1.004961424002325687e+00
3.926572529612053497e-01 -2.660783771093960109e-02 -7.522028499694085601e-01
3.253198916786645412e-01 -1.937366883826993624e-01 -2.214332427987265872e-01
3.241936993301928749e-01 -5.012732600630101509e-02 -8.644428888759285723e-01
4.750072084411567364e-01 -1.692519624086873120e-01 -2.002556672007776428e-01
3.833523376139537087e-01 -1.682386755947879731e-01 -3.209504341403631722e-01
5.302658495991419141e-01 -9.302494380145905073e-02 -3.563094358870267930e-01
1.547418651312377769e-01 -9.553347733452230428e-02 -1.103836999199848012e+00
2.268651328482587104e-01 -2.967981412321075707e-01 -1.652886199635720393e-02
4.581852123800387866e-01 4.543250095655990139e-02 -8.051071416077977272e-01
3.692651198933271095e-01 1.148349646469770148e-02 -9.235015807215231076e-01
4.490624639935719142e-01 -3.320246084923064722e-02 -6.225537233530343828e-01
6.973096004592680419e-01 1.559587237310197660e-01 -3.615247757161674791e-01
5.399369653774088729e-01 3.257020395895651732e-02 -6.192173243723048115e-01
7.365150804207759583e-01 3.273485068599634173e-01 -4.161700178980314302e-01
4.294008092377837871e-01 -1.172984453071465871e-01 -4.480351102104950800e-01
1.807773154610993471e-01 -3.163576019842886944e-01 1.391699979054389913e-01
1.812071401080053712e-01 -4.306185089155718515e-01 -1.908894719304838894e-01
2.235125006023916949e-01 -3.520342112670619139e-01 -2.043234741525510045e-01
1.530347841073032567e-01 -4.897604050435477863e-01 -1.296554355488710453e-01
2.292039677283136401e-01 -2.641201967360001790e-01 6.351175080703710396e-01
3.446801358567297413e-01 -2.882946115424725453e-01 7.096600307229183890e-01
4.451317203667365385e-01 -2.860139333670890238e-01 7.225673783013286666e-01
5.250805178133838291e-01 -2.555650207972065546e-01 6.986058379100186233e-01
5.770396052942197151e-01 -2.075255303469744628e-01 6.476165676291465445e-01
6.060551746325684164e-01 -7.576181752219121601e-02 4.727799574572373875e-01
8.082938113539515079e-01 2.689345692389968900e-01 2.333481502397861951e-01
5.543476228903054803e-01 -1.102017234358465547e-01 3.180126150192125190e-01
4.846858161946276944e-01 -1.475400774146577720e-01 2.841834719662265640e-01
3.936678985455840940e-01 -1.743375497003818442e-01 2.878976431749368792e-01
3.071330771980940177e-01 -1.895515253295491920e-01 3.161311974388644752e-01
2.411172097040095164e-01 -1.949804713746504381e-01 3.521965788320268742e-01
1.956309449479290419e-01 -2.024146040719362882e-01 3.841018916085183199e-01
8.135034543032770848e-01 5.258259733810433101e-01 2.717257882513395284e-01
2.227727880159690588e-01 -3.138691585040535026e-01 -2.250060422144574412e-01
1.386380641081435550e-01 -4.171104506734263362e-01 9.692454390329192926e-02
1.334218013545690751e-01 -4.845622168095614635e-01 -2.055609269052895982e-01
9.702028846574714538e-02 -4.482112738935419838e-01 -2.477859071599213259e-01
1.333523649072068662e-01 -4.474757296788006156e-01 -2.163603941474672443e-01
2.054542475109105149e-01 -2.863177959114300286e-01 -2.503500123388097132e-01
8.270801933654703397e-02 -4.651435185712265441e-01 -2.598296466477613698e-01
8.063019727509254664e-02 -3.775757738940313524e-01 -2.684596656662950886e-01
1.954390631505666109e-01 -1.777616119051828036e-01 4.622769867165436586e-01
1.600835718589128098e-01 -2.171495649458785038e-01 4.351051488796772726e-01
1.386277685040767649e-01 -2.641886658676207977e-01 4.105025854892572768e-01
5.251779559486041693e-01 -1.536721863009088418e-01 5.171005478111724285e-01
5.675344748285576779e-01 -1.579601035201373682e-01 5.600324212068539254e-01
-3.642982411771736317e-01 -1.730680949897936416e-01 5.394715316261717852e-01
-2.922745690753503212e-01 -1.797797521768632056e-01 5.372876554360475065e-01
-3.634058881998553092e-01 -1.823778781443061159e-01 6.254827462099372681e-01
-4.372945450514242882e-01 -1.662977595886963589e-01 5.413691796653370414e-01
-3.658388807530504883e-01 -1.637611380795347960e-01 4.533794415536738232e-01
3.945607225636113546e-01 -1.802188630548882953e-01 5.062308607034301522e-01
4.650683837894822870e-01 -1.866075208986860134e-01 5.027078267120282939e-01
3.935436110899542816e-01 -1.896872859910181397e-01 5.916805294169427132e-01
3.234928593517533146e-01 -1.738582994248022429e-01 5.102602942623265525e-01
3.958437701632289141e-01 -1.707687434148771888e-01 4.207502389449671032e-01
