-1.453172109168052173e-02 -2.968826991824833339e-01 -4.923175578698966159e-01
2.329912270597667145e-02 -4.923278144764084985e-01 -2.137373653197280898e-01
2.646775564061137898e-02 -3.086177802712413154e-01 -2.771400394989051996e-01
-3.470225262305010050e-02 -4.465600733809378386e-01 1.363986092311655351e-01
2.308895320392631567e-02 -5.277545370139633540e-01 -1.156489254463375360e-01
2.200898505533936678e-02 -5.181604583168764044e-01 2.381250719756766721e-02
2.432957163412807766e-02 -3.808982201840434012e-01 3.789186363368932664e-01
-4.568089772230372603e-01 -1.204775855827121545e-01 4.780877330120716362e-01
2.481304550408541809e-02 -3.645580440974596215e-01 6.487993648387249124e-01
2.379175264455392347e-02 -3.934094673373786932e-01 7.789931418875761793e-01
2.234230855798965965e-02 -3.813157639891133766e-01 1.236905800660664134e+00
-1.344960345750455255e-02 -2.857360360943005384e-01 -5.204489134120882099e-01
-1.198460790666109471e-02 -2.622516517043512740e-01 -5.481891314780391600e-01
-9.850383126204516337e-03 -2.264609235867937054e-01 -5.679569648636839663e-01
-1.860730441459703538e-02 -2.002580640220054109e-01 -6.668878875815877905e-01
-1.973372208386930948e-02 -2.035829976632054228e-01 -7.094609887644951485e-01
-2.156245460582677242e-02 -2.135263252411516710e-01 -7.557121834125726245e-01
-2.130803726970437184e-02 -2.020234331902522884e-01 -7.992738666674039649e-01
1.105012539151289941e-02 -1.366169547037449084e-01 -8.642242289400678956e-01
2.218935701900437429e-02 -4.509791448560698246e-01 -2.557954910236305279e-01
-4.275118373454250831e-02 -3.565839114158864120e-01 -2.352611300192489763e-01
-7.087327005097905364e-01 1.465278689985134442e-01 9.081902672296049417e-01
-2.713885018590800335e-01 -1.813601899570878029e-01 3.771787652533635793e-01
-3.408880757263452743e-01 -1.739457612756949434e-01 3.709793667968181996e-01
-4.056031607683503459e-01 -1.547571260697209183e-01 3.822368652139653822e-01
-4.846937553371817309e-01 -1.063281606726453887e-01 4.531526642052507992e-01
-2.101457388768295242e-01 -1.767092654570228127e-01 4.007091441987229441e-01
-3.694580359618702126e-01 -2.360050409161205121e-01 6.651888964687220351e-01
-2.900856598474446102e-01 -2.352957452258936932e-01 6.503638065571286653e-01
-4.396699316607630692e-01 -2.107493107427484968e-01 6.503765427007426325e-01
-4.841649132368024411e-01 -1.783602007888176466e-01 6.134338878555889440e-01
-5.430294157651065490e-01 -6.320025679128327134e-02 3.968250410077762691e-01
-2.425685611667486308e-01 -2.815758980995385075e-02 -9.635028323582095489e-01
-4.790351257506513249e-01 -1.029637022369620514e-01 5.135089741349803116e-01
-7.311823375433834649e-01 2.268101899050987136e-01 4.930367411760478991e-01
-6.172261344605689537e-01 -4.147122445220132944e-03 4.817261473011007489e-01
-3.175415540897961186e-01 -1.900870720910663447e-01 -4.751714121183536754e-02
-9.066183796948074081e-02 -2.840312494794525744e-01 -4.716897188491477877e-01
-7.894627195263081987e-02 -2.481970725625595176e-01 -5.388729194617687401e-01
-1.546437305845738130e-01 -2.363737347860210836e-01 -4.933643245607659544e-01
-1.885797748184285805e-01 -1.863733174366876133e-01 -5.276687720231514334e-01
-1.311374081457775675e-01 -2.154885907302214187e-01 -5.417805906079333766e-01
-1.648339599965074065e-01 -1.665942628294374561e-01 -5.597139924115219767e-01
-2.989297581805407944e-01 -6.233391845807362275e-02 -6.606818814245789540e-01
-3.442682876125896518e-02 -4.850403189782759306e-01 -2.066691679055476794e-01
-4.459775889424644202e-02 -5.178846334917237559e-01 -1.111217972040707824e-01
-5.744766312445093170e-01 -1.687121293583164761e-01 7.138041775076131579e-01
-1.783373773118316352e-01 -2.334951592382994434e-01 1.915495998622402940e-01
-1.912448578639512897e-01 -3.226238916635200127e-01 -1.426342189530863669e-01
-1.965865867375782283e-01 -3.096587424277998934e-01 -8.471020285835151320e-02
-5.169417833935954221e-01 -1.047487322665465737e-01 -8.031190939856713840e-03
-4.025865716180498932e-02 -4.959879521273564684e-01 1.941085790773677822e-02
-4.196983540391028278e-01 -2.945879530235504529e-01 8.045071452659762201e-01
-5.112293840524908539e-01 -2.383646985639820137e-01 7.781226791409361354e-01
-6.410639103358874991e-01 -4.173334982063847676e-03 1.054898577082303390e+00
-1.216235375500139826e-01 -3.455425041796111874e-01 6.884749454739749197e-01
-2.197828843441678170e-01 -2.123067860864387146e-01 6.036206998870339291e-01
-3.352787675737569639e-01 -6.344815377067711260e-02 -5.615997180119300936e-01
-6.471037063224382990e-01 5.178597968373459537e-01 -3.902967782925188533e-01
-1.401343971349672257e-01 -2.893450357280602514e-01 -1.983244282295579808e-01
-8.652005519485528318e-02 -2.893768330471373496e-01 -2.292528439944906404e-01
-2.366520313200380921e-01 -7.532137291334661811e-02 -5.844079963008592671e-01
-2.252190689367284948e-01 -9.143369842257106916e-02 -5.901049169140395456e-01
-5.449251818632858679e-01 -2.146373927768525647e-01 8.473281291273346838e-01
-1.953401350216499299e-01 -2.796485574403511087e-01 -1.787332219117458987e-01
-2.936349733152594510e-01 -3.319343285496669793e-01 7.843640013539507905e-01
-3.040302468387974244e-01 -3.550949176877271629e-01 8.616258700115579927e-01
-3.682163623639431727e-01 -2.855890367047002609e-01 1.224804547885956829e+00
-5.919388687083886325e-01 -1.248856542718331797e-01 9.381293175430904796e-01
-3.280758389930507057e-01 -3.238805558255857253e-01 1.034370807406839177e+00
-6.113439526598196672e-01 -1.177356307135699609e-01 7.706254468108122424e-01
-6.591912618255419964e-01 7.733310522781922103e-03 8.214811418968244183e-01
-8.648633709607561615e-02 -2.732681797810242452e-01 -5.088645742822417439e-01
-1.431132429253608729e-01 -2.285958379642838434e-01 -5.186570588155721140e-01
-1.777676105104701865e-01 -1.817066433096838907e-01 -5.431360892463972245e-01
-1.243762681958228145e-01 -2.719663987939011651e-01 -2.145411496725777578e-01
-2.304516806071174040e-01 -8.371683058519205356e-02 -5.874686136459001951e-01
-2.205903572293236303e-01 -1.161578689496090000e-01 -6.213230151161690529e-01
-2.187515396247869948e-01 -9.280530962541375106e-02 -5.918622243072477751e-01
-1.092722060426508102e-01 -3.884775370940611872e-01 -1.834646143157973031e-01
-1.553812247459983586e-01 -1.528526419834635997e-01 -5.722359745547371812e-01
-1.197839097223547533e-01 -1.865113057258710461e-01 -5.599817953962422656e-01
-7.121416443337319491e-02 -2.162103291145088813e-01 -5.590998572134631139e-01
-8.318980350832202997e-02 -1.317312003427422162e-01 -8.552706436033279402e-01
-1.024354021728453024e-01 -1.987493328216196620e-01 -7.840345963079555780e-01
-9.917298765526427751e-02 -2.101291555532494026e-01 -7.392083660915771404e-01
-9.125119438482842682e-02 -1.989923880466663020e-01 -6.922471440256923181e-01
-8.173792323248402214e-02 -1.954664165822574962e-01 -6.522610151830146030e-01
-1.725073592519966725e-01 -1.464398347972999392e-01 -6.186420478244492038e-01
-1.881770906106341457e-01 -1.529241966572121303e-01 -6.360608930983855380e-01
-2.044275609308039421e-01 -1.594316532153587929e-01 -6.579823569347076351e-01
-2.162998930079962356e-01 -1.444536368741238253e-01 -6.823055753734017514e-01
-2.610678654810000276e-01 -1.725985659270021788e-01 -4.032298032736363336e-01
-7.237962590287980724e-01 5.498607229256258222e-01 1.123799186753677848e-01
2.619198997285908381e-02 -3.583868431760968143e-01 -2.630395012331034899e-01
-1.942877520920220924e-01 -1.147631662955397869e-01 -6.050596435172685972e-01
-2.075512309665630273e-01 -1.188329216905933405e-01 -6.129796989522220407e-01
-6.400471616871167280e-02 -2.897073051130905075e-01 -2.667298086185091455e-01
-1.708247602313750502e-01 -2.233446630594672078e-01 -2.299881752273635893e-01
-7.490955916321340169e-02 -2.906770307160844169e-01 -2.485132186262105636e-01
-2.488688813238286723e-01 -2.024634807544061221e-01 1.426556614636191878e-01
-3.597757850606000396e-01 -1.726062955293421464e-01 8.672485967984777666e-02
-2.077139475742090235e-01 -2.662346963664425914e-01 -1.212738645213446986e-01
-5.335988124119026565e-01 -1.557988195022352862e-01 1.163884307868791268e+00
-4.865931528050420063e-01 -2.324028177549717356e-01 1.014073190131230540e+00
-4.410597906249691391e-01 -2.927731282443124528e-01 8.828221111310607938e-01
-2.531032510181234763e-01 -8.824430172469843736e-02 -7.386076277879434215e-01
-1.407471266429308754e-01 -3.865580920812541343e-01 8.187691267090926317e-01
-1.636889576118334411e-01 -3.746046424233857586e-01 1.021604523433054190e+00
-1.894819234462069568e-01 -3.597493461409930759e-01 1.244495618126823189e+00
-4.576071777622074954e-01 -1.278581214804160870e-01 4.088144015640917672e-01
-6.188487833337963373e-01 -1.530222073355602674e-02 3.319451270963498235e-01
-1.694061669250592761e-01 -1.717341297235124298e-01 4.237621741218300375e-01
-5.461400342921658435e-01 -1.174749103150241059e-01 5.805987199126600995e-01
-1.311133099311334593e-01 -2.660581608333560943e-01 2.489414656817582339e-01
-1.516036159700703267e-01 -3.936220617343146877e-01 -1.189340408428027906e-01
-6.792851592680344552e-01 6.594562084537480828e-02 2.767971084576645868e-01
-5.764240010171022277e-01 -6.758625057523848234e-02 2.498647685317709755e-01
-4.922464946076510195e-01 -1.256893759271020539e-01 1.990468301371974835e-01
-3.617599781959226490e-01 -1.593418895625284826e-01 2.037456640865163982e-01
-2.647856317405865578e-01 -1.808018509415807440e-01 2.396664794898377693e-01
-1.922171889501473885e-01 -2.048084536529437560e-01 2.805510067279248787e-01
-4.008300279368731678e-02 -3.519175966333702998e-01 3.627858815441415974e-01
-6.664763627797007928e-01 7.297670589914106998e-02 6.810578569885250566e-02
-6.005834397962654947e-01 -8.710556340101960338e-02 6.067081438737544907e-01
-1.367547412782478544e-02 -4.469697507262921921e-01 -2.500881819093719871e-01
-1.732717440233774164e-01 -2.488186792306954498e-01 8.588083062121421030e-02
-7.496753106224942620e-01 4.419343136356794766e-01 5.389028610529571495e-01
-1.356837868511172607e-01 -2.217882604692960058e-01 3.273251171959539185e-01
-2.118712606306240032e-01 -1.999536946389450787e-01 -1.157047768661578768e-01
-5.061371207197096211e-01 -8.980916113005732448e-02 5.138446842829624828e-01
-1.552387922183677826e-01 -3.768856841030665539e-01 -4.872129623011534072e-02
-6.938863233810002029e-01 5.512494988497516069e-01 -1.301838966979258494e-01
-1.655686533064685273e-01 -1.605260346197203702e-01 4.570432127151278223e-01
-1.004638569967508110e-01 -4.505223755146614550e-01 -4.717951142285459198e-03
-5.183278835716405020e-01 1.973812196153075238e-01 -6.879546402777578784e-01
-5.117741532128743387e-01 3.300951353686225609e-01 -7.775602798613587829e-01
-7.192290790102351394e-01 3.133289964300578490e-01 8.545464479039321937e-02
-5.962938365794556717e-01 2.640199654053905221e-01 -5.392887227442813014e-01
-6.979379763213473531e-01 1.342132891821099516e-01 6.742612548767912273e-01
-2.511627082003383693e-01 2.287550811891959912e-02 -1.039422067745249034e+00
-1.884202561596808739e-03 -3.532659244767613060e-01 -2.575950430324192020e-01
-2.345245729075505770e-01 -2.134602556260625228e-01 2.144107327931799034e-02
-6.753414917945157470e-01 6.459852524317155620e-02 4.777393957110700473e-01
-3.946083289980144571e-01 -1.556668478830405267e-01 4.315842924859456531e-01
-3.374836347963285910e-01 -1.719398436305266120e-01 4.197714434816122164e-01
-2.313178295106125271e-01 -1.032753256782684703e-01 -6.306086317829784349e-01
-6.501670533354051429e-01 1.205641435801121375e-01 -1.252556295223934413e-01
-1.226141210469748888e-01 5.435804482306139107e-02 -1.163048073510331015e+00
-3.252094552190050170e-01 1.769383822313308485e-01 -1.018585023971644521e+00
-4.120713946690139906e-01 2.452928836626755427e-01 -9.215300081902384477e-01
2.292585015507085655e-02 -3.918842283631369661e-01 1.003795776851723609e+00
2.018202584726067061e-02 3.362838891913444428e-02 -1.183972025612002099e+00
-2.789583149378738192e-01 -1.764979770790071623e-01 4.257954256830829287e-01
-2.215625262478565505e-01 -1.709168804205771774e-01 4.411958048838944269e-01
-1.834849234698874287e-01 -1.599157733885996358e-01 4.499293170425469057e-01
-6.474635941702930886e-01 -2.233146382208461844e-02 6.457733624099648573e-01
-2.345207981943295827e-01 -1.925307609075099791e-01 5.355095643637342029e-01
-2.978304157533244734e-01 -2.055243431460123116e-01 5.700567372313323222e-01
-3.583500583572645226e-01 -2.022660170644741129e-01 5.784858995689976524e-01
-4.153512859897978693e-01 -1.835026980688521103e-01 5.662488543708477096e-01
-4.491475516950993452e-01 -1.589187712864570390e-01 5.441879439737573598e-01
-7.412575408690771361e-01 3.066614194463817000e-01 7.471446282043077147e-01
-4.319753141397764118e-01 -1.365476865128048001e-01 4.534530633335667194e-01
2.520798533325652180e-02 -2.906872612792144039e-01 -3.477680650495149628e-01
-1.990222787749764688e-01 -2.129903634447760652e-01 -3.598945037214440479e-01
-1.397138267710387183e-01 -3.165969097093503937e-01 -1.864187069282648990e-01
-7.087233216741334330e-02 -2.816622051923640679e-01 -3.477872062279325771e-01
2.467477672354149998e-02 -3.476738633493725583e-01 5.173742667809493323e-01
-4.307950136631668592e-01 1.474653449792422411e-01 -8.259432694213804105e-01
-3.465110071659349700e-01 9.019499357418636620e-02 -9.350348852901886332e-01
-1.307298675756088935e-01 -3.757723805207024981e-02 -1.114958135324529920e+00
-5.845853451044518145e-01 4.334380553305616779e-01 -6.095550889883885048e-01
-1.876140456300949833e-01 -1.742588872753774165e-01 4.870141058907326848e-01
-8.582833821535601482e-02 -3.533206432032598432e-01 2.013800807195720299e-01
1.484058963336130910e-02 -5.610052053517611270e-02 -1.134263160207503063e+00
-2.322955649329034866e-01 1.037216765962845066e-01 -1.103993083344376736e+00
-6.950603388280294226e-01 3.311015567310588992e-01 -1.322483884960667933e-01
-1.343940547427980303e-01 -1.735117710471160146e-01 -6.330518051894054032e-01
-1.495991024298064520e-01 -1.797962112964692771e-01 -6.631960632611311190e-01
-1.616873321168861288e-01 -1.879863288405720922e-01 -7.014830713455530997e-01
-1.691827097894285092e-01 -1.751869111893449293e-01 -7.428543567955157023e-01
-1.793084462377945165e-01 -1.181205150355721933e-01 -8.089971821505992366e-01
-1.905989413425231982e-01 -1.284191300384502910e-01 -5.825235018574803636e-01
-2.011561005228313936e-01 -1.313951924891869072e-01 -5.756094949915975256e-01
-2.102872180984669548e-01 -1.340557283628187601e-01 -5.673914887799524909e-01
-3.050308430551833538e-01 -1.240402277747872928e-01 -4.763023320927797233e-01
-5.669930154144582346e-01 -6.038898497467748427e-03 -2.032709189883787904e-01
-8.440432367097094879e-02 -3.047613944553499987e-01 3.133473196085960755e-01
-1.183692410146568452e-01 -2.145391546707466901e-01 5.237964943000710250e-01
-1.602932447106990566e-01 -1.897981552225902480e-01 5.180487884152298328e-01
-1.799029028514114170e-01 -1.202380440723797017e-01 -5.888819449033106945e-01
-5.714350087413881951e-01 1.223518397965486226e-01 -4.217109291953529127e-01
-6.299906377950309500e-02 -3.007681619710982357e-01 5.147734060895872155e-01
-2.143292046086167080e-01 -6.932822974777852476e-02 -8.795324744339296785e-01
2.277419468059341257e-02 -4.708985004604282487e-01 1.449024265219540641e-01
-3.875805456252834347e-02 -4.051485069134705963e-01 2.430778660145433978e-01
2.375148306421581701e-02 -4.237242051422431821e-01 2.575451154069938742e-01
-1.340619184038300826e-01 -3.310504722817941836e-01 4.733407279728574224e-02
1.294834250732326830e-02 -1.049575042409496284e-01 -1.054876623081859144e+00
1.234487444631101466e-02 -1.196805506156474186e-01 -9.495332693802005508e-01
-1.033107356801675758e-01 -1.037481171365486898e-01 -9.379061798522019266e-01
-3.636308456561279101e-01 -1.488603385763565684e-02 -6.797919888461549931e-01
-2.719918826002789558e-01 -1.734206461073566352e-01 -1.845353449312840954e-01
-3.008397567032627951e-01 -3.726463872715007897e-02 -7.938326219911404635e-01
-4.253727832691573951e-01 -1.470532071456918111e-01 -1.501799438574753509e-01
-3.361995999825158066e-01 -1.486961470933645391e-01 -2.724778719733462751e-01
-4.821317284649069279e-01 -7.313956008768396355e-02 -2.939133464700127707e-01
-1.239287608841322386e-01 -8.448765364194793515e-02 -1.038048728829972234e+00
-1.742115042718649365e-01 -2.754742705619561693e-01 9.362244411665887611e-04
-4.163992327227667989e-01 5.890038741500477903e-02 -7.375743995454375757e-01
-3.330048377225498513e-01 2.529858654285599417e-02 -8.585033574690750235e-01
-4.087298193182524741e-01 -2.556113816354692314e-02 -5.537757547285682147e-01
-6.304801878383798908e-01 1.658620138246857945e-01 -2.889102109650150130e-01
-4.943219006712473718e-01 4.770788610304155242e-02 -5.469786307867265940e-01
-6.596909892602336178e-01 3.280309023889476094e-01 -3.385313168034045361e-01
-3.883040695485915350e-01 -1.038432970908955144e-01 -3.880693525137428601e-01
-1.282989665742721996e-01 -2.982269358391889114e-01 1.454816618401866268e-01
-1.303508815687326461e-01 -4.033360552254734444e-01 -1.677310167227327176e-01
-1.698646432743400325e-01 -3.250499315618127216e-01 -1.778491418678577185e-01
-1.020783512152560468e-01 -4.586911734660930051e-01 -1.114650460538355592e-01
-1.741267882397026234e-01 -2.464526507588322701e-01 6.205484102763354493e-01
-2.882418796731189836e-01 -2.632158177050074599e-01 6.952958338326431509e-01
-3.865770134285391180e-01 -2.580490475855266030e-01 7.126666093020310733e-01
-4.664692487815016442e-01 -2.276536870029208792e-01 6.951038726733425044e-01
-5.202806685446348389e-01 -1.813919803688561760e-01 6.523368935326399054e-01
-5.536795859569516587e-01 -5.812535395390661108e-02 4.979640985332065561e-01
-7.353442057389596442e-01 2.720208698494865907e-01 2.926871953877585586e-01
-5.083349275838084935e-01 -9.294775792782117296e-02 3.470946017898004499e-01
-4.422606272410454231e-01 -1.298938545819122714e-01 3.078722173975536602e-01
-3.527297811312242182e-01 -1.585100510726293876e-01 3.002623219422690948e-01
-2.659495812856931263e-01 -1.758550335207578197e-01 3.183396434207701464e-01
-1.970751652302669132e-01 -1.815356424500940147e-01 3.479118061101871273e-01
-1.492983651591831551e-01 -1.902875619223991510e-01 3.752626531332068360e-01
-7.396500545569737461e-01 5.166448392868772110e-01 3.321818669162521775e-01
-1.694535416149512974e-01 -2.884407065507816892e-01 -1.981687642249093662e-01
-8.657389982121238559e-02 -3.936368101918785722e-01 1.015344492855343450e-01
-8.419931851812695323e-02 -4.542432424742726127e-01 -1.853077281767964157e-01
-4.994976868510608847e-02 -4.199126279813483187e-01 -2.285216021204405923e-01
-8.439280840658791583e-02 -4.195409643297121072e-01 -1.953829438461062162e-01
-1.510819322053356117e-01 -2.614875543141166325e-01 -2.239788581951964730e-01
-3.604145835977423662e-02 -4.369511500201939125e-01 -2.412421207081560937e-01
-2.585588820682464817e-02 -3.539946614411593195e-01 -2.502449959784236455e-01
-1.433601519613391106e-01 -1.686918064297511233e-01 4.524597459010770706e-01
-1.115653531375728758e-01 -2.049159931620920805e-01 4.238553232353721167e-01
-9.322698318028471709e-02 -2.486778521661383579e-01 3.978767838257417644e-01
-4.666643871206730410e-01 -1.340674291665915341e-01 5.274652221888356252e-01
-5.095237870507616229e-01 -1.350211733737627373e-01 5.709204679090997825e-01
8.038758284615299399e-02 -4.461531051437106488e-01 1.313939335809617415e-01
4.883330248399002649e-01 -1.308425021298821322e-01 4.429235205777299900e-01
9.169973261192920777e-02 -3.606876979893747226e-01 -2.412661022535359523e-01
7.184598657202725391e-01 1.258654392221112417e-01 8.326376014720828778e-01
2.979923620994471278e-01 -1.841344289768584996e-01 3.608358635168025241e-01
3.638738813079194223e-01 -1.792055772797203073e-01 3.510904781032835320e-01
4.265539340390684941e-01 -1.625036658063212514e-01 3.543585062294607457e-01
5.095933564488599465e-01 -1.164595228119138515e-01 4.129482016521268672e-01
2.434977510974339898e-01 -1.790241362121525182e-01 3.853815269376330566e-01
3.991007155427976905e-01 -2.445084026900001817e-01 6.368616665470305804e-01
3.213119351504691856e-01 -2.420953893911246269e-01 6.244136338258301500e-01
4.692722202175199087e-01 -2.228230734118885614e-01 6.184056964401087875e-01
5.125896186850891212e-01 -1.928257619129076783e-01 5.757915830721391792e-01
5.584509508847683712e-01 -7.619549544402604013e-02 3.461632307585589263e-01
2.610345772199473835e-01 -3.865074688284153570e-02 -9.735782560545307440e-01
5.120068794136556356e-01 -1.139789628515605058e-01 4.752449381651187021e-01
7.544635582339154212e-01 2.076881935181822403e-01 4.202183088399997768e-01
6.281268054521600419e-01 -2.030149352944854435e-02 4.216264569844374588e-01
3.505210801580824764e-01 -1.989210796306331019e-01 -7.822795871860699357e-02
6.190366674702732497e-02 -2.853757538322112541e-01 -4.805976988150104656e-01
5.538027747496485076e-02 -2.462351823669853834e-01 -5.498852046283391193e-01
1.324763198959391097e-01 -2.325378669307948121e-01 -5.109484794777667815e-01
1.756128181914825559e-01 -1.757989333919679487e-01 -5.448738212848032170e-01
1.118983767502614302e-01 -2.084172693566813672e-01 -5.569770608830246772e-01
1.539275076844635048e-01 -1.562616015998007368e-01 -5.722458413984565784e-01
2.825091279704510239e-01 -6.744373734205613702e-02 -6.955578601664793581e-01
7.894605649929331559e-02 -4.884211522644421599e-01 -2.119464393130650048e-01
8.753791698208629457e-02 -5.216342138120313443e-01 -1.173653528488696196e-01
5.922119222251005510e-01 -1.843734304392814494e-01 6.665599123827741224e-01
2.180979447392640269e-01 -2.355640206246043533e-01 1.733537843094590247e-01
2.326331867508724116e-01 -3.298371333008198736e-01 -1.597284053639227430e-01
2.365665175624483973e-01 -3.168386292235709778e-01 -1.024249272248629605e-01
5.412106092208675001e-01 -1.166598852267666242e-01 -5.717895291550578740e-02
8.415857709863622249e-02 -4.966992546271438158e-01 1.417265273659795710e-02
4.524146376596398511e-01 -3.096132228903079042e-01 7.690861283155268069e-01
5.370525635196923275e-01 -2.545153107823958649e-01 7.385921538932569419e-01
6.550868584624609525e-01 -2.439389624987065019e-02 9.840380677917996977e-01
1.689471172016183687e-01 -3.493014814653212508e-01 6.692950701510032019e-01
2.553838770726646334e-01 -2.156730657806853468e-01 5.784348935567309447e-01
3.314077549708396297e-01 -6.465947305265717926e-02 -6.056402793164739062e-01
6.904719439655409019e-01 4.973097069829846006e-01 -4.438519635143045594e-01
1.852188577742527320e-01 -2.969205583154652661e-01 -2.112180076316455546e-01
1.355253500162775238e-01 -2.986428126341769129e-01 -2.387910198895041303e-01
2.228683965291559099e-01 -6.265511124924491582e-02 -6.234333274594967556e-01
2.072069996484248167e-01 -8.184160952054778115e-02 -6.258378708997105466e-01
5.680656710516207575e-01 -2.314187802796725535e-01 7.989284249308843400e-01
2.350446073437475469e-01 -2.880381154907791785e-01 -1.958618839534993494e-01
3.348602568889176290e-01 -3.448345463624247209e-01 7.541591156733327139e-01
3.453516024384009064e-01 -3.686964039524696091e-01 8.257896473424617412e-01
3.981959948263193994e-01 -2.991846936654811717e-01 1.179298389124371127e+00
6.122637722291819351e-01 -1.417900783131855746e-01 8.787879779567182581e-01
3.634555092957292288e-01 -3.353403621856840822e-01 9.970069439688380442e-01
6.277537937068617957e-01 -1.335445493603766298e-01 7.108666080091525785e-01
6.777020732118574919e-01 -9.341476222135769447e-03 7.562202492441381096e-01
5.926213583672540475e-02 -2.729962250526636325e-01 -5.191124206743296110e-01
1.220449925842760908e-01 -2.231408945655295462e-01 -5.356546658406136086e-01
1.650471742363127658e-01 -1.715399339110700305e-01 -5.582236178987580733e-01
1.709695703273937939e-01 -2.805612376283239673e-01 -2.261582965353894359e-01
2.145130506385002356e-01 -7.322784833329282206e-02 -6.251103126163903845e-01
1.936013182562982271e-01 -1.090243187053136498e-01 -6.517125149020492891e-01
1.998841605317756009e-01 -8.331149794578945889e-02 -6.253779057829513821e-01
1.521562212439758754e-01 -3.908440455448869422e-01 -1.947560367950060822e-01
1.454420182429991826e-01 -1.426431078564937005e-01 -5.822096370620932770e-01
1.040989168803033715e-01 -1.778242421164033527e-01 -5.713537887735518073e-01
5.203994678651674421e-02 -2.116173765392691530e-01 -5.692057677408193239e-01
9.935613193154374523e-02 -1.337658388725174730e-01 -8.616437086215475993e-01
6.121839197315914749e-02 -1.965746490506864452e-01 -7.934729880436508509e-01
5.705030343042938323e-02 -2.064393275243714410e-01 -7.490981460498176148e-01
5.297624507772294433e-02 -1.945497733996411904e-01 -7.031386353905739739e-01
4.616113831379906052e-02 -1.904349370036059197e-01 -6.634565784646606623e-01
1.435587318776796462e-01 -1.386702436718253439e-01 -6.433982330938756711e-01
1.568327720540384496e-01 -1.474661410378417248e-01 -6.619152485469959046e-01
1.703138478923365007e-01 -1.552441359042707747e-01 -6.847633473295777762e-01
1.833911058506135783e-01 -1.409188374002506849e-01 -7.083758157454420612e-01
2.849912002202019679e-01 -1.777077831225462035e-01 -4.329392182701912173e-01
7.615241513502550852e-01 5.278181178375001004e-01 4.147008248592265467e-02
1.706818848208279116e-01 -1.042284296418862777e-01 -6.318077778083512897e-01
1.819598671416676750e-01 -1.105314481041983488e-01 -6.417898670656798643e-01
1.147273941263461938e-01 -2.949762139682952089e-01 -2.741328560097503475e-01
2.152036521818089243e-01 -2.341824565763533927e-01 -2.453103753728574921e-01
1.248720401744530806e-01 -2.983704277237666513e-01 -2.573632142085943153e-01
2.854729284372696796e-01 -2.058398582046954139e-01 1.179618268197495379e-01
3.917398017830189261e-01 -1.801839128675379875e-01 5.121836419110881167e-02
2.479549706937279607e-01 -2.741988953050602529e-01 -1.399898108667914087e-01
5.546989815054601536e-01 -1.751441451245305814e-01 1.101695891625851687e+00
5.133827225650580139e-01 -2.485791681023523658e-01 9.624929603499650099e-01
4.737575351476612795e-01 -3.084520127995220573e-01 8.407545855059233020e-01
2.485714938705714250e-01 -9.096111569948861497e-02 -7.558639240937039538e-01
1.904596697328044819e-01 -3.925117863814222563e-01 7.894590041410527448e-01
2.042562306284783080e-01 -3.813078004591112791e-01 1.001042096475020848e+00
2.265346039858461280e-01 -3.690210292894751110e-01 1.218996777309547141e+00
4.794339393331563670e-01 -1.374897402579329242e-01 3.735054684470393571e-01
6.262188710801375180e-01 -3.243893815820819704e-02 2.729376632774480615e-01
2.077556446173000060e-01 -1.713462102500502571e-01 4.090466834726191880e-01
5.686504489867347800e-01 -1.318313280765197604e-01 5.351963491370916870e-01
1.732920510248827650e-01 -2.668165437225158421e-01 2.352407559614391186e-01
1.930716438652524403e-01 -3.995550190023573478e-01 -1.342607518209224526e-01
7.038490179548242409e-01 4.806497672832388268e-02 2.103375643875200485e-01
5.834142602364633667e-01 -8.201709628224218562e-02 1.970701736926543379e-01
5.013373419168454248e-01 -1.374523116669230660e-01 1.554717955470004132e-01
3.781307023835944747e-01 -1.662232395455809364e-01 1.736429545992264067e-01
2.873387516626411120e-01 -1.848973988592994555e-01 2.195448930716372704e-01
2.198871269518952731e-01 -2.077079430725874420e-01 2.660020501333983933e-01
8.779865888141497043e-02 -3.523550174093255105e-01 3.566547725311892680e-01
6.935600097756342564e-01 5.708222987285327399e-02 4.809455488193226103e-03
6.146520667309309793e-01 -1.024376202975778583e-01 5.506276344253033805e-01
5.684836488728167714e-02 -4.477531039277278246e-01 -2.529130278818927380e-01
2.143634473447804112e-01 -2.512515057922162232e-01 6.878297800983368404e-02
7.738977568510341243e-01 4.223323935174878585e-01 4.619955829000546021e-01
1.700184986739805559e-01 -2.229104811171915834e-01 3.174422125650477877e-01
2.558318574894026254e-01 -2.080418379585153854e-01 -1.351123080111067409e-01
5.356523838206035393e-01 -1.011437115165598755e-01 4.716775587052388641e-01
1.952070325811948726e-01 -3.828868410420471768e-01 -6.383161659729519322e-02
7.366088143032927249e-01 5.282478299164132807e-01 -1.929967229749927071e-01
2.077762542329454343e-01 -1.584679717800983045e-01 4.415011400782338225e-01
1.408700994732232648e-01 -4.537611750206345107e-01 -1.528736974647859626e-02
5.464135540362167198e-01 1.779888454577598367e-01 -7.223314345730909025e-01
5.470746341732120044e-01 3.094084964610139821e-01 -8.080485589120289802e-01
7.573349523197117072e-01 2.940573366516794351e-01 1.763768159630130228e-02
6.280194570677317678e-01 2.440818760230878404e-01 -5.844778693035435069e-01
7.193682815146718035e-01 1.163818568936105802e-01 6.042315838628038449e-01
2.767031069495198281e-01 1.141215329328115757e-02 -1.048237514714295493e+00
5.482175646323012019e-02 -3.551526176841932614e-01 -2.602063756919087423e-01
2.721726865854465771e-01 -2.191698199504863442e-01 -1.522120057342313260e-03
6.793277163723656642e-01 4.789830761185576158e-02 4.054532457203621210e-01
4.240263733246427691e-01 -1.635816092274051670e-01 4.047928859465563800e-01
3.674012791411684908e-01 -1.774526132015386004e-01 3.983255652399237956e-01
2.049024777412825626e-01 -9.627408930586450753e-02 -6.627407456930090035e-01
6.795482742993037562e-01 1.042116829506507525e-01 -1.835504155406246785e-01
1.599545717067698547e-01 4.830297399185812246e-02 -1.165648261618375869e+00
3.613564502036563653e-01 1.626141040403903393e-01 -1.029453932858824139e+00
4.482151816024537716e-01 2.281599126780942122e-01 -9.396378649584478104e-01
3.112536782166199778e-01 -1.802223289362681058e-01 4.067256618221730680e-01
2.586075299445736997e-01 -1.716241374471234593e-01 4.234628900455026379e-01
2.247073242456848474e-01 -1.584125456112837060e-01 4.328944045131930540e-01
6.565394063348435338e-01 -3.758815108384161441e-02 5.762679720204433309e-01
2.688276535892455410e-01 -1.937401981359885283e-01 5.084613374383664119e-01
3.265753188159354892e-01 -2.102401544885343920e-01 5.385798438273923239e-01
3.862544586093341614e-01 -2.096825481177875261e-01 5.452540112955466256e-01
4.439655234521344696e-01 -1.935229848916513173e-01 5.310103188045576239e-01
4.782755961131712752e-01 -1.699097805623919211e-01 5.071679152980481664e-01
7.577435769711793334e-01 2.859975020855678451e-01 6.701027186281534043e-01
4.624061920661914904e-01 -1.457928351793198463e-01 4.219506167103179717e-01
2.332805530866368660e-01 -2.187677758917657700e-01 -3.816342903070402137e-01
1.843358744317915576e-01 -3.239799751700833674e-01 -1.998685596716581747e-01
1.173154775237764680e-01 -2.825112431201131091e-01 -3.559411135670262905e-01
4.577955898097920695e-01 1.292505877028484740e-01 -8.498931785942471784e-01
3.710763458816159766e-01 7.407157382969137283e-02 -9.496274360290422045e-01
1.578964770130277806e-01 -4.424925889429465187e-02 -1.119995864245963979e+00
6.250417976375874929e-01 4.130860343944124935e-01 -6.518511169520087023e-01
2.269921884197666495e-01 -1.723113900863044723e-01 4.675040553514631103e-01
1.303389681278495082e-01 -3.548785963587501868e-01 1.914737456432715756e-01
2.681651197471910386e-01 9.333722789982656920e-02 -1.109052919182989427e+00
7.336781715542808335e-01 3.114749592290895208e-01 -1.945727055624077995e-01
1.008380959652289688e-01 -1.668125355917946528e-01 -6.538090716269961966e-01
1.135352759509812293e-01 -1.743121157208380456e-01 -6.843412838306712764e-01
1.236367503438310922e-01 -1.828725167699730703e-01 -7.214108469350959396e-01
1.329988164101590931e-01 -1.707057982672708363e-01 -7.601207978169566282e-01
1.857081496957451172e-01 -1.181868293157946059e-01 -8.193733435266055132e-01
1.823737401121721113e-01 -1.161146803136961503e-01 -5.990580532961338189e-01
1.925457474892995346e-01 -1.169556475449947675e-01 -5.946982138988727851e-01
2.020560280748218140e-01 -1.188058293845354330e-01 -5.875766908544837186e-01
3.184235088491798038e-01 -1.229811748554144879e-01 -5.109564694895809556e-01
5.898614220908098282e-01 -2.196418236395052126e-02 -2.542701382493749440e-01
1.300220196337660283e-01 -3.054918412812623885e-01 3.029558416874886806e-01
1.631590483984338702e-01 -2.165363761411527310e-01 5.067925861585333980e-01
2.001082667562857909e-01 -1.884172791202265440e-01 4.990171912261323062e-01
1.722341587674041108e-01 -1.067701403605997301e-01 -6.040047937154202629e-01
5.973948270034541430e-01 1.029218148690098089e-01 -4.710817753954623655e-01
1.054933119684055010e-01 -3.010477774365318826e-01 5.044443645545764188e-01
2.258198438358824944e-01 -7.610462440538573459e-02 -8.887230326407160597e-01
8.467619858524255694e-02 -4.067492401521322076e-01 2.374719868507468856e-01
1.757546611886113830e-01 -3.354120658098229679e-01 3.311595587085158776e-02
1.228198510245017139e-01 -1.091762012460003040e-01 -9.431562426903612462e-01
3.571804234507265363e-01 -2.634951789314680937e-02 -7.159706824774416667e-01
3.079965307375220895e-01 -1.834201640439103720e-01 -2.096418704065368122e-01
3.047770493527175439e-01 -4.688171951504235824e-02 -8.109130837508171652e-01
4.497202286162236273e-01 -1.602560549209062213e-01 -1.896151095814605503e-01
3.626397307108863988e-01 -1.601417179611244190e-01 -3.056983366778416311e-01
5.020162496297564392e-01 -9.054590558181507820e-02 -3.419361690728104364e-01
1.464892453391694049e-01 -9.040715898244028326e-02 -1.044381420138399186e+00
2.147845110301113136e-01 -2.809935702275698777e-01 -1.564869660345657998e-02
4.300622693265307994e-01 4.298567666621957994e-02 -7.632509945256100714e-01
3.491031826358284018e-01 1.104769247941315286e-02 -8.738402917343095488e-01
4.089197916482398831e-01 -3.547214760235800624e-02 -6.034959744933512393e-01
6.601796005032891657e-01 1.476494811501941617e-01 -3.422795499404909236e-01
5.057504889154973426e-01 2.816779069178035333e-02 -5.933800546772287632e-01
6.972954787207781280e-01 3.099171207544166862e-01 -3.940088663135765668e-01
4.002433956660176317e-01 -1.146713062793461302e-01 -4.345149427710417456e-01
1.711508807861588100e-01 -2.995114850826472441e-01 1.317591617735323073e-01
1.715578171692659915e-01 -4.077222284067403280e-01 -1.807441667783360462e-01
2.116104072418752979e-01 -3.333522009478775416e-01 -1.934777488896470832e-01
1.448856457685409049e-01 -4.636805479912471384e-01 -1.227512530336110075e-01
2.169988024013145278e-01 -2.500557339812212732e-01 6.009405268511107678e-01
3.263258373480297792e-01 -2.729428554990094291e-01 6.715048737591269301e-01
4.214283512967584855e-01 -2.707836239742407169e-01 6.837556733761012140e-01
4.971198564277345966e-01 -2.419561231784479460e-01 6.610717804197872027e-01
5.463121102484511660e-01 -1.964747469222287712e-01 6.127891298293155486e-01
5.737825936777665170e-01 -7.172748287477204165e-02 4.476890035119078792e-01
7.652519753065969432e-01 2.546137400132217898e-01 2.209223062168679252e-01
5.248284812582326708e-01 -1.043334556777200106e-01 3.013864550332912007e-01
4.588761821951017339e-01 -1.396835335029107394e-01 2.694259513800905115e-01
3.727049901225654160e-01 -1.650540340706729836e-01 2.730400442422606933e-01
2.907781684164270075e-01 -1.794578619101867556e-01 2.998315638283279849e-01
2.282776614327052256e-01 -1.845977152982605229e-01 3.339846084906954449e-01
1.852135510003827257e-01 -1.916359786764743056e-01 3.641256575158451358e-01
7.701842035404560249e-01 4.978256163106404841e-01 2.572563259549978110e-01
2.109035932241130062e-01 -2.972490376706506954e-01 -2.130728250299073201e-01
1.312555545040309246e-01 -3.948992208219310740e-01 9.176328954981483044e-02
1.263170589720601922e-01 -4.587808207295955842e-01 -1.946286586709659039e-01
9.185393522791307497e-02 -4.244649199897698733e-01 -2.347333847810307850e-01
1.262513200318928774e-01 -4.237266162279895720e-01 -2.049076589069147580e-01
1.944497782825341803e-01 -2.712153305504718670e-01 -2.370937751818665840e-01
7.830379780462415340e-02 -4.404772836327974783e-01 -2.461252564025988576e-01
7.630376369956060056e-02 -3.577123208919359421e-01 -2.544707784936649508e-01
1.850318869539748778e-01 -1.682957641556868111e-01 4.378442047878146060e-01
1.515590839102985976e-01 -2.055862994094286300e-01 4.121851394757360953e-01
1.312458071433083573e-01 -2.501205571154383467e-01 3.888204733799411894e-01
4.972121059592788939e-01 -1.454891061450398482e-01 4.894096186078409350e-01
5.373131302213609573e-01 -1.495486907612690874e-01 5.298430827080160554e-01
-3.448992739342817693e-01 -1.638521781227564311e-01 5.103573222717705526e-01
-2.767108793548018753e-01 -1.702064379820300566e-01 5.082400424299520214e-01
-3.440544389634192513e-01 -1.726662131290779278e-01 5.895022962513372100e-01
-4.140085074149641997e-01 -1.574423646781881736e-01 5.119940519670636014e-01
-3.463578740894659447e-01 -1.550408188625156392e-01 4.308932035787986781e-01
3.735502710511080515e-01 -1.706221661022595537e-01 4.791991627504168516e-01
4.403033826912499116e-01 -1.766706264094526357e-01 4.758778091610424976e-01
3.725873210032544236e-01 -1.795863932844206090e-01 5.595824000444826751e-01
3.062667883128264990e-01 -1.646003039852734773e-01 4.829849184925285588e-01
3.747649960635079935e-01 -1.616752675613830625e-01 3.987886059932372884e-01
