-1.668096513448369400e-02 -3.072942082917418105e-01 -5.280783272994407085e-01
2.453108014397287207e-02 -5.183875165143732033e-01 -2.250601837992025622e-01
2.747509462172326167e-02 -3.256745502241233936e-01 -2.929635538569765885e-01
-3.653715854520411810e-02 -4.701722501506946372e-01 1.436107812642166692e-01
2.430979778224284793e-02 -5.556599279385672219e-01 -1.217639428314485350e-01
2.317272556110172577e-02 -5.455585556081210541e-01 2.507160933145846649e-02
2.561601478120145714e-02 -4.010384804589453012e-01 3.989542270456745143e-01
-4.809630719645099362e-01 -1.268479223350214014e-01 5.034897914929201690e-01
2.612505267078679694e-02 -3.838343061127673650e-01 6.831050858466340969e-01
2.504975823572175297e-02 -4.142112685717265208e-01 8.201829500793778038e-01
2.352367377750330668e-02 -4.014781021852673604e-01 1.302308061529210192e+00
-1.557368750833204585e-02 -2.948508100874955851e-01 -5.582462291035419355e-01
-1.392018326618979507e-02 -2.695608646288145671e-01 -5.871842554872426234e-01
-1.137039091150196524e-02 -2.321251268938788748e-01 -6.069239104077155389e-01
-1.890210322837024282e-02 -2.119370800249655851e-01 -6.906733165578664568e-01
-2.002778371277014191e-02 -2.154801876644198977e-01 -7.354930164111390667e-01
-2.198214270879933485e-02 -2.258911218125012610e-01 -7.851012906584600159e-01
-2.171570054888039003e-02 -2.136834520664625536e-01 -8.323425262283947745e-01
1.217071521488244379e-02 -1.445931891802554325e-01 -9.037371832778031688e-01
2.336263481872613568e-02 -4.750688267192550995e-01 -2.696613248078811864e-01
-4.504973986694205124e-02 -3.760686218250111068e-01 -2.483549303528000962e-01
-7.462074386345953769e-01 1.542756327389973592e-01 9.562114639479801781e-01
-2.857383590477446944e-01 -1.909497370741011224e-01 3.981081916742836846e-01
-3.589127715792734818e-01 -1.831432652811368911e-01 3.916380343810024200e-01
-4.270497120865748286e-01 -1.629400175438107112e-01 4.033831334629081056e-01
-5.103222772593731804e-01 -1.119503366688050505e-01 4.774556987071987280e-01
-2.212573420620476128e-01 -1.860528916823476209e-01 4.227083049081992172e-01
-3.889933884802694308e-01 -2.484839728154160099e-01 6.992760709948839803e-01
-3.054241423652186427e-01 -2.477371726185886303e-01 6.836862892870412267e-01
-4.629177873593732784e-01 -2.218928282132797136e-01 6.837565517072636823e-01
-5.097654722623943258e-01 -1.877911213765663945e-01 6.450054835841307899e-01
-5.717424766062748631e-01 -6.654201407222659626e-02 4.181570852646965264e-01
-2.540643641863677971e-01 -2.955703347804256031e-02 -1.011217546167609171e+00
-5.043644436686420818e-01 -1.084079807151776542e-01 5.404225002354694496e-01
-7.698441159560509561e-01 2.388029376146612037e-01 5.191064020032953863e-01
-6.498623987899243559e-01 -4.366404732585964926e-03 5.072104184699255391e-01
-3.343317862530632567e-01 -2.001380592155488358e-01 -5.002964334708615013e-02
-9.682901150478895325e-02 -2.955845197323050400e-01 -5.052110443154376185e-01
-8.440047998039923449e-02 -2.560784578388997090e-01 -5.770332564548095178e-01
-1.650846146169744344e-01 -2.467923858285825389e-01 -5.266049667401375700e-01
-2.036611945444986027e-01 -1.936348552194107064e-01 -5.577317667727417216e-01
-1.401753532794636214e-01 -2.233174739094443417e-01 -5.775283259174575079e-01
-1.780160240793056126e-01 -1.726047918726507646e-01 -5.903423689502087512e-01
-3.162126325003047356e-01 -6.443894781456660503e-02 -6.905163796866222725e-01
-3.624717174334368686e-02 -5.107140038052513376e-01 -2.176163414298830645e-01
-4.695589664394095308e-02 -5.452681463520772098e-01 -1.169974406697771308e-01
-6.048524856381654047e-01 -1.776329014090958225e-01 7.514771776106714540e-01
-1.877670910922430991e-01 -2.458413793852898266e-01 2.016779168505422604e-01
-2.013570637223969229e-01 -3.396951977177682380e-01 -1.501772674242047856e-01
-2.069812402529880302e-01 -3.260321654012159343e-01 -8.918931418809883382e-02
-5.442754423943867437e-01 -1.102873942998745527e-01 -8.455846077592310550e-03
-4.238736215673610808e-02 -5.222136626182951602e-01 2.043722148895832369e-02
-4.418901985775498531e-01 -3.101644974476176486e-01 8.470460242632213976e-01
-5.382609959356337015e-01 -2.509683990147415500e-01 8.192662551302305474e-01
-6.749606137669843520e-01 -4.394002920956208147e-03 1.110677073844104967e+00
-1.280544673155246116e-01 -3.638133061982085081e-01 7.248785406073281479e-01
-2.314040583483976121e-01 -2.235326561570385451e-01 6.346955545132750842e-01
-3.587780934475057748e-01 -6.344457931119007466e-02 -5.864325452172991504e-01
-6.813197681982074982e-01 5.452419941253712210e-01 -4.109339939126623875e-01
-1.475696712183136583e-01 -3.050511686592383143e-01 -2.089896333488656666e-01
-9.127735778214329798e-02 -3.053974118090021506e-01 -2.418169809735726261e-01
-2.558146169498081157e-01 -7.576028031576287347e-02 -6.081020972060731111e-01
-2.430080364139808324e-01 -9.317309299968623559e-02 -6.138459290855351469e-01
-5.737384826651954484e-01 -2.259864953091863526e-01 8.921311976494834539e-01
-2.056688815292329053e-01 -2.945668267952328279e-01 -1.882185282827109063e-01
-3.091611282695296836e-01 -3.494855887470365019e-01 8.258377975032189511e-01
-3.201060591642459485e-01 -3.738708102636234543e-01 9.071849369672584373e-01
-3.876860605208527488e-01 -3.006897571231679223e-01 1.289566946535096292e+00
-6.232380511431543368e-01 -1.314890707446663143e-01 9.877335625240846184e-01
-3.454230788515992856e-01 -3.410059671471596943e-01 1.089063888597578966e+00
-6.436691925050119778e-01 -1.239609846809770488e-01 8.113728072624653009e-01
-6.940464616678845289e-01 8.142213721535340731e-03 8.649175282253871444e-01
-9.246303902874175584e-02 -2.832703300777938971e-01 -5.454850544691005609e-01
-1.529241138010242196e-01 -2.378123997176015969e-01 -5.535594453287338013e-01
-1.919302107424516457e-01 -1.885864632423288612e-01 -5.738481646802906511e-01
-1.310714832087809256e-01 -2.868823261075412745e-01 -2.260989808145623670e-01
-2.489547758489880636e-01 -8.479165198950922022e-02 -6.111674814875627249e-01
-2.342307488967847462e-01 -1.209531873877600638e-01 -6.464142324798896055e-01
-2.356983637512275465e-01 -9.491799448259763405e-02 -6.157279077824089342e-01
-1.150500505005438434e-01 -4.092366789377877012e-01 -1.933113607732686035e-01
-1.677111682395922010e-01 -1.582988134135439040e-01 -6.028068366935475098e-01
-1.281564372302406163e-01 -1.926737220310461574e-01 -5.952598016011467763e-01
-7.602655117027246057e-02 -2.223383069183815230e-01 -5.973933213131523701e-01
-8.634419492217360048e-02 -1.392301444610586358e-01 -8.945495591552354853e-01
-1.065604023264956624e-01 -2.099794582220075867e-01 -8.166483980914325258e-01
-1.031694467325348086e-01 -2.220360360903343988e-01 -7.682871140011577893e-01
-9.484204454460121170e-02 -2.103469347112336685e-01 -7.182760560519110271e-01
-8.498127952199596713e-02 -2.066075460282661425e-01 -6.762796143033860119e-01
-1.812648486129337932e-01 -1.538868720686012992e-01 -6.428009739442099857e-01
-1.973399881385855537e-01 -1.608193913681734699e-01 -6.612214274458860785e-01
-2.139289557797110497e-01 -1.678191565670559271e-01 -6.846748979210577346e-01
-2.259473482859131188e-01 -1.521251998611647949e-01 -7.106285264887510777e-01
-2.779793050708416757e-01 -1.805580790957201920e-01 -4.255861264795077759e-01
-7.620674933648281524e-01 5.789349939193755290e-01 1.183220873538055606e-01
2.748310977378487507e-02 -3.779757351396444420e-01 -2.778460838519816178e-01
-2.065714287141031669e-01 -1.195490867073798480e-01 -6.291172506936053566e-01
-2.205041836995640381e-01 -1.238081271231186165e-01 -6.374699790479780859e-01
-6.775867498915788545e-02 -3.057540621313190599e-01 -2.816874261568909077e-01
-1.800764536966150686e-01 -2.355074717925305094e-01 -2.422240888459974428e-01
-7.914463238296676195e-02 -3.067971142024710218e-01 -2.622875181255217569e-01
-2.620279977979453889e-01 -2.131688791586991982e-01 1.501986806759818549e-01
-3.787991817785645310e-01 -1.817329743449267454e-01 9.131049855904738166e-02
-2.186969680904260471e-01 -2.803120424785845444e-01 -1.276863056596666546e-01
-5.618132234930612867e-01 -1.640367912464490985e-01 1.225425506142244103e+00
-5.123221066991909822e-01 -2.446912795806639451e-01 1.067693015953008029e+00
-4.643811360901395346e-01 -3.082537125365902853e-01 9.295019441874536881e-01
-2.640383845674074692e-01 -9.289985961645941259e-02 -7.721151587036398922e-01
-1.481892295809901228e-01 -4.069976220484043949e-01 8.620621179680370005e-01
-1.723441259369487000e-01 -3.944121253644929936e-01 1.075622573780119495e+00
-1.995009129120850488e-01 -3.787713448825584805e-01 1.310299195911824199e+00
-4.818034779164612758e-01 -1.346187092396116114e-01 4.311310021753604893e-01
-6.515708463592595479e-01 -1.611133753501103882e-02 3.494969582744413827e-01
-1.783636366984691080e-01 -1.808146921610163105e-01 4.468027971511681073e-01
-5.750175712674590045e-01 -1.236864790878864362e-01 6.107540712706298613e-01
-1.380460180604625720e-01 -2.801261725054935425e-01 2.621066455716480892e-01
-1.596197633880818145e-01 -4.144351040463583047e-01 -1.252227610062726093e-01
-7.152028380167720911e-01 6.943254291188249994e-02 2.914329495098595402e-01
-6.069028239519411727e-01 -7.115992035062790322e-02 2.630765432397925707e-01
-5.182743729107208708e-01 -1.323352891663920339e-01 2.095715730629983398e-01
-3.808882905161752319e-01 -1.677672036186912408e-01 2.145847645569951556e-01
-2.787863587037380242e-01 -1.903618754919396139e-01 2.526156960765262305e-01
-2.023808074960555814e-01 -2.156378441422912573e-01 2.957795093995323477e-01
-4.220241965122584205e-02 -3.705254861322746507e-01 3.819684369059217488e-01
-7.017167674394215737e-01 7.683540035590041839e-02 7.170692567871750356e-02
-6.323397099842651414e-01 -9.171133051860325125e-02 6.384985241235456854e-01
-1.439857447668263513e-02 -4.708416224666471805e-01 -2.636226935633789736e-01
-1.824336088943416812e-01 -2.619751412339628160e-01 9.042183855572982765e-02
-7.893149179441287799e-01 4.653019001177902680e-01 5.673977227887299080e-01
-1.428581621499711574e-01 -2.335154701412420764e-01 3.451143761480524041e-01
-2.230741019875894793e-01 -2.105263863438597838e-01 -1.218227485926379750e-01
-5.328994756111526954e-01 -9.455788403029741218e-02 5.407848418504577204e-01
-1.634471521275546735e-01 -3.968137787212366874e-01 -5.129746948487534652e-02
-7.305760489127592905e-01 5.803972023435584049e-01 -1.370674608721338394e-01
-1.743232118584776558e-01 -1.690139611754730709e-01 4.815472717253395096e-01
-1.057759538271256794e-01 -4.743440617859917552e-01 -4.967416693851145482e-03
-5.457348335905400916e-01 2.078178899008999991e-01 -7.243307239093006444e-01
-5.388345701470740323e-01 3.475491469378830800e-01 -8.186743244695655619e-01
-7.572588205027130925e-01 3.298964889722935112e-01 8.997312016731573436e-02
-6.278232909917846882e-01 2.779802083830045234e-01 -5.678039918209947245e-01
-7.348419358411852897e-01 1.413099108863864473e-01 7.099132911607597407e-01
-2.640660614393235406e-01 2.411118317055821469e-02 -1.093923361118244841e+00
-2.088899900004603793e-03 -3.726057737846915074e-01 -2.720691958669263499e-01
-2.469252240235784157e-01 -2.247471162067675721e-01 2.257478519680800044e-02
-7.110506463623949003e-01 6.801421694822851194e-02 5.030002009953431497e-01
-4.154735208826707549e-01 -1.638978415354213070e-01 4.550019928499042798e-01
-3.553283184497040281e-01 -1.810312833350007367e-01 4.426850729744242763e-01
-2.455402028941811032e-01 -1.073475117472586504e-01 -6.565675527056171745e-01
-6.845450918308699784e-01 1.269390565679757721e-01 -1.318786092750356964e-01
-1.290974286089561218e-01 5.723226539875825303e-02 -1.224545055306158758e+00
-3.424050797368041188e-01 1.862941263013562221e-01 -1.072443389455431273e+00
-4.338599583868116838e-01 2.582629144380508279e-01 -9.702565530586184650e-01
2.413807054539829355e-02 -4.126053815180377171e-01 1.056872177245306688e+00
2.124916460480652525e-02 3.540651296631702749e-02 -1.246575376035920613e+00
-2.937084312969950872e-01 -1.858304312833016780e-01 4.489661057153733204e-01
-2.332778000646795746e-01 -1.799542302285690454e-01 4.650236355045667125e-01
-1.931868173601198890e-01 -1.683714319541671500e-01 4.741298218916223384e-01
-6.816986853681790137e-01 -2.351225619779517828e-02 6.799169168338581315e-01
-2.469212497197510459e-01 -2.027109597903731242e-01 5.633618756773115521e-01
-3.135784076661138897e-01 -2.163915867939056881e-01 5.993832187134349176e-01
-3.772980687768310304e-01 -2.129609744378058167e-01 6.081720635102474404e-01
-4.373132762592923939e-01 -1.932055318034588964e-01 5.954128532700977416e-01
-4.728965431936771324e-01 -1.673217126673076649e-01 5.724105767631284536e-01
-7.804520527169493960e-01 3.228763591838568203e-01 7.866504239199159088e-01
-4.548163115456027583e-01 -1.437677411115760862e-01 4.778039262095852280e-01
2.565982085192719531e-02 -3.050725924977406578e-01 -3.689188246732104659e-01
-2.104993580875840209e-01 -2.242778994332974563e-01 -3.810309028956764266e-01
-1.471012932543729335e-01 -3.336806579222351132e-01 -1.964496612088915128e-01
-7.551412121037337499e-02 -2.958911225731117867e-01 -3.687416701238870331e-01
2.597947283159129928e-02 -3.660573624774432488e-01 5.447307936438736675e-01
-4.534024584327127627e-01 1.552745339473169395e-01 -8.695127043042596426e-01
-3.642897340771611425e-01 9.500174884507073259e-02 -9.839526845311095116e-01
-1.376279987409607664e-01 -3.956317084943838935e-02 -1.173850290990607448e+00
-6.154957048262907904e-01 4.563563962017447295e-01 -6.417857414135568206e-01
-1.975342697476865084e-01 -1.834729480374495125e-01 5.127970636095193768e-01
-9.036657173554507594e-02 -3.720027197726150092e-01 2.120281959047467524e-01
1.562529620853114753e-02 -5.906687486623596328e-02 -1.194150478659516068e+00
-2.445783556904803646e-01 1.092060340790430573e-01 -1.162367491157318966e+00
-7.318121412491436217e-01 3.486087858518498450e-01 -1.392411135414155510e-01
-1.401202841356081752e-01 -1.831611520796800896e-01 -6.573933407637539972e-01
-1.558904096636668513e-01 -1.898002417986504042e-01 -6.890638675602431817e-01
-1.684879225187776441e-01 -1.984204928484336605e-01 -7.293100286993752235e-01
-1.762260204671588504e-01 -1.849012415790660668e-01 -7.734158903980148381e-01
-1.866862750695137407e-01 -1.246301967529768184e-01 -8.454814832436898797e-01
-2.073612489758822619e-01 -1.316932540085318237e-01 -6.075392790910845164e-01
-2.191109981128760431e-01 -1.344366942469126247e-01 -6.002043061103314869e-01
-2.291947698700327329e-01 -1.369551786978955299e-01 -5.916383987973210523e-01
-3.273587772587660538e-01 -1.270822126250930051e-01 -4.989456479710305814e-01
-5.969731683775805209e-01 -6.358208907569551371e-03 -2.140190112550381940e-01
-8.886726142436618403e-02 -3.208758667233144735e-01 3.299369487646703902e-01
-1.246280975706834937e-01 -2.258830627943879676e-01 5.512703077949665520e-01
-1.687688623369041352e-01 -1.998338656652176581e-01 5.451884551671821733e-01
-1.954211777135546058e-01 -1.235053143723525704e-01 -6.142807234415910145e-01
-6.016500352140283780e-01 1.288212796328482845e-01 -4.440091900553309046e-01
-6.633018341818575081e-02 -3.166714892735331688e-01 5.419623620146265530e-01
-2.237811830145091108e-01 -7.299143956489961838e-02 -9.222856452994783183e-01
2.397839618144792517e-02 -4.957975886151366751e-01 1.525642415357708614e-01
-4.080741385399733190e-02 -4.265710180905575299e-01 2.559307784966105004e-01
2.500735937310771817e-02 -4.461289193785482610e-01 2.711629938374056081e-01
-1.411505362721445778e-01 -3.485549979597113435e-01 4.983689477224406694e-02
1.363215861025490749e-02 -1.105274686774073700e-01 -1.108631027619722431e+00
1.320756474581719075e-02 -1.262960734261113771e-01 -9.965305805560333852e-01
-1.078897337366455655e-01 -1.093893421054958903e-01 -9.842725464678903080e-01
-3.826847248670777191e-01 -1.520552256923449197e-02 -7.133266190364082604e-01
-2.863736439684032575e-01 -1.825903842803420218e-01 -1.942927805922831652e-01
-3.145263216624583080e-01 -3.910100383295933568e-02 -8.325017228007052239e-01
-4.478646672290267361e-01 -1.548287485087946891e-01 -1.581208136150138444e-01
-3.541009326802040391e-01 -1.565585600573538017e-01 -2.868996460363693046e-01
-5.076247814211001241e-01 -7.700686557376901220e-02 -3.094542205998873641e-01
-1.300531793036425743e-01 -8.894213438822506923e-02 -1.090887580903299181e+00
-1.834230596244266209e-01 -2.900401656335471756e-01 9.857279644744920688e-04
-4.376866662774760997e-01 6.206535074716235112e-02 -7.748896877178950149e-01
-3.490936456723705561e-01 2.674148905342677018e-02 -9.006730382227345899e-01
-4.326245176915044510e-01 -2.536370082329336695e-02 -5.810259740872458778e-01
-6.638172695267599011e-01 1.746320840196435853e-01 -3.041865407995327786e-01
-5.204607118541515476e-01 5.023463779107673055e-02 -5.758314597004261515e-01
-6.945726125408278051e-01 3.453757638762429139e-01 -3.564313973769799304e-01
-4.099654890064199364e-01 -1.081557968667754555e-01 -4.079765804727912837e-01
-1.350828643266908102e-01 -3.139958940293468004e-01 1.531741043273058267e-01
-1.372432757641917078e-01 -4.247367427480721602e-01 -1.766351796353831105e-01
-1.788463553059571609e-01 -3.423938868550315817e-01 -1.873216097902545840e-01
-1.074758155586565955e-01 -4.829447906527093437e-01 -1.173588378845633606e-01
-1.833338641727060292e-01 -2.594840073488526855e-01 6.527496034410900094e-01
-3.034828710223003156e-01 -2.771335384926985057e-01 7.313435197747972794e-01
-4.070175438751846286e-01 -2.716935717829667141e-01 7.496856204426505244e-01
-4.911341371502579989e-01 -2.396910352125409815e-01 7.312271310845188665e-01
-5.477908734372327615e-01 -1.909832084261662288e-01 6.862100163718967138e-01
-5.829557820092325926e-01 -6.119877219150859915e-02 5.242422902379524352e-01
-7.742260458485503705e-01 2.864041639387231442e-01 3.081632336032100739e-01
-5.352134930531207146e-01 -9.786243575364661496e-02 3.659321134060724567e-01
-4.656454677836769918e-01 -1.367620831552196492e-01 3.248058826290787238e-01
-3.713806154545231664e-01 -1.668913810857972635e-01 3.169790963380529902e-01
-2.800118528965827025e-01 -1.851534916339208081e-01 3.360644049535554956e-01
-2.074956526758082731e-01 -1.911344667406087439e-01 3.671427176618307087e-01
-1.571926208253566770e-01 -2.003491500871898978e-01 3.958529597255808774e-01
-7.787595694397815294e-01 5.439627971599669820e-01 3.497462158781967645e-01
-1.784236513125065926e-01 -3.039562017199983757e-01 -2.087499771406129412e-01
-9.115155543370123681e-02 -4.144506323389496316e-01 1.069031526956876199e-01
-8.865141648042529354e-02 -4.783135019019315592e-01 -1.951364646095736788e-01
-5.259089770246694329e-02 -4.424357351886438749e-01 -2.409585216178449230e-01
-8.885513728231053676e-02 -4.419206060763514188e-01 -2.058680216539379160e-01
-1.592215997622927759e-01 -2.757545267357830454e-01 -2.359776806199036514e-01
-3.794717601319752553e-02 -4.603146747974484754e-01 -2.543126381436522365e-01
-2.730292389425925670e-02 -3.733626337286093388e-01 -2.642506188228370689e-01
-1.509404204439688257e-01 -1.776115038914429789e-01 4.767553816094651786e-01
-1.174644494324809108e-01 -2.157510698783351444e-01 4.467515597510276493e-01
-9.815642523697798438e-02 -2.618268678396944438e-01 4.192867868382621488e-01
-4.913395935658400049e-01 -1.411563384203482485e-01 5.550010828682139241e-01
-5.364652142973831417e-01 -1.421605125207303644e-01 6.004807138401271338e-01
8.463813261403974053e-02 -4.697437631827749982e-01 1.383414787239862775e-01
5.141539756869626387e-01 -1.377608911069740927e-01 4.663857304179570562e-01
9.650527050363066905e-02 -3.803391655731456211e-01 -2.546731289401780174e-01
7.564489345210816396e-01 1.325206625106929437e-01 8.766638934176462783e-01
3.137489170387581794e-01 -1.938706659258588871e-01 3.801001917880646452e-01
3.831139677363601947e-01 -1.886811977417526265e-01 3.698576227012528861e-01
4.491082721734898087e-01 -1.710961609967256436e-01 3.732905711620269074e-01
5.365384622261508696e-01 -1.226174016798946553e-01 4.348770008943243504e-01
2.563728652974583966e-01 -1.884901628506074900e-01 4.059034972968218469e-01
4.202034455136747226e-01 -2.574369558011113668e-01 6.703566109280654217e-01
3.383015288540995869e-01 -2.548963527333398815e-01 6.572430801873783146e-01
4.940853176649042666e-01 -2.346049995432331059e-01 6.509341583534307141e-01
5.396931539275016121e-01 -2.030215591806285858e-01 6.060835925822352088e-01
5.879794362007437769e-01 -8.022438507406315367e-02 3.645333328305460086e-01
2.748065659646981018e-01 -4.076622993667466943e-02 -1.022273169430713224e+00
5.390796019087851221e-01 -1.200056803735920496e-01 5.003565938911829214e-01
7.943563475029691290e-01 2.186698522706418402e-01 4.424376463528592041e-01
6.613394503979321826e-01 -2.137494951400031873e-02 4.439366132440483170e-01
3.690551278698634974e-01 -2.094391710934644379e-01 -8.236431742677963186e-02
6.445972049848058827e-02 -2.965816931093625541e-01 -5.141558661200864577e-01
5.783425724239721344e-02 -2.541909932811825534e-01 -5.875010684504893277e-01
1.404612505770010955e-01 -2.431969940340446001e-01 -5.442830344311344604e-01
1.886387264770017502e-01 -1.842905698414236682e-01 -5.764074584798066780e-01
1.188338534640138722e-01 -2.169524673279390470e-01 -5.928504415201949485e-01
1.655182702449078391e-01 -1.636670615473572177e-01 -6.048279862825651776e-01
3.067661814303317414e-01 -7.025187974771507360e-02 -7.234566278007523721e-01
8.312038455156045558e-02 -5.142764970524424939e-01 -2.231756247481122557e-01
9.216654567741100479e-02 -5.492159883590268521e-01 -1.235711275355328986e-01
6.235255425558818843e-01 -1.941223047580677985e-01 7.017812192353556355e-01
2.296300263813035869e-01 -2.480196332669777348e-01 1.825199871180327449e-01
2.449338294986347364e-01 -3.472969386811506354e-01 -1.681782412776922087e-01
2.490751379328264292e-01 -3.335916937420204675e-01 -1.078407181760185907e-01
5.698274993916321307e-01 -1.228283583978200255e-01 -6.020233127271001905e-02
8.860852082983283751e-02 -5.229625757361446858e-01 1.492204066673907814e-02
4.763363786177308157e-01 -3.259842389862850354e-01 8.097520962231925523e-01
5.654495941106034707e-01 -2.679729861703989968e-01 7.776451552248238031e-01
6.897250351011621206e-01 -2.568374176448440238e-02 1.036069765475271964e+00
1.778803143992604419e-01 -3.677710420416904213e-01 7.046845159379557799e-01
2.688874785118411381e-01 -2.270769302487583019e-01 6.088528732087019613e-01
3.592183073111065994e-01 -6.615307622520250064e-02 -6.279068266802996234e-01
7.269811317933658756e-01 5.236053061880241444e-01 -4.673209470773809215e-01
1.949804717277539012e-01 -3.129794307111559704e-01 -2.225810080221624077e-01
1.425033293383428656e-01 -3.150485951839421261e-01 -2.518832420660075400e-01
2.463661278390261167e-01 -6.445698134699806570e-02 -6.452817683936498128e-01
2.293120142851314824e-01 -8.490206373542974472e-02 -6.480020409250277780e-01
5.981025414331320178e-01 -2.436552104343761016e-01 8.411723205479368914e-01
2.474727556449600741e-01 -3.033939023046272609e-01 -2.062669619982848701e-01
3.525662275973253657e-01 -3.630679146153958925e-01 7.940358026950313786e-01
3.636123103936732548e-01 -3.881914846447216405e-01 8.694538535489400033e-01
4.192508870554050304e-01 -3.150042939717732082e-01 1.241654617744345046e+00
6.446376481785911494e-01 -1.492873280515709666e-01 9.252545033949353126e-01
3.826734740108861388e-01 -3.530717187980521032e-01 1.049724384700681412e+00
6.609467153952444107e-01 -1.406058115572217382e-01 7.484541779881439538e-01
7.135360451761592060e-01 -9.835413395042624796e-03 7.962059247812121043e-01
6.177038714818561260e-02 -2.828169902732158292e-01 -5.554367162325544172e-01
1.295017251649508427e-01 -2.328265247891025957e-01 -5.705884022174920744e-01
1.772863644051207999e-01 -1.797746338541146294e-01 -5.905981821078700733e-01
1.798851686584175269e-01 -2.958416213377166315e-01 -2.383474512454561989e-01
2.373587240937369280e-01 -7.569829226127233746e-02 -6.470737965338901887e-01
2.109608621284349006e-01 -1.148615738806386677e-01 -6.762387668262324070e-01
2.211814813768255839e-01 -8.658823339253229889e-02 -6.478254376429601891e-01
1.602015880530371916e-01 -4.117340384238499240e-01 -2.052231103847432792e-01
1.564807904972713715e-01 -1.493750020961321923e-01 -6.148372806772126609e-01
1.108887412128942707e-01 -1.848799964063072565e-01 -6.071646874195977261e-01
5.457603955185508227e-02 -2.179640147139947359e-01 -6.069031279452303806e-01
1.047831428674530496e-01 -1.416275528828543351e-01 -9.011703066219087788e-01
6.478801431176872683e-02 -2.081003899856237460e-01 -8.259890367360540608e-01
6.042623204853958541e-02 -2.185865253286634058e-01 -7.778654268948450579e-01
5.628700323952162687e-02 -2.061114255372591408e-01 -7.285836370953813201e-01
4.928690255644097018e-02 -2.017151129236842699e-01 -6.866908263580935312e-01
1.542644934397681133e-01 -1.467939460381466610e-01 -6.666223186790514177e-01
1.679961061679766665e-01 -1.560964160177276128e-01 -6.862336468883771801e-01
1.817864388982779467e-01 -1.643175407201984406e-01 -7.107211622358597936e-01
1.953072485059754726e-01 -1.492060146533158438e-01 -7.362921466409950710e-01
3.027561687064821427e-01 -1.863879246843382909e-01 -4.548861416316292150e-01
8.017902744274572058e-01 5.557268706426974347e-01 4.366284215406857072e-02
1.861190292535401802e-01 -1.099572201120673220e-01 -6.553620525316059542e-01
1.982195357975689021e-01 -1.165601249941281559e-01 -6.657732983406372540e-01
1.203938795456336308e-01 -3.111843623363537148e-01 -2.895236918678545379e-01
2.263657960090608157e-01 -2.468177014931765001e-01 -2.583930587978269244e-01
1.311816276376052137e-01 -3.147793252500044048e-01 -2.716420970739079621e-01
3.005675095497437610e-01 -2.167237849323875309e-01 1.241991410647589333e-01
4.124533182813010512e-01 -1.897112635092632615e-01 5.392657079510887463e-02
2.610657635029314250e-01 -2.886973540163300100e-01 -1.473918702025613925e-01
5.840290788116249132e-01 -1.844050145156472809e-01 1.159948833817111336e+00
5.405281937308252793e-01 -2.617229657868911374e-01 1.013385445381512540e+00
4.988077967646873390e-01 -3.247616290983277310e-01 8.852100733032273183e-01
2.640046735354752983e-01 -9.624739739974641495e-02 -7.899455301717530631e-01
2.005303582186606093e-01 -4.132661221062488011e-01 8.312022021325873311e-01
2.150564219384829556e-01 -4.014697175780366223e-01 1.053972898722925322e+00
2.385127798968342816e-01 -3.885332747738754477e-01 1.283452086020147931e+00
5.047843447987574450e-01 -1.447596066085434785e-01 3.934146285811603860e-01
6.593306326591630295e-01 -3.415417061101444496e-02 2.873694334615546353e-01
2.187408698938861917e-01 -1.804062611735925969e-01 4.307804122697582727e-01
5.987182399112995768e-01 -1.388020013391710883e-01 5.634054735122449031e-01
1.824549896427800633e-01 -2.809246554212911917e-01 2.476811418192963465e-01
2.032804423134848548e-01 -4.206817705869738688e-01 -1.413598831454816462e-01
7.410655279427018627e-01 5.060644691916871274e-02 2.214593104810216317e-01
6.142626980253673707e-01 -8.635380771480782869e-02 2.074903948903212836e-01
5.278459051410422376e-01 -1.447201989545590095e-01 1.636924779872721558e-01
3.981246282156902794e-01 -1.750124098036298648e-01 1.828308163759666538e-01
3.025319894854767711e-01 -1.946739783754214415e-01 2.311969399718671880e-01
2.315138128570479736e-01 -2.186906460965740706e-01 2.801310085161872188e-01
9.244107448735983112e-02 -3.709860358382446321e-01 3.755131458416975931e-01
7.302324812468725668e-01 6.010049248339055517e-02 5.063758092948345002e-03
6.471522254255184237e-01 -1.078540806662275919e-01 5.796864627669768844e-01
5.985426172284546986e-02 -4.716714304798230728e-01 -2.666151583576077400e-01
2.256980648204489626e-01 -2.645366052045243777e-01 7.241992558683429948e-02
8.148181429888623484e-01 4.446635170557637906e-01 4.864239253676068131e-01
1.790083459176550207e-01 -2.346970289921976871e-01 3.343036999260413644e-01
2.693591462069990783e-01 -2.190421959085444570e-01 -1.422564659658789310e-01
5.639753789288661778e-01 -1.064917561310210203e-01 4.966077039166769680e-01
2.055287412039783490e-01 -4.031322510381762925e-01 -6.720675862876701601e-02
7.755575214767915782e-01 5.561793040488680617e-01 -2.032015599286580709e-01
2.187625692573993419e-01 -1.668470768211900435e-01 4.648926049078672129e-01
1.483187046858471803e-01 -4.777541150851618568e-01 -1.609570056757825274e-02
5.753156222948803133e-01 1.874001303721826162e-01 -7.605162625163544021e-01
5.760015887720584260e-01 3.257686875035972207e-01 -8.507746926371595464e-01
7.973795685629418983e-01 3.096058220464730226e-01 1.857028550003092526e-02
6.612264258924618332e-01 2.569878762378330350e-01 -6.153825461671047492e-01
7.574053834371063942e-01 1.225356285425367453e-01 6.361807475908030085e-01
2.913339776061079078e-01 1.201557896717914131e-02 -1.103350276375373085e+00
5.761348280443456815e-02 -3.745682156353833392e-01 -2.748183045415260040e-01
2.865640080909699350e-01 -2.307585777453464715e-01 -1.602603511476230480e-03
7.152476453578131554e-01 5.043096418757819777e-02 4.268918724922095009e-01
4.464470649153113868e-01 -1.722311014314783506e-01 4.263130380007109643e-01
3.868278792015722445e-01 -1.868355444596936366e-01 4.195160267971203005e-01
2.235196731928952296e-01 -1.012676820157383251e-01 -6.879396015117755780e-01
7.154798654396756774e-01 1.097219492835210808e-01 -1.932557723699854790e-01
1.684122817605953060e-01 5.085702671714975587e-02 -1.227282730182281512e+00
3.804634256985792717e-01 1.712124387298015193e-01 -1.083887030862747736e+00
4.719148733791023176e-01 2.402240279249845400e-01 -9.893218754410177951e-01
3.277114345373881577e-01 -1.897517108545443421e-01 4.283443474246277916e-01
2.722815842880583759e-01 -1.806988839659453561e-01 4.459348047058129261e-01
2.365888814600980439e-01 -1.667887199548641064e-01 4.558471135485628878e-01
6.912543874600487470e-01 -3.957565119876593762e-02 6.067248833011156250e-01
2.830421041313417874e-01 -2.039843468597197784e-01 5.352662937914858254e-01
3.438432176187546929e-01 -2.213567499653752435e-01 5.669201789780142775e-01
4.066779337439108133e-01 -2.207696597670789629e-01 5.739345770276580438e-01
4.674405115764912466e-01 -2.037556483128941665e-01 5.589647753405242447e-01
5.035647533694032063e-01 -1.788938792597409844e-01 5.339069380114791485e-01
7.978097995291655309e-01 3.011198203972469400e-01 7.055348647605761414e-01
4.868562434642775827e-01 -1.535017334916002341e-01 4.443454388385563725e-01
2.460988365739216199e-01 -2.302560557662811647e-01 -4.026723500503024411e-01
1.940827629503676377e-01 -3.414316465166695735e-01 -2.106291378570173123e-01
1.227215344528940211e-01 -2.972919638651632113e-01 -3.772106882172607811e-01
4.820023476695549647e-01 1.360848042476225928e-01 -8.948319072514490102e-01
3.906960608019653947e-01 7.798640396598632840e-02 -9.996563541033740563e-01
1.662453638678833556e-01 -4.658896946230939307e-02 -1.179090302318108741e+00
6.580913206336020949e-01 4.349282502154405705e-01 -6.863182014911686224e-01
2.389945594283124919e-01 -1.814224755699580527e-01 4.922210969845917106e-01
1.372307323917745236e-01 -3.736430507928076850e-01 2.015980541034227969e-01
2.823445383481733018e-01 9.827249980251684391e-02 -1.167694869361156407e+00
7.724719189390221175e-01 3.279444182552619935e-01 -2.048608736996211377e-01
1.076609209852354976e-01 -1.767258591045335336e-01 -6.767493435591074302e-01
1.207191410144505817e-01 -1.846949674446003442e-01 -7.089911499142704798e-01
1.309152879619237542e-01 -1.937294895319054966e-01 -7.484542086337739875e-01
1.405193989394435405e-01 -1.808529832662681969e-01 -7.904421017222613699e-01
1.957709030111551840e-01 -1.251517234182077942e-01 -8.563891121242050986e-01
1.990925983496709684e-01 -1.212064744962118024e-01 -6.258613221914197666e-01
2.104794412651078694e-01 -1.219238864260645538e-01 -6.208068379030917683e-01
2.209048125248127548e-01 -1.237433269925536372e-01 -6.133398672449619227e-01
3.418400067272884257e-01 -1.278475698451839726e-01 -5.328382452139459602e-01
6.209677944601086352e-01 -2.293370697310564976e-02 -2.674509892309226977e-01
1.368970250239911479e-01 -3.216449364369466934e-01 3.189791541468780522e-01
1.717861974026009264e-01 -2.279858887494281561e-01 5.335398222444354133e-01
2.106891315702084100e-01 -1.983799747714076744e-01 5.253455085632481314e-01
1.878908554561364852e-01 -1.115738026854082854e-01 -6.311252388621362286e-01
6.290235682169456055e-01 1.088953174058568951e-01 -4.949293434996508978e-01
1.110713447543778543e-01 -3.169658896026188444e-01 5.311097396679373972e-01
2.377724579983304665e-01 -8.041591085710364517e-02 -9.325198967288326202e-01
8.915351191522358221e-02 -4.282563912207937307e-01 2.500284845441758108e-01
1.850478120443845853e-01 -3.531472138015576689e-01 3.486698509596630746e-02
1.293844896374749531e-01 -1.152325357821990526e-01 -9.899251776892121768e-01
3.821691700496501198e-01 -2.725743787443474231e-02 -7.486250778401082329e-01
3.242820631031584355e-01 -1.931186337341195269e-01 -2.207268311933443528e-01
3.217943726433283302e-01 -4.960204762071140916e-02 -8.509047566479317481e-01
4.734964569907225140e-01 -1.687226686543015219e-01 -1.996314628955082604e-01
3.819152730771042670e-01 -1.682483098166436264e-01 -3.210908553907874108e-01
5.285660803581171407e-01 -9.429696328756298485e-02 -3.580891709266937895e-01
1.542402362985733077e-01 -9.520389625199832118e-02 -1.097546960369268021e+00
2.261413925431670080e-01 -2.958513021361692807e-01 -1.647613341449505331e-02
4.543623345203879893e-01 4.527010826571953306e-02 -8.021987770633742798e-01
3.677710776986069519e-01 1.155824775033217899e-02 -9.176838311667196990e-01
4.373406287655008384e-01 -3.565631612217812219e-02 -6.284465177794080759e-01
6.950862632256775697e-01 1.554583957044726183e-01 -3.603752849752899223e-01
5.347690567789964433e-01 3.077485448057848405e-02 -6.217660107618936394e-01
7.341654657298093412e-01 3.263042033460639146e-01 -4.148423611887697149e-01
4.239982508936863681e-01 -1.192185811922519267e-01 -4.531895231542470981e-01
1.802006035274370532e-01 -3.153483647140937762e-01 1.387260174547293445e-01
1.806290569569277693e-01 -4.293663826522333693e-01 -1.903501027166250026e-01
2.227994557931394226e-01 -3.511380081486290550e-01 -2.037943036500013960e-01
1.525465758050890130e-01 -4.881979818517692138e-01 -1.292418115454694316e-01
2.284727661221026551e-01 -2.632776061211856700e-01 6.326141994398000179e-01
3.435805446434301302e-01 -2.873749002254690765e-01 7.069071960307420355e-01
4.437116706523553944e-01 -2.851014978209267525e-01 7.198145120011059106e-01
5.234054171516433485e-01 -2.547497227220887339e-01 6.959316728496345306e-01
5.751987458605007930e-01 -2.068634868290395445e-01 6.450936058395857486e-01
6.041217503487921192e-01 -7.552012378882899668e-02 4.713849556725291379e-01
8.057152096874524716e-01 2.680766199157709195e-01 2.326037279509716171e-01
5.525791549345626663e-01 -1.098501602496497753e-01 3.174100896467120236e-01
4.831395818478938509e-01 -1.470693982084672058e-01 2.837787688583679468e-01
3.924120276172438082e-01 -1.737813817700128993e-01 2.876117442416381564e-01
3.061532678100036264e-01 -1.889468220988224090e-01 3.158373478001785806e-01
2.403480027274982334e-01 -1.943584488361143059e-01 3.517985772980605219e-01
1.950068472824817434e-01 -2.017688653219273931e-01 3.835147856767529007e-01
8.109082329450245652e-01 5.241484945828602804e-01 2.708589344407901223e-01
2.220390565007930306e-01 -3.131997692412920031e-01 -2.244600977058439639e-01
1.381957839148180156e-01 -4.157797938155951556e-01 9.661533893864859834e-02
1.329961619713553311e-01 -4.830932643751104649e-01 -2.049544995265559777e-01
9.671077641207581621e-02 -4.472110021592197171e-01 -2.475000598534844443e-01
1.329269470386655883e-01 -4.463289464955124686e-01 -2.159133902080530021e-01
2.045716516067894730e-01 -2.859157322827972081e-01 -2.498174869310787471e-01
8.244416597840142913e-02 -4.640244889055225030e-01 -2.594679713205430005e-01
8.025631959680312733e-02 -3.772323677555924348e-01 -2.686919641834890626e-01
1.948155776223341462e-01 -1.771945206046439125e-01 4.610477279136206974e-01
1.595728766644475272e-01 -2.164568190381608304e-01 4.340506526446796798e-01
1.381855211555675922e-01 -2.633458568240438780e-01 4.094300324260227164e-01
5.235025444418042184e-01 -1.531819445718198835e-01 5.152433579820541176e-01
5.657239384591932208e-01 -1.574561825690476979e-01 5.577543977767147609e-01
-3.631360647029673316e-01 -1.725159768467499077e-01 5.372057540914920715e-01
-2.913421609827651082e-01 -1.792062226483004395e-01 5.349589283724718314e-01
-3.622465584910727898e-01 -1.817960601297308187e-01 6.197263284336527178e-01
-4.358994973264742612e-01 -1.657672400251577471e-01 5.388724349221729604e-01
-3.646717893633493190e-01 -1.632387107917985247e-01 4.542632910702906202e-01
3.933020033671432714e-01 -1.796439326841738904e-01 5.045158865855787766e-01
4.635847325569351085e-01 -1.860122095680640797e-01 5.010229196979998356e-01
3.922881366608024223e-01 -1.890821496595265216e-01 5.890026365991616331e-01
3.224608593357842778e-01 -1.733036603884343663e-01 5.084935406129549307e-01
3.945809578156911357e-01 -1.702239606141553452e-01 4.200009330597338497e-01
