-2.154717041275031053e-02 -4.380414604695845870e-01 -7.262208236071328038e-01
3.438698602471568222e-02 -7.266258858414333943e-01 -3.154557669945134979e-01
3.901706978073266052e-02 -4.555739838861707636e-01 -4.091673384888923071e-01
-5.121677288170473075e-02 -6.590743864620811632e-01 2.013095998768907879e-01
3.407679856310910638e-02 -7.789086360802834896e-01 -1.706853099871072366e-01
3.248288234140213337e-02 -7.647488132302959762e-01 3.514468592446942652e-02
3.590781723105274104e-02 -5.621645904696619400e-01 5.592429390174391557e-01
-6.742006604267452019e-01 -1.778118903447590826e-01 7.053890728403837684e-01
3.662137239016066692e-02 -5.380482572573983546e-01 9.575577146443645660e-01
3.511405455115711172e-02 -5.806298385583010813e-01 1.149709653083461625e+00
3.297483179254626084e-02 -5.627808399813212237e-01 1.825539228148593374e+00
-1.977402777165959691e-02 -4.219222288694991496e-01 -7.664249440950396952e-01
-1.711940051484720643e-02 -3.876429793114312128e-01 -8.056183631012969748e-01
-1.328110477217538804e-02 -3.351247162248561784e-01 -8.333226452980242449e-01
-2.540416670286812367e-02 -2.988156656454165061e-01 -1.006315018819544438e+00
-2.688653507102500839e-02 -3.038494508308785536e-01 -1.067888145465251348e+00
-2.967196057900793604e-02 -3.183510272730689650e-01 -1.133625815974184103e+00
-2.930073241616210078e-02 -3.010856040281543189e-01 -1.194047928422485860e+00
1.791068743994544965e-02 -2.038795516955665965e-01 -1.282814460795289158e+00
3.274909185804664169e-02 -6.656253565290315422e-01 -3.775668377642149576e-01
-6.310063520180159147e-02 -5.263539722707719637e-01 -3.472975224370118408e-01
-1.046012838133064005e+00 2.162592921230781506e-01 1.340390641360764690e+00
-4.005400863571062509e-01 -2.676680318050943530e-01 5.549356306411858952e-01
-5.031139431265843065e-01 -2.567251367156193620e-01 5.456853428210000079e-01
-5.986264116864785656e-01 -2.284047858170881184e-01 5.624901356285372245e-01
-7.153555780351843474e-01 -1.569288690061307889e-01 6.682004172304911727e-01
-3.101523897317133294e-01 -2.608037700985916807e-01 5.899717349241226927e-01
-5.452801154646382820e-01 -3.483179236471125595e-01 9.836615771982901713e-01
-4.281350700207129378e-01 -3.472710798970273238e-01 9.617474871972877537e-01
-6.489052822417242794e-01 -3.110431965479263372e-01 9.616659619646701351e-01
-7.145750642731636404e-01 -2.632403721500318206e-01 9.068868317564375836e-01
-8.014527056048432740e-01 -9.327674577564665226e-02 5.850539362197944016e-01
-3.540318499335323166e-01 -4.129050146483230488e-02 -1.419325915771178614e+00
-7.070040525736205339e-01 -1.519632921872411946e-01 7.583047628080921143e-01
-1.079146075151300455e+00 3.347473176974626874e-01 7.276689228193906622e-01
-9.109590402878287030e-01 -6.120704391538049627e-03 7.109533652114479185e-01
-4.686570014050919220e-01 -2.805479662887855330e-01 -7.013016289951035098e-02
-1.340083889318789412e-01 -4.189594946371051343e-01 -6.967039429308867771e-01
-1.158818275000488840e-01 -3.665553247024202488e-01 -7.932618564330282673e-01
-2.309178013579059607e-01 -3.475676962299116823e-01 -7.261945741944655364e-01
-2.891883519704853134e-01 -2.700596566494087858e-01 -7.698692686107331262e-01
-1.953717943151065395e-01 -3.168205747456563914e-01 -7.960379506534938088e-01
-2.522731685258485790e-01 -2.415814605871569043e-01 -8.172882656005424629e-01
-4.454560201047641499e-01 -8.844095861749040610e-02 -9.750771944047822437e-01
-5.081027707471039156e-02 -7.158702491333870377e-01 -3.050236455743233766e-01
-6.582147024088158549e-02 -7.643417256104105828e-01 -1.640037583096119467e-01
-8.478653955954862376e-01 -2.490008618631918136e-01 1.053621117318825462e+00
-2.632066871656632001e-01 -3.446136096577800956e-01 2.827064988767076237e-01
-2.822567329103543576e-01 -4.761594448056027939e-01 -2.105128236075828330e-01
-2.901405471828166771e-01 -4.570228236775761843e-01 -1.250231005948452268e-01
-7.629501808060465962e-01 -1.545978033770826765e-01 -1.185316953326712164e-02
-5.941742525959350929e-02 -7.320245913746652455e-01 2.864832768269173768e-02
-6.194293929889762573e-01 -4.347799679629951175e-01 1.187365563508901545e+00
-7.545192970002898569e-01 -3.518005232103704749e-01 1.148425298713203535e+00
-9.461410201515860763e-01 -6.159391206088597748e-03 1.556916244126303805e+00
-1.795031915487522722e-01 -5.099833762891659017e-01 1.016114581958379226e+00
-3.243757744782345132e-01 -3.133418617617704793e-01 8.923645658890362320e-01
-5.113051398111794210e-01 -8.361127405739385288e-02 -8.156001917673658674e-01
-9.550551060080625376e-01 7.643050691193040702e-01 -5.760358460704455563e-01
-2.068262492178443157e-01 -4.270902008754162704e-01 -2.927265868981911989e-01
-1.277158746719333493e-01 -4.271741965856670209e-01 -3.384048207976046996e-01
-3.671031786447909173e-01 -1.006675876188515839e-01 -8.526376406934477181e-01
-3.477102215415346365e-01 -1.258247224748787751e-01 -8.648377525679937783e-01
-8.042506513964888804e-01 -3.167815852528104159e-01 1.250564705905254037e+00
-2.883009192158325629e-01 -4.127466381121829286e-01 -2.637950188582176558e-01
-4.333734729492393356e-01 -4.898991803684014101e-01 1.157636460961234626e+00
-4.487157727382911077e-01 -5.240817058250513139e-01 1.271666625036746989e+00
-5.434475394832163353e-01 -4.214985404346311970e-01 1.807679087434425291e+00
-8.736377700839321747e-01 -1.843177231317553177e-01 1.384577442628565080e+00
-4.842044669607656893e-01 -4.780126825974713167e-01 1.526619476086485960e+00
-9.022775759284296093e-01 -1.737650614166721397e-01 1.137359839861097122e+00
-9.728950310302857396e-01 1.141353008989766382e-02 1.212417346767001636e+00
-1.275707294476758347e-01 -4.032792981406240207e-01 -7.505251650951825226e-01
-2.135818171021480749e-01 -3.360731134019520061e-01 -7.627401455001656672e-01
-2.721352621853986298e-01 -2.636312142003414127e-01 -7.929899766265031680e-01
-1.835799955894071855e-01 -4.014564644416829253e-01 -3.166648807496978968e-01
-3.568164208873199073e-01 -1.136746518609438039e-01 -8.589358040508079384e-01
-3.307934753770307434e-01 -1.674142588662597131e-01 -9.243776549113116303e-01
-3.366736738603945955e-01 -1.287288455529043418e-01 -8.692992004438209186e-01
-1.612739616635696094e-01 -5.733766925489485189e-01 -2.707912286414677627e-01
-2.373947245728933453e-01 -2.216169931923666070e-01 -8.358092009283777379e-01
-1.786150203655431090e-01 -2.739416962902078145e-01 -8.218295567081330688e-01
-1.039784131994284655e-01 -3.195687232822773671e-01 -8.219019492595900367e-01
-1.190624669687939396e-01 -1.960147156987286365e-01 -1.269138515616091034e+00
-1.473264581279980501e-01 -2.954864289814926881e-01 -1.172236893029090066e+00
-1.426427954819626809e-01 -3.125059514156178775e-01 -1.109767065262888153e+00
-1.309906958112458941e-01 -2.961783998433594745e-01 -1.042203483359496641e+00
-1.174146805365426371e-01 -2.908938634612210361e-01 -9.842442970600515650e-01
-2.535065496938998519e-01 -2.152450254593436529e-01 -9.299573205108400131e-01
-2.753780533186720447e-01 -2.251297404515122391e-01 -9.556758132918949933e-01
-2.978065368585773864e-01 -2.351767687047985333e-01 -9.874452736792398433e-01
-3.138900309208325634e-01 -2.132979385738560385e-01 -1.022393875297475940e+00
-3.918305276823015326e-01 -2.514120380588177328e-01 -5.903518651993928668e-01
-1.068245021842827658e+00 8.115349763763113344e-01 1.658606097110779110e-01
3.864542892049396827e-02 -5.290159534792395757e-01 -3.883243096596944444e-01
-2.920234007048801983e-01 -1.655480277996631555e-01 -9.016972989660696491e-01
-3.115086414324916841e-01 -1.714771675451606803e-01 -9.129883416009962893e-01
-9.450785054730165280e-02 -4.276629691890112550e-01 -3.937655788622165254e-01
-2.521448561421938406e-01 -3.296744453812794351e-01 -3.394465839553335584e-01
-1.105909034612166941e-01 -4.290967927026652085e-01 -3.668537767769886049e-01
-3.673035612570025865e-01 -2.988142073448603053e-01 2.105443325999706294e-01
-5.309901599744102363e-01 -2.547482300963583857e-01 1.279965163769877234e-01
-3.065633286930852242e-01 -3.929336266768039820e-01 -1.789871120335493893e-01
-7.875341546875560539e-01 -2.299422126961148116e-01 1.717767399834478681e+00
-7.181588833358572010e-01 -3.430014317317944261e-01 1.496662387006609141e+00
-6.509565638020475831e-01 -4.321014828067726299e-01 1.302949985202315641e+00
-3.662414538255438501e-01 -1.302079207107816883e-01 -1.099319263497521071e+00
-2.077275414171638745e-01 -5.705179494474719171e-01 1.208414706120755966e+00
-2.415872034681592062e-01 -5.528759501533602183e-01 1.507777820676171832e+00
-2.796548323173370099e-01 -5.309511389876329090e-01 1.836740978121436996e+00
-6.753787181215238355e-01 -1.887047633499797650e-01 6.021302990194630222e-01
-9.133538945847408108e-01 -2.258442347168554409e-02 4.899151178557719089e-01
-2.500251862727151941e-01 -2.534610076650773980e-01 6.243086687490559950e-01
-8.060436422322885264e-01 -1.733802663660182763e-01 8.578611609545130356e-01
-1.935090695539176675e-01 -3.926730793169004308e-01 3.674067568464209899e-01
-2.237505458659131419e-01 -5.809436049025804571e-01 -1.755337851272828487e-01
-1.002551451113425252e+00 9.732860649804797593e-02 4.085226049208203758e-01
-8.507395028312032537e-01 -9.974999838934567320e-02 3.687733831011066332e-01
-7.265026046000655491e-01 -1.855039293283124446e-01 2.937716007149600017e-01
-5.339186145121930238e-01 -2.351714010301733104e-01 3.005902843325765073e-01
-3.907949640984570427e-01 -2.668439837855365315e-01 3.532336140115854839e-01
-2.836917884656369182e-01 -3.022751338058238257e-01 4.133674590200693277e-01
-5.915817836959141873e-02 -5.193923234791582022e-01 5.354327366594442417e-01
-9.836470523772113950e-01 1.077057277027786419e-01 1.005167759912836134e-01
-8.863962223630057480e-01 -1.285583937020159939e-01 8.959468411541746669e-01
-2.018352123593718933e-02 -6.597072356622515343e-01 -3.691399652493898564e-01
-2.557303601256014636e-01 -3.672294683953627459e-01 1.267508204678661210e-01
-1.106439703965217181e+00 6.522472652128725734e-01 7.953623564615663888e-01
-2.002545993301719784e-01 -3.273354928186762436e-01 4.822465251572010114e-01
-3.126990732777789050e-01 -2.951100343952390848e-01 -1.707677407814205961e-01
-7.470036668940283064e-01 -1.325486117757488924e-01 7.587845610774903715e-01
-2.291156729749916909e-01 -5.562425210475019366e-01 -7.190736558250582222e-02
-1.024101190673719408e+00 8.135846594865738801e-01 -1.921373560407468317e-01
-2.443614310816973889e-01 -2.369190711054267595e-01 6.739507231426835610e-01
-1.482737908260434723e-01 -6.649223160093642448e-01 -6.963185852176423385e-03
-7.649959148043943280e-01 2.913133393950422256e-01 -1.015346667743896258e+00
-7.553233173808511225e-01 4.871847300858118679e-01 -1.147594903653078813e+00
-1.061504357936611243e+00 4.624397220334828251e-01 1.261218165351410958e-01
-8.800652318047141875e-01 3.896649235084483909e-01 -7.959318471479335244e-01
-1.030080992351015023e+00 1.980843037601778267e-01 9.951367114139397785e-01
-3.695627864354625869e-01 3.383978719848126926e-02 -1.533369987717373650e+00
-2.793331161590063838e-03 -5.214606063546076697e-01 -3.802835982755237154e-01
-3.461329129339120181e-01 -3.150442580897148126e-01 3.164470597948788877e-02
-9.967310243098346234e-01 9.534043883055937085e-02 7.050916951288719314e-01
-5.823992287490860065e-01 -2.297474368548877433e-01 6.359177162844291686e-01
-4.980893564003028295e-01 -2.537646191501472526e-01 6.182705347004138208e-01
-3.467078256923620261e-01 -1.482756923680864092e-01 -9.363530177480647865e-01
-9.595762749916794121e-01 1.779396405216719379e-01 -1.848637666686890335e-01
-1.809651856888823129e-01 8.022659709762244851e-02 -1.716533208334625193e+00
-4.799738352491227378e-01 2.611419310486051693e-01 -1.503321272855780766e+00
-6.081728255816960527e-01 3.620257750696189714e-01 -1.360078656732646607e+00
3.383607609761719870e-02 -5.783787507403830297e-01 1.481494036194757502e+00
2.978648808017905769e-02 4.963186609168029895e-02 -1.747414699349624456e+00
-4.117123120170629313e-01 -2.604919312970326306e-01 6.272697445836097341e-01
-3.270023335141009069e-01 -2.522548360545242563e-01 6.502763265349282840e-01
-2.708039087448790294e-01 -2.360183915094267171e-01 6.633232957753634196e-01
-9.555862615606049992e-01 -3.295882620352058590e-02 9.530954815197612007e-01
-3.461273418653179057e-01 -2.841545867714634355e-01 7.911713800914434991e-01
-4.395654923787191137e-01 -3.033317092959848527e-01 8.427813018210517093e-01
-5.288859415091335947e-01 -2.985227722881944601e-01 8.553736034695131885e-01
-6.130135905509903615e-01 -2.708301421311702928e-01 8.370927175061346759e-01
-6.628932246969432285e-01 -2.345469242020248313e-01 8.041359872930540220e-01
-1.094015985934161161e+00 4.525990993006117069e-01 1.102704690332070747e+00
-6.375488587188837819e-01 -2.015296218264304162e-01 6.685874094675665624e-01
3.709984548655650971e-02 -4.289062390833495719e-01 -5.135954263860902369e-01
-2.940042613215180234e-01 -3.142951562259352905e-01 -5.312978419994991430e-01
-2.062025025261080557e-01 -4.673035130838589790e-01 -2.751544692352296817e-01
-1.047058924359193233e-01 -4.156242497784810030e-01 -5.136002933781227409e-01
3.641730261962812520e-02 -5.131290319822634505e-01 7.635884795258969238e-01
-6.352956737096735473e-01 2.176783166462665786e-01 -1.218695629916460188e+00
-5.097900402320565405e-01 1.332304629138997831e-01 -1.379011525145686701e+00
-1.929004308413958535e-01 -5.545698185442621275e-02 -1.645525633906689933e+00
-8.627847643037562797e-01 6.397077065656486816e-01 -8.996374065604282322e-01
-2.768980466147559216e-01 -2.571872768361267436e-01 7.187241555332919418e-01
-1.266733474895573308e-01 -5.214630685196330884e-01 2.972152263046776710e-01
2.190310574183242098e-02 -8.279830275015109819e-02 -1.674039402025754519e+00
-3.428431381625423047e-01 1.530819804584414578e-01 -1.629374427845200479e+00
-1.025833910539581062e+00 4.886700994775730056e-01 -1.951843226543560350e-01
-1.942293135635269619e-01 -2.575028698647870984e-01 -9.546512936729030230e-01
-2.159567492832998870e-01 -2.668447973213248225e-01 -9.983816045093609759e-01
-2.334096989211147388e-01 -2.789237895103595655e-01 -1.054467897363434048e+00
-2.440132682106175288e-01 -2.599046304152081710e-01 -1.113178525462939827e+00
-2.583577292974017503e-01 -1.751215824180853975e-01 -1.203145087955535875e+00
-2.976566023697262420e-01 -1.809067156244650310e-01 -8.450581526405513966e-01
-3.151197266583665169e-01 -1.840223566159887025e-01 -8.337078351541453713e-01
-3.299807594257226917e-01 -1.869745376667550918e-01 -8.207888241688194864e-01
-4.666294383696150128e-01 -1.726785800923952841e-01 -6.896171639318930957e-01
-8.368203877550710601e-01 -8.912761190983109483e-03 -3.000058988783924629e-01
-1.245716559857737993e-01 -4.497948675690139897e-01 4.624294113620661673e-01
-1.747002017154526410e-01 -3.166365964296522506e-01 7.734592212239048692e-01
-2.365754983688379554e-01 -2.801215562284598004e-01 7.650295728114393512e-01
-2.799743297636179129e-01 -1.700604014536724051e-01 -8.555890736332349977e-01
-8.433762896395586850e-01 1.805780869896114749e-01 -6.223997363209983202e-01
-9.297980671178812662e-02 -4.439012881685251433e-01 7.598029094426406171e-01
-3.107088771494035395e-01 -1.023132982946169944e-01 -1.303332081016654431e+00
3.361224901420131750e-02 -6.949952733730424548e-01 2.138603144951196633e-01
-5.720269803313016155e-02 -5.979553917536197805e-01 3.587566487821296501e-01
3.505462100450462692e-02 -6.253711139442361677e-01 3.801087446937347902e-01
-1.978608968575683580e-01 -4.885947040791116525e-01 6.985997367857763041e-02
1.910785478887391808e-02 -1.549664515413167187e-01 -1.556473404084338874e+00
1.884678992596367647e-02 -1.774937814693594018e-01 -1.407859934605851571e+00
-1.498361587664871486e-01 -1.535853795397304489e-01 -1.389655186493592876e+00
-5.361620131214337448e-01 -2.057344027432476269e-02 -1.002857175274911139e+00
-4.014306110938967720e-01 -2.559501235023371457e-01 -2.723542172508659487e-01
-4.373743887243064510e-01 -5.459824569023705165e-02 -1.175756803719192778e+00
-6.278042370161323049e-01 -2.170346344290199347e-01 -2.216493597544282323e-01
-4.962090197004700443e-01 -2.194594361579527142e-01 -4.021495754398392020e-01
-7.115743033767500947e-01 -1.079460828773558534e-01 -4.337843216280912184e-01
-1.816258569910427778e-01 -1.246562227060468153e-01 -1.530922888810721805e+00
-2.571173446459685819e-01 -4.065702392113157426e-01 1.381766051051114275e-03
-6.123799027495018255e-01 8.708163197413690271e-02 -1.087121610218259704e+00
-4.869418598938084486e-01 3.765226580381356158e-02 -1.264056399424033028e+00
-6.100587588288246543e-01 -3.309875934422194799e-02 -8.115637448928281206e-01
-9.305205900519624151e-01 2.447943994885959373e-01 -4.264002345591826337e-01
-7.295692469083381315e-01 7.042411606735829444e-02 -8.072672922580044208e-01
-9.736325746936143055e-01 4.841381451170609918e-01 -4.996356217679007727e-01
-5.759705690558754032e-01 -1.497420468964309470e-01 -5.698951571228028090e-01
-1.893554030445638858e-01 -4.401507131539048601e-01 2.147152031982026976e-01
-1.923838077243811284e-01 -5.952891802044784075e-01 -2.475570253524692621e-01
-2.507018477940237133e-01 -4.797571270308473856e-01 -2.624942307883553205e-01
-1.506566097342628141e-01 -6.769785785793942523e-01 -1.645103563626879040e-01
-2.569923129419513508e-01 -3.637374661846886070e-01 9.169399661252843892e-01
-4.254138498319837147e-01 -3.884780881721523471e-01 1.027445820832476819e+00
-5.705458753102981007e-01 -3.808524941043580636e-01 1.052989985934241091e+00
-6.884581767833872767e-01 -3.359922282153706696e-01 1.027011254248801464e+00
-7.678780142904151340e-01 -2.677149510157013079e-01 9.638720492753667379e-01
-8.171712053170181456e-01 -8.578673788359431063e-02 7.350329410023483945e-01
-1.085288542628896735e+00 4.014733931396405886e-01 4.319746549269445346e-01
-7.502473921996770656e-01 -1.371808412371148256e-01 5.114189818676873056e-01
-6.527288688135315375e-01 -1.917092853053598001e-01 4.532309135624850160e-01
-5.205910199850154463e-01 -2.339436973570370171e-01 4.416722522572182896e-01
-3.925128277814010636e-01 -2.595430161197873620e-01 4.682604242816394979e-01
-2.908616362131668520e-01 -2.679269807149371463e-01 5.120072012471306167e-01
-2.203482449115897746e-01 -2.808438676029740844e-01 5.525272396179370382e-01
-1.091643509938099665e+00 7.625119234099764221e-01 4.902645202337587715e-01
-2.500963073051309937e-01 -4.257385828360154001e-01 -2.924878650380196010e-01
-1.277737158100594184e-01 -5.809653720313490144e-01 1.498538690864653078e-01
-1.242690905452289996e-01 -6.704200557786241799e-01 -2.734977813380576883e-01
-7.372045803561183552e-02 -6.197835539894243073e-01 -3.373150923250962663e-01
-1.245546607005689754e-01 -6.192203452574984723e-01 -2.883823592681091785e-01
-2.229985047124706243e-01 -3.859795787119464361e-01 -3.305870403917063882e-01
-5.319329578918732815e-02 -6.449233996176850781e-01 -3.560845794671552156e-01
-3.816996308177372788e-02 -5.225349096744242861e-01 -3.694262554641676299e-01
-2.115840842681649958e-01 -2.489708674179340608e-01 6.671261571875872765e-01
-1.646583987047857689e-01 -3.024338504942096773e-01 6.247096035589621010e-01
-1.375929475200586283e-01 -3.670216228742271269e-01 5.865667559359715177e-01
-6.887461798737462004e-01 -1.978690301475833913e-01 7.791066578811647325e-01
-7.520020202340185200e-01 -1.992766534790291200e-01 8.437241933743577782e-01
1.186433808163190884e-01 -6.584737453451328104e-01 1.939232395828921485e-01
7.207267463452278200e-01 -1.931093865188725500e-01 6.542303946480236831e-01
1.353337770530729234e-01 -5.324047642984466311e-01 -3.561597036941788197e-01
1.060369082287576425e+00 1.857637797845148597e-01 1.228883074869343783e+00
4.398045076760395133e-01 -2.717625086489630082e-01 5.348404131777120263e-01
5.370385069513701204e-01 -2.644880564489275887e-01 5.206811827657391589e-01
6.295474878471001290e-01 -2.398378409163708369e-01 5.254070290505223895e-01
7.521046971438036799e-01 -1.718816641259655054e-01 6.106275174278819051e-01
3.593763537667143959e-01 -2.642202690505135454e-01 5.705698751671293145e-01
5.890295055746359587e-01 -3.608679662462055404e-01 9.377189743056355553e-01
4.742216761989612728e-01 -3.573066195108367538e-01 9.192567769904438357e-01
6.925950595671030996e-01 -3.288627648384934155e-01 9.105960480156194414e-01
7.565268562501277216e-01 -2.845899763600716614e-01 8.479099118099440169e-01
8.242132240729245218e-01 -1.124563129884962875e-01 5.117213707381553789e-01
3.851680188371542357e-01 -5.725877649261323921e-02 -1.436025025802535549e+00
7.556667960909657644e-01 -1.682206258213662098e-01 7.011968082023458670e-01
1.113506639736776549e+00 3.065253184909051409e-01 6.201967900578513326e-01
9.270472520964094798e-01 -2.996280949662469273e-02 6.224773522224060773e-01
5.173312161522849451e-01 -2.935860062887805100e-01 -1.154560091701671287e-01
9.311832832583824549e-02 -4.210490404289224387e-01 -7.078317431463372333e-01
8.477581746242288108e-02 -3.642086599539043901e-01 -8.059619487842173413e-01
2.025765465018714018e-01 -3.434553550187129378e-01 -7.483921473390691137e-01
2.745935223568204409e-01 -2.593086734438971863e-01 -7.928891629141245900e-01
1.726500596327904535e-01 -3.084330529622154593e-01 -8.141507452748286688e-01
2.419475493526136445e-01 -2.310400419028818542e-01 -8.333912808697556684e-01
4.447993271017480765e-01 -9.727561295922085294e-02 -1.016729799473695017e+00
1.165158437854502127e-01 -7.208603367439483378e-01 -3.128126798709267575e-01
1.291965009104638074e-01 -7.698757007604659641e-01 -1.732185712539861533e-01
8.740407675521915110e-01 -2.721152489667826302e-01 9.834796322585424022e-01
3.218889857962102807e-01 -3.476670253797244925e-01 2.558514427177038808e-01
3.433414314623650654e-01 -4.868062503076355796e-01 -2.357423406323857495e-01
3.491466024705228710e-01 -4.676195603024229097e-01 -1.511681185901062596e-01
7.987683437939856468e-01 -1.721773773872057323e-01 -8.438995248124248061e-02
1.242089606150022507e-01 -7.330743969586865916e-01 2.091730297908257763e-02
6.677150903449309283e-01 -4.569556417617872679e-01 1.135087972192389216e+00
7.926315179048391002e-01 -3.756370806487643321e-01 1.090075037802930247e+00
9.668373754323837943e-01 -3.600275354642967773e-02 1.452333793815772101e+00
2.493476785131392148e-01 -5.155312203441602126e-01 9.878071597000452897e-01
3.769189905842551536e-01 -3.183101266300287779e-01 8.516405786202514427e-01
5.201507628878245804e-01 -8.967966817665329327e-02 -8.678835108550335686e-01
1.019061935817468623e+00 7.339753586341091207e-01 -6.550775090983929072e-01
2.733592203200224668e-01 -4.382651857260482231e-01 -3.117580167684197434e-01
1.999984812680100088e-01 -4.408373675280876647e-01 -3.524849515119987675e-01
3.656074288595931865e-01 -8.795877076224870028e-02 -8.971431198626138581e-01
3.411700781662065918e-01 -1.170050318353803298e-01 -9.044799261839420179e-01
8.384035115005405991e-01 -3.415490988118845550e-01 1.179131974913570691e+00
3.469004275358797962e-01 -4.251279974209904999e-01 -2.890767409341261640e-01
4.942175342472503452e-01 -5.089385070950380729e-01 1.113057314884388749e+00
5.097016259593387666e-01 -5.441560289660287708e-01 1.218776235520485862e+00
5.876942356150580693e-01 -4.415642601532228095e-01 1.740516917205082947e+00
9.036351301623839483e-01 -2.092668253190552718e-01 1.296996040805414641e+00
5.364210350955467277e-01 -4.949261177565369429e-01 1.471474453413922134e+00
9.264967270901895979e-01 -1.970973161557519338e-01 1.049162254885128043e+00
1.000214987256967891e+00 -1.378700891679113943e-02 1.116099325735325998e+00
8.986205329577987011e-02 -4.032295067263920174e-01 -7.626570739339162408e-01
1.874833894345097063e-01 -3.298674860456974889e-01 -7.837479539523175553e-01
2.584569744054836526e-01 -2.533614767299822157e-01 -8.128494490840201259e-01
2.523178414904445610e-01 -4.141308510194099402e-01 -3.338125551478614561e-01
3.528605337795716057e-01 -1.038901504164661538e-01 -9.013386577753168538e-01
3.073956468499030592e-01 -1.611247109255064536e-01 -9.653335491502010868e-01
3.291898634492524955e-01 -1.195883182433398750e-01 -9.056123337799031336e-01
2.245661315027963623e-01 -5.768700810732785289e-01 -2.874589069770250305e-01
2.290561926281013960e-01 -2.111199884414369787e-01 -8.481419557650995422e-01
1.617697440325566172e-01 -2.634632703850416924e-01 -8.345105873023950238e-01
8.041337762340441953e-02 -3.134293297655328381e-01 -8.330835015703970114e-01
1.471570941101181806e-01 -1.997798413404646700e-01 -1.279711394528129098e+00
9.134534237239744225e-02 -2.935032643431639832e-01 -1.185490983065132120e+00
8.527343538069487305e-02 -3.083607208405270139e-01 -1.123761434035302376e+00
7.970934374854610205e-02 -2.909418282606127670e-01 -1.057984026297526636e+00
7.017476553190887811e-02 -2.846779073508524105e-01 -1.000267603257439131e+00
2.211813545942988846e-01 -2.070261712179092273e-01 -9.657116534570180377e-01
2.400426970044290398e-01 -2.201318716239699658e-01 -9.929344720363282306e-01
2.587338987878202712e-01 -2.317065225681106400e-01 -1.025991123488036116e+00
2.772940115564933583e-01 -2.104780054310012583e-01 -1.059885572387039510e+00
4.306511912040722478e-01 -2.603754109705963549e-01 -6.289661406043065561e-01
1.123927311788754491e+00 7.790024745014973995e-01 6.120535802497939493e-02
2.714670893381404548e-01 -1.544799606828926031e-01 -9.384517811764898632e-01
2.887441640414551980e-01 -1.636828030699263858e-01 -9.526350189335599516e-01
1.692778477189744724e-01 -4.354254186987696063e-01 -4.046966274681049747e-01
3.175916176806570235e-01 -3.456579322028181522e-01 -3.620648320075301463e-01
1.842628932852497514e-01 -4.404374328842308728e-01 -3.799197549213582104e-01
4.213271771854705250e-01 -3.037973754092733181e-01 1.740989024131851526e-01
5.781655927234572445e-01 -2.659319739993999399e-01 7.559276780824905617e-02
3.659547279785267948e-01 -4.046879232250619740e-01 -2.066098252121788548e-01
8.186757229300880567e-01 -2.584938217078480704e-01 1.625984021239858635e+00
7.576973918269733765e-01 -3.668759758657498260e-01 1.420535544677691053e+00
6.992148994540210438e-01 -4.552418212172322232e-01 1.240862866248246377e+00
3.737040277409280353e-01 -1.356724772447733818e-01 -1.123686345827068500e+00
2.810978801229233603e-01 -5.793049585241181187e-01 1.165156134205885152e+00
3.014601123277855788e-01 -5.627690866720509444e-01 1.477429902234409731e+00
3.343405826768554023e-01 -5.446351408651224357e-01 1.799107445996847687e+00
7.075926583018761207e-01 -2.029199912998673749e-01 5.532293071447378363e-01
9.242313472481988867e-01 -4.787636554297200475e-02 4.028264811160722214e-01
3.066248690204244065e-01 -2.528884804639035533e-01 6.050080774715858034e-01
8.392665805068757479e-01 -1.945687866361080487e-01 7.887823011576844401e-01
2.557603310642406758e-01 -3.937923704653276680e-01 3.472129640303527331e-01
2.849528715371008047e-01 -5.897000083618868516e-01 -1.981543534834286913e-01
1.038805050703209609e+00 7.093870899311402467e-02 3.104355034454158169e-01
8.610563696557060887e-01 -1.210483664658221770e-01 2.908542689687618754e-01
7.399197123306455737e-01 -2.028647507462970623e-01 2.294595609704233041e-01
5.580800334188174006e-01 -2.453275295970958059e-01 2.563569957561051549e-01
4.240809305342598812e-01 -2.728885697035299263e-01 3.245617960837525739e-01
3.245296252965824690e-01 -3.065544666978954336e-01 3.933804503689051213e-01
1.295813277625912918e-01 -5.200379092507561030e-01 5.263838831978597810e-01
1.023619587073060444e+00 8.424719955632650747e-02 7.098236218886541660e-03
9.071599946257777880e-01 -1.511868519871363836e-01 8.119746442995090518e-01
8.390204012298621561e-02 -6.608639769353104043e-01 -3.733112956941060379e-01
3.163772714139128084e-01 -3.708200573641959874e-01 1.015162386932461636e-01
1.142189415679966125e+00 6.233169507426341571e-01 6.818555299074242626e-01
2.509289217291255092e-01 -3.289917691610440009e-01 4.694562763884919665e-01
3.775801612439454447e-01 -3.070472594489797036e-01 -1.994111583503181961e-01
7.905650040557015146e-01 -1.492771825917564854e-01 6.960197620953227915e-01
2.881044744046891148e-01 -5.650995798473990028e-01 -9.420856472430455542e-02
1.087154968141017086e+00 7.796366830697216699e-01 -2.848422964034860172e-01
3.066552865848158893e-01 -2.338815928708528613e-01 6.521863374389804680e-01
2.079090360189155273e-01 -6.697024339028239126e-01 -2.256250493463689277e-02
8.064774021560574546e-01 2.626922918321401568e-01 -1.066056358240066615e+00
8.074230106082485037e-01 4.566534876870669279e-01 -1.192592307154631825e+00
1.117744506953742611e+00 4.339968352935146267e-01 2.603131095600610956e-02
9.268888174874461150e-01 3.602384590016893817e-01 -8.626261416418445904e-01
1.061709805782655724e+00 1.717670375591066612e-01 8.917804880205912887e-01
4.083838688581939991e-01 1.684310439324916003e-02 -1.547048079622633132e+00
8.089830299569278349e-02 -5.242423158832509866e-01 -3.841376073879836373e-01
4.016974582275691930e-01 -3.234709577173713324e-01 -2.246484668111642380e-03
1.002614260798165624e+00 7.069272329442299885e-02 5.984051535589580695e-01
6.258170815111876450e-01 -2.414287688591958414e-01 5.988702037801276745e-01
5.422445647727847096e-01 -2.619008709991166306e-01 5.894768803226213549e-01
3.260384028584963900e-01 -1.418005148536288229e-01 -9.787856252259841128e-01
1.002939780451715279e+00 1.538051767896052024e-01 -2.709005679603178063e-01
2.360756536321915178e-01 7.128996701601889030e-02 -1.720370804851082625e+00
5.333230508248494317e-01 2.400008358093310701e-01 -1.519362700863593041e+00
6.615171472475789294e-01 3.367393625790637834e-01 -1.386803895510252627e+00
4.593767764582277202e-01 -2.659886719633197671e-01 6.016774243353415486e-01
3.816767536834827501e-01 -2.532986709574363005e-01 6.259870598523620266e-01
3.316437153449341979e-01 -2.337997898383317175e-01 6.396856647495483550e-01
9.689811790432827365e-01 -5.547604702227951212e-02 8.503403759893815028e-01
3.967605511884439995e-01 -2.859395853569592916e-01 7.494412698071670764e-01
4.819898614148225846e-01 -3.102917369664217606e-01 7.931862620605940606e-01
5.700698192716147084e-01 -3.094687702513168048e-01 8.028800164486686874e-01
6.552451112885870899e-01 -2.856190020933031537e-01 7.821920646566362656e-01
7.058830689486583765e-01 -2.507684655509676563e-01 7.475626664153978140e-01
1.118347592759019182e+00 4.221013911737223623e-01 9.889991609806334516e-01
6.824615443672166215e-01 -2.151744616774313723e-01 6.237905904007585711e-01
3.483161559777819827e-01 -3.227806892330957744e-01 -5.600973390046917189e-01
2.720598203602639931e-01 -4.781974574816165724e-01 -2.950071846538411258e-01
1.734355251647803908e-01 -4.169374127954106335e-01 -5.253118576355320091e-01
6.756582733063396518e-01 1.907598930788353409e-01 -1.254350535217812368e+00
5.476649611325876688e-01 1.093163887014721447e-01 -1.401513524702868718e+00
2.330381283843805384e-01 -6.530712192059562327e-02 -1.652977854580455208e+00
9.224941141115774457e-01 6.096703243886241186e-01 -9.620617708096839138e-01
3.350159278275256503e-01 -2.543129815474614031e-01 6.899537255923986478e-01
1.923662247737127906e-01 -5.237624389320334473e-01 2.825945465254007249e-01
3.957827228703938438e-01 1.377556568751421850e-01 -1.636842198476113452e+00
1.082829656303080146e+00 4.597033635824134823e-01 -2.871682763080742884e-01
1.532794231516969585e-01 -2.494619353897888914e-01 -9.835760550722119078e-01
1.710921551050968992e-01 -2.607484970629949661e-01 -1.028187014356127804e+00
1.846882438527499004e-01 -2.734468936358068758e-01 -1.082773440172554835e+00
1.977500112874853722e-01 -2.552916109481175866e-01 -1.137462843031880499e+00
2.748118785144133547e-01 -1.765686578898966186e-01 -1.219802452829712003e+00
2.940675345635124227e-01 -1.696456059125656668e-01 -8.648754055830563114e-01
3.110127144659764475e-01 -1.702402079145254876e-01 -8.565405441308422407e-01
3.261983921964293209e-01 -1.724771072141210171e-01 -8.447379130448622320e-01
4.909273604835124871e-01 -1.766631655164519477e-01 -7.328408258430030298e-01
8.703238790484353338e-01 -3.184372658203564466e-02 -3.744871055779087632e-01
1.918984430647556749e-01 -4.508729281085210872e-01 4.471833819115924591e-01
2.408051147626962818e-01 -3.195842793814012150e-01 7.473556823655500558e-01
2.953381661281752057e-01 -2.780835324009933718e-01 7.357837385795256147e-01
2.774534856900450208e-01 -1.563875027979374499e-01 -8.737044217728024975e-01
8.818128502829751802e-01 1.534888316696653154e-01 -6.920960315331701196e-01
1.556967225820903300e-01 -4.443139703636231896e-01 7.444129653664499635e-01
3.333222088849554510e-01 -1.131800396297856781e-01 -1.319218465524348183e+00
1.249729139642611342e-01 -6.003179009434200797e-01 3.504829772411721667e-01
2.593948774097447618e-01 -4.950319445532065377e-01 4.887557036789767773e-02
1.814792571047339487e-01 -1.619792548221464235e-01 -1.398882627563764469e+00
5.453875170776516512e-01 -3.743940392236815018e-02 -1.050001273777038335e+00
4.545695789402093290e-01 -2.707083308338931182e-01 -3.094087343475642182e-01
4.525122301691246740e-01 -6.991346070674883673e-02 -1.203004462758652693e+00
6.637293423215575583e-01 -2.364995900466106971e-01 -2.798224920075295108e-01
5.355781413900511101e-01 -2.352735477280962773e-01 -4.488764806569986998e-01
7.409377457431987057e-01 -1.305396800594823548e-01 -4.989047133721915550e-01
2.162180271893413552e-01 -1.334801633614267069e-01 -1.540998445426131180e+00
3.169987158882695555e-01 -4.147161287738867497e-01 -2.309578437770308523e-02
6.393856442275116514e-01 6.347666161428147658e-02 -1.124682624816799148e+00
5.158622772186658434e-01 1.608536267586238577e-02 -1.288939685994235695e+00
6.238291174212142742e-01 -4.730086509216754886e-02 -8.725003515229607931e-01
9.743513338264628842e-01 2.179201805893112853e-01 -5.051600338538428936e-01
7.532331962384608559e-01 4.491099220885672039e-02 -8.668356615280199406e-01
1.029132735359088890e+00 4.574041618773578843e-01 -5.815144866404564628e-01
5.985651453648224152e-01 -1.647141504892560282e-01 -6.283778025717947635e-01
2.526001952941221429e-01 -4.420465689524379904e-01 1.944622767695540766e-01
2.532007893978334145e-01 -6.017640657781271329e-01 -2.667646507131875566e-01
3.123140818793216367e-01 -4.920107183776905035e-01 -2.855624642305356620e-01
2.138355481919796963e-01 -6.843423559298837944e-01 -1.811675776745165223e-01
3.202667705441077928e-01 -3.690552274574079306e-01 8.856686856895348292e-01
4.816216537420032751e-01 -4.028341442737164435e-01 9.897831958591494228e-01
6.219826818948517300e-01 -3.996473519981729172e-01 1.007972247033051882e+00
7.336951597411056625e-01 -3.571010776383181096e-01 9.744992146552760026e-01
8.062976077390007212e-01 -2.899754837074248748e-01 9.032091078321866640e-01
8.468410711859628570e-01 -1.058620095841684705e-01 6.610383323185256010e-01
1.129429176897883469e+00 3.757823515513449841e-01 3.260574379686260738e-01
7.745900941484862301e-01 -1.539849001001112327e-01 4.458970296799609212e-01
6.772516314603613807e-01 -2.061577929376439133e-01 3.989631584434349953e-01
5.500722687467907157e-01 -2.436019087300334007e-01 4.046406815044467642e-01
4.291571377948564248e-01 -2.648604012866100366e-01 4.443979758467806462e-01
3.369131470099341330e-01 -2.724462691690707761e-01 4.948328436083708759e-01
2.733551760815600140e-01 -2.828339849418548546e-01 5.390881895751467034e-01
1.136708612501049487e+00 7.347367850218748941e-01 3.796825226863573821e-01
3.112689794966280177e-01 -4.387351113868749319e-01 -3.144867802367719012e-01
1.937190071641033962e-01 -5.828285536301107683e-01 1.354326941125821859e-01
1.864303217065416685e-01 -6.771172981152968617e-01 -2.872549710861371786e-01
1.355664771956048842e-01 -6.265001435080035375e-01 -3.464831663637135684e-01
1.863332981385155129e-01 -6.253980771804532601e-01 -3.024418268524662334e-01
2.869679113376522039e-01 -4.003271330744768708e-01 -3.499469645831856379e-01
1.155679393928021881e-01 -6.501272637479513783e-01 -3.632932187499506860e-01
1.126063803232710270e-01 -5.280164993808749152e-01 -3.756621198874141587e-01
2.730870595904864029e-01 -2.483863518413045313e-01 6.468561501239986633e-01
2.236848213604737401e-01 -3.034231500421076255e-01 6.092177225657722239e-01
1.937046211135565743e-01 -3.691508993948680040e-01 5.744801698472388196e-01
7.338313100756925778e-01 -2.147261904618629202e-01 7.217700009404415251e-01
7.930160861841626385e-01 -2.207176984351917337e-01 7.806990800226318861e-01
-5.090340379927869030e-01 -2.418280992949628505e-01 7.534740790469107719e-01
-4.083953400880417917e-01 -2.512062998279041004e-01 7.503802408180955119e-01
-5.077871529189215138e-01 -2.548366619953079670e-01 8.717113635986062370e-01
-6.110317945550729490e-01 -2.323679076765521323e-01 7.559895643519749520e-01
-5.111867741187312575e-01 -2.288234857065325478e-01 6.349172780507652547e-01
5.513198120059752405e-01 -2.518198695850497604e-01 7.069832146196086686e-01
6.498401874743193751e-01 -2.607467430420122856e-01 7.021307499732967194e-01
5.498986018490130689e-01 -2.650500996982323443e-01 8.238052131855195803e-01
4.520166661402305053e-01 -2.429322521810499680e-01 7.124682310698933208e-01
5.531126147888265621e-01 -2.386152146728393042e-01 5.901278816937802763e-01
