-1.570164703477431797e-02 -2.725436514853485925e-01 -4.776634573499780045e-01
2.197499750951305633e-02 -4.643887013811758280e-01 -2.016217972662597835e-01
2.438453318157091793e-02 -2.921687690858557618e-01 -2.631165436684101966e-01
-3.273006990818595058e-02 -4.211813734032490708e-01 1.286468652052305539e-01
2.177677226548069972e-02 -4.977614300276252957e-01 -1.090764172027874762e-01
2.075818037792160134e-02 -4.887125976687795581e-01 2.245920428325660564e-02
2.294688443056004321e-02 -3.592511849287435277e-01 3.573841073155800130e-01
-4.308478161808390605e-01 -1.136306579669247863e-01 4.497265547713611422e-01
2.340288173235981900e-02 -3.438396463339631892e-01 6.119270929822328009e-01
2.243963052638497241e-02 -3.710513985464398146e-01 7.347217562194328089e-01
2.107256059013121186e-02 -3.596449990732636937e-01 1.166610530019995373e+00
-1.460690061319430862e-02 -2.612669334488622042e-01 -5.040749603598808637e-01
-1.273752712088346145e-02 -2.385872863541041999e-01 -5.286824813709077864e-01
-9.836961115739995681e-03 -2.053821136704947203e-01 -5.448345715847412452e-01
-1.519760698439178923e-02 -1.925986797465625011e-01 -6.278591182003865345e-01
-1.605417878859966702e-02 -1.958792714036526605e-01 -6.671554372535914990e-01
-1.787773981773829388e-02 -2.050589913796257713e-01 -7.103463972958234951e-01
-1.764265488491055175e-02 -1.938802307431106431e-01 -7.507405201290915375e-01
1.225285656140870545e-02 -1.314215811787667609e-01 -8.114127314915573486e-01
2.092830152378380090e-02 -4.257093320159733851e-01 -2.417609310663091371e-01
-4.037775864888504956e-02 -3.372490047101842081e-01 -2.228567929422836102e-01
-6.684543244462153311e-01 1.382004634659746434e-01 8.565764090085286053e-01
-2.559650733516221632e-01 -1.710532097249091443e-01 3.461866175465187490e-01
-3.215148788923090639e-01 -1.640601544985732796e-01 3.397865908938266233e-01
-3.825521055111975044e-01 -1.459620391238657666e-01 3.514478507221462933e-01
-4.571478592058266788e-01 -1.002853667693296702e-01 4.240813636916635487e-01
-1.982028313567582301e-01 -1.666666044610274899e-01 3.700708276306770017e-01
-3.484611640784674447e-01 -2.225925092464496879e-01 6.379044381005142261e-01
-2.735996429195093338e-01 -2.219235239278631588e-01 6.237358574590178284e-01
-4.146828090988431970e-01 -1.987721012995693481e-01 6.231966959647994297e-01
-4.566490720203426612e-01 -1.682237145832576886e-01 5.869483749068173939e-01
-5.121682137829802750e-01 -5.960848754651592446e-02 3.708835124001464978e-01
-2.242423373192166391e-01 -2.625214562555166359e-02 -9.024098771333147750e-01
-4.518108182948672447e-01 -9.711211656789797697e-02 4.866386400472272333e-01
-6.896281138686011225e-01 2.139202158465046966e-01 4.650166968287830493e-01
-5.821482181429117331e-01 -3.911435557548681267e-03 4.542261460752434754e-01
-2.994951762067930567e-01 -1.792841296432285958e-01 -4.481666854870067912e-02
-8.756316920642151502e-02 -2.628884971298478535e-01 -4.572302090512673223e-01
-7.581851504925185559e-02 -2.269354908447507868e-01 -5.203587566205908344e-01
-1.508267514160798461e-01 -2.191618291782269634e-01 -4.739931769937056893e-01
-1.923359330501827891e-01 -1.687788350621531874e-01 -4.946807981230491036e-01
-1.278566624906933014e-01 -1.974413334837584744e-01 -5.184940876168733226e-01
-1.677784902925348598e-01 -1.503192156753200837e-01 -5.234117583714378297e-01
-2.868856295187477423e-01 -5.472608147529944150e-02 -6.160010729247245020e-01
-3.247029923824443914e-02 -4.575143529888734406e-01 -1.949524777560141808e-01
-4.206319924567508695e-02 -4.884524483952520924e-01 -1.048065743741826289e-01
-5.418282353452397171e-01 -1.591239579815860727e-01 6.739151410559180988e-01
-1.682021881997858015e-01 -2.202252680281722441e-01 1.806635362773067466e-01
-1.803761166590817921e-01 -3.043068989711461003e-01 -1.345298145011559476e-01
-1.854142668150245699e-01 -2.920603569294177859e-01 -7.989599094926901068e-02
-4.875631819271673550e-01 -9.879569886837252790e-02 -7.574766358865643937e-03
-3.797069580661104754e-02 -4.678001893157657243e-01 1.830771009924023890e-02
-3.958462471374586400e-01 -2.778460638075646028e-01 7.587857593054468941e-01
-4.821754270799895048e-01 -2.248180638988468427e-01 7.339027071752702858e-01
-6.046312563286406760e-01 -3.936157790312711999e-03 9.949470517542440273e-01
-1.147114837106777835e-01 -3.259047889743091897e-01 6.493478489759531014e-01
-2.072922829346602880e-01 -2.002410629094390493e-01 5.774782826400370883e-01
-3.354061409780569880e-01 -4.837798655769848244e-02 -5.139383928674263746e-01
-6.103278013632900123e-01 4.884290198256313609e-01 -3.681156084365772574e-01
-1.322080955347106068e-01 -2.735017579242748353e-01 -1.873171347025391897e-01
-8.187243510293935878e-02 -2.739935382306674660e-01 -2.168769964669977346e-01
-2.445296372290876041e-01 -5.900207626299595887e-02 -5.344553157531720666e-01
-2.309711893604479149e-01 -7.575505226776420298e-02 -5.420342211803134136e-01
-5.139562405602897677e-01 -2.024392176152537692e-01 7.991731603927365590e-01
-1.842386528788729216e-01 -2.639500843492079141e-01 -1.686267140785018270e-01
-2.769472434107373982e-01 -3.130699870227177106e-01 7.397873814314606111e-01
-2.867517374542772890e-01 -3.349143240413458567e-01 8.126583316966859982e-01
-3.472900567124775906e-01 -2.693585698280457352e-01 1.155197010165963878e+00
-5.582980668329650120e-01 -1.177882092913936779e-01 8.848139767649861875e-01
-3.094307813982340449e-01 -3.054739226649609285e-01 9.755859138356119953e-01
-5.766003298359922979e-01 -1.110445326358993207e-01 7.268296102020599392e-01
-6.217284023828584250e-01 7.293813022665548811e-03 7.747950906007001759e-01
-8.348153269266452015e-02 -2.515041753138223535e-01 -4.931696285953455772e-01
-1.397082586294253748e-01 -2.107113183249559041e-01 -4.977721542080207895e-01
-1.809136851137312096e-01 -1.644989236617483142e-01 -5.092310277944888108e-01
-1.174830786650066933e-01 -2.573008015277582494e-01 -2.026641411304431484e-01
-2.374515657327072593e-01 -6.760471016241763331e-02 -5.383254336400929985e-01
-2.143431997068940831e-01 -1.049596729480632568e-01 -5.801520776726830642e-01
-2.231657327637504018e-01 -7.806284945633269745e-02 -5.449974097852123833e-01
-1.030620974853393018e-01 -3.667218068256826724e-01 -1.732534936156639171e-01
-1.577448178024410397e-01 -1.377989738838637512e-01 -5.342440910116863506e-01
-1.170573409937758352e-01 -1.698480430260932428e-01 -5.329374510308273472e-01
-6.786845959100110126e-02 -1.968300787544099428e-01 -5.373095989495273450e-01
-7.421438350175642296e-02 -1.260660788969573676e-01 -8.029906743802260882e-01
-9.220573281301774893e-02 -1.899156864506258979e-01 -7.373169208742545999e-01
-8.927879212584673152e-02 -2.009049281500981388e-01 -6.959027814986963323e-01
-8.185247567958847670e-02 -1.905257802736829154e-01 -6.519982254925958953e-01
-7.341076263954322834e-02 -1.871081001718164494e-01 -6.151429314574478058e-01
-1.614553222036168023e-01 -1.371067677062933476e-01 -5.829597841667699676e-01
-1.747958718517055310e-01 -1.435820370202162688e-01 -5.995080690541136903e-01
-1.883451537486543481e-01 -1.502256337797294727e-01 -6.203098677348890533e-01
-1.978984490893243575e-01 -1.363583852896396442e-01 -6.430901078138790972e-01
-2.549750145796951251e-01 -1.589148946795924111e-01 -3.785368422531865673e-01
-6.826617976252240538e-01 5.186112871867963880e-01 1.059931965658191533e-01
2.456496494490617577e-02 -3.389625403078649901e-01 -2.494167096776020720e-01
-1.896165480932066050e-01 -1.038638889566156354e-01 -5.654636565597439546e-01
-2.020205733422318628e-01 -1.076139210969438709e-01 -5.726841561349851339e-01
-6.091303093019868192e-02 -2.743180807901756113e-01 -2.528321893085164196e-01
-1.614401903693926110e-01 -2.111732847874613073e-01 -2.170285157870500692e-01
-7.105715059998092553e-02 -2.752652540209664656e-01 -2.353258988624556680e-01
-2.347252776982697575e-01 -1.909571678509651427e-01 1.345483211875173890e-01
-3.393291704782401830e-01 -1.627968126632762247e-01 8.179615341648958926e-02
-1.959092425168216522e-01 -2.511041666001344597e-01 -1.143816839964979376e-01
-5.032735662112628461e-01 -1.469445315066930380e-01 1.097738961657007017e+00
-4.589393109764589584e-01 -2.191950060016322477e-01 9.564418347168403001e-01
-4.159936802274443735e-01 -2.761343783287922848e-01 8.326499576342856201e-01
-2.303629687109201851e-01 -8.319366723312296430e-02 -6.951081676044604807e-01
-1.327482496435855863e-01 -3.645893975479450599e-01 7.722372102741486000e-01
-1.543862608583160823e-01 -3.533152809309118014e-01 9.635451506931296262e-01
-1.787133725322641309e-01 -3.393042341233458714e-01 1.173769006415062321e+00
-4.316006537482321437e-01 -1.205917465889144724e-01 3.787927128495774953e-01
-5.836786493697853073e-01 -1.443257356096985800e-02 3.130801718712828419e-01
-1.597785523194565349e-01 -1.619742133897819347e-01 3.935341811094269504e-01
-5.151020510457730017e-01 -1.107986302362276160e-01 5.528778529661840802e-01
-1.236619376428961109e-01 -2.509376638545645632e-01 2.347721377863754566e-01
-1.429877478829225945e-01 -3.712519108748293384e-01 -1.121748344078811743e-01
-6.406803325403794824e-01 6.219783087879211803e-02 2.610663004679265597e-01
-5.436649330802945101e-01 -6.374521851683831453e-02 2.356645670951479365e-01
-4.642713646164397523e-01 -1.185462533461282553e-01 1.877346941960038873e-01
-3.412005988473402196e-01 -1.502862434129100255e-01 1.915276035354305795e-01
-2.497374562696213496e-01 -1.705266019796276566e-01 2.233637120956657451e-01
-1.812931886650632762e-01 -1.931688723110657202e-01 2.607858244440915407e-01
-3.780502372044831222e-02 -3.319175750590974694e-01 3.421681951000527522e-01
-6.285994797768206244e-01 6.882932677867402427e-02 6.423522680026244602e-02
-5.664513535693009860e-01 -8.215521859052848930e-02 5.750366012990670850e-01
-1.289827587859804225e-02 -4.219192187346294531e-01 -2.363343558424299828e-01
-1.634244426896798164e-01 -2.346779286677721232e-01 8.100008841456618480e-02
-7.070701026715831006e-01 4.168185027422184330e-01 5.082761707190700529e-01
-1.279726672871572268e-01 -2.091836904314767209e-01 3.040530681357652698e-01
-1.998302890392107400e-01 -1.885900167640909564e-01 -1.091290962103664969e-01
-4.773725649521829428e-01 -8.470516838744711341e-02 4.868691587312830582e-01
-1.464163314399543891e-01 -3.554666874822504652e-01 -4.595239042916709343e-02
-6.544516899029513279e-01 5.199211368261609234e-01 -1.227853435467207155e-01
-1.561591305379822492e-01 -1.514030916741545829e-01 4.277962797981796905e-01
-9.475434054576485632e-02 -4.249184917754433299e-01 -4.449823533493448523e-03
-4.888705078872415677e-01 1.861637394766968989e-01 -6.488571135291577585e-01
-4.826892361660122255e-01 3.113353180361210226e-01 -7.333703259593771229e-01
-6.783541775143747676e-01 2.955220281381163994e-01 8.059812680473435464e-02
-5.624055351410384151e-01 2.490153056474188609e-01 -5.086401101348801967e-01
-6.582730811371670931e-01 1.265857402761289829e-01 6.359419444096846563e-01
-2.356016485513266756e-01 2.166461048080697144e-02 -9.792334703148106723e-01
-1.932252243774935973e-03 -3.341647344933826869e-01 -2.442158909890339569e-01
-2.211961785256841839e-01 -2.013289789902462101e-01 2.022254412071516211e-02
-6.369607897918152517e-01 6.092729023860157800e-02 4.505887265984491186e-01
-3.721821270437822293e-01 -1.468200600388300803e-01 4.012658268330782096e-01
-3.183039176083800603e-01 -1.621682362571386649e-01 3.889557822036180945e-01
-2.245368388733504639e-01 -9.266603563348622952e-02 -5.882682689909115581e-01
-6.132170536252842252e-01 1.137122958842067960e-01 -1.181371591311503877e-01
-1.156457708146766128e-01 5.126879430485918598e-02 -1.096950251791127817e+00
-3.067271167386445008e-01 1.668827108751553823e-01 -9.606971538935816790e-01
-3.886527396703354786e-01 2.313525060969586766e-01 -8.691580318484422030e-01
2.162293861527749689e-02 -3.696128412632604943e-01 9.467485027372862794e-01
1.903505008867631063e-02 3.171723468507565286e-02 -1.116685063317119031e+00
-2.631046822396127527e-01 -1.664673239284822914e-01 3.952333090537149540e-01
-2.089707850351429919e-01 -1.612034096293448182e-01 4.112818720080967383e-01
-1.730571913443619270e-01 -1.508275125331172140e-01 4.203829760313755326e-01
-6.106672362278604549e-01 -2.106233303253461642e-02 6.090940460864234796e-01
-2.211926183352566078e-01 -1.815889398428675028e-01 5.095652015146778790e-01
-2.809042523630159160e-01 -1.938440766964751871e-01 5.455664288326107503e-01
-3.379844700296258386e-01 -1.907709263280874534e-01 5.543503679400373363e-01
-3.917462296920525278e-01 -1.730739557853629706e-01 5.415982848611005096e-01
-4.236218013209506750e-01 -1.498871716032013079e-01 5.186088542555228331e-01
-6.991307277989170510e-01 2.892333798718371152e-01 7.046832428512022073e-01
-4.074254885982322438e-01 -1.287874701942719746e-01 4.240550253966776095e-01
2.247451874086517018e-02 -2.727127801449776290e-01 -3.320823139245747679e-01
-1.892248281401003873e-01 -2.008838879046854209e-01 -3.424725241493540295e-01
-1.317736738023422560e-01 -2.991113357753604207e-01 -1.760810539390957885e-01
-6.816505823910790074e-02 -2.646742749144879725e-01 -3.318090465217683471e-01
2.327247098057145039e-02 -3.279150197043859682e-01 4.879710866143928127e-01
-4.057280543225590952e-01 1.391251310537839903e-01 -7.786523975714462198e-01
-3.249637012442151973e-01 8.519753284079524536e-02 -8.804907452938340873e-01
-1.232514652431088015e-01 -3.543828491969662486e-02 -1.051485080630084612e+00
-5.513624553542888496e-01 4.088050999436980693e-01 -5.749131300550976986e-01
-1.769516491027975646e-01 -1.643554850631623876e-01 4.590286295907659575e-01
-8.095058094373135116e-02 -3.332408843213447436e-01 1.899353425373080662e-01
1.399717596015594492e-02 -5.291224114316726151e-02 -1.069671829776978278e+00
-2.190938485234052713e-01 9.782701492667573995e-02 -1.041251448098048371e+00
-6.555589842354533348e-01 3.122845463359361640e-01 -1.247325062261910866e-01
-1.220456587598268416e-01 -1.652716811879618164e-01 -5.980557926449753259e-01
-1.355710763142848885e-01 -1.712752785823450363e-01 -6.258796513638005266e-01
-1.465289215141474810e-01 -1.789899553765831874e-01 -6.616151206317649747e-01
-1.530739886006895201e-01 -1.667709751559413867e-01 -6.998128367214566659e-01
-1.619385186608673088e-01 -1.123086495694999853e-01 -7.604152820969174442e-01
-2.001448381751066985e-01 -1.103854006789944386e-01 -5.314223748155496585e-01
-2.122587810678187026e-01 -1.117855447985680872e-01 -5.240500434595674051e-01
-2.224620522965040093e-01 -1.132419685962156169e-01 -5.158864646034759804e-01
-3.074526053116405921e-01 -1.050623299240288772e-01 -4.366662305761320195e-01
-5.347699249829640511e-01 -5.695697696073998353e-03 -1.917187181206704838e-01
-7.960749534942501704e-02 -2.874413328204027951e-01 2.953340873109232545e-01
-1.116421338831263405e-01 -2.023465625327316442e-01 4.961832278810365260e-01
-1.511835315758822684e-01 -1.790116323674581789e-01 4.910552444571671948e-01
-1.878287518148839264e-01 -1.040931209853607209e-01 -5.382590971034991734e-01
-5.389594729555802211e-01 1.153983962687521181e-01 -3.977444445333183642e-01
-5.941872950010727156e-02 -2.836750419173624804e-01 4.858093230801938667e-01
-1.957281820972023856e-01 -6.537942999876741879e-02 -8.278436644037165948e-01
2.147990195608642447e-02 -4.441366100105086367e-01 1.366673939798259962e-01
-3.655537434749215470e-02 -3.821232903384223500e-01 2.292633747500333330e-01
2.240164952861065789e-02 -3.996433028928019215e-01 2.429084279728764562e-01
-1.264429721334100198e-01 -3.122363616742280801e-01 4.464400376783722590e-02
1.220961243325051349e-02 -9.906177579583896886e-02 -9.918242545712907532e-01
1.235996542500998954e-02 -1.138597448209296703e-01 -8.954442097335801876e-01
-9.442308503339065517e-02 -9.838266268011147675e-02 -8.837500215920618407e-01
-3.423733752619285697e-01 -1.244377740173079928e-02 -6.374944424901067830e-01
-2.565341630316268495e-01 -1.635648824378153343e-01 -1.740479157286843048e-01
-2.761625452702725081e-01 -3.468931286478593029e-02 -7.469018333066093085e-01
-4.011981897737525449e-01 -1.386959458333401340e-01 -1.416449852594778847e-01
-3.172767419547536383e-01 -1.402455149614998953e-01 -2.570136696492192896e-01
-4.547314362851858083e-01 -6.898292571168132548e-02 -2.772097961883512318e-01
-1.154233134959920387e-01 -7.964218129593891859e-02 -9.754343065871678986e-01
-1.643107949090600317e-01 -2.598186414967917912e-01 8.830173574605683535e-04
-3.902428156271455784e-01 5.572559075987848498e-02 -6.923196940323113058e-01
-3.088942347192841220e-01 2.422001215819662157e-02 -8.031835949324779289e-01
-3.932931085112774672e-01 -1.882081915704019240e-02 -5.155848350519265377e-01
-5.946490231579280028e-01 1.564358189240029617e-01 -2.724909966159588248e-01
-4.662328990855184596e-01 4.501078484430918319e-02 -5.157870918102630542e-01
-6.221997295341579193e-01 3.093883951901337248e-01 -3.192920582258099160e-01
-3.697555984281132302e-01 -9.391954146502440315e-02 -3.632329756733282955e-01
-1.210075377739226604e-01 -2.812782375988251982e-01 1.372137104586141354e-01
-1.229428392641128270e-01 -3.805231187279531913e-01 -1.582506757595653624e-01
-1.602109727483609636e-01 -3.068082234636009265e-01 -1.678429419595474370e-01
-9.627708055956263333e-02 -4.326230442988899805e-01 -1.051303141503000388e-01
-1.642308934200951420e-01 -2.324463652551594095e-01 5.912020332518351795e-01
-2.718606476255576720e-01 -2.482568554844442332e-01 6.627273916110800744e-01
-3.646072435657850552e-01 -2.433837209059181161e-01 6.785988020107630581e-01
-4.399590795583233627e-01 -2.147157756990295263e-01 6.617153596871945265e-01
-4.907123130684793444e-01 -1.710831934383842401e-01 6.212702868020265612e-01
-5.222131183227400886e-01 -5.482199929029647062e-02 4.701682199308937493e-01
-6.935534566545440427e-01 2.565615028906070849e-01 2.760533257487055026e-01
-4.794454670513069727e-01 -8.766539301734077583e-02 3.226706454268444824e-01
-4.171262714404535554e-01 -1.225117858281574296e-01 2.840287510427532691e-01
-3.326836018551633245e-01 -1.495016795915795338e-01 2.750532763495048827e-01
-2.508352567609830053e-01 -1.658609198475397284e-01 2.915977852120050229e-01
-1.858750786359469331e-01 -1.712186909812424829e-01 3.200467517832032982e-01
-1.408135080427653230e-01 -1.794732253272086631e-01 3.466845824714712143e-01
-6.976145974213563417e-01 4.872831136135256092e-01 3.133034574008886075e-01
-1.598381986738146299e-01 -2.724379514551048542e-01 -1.870584573091050584e-01
-8.165377112984423258e-02 -3.712658211547278930e-01 9.576408685258390452e-02
-7.941414095664234285e-02 -4.285044215555848801e-01 -1.748213774612069060e-01
-4.711104603841552441e-02 -3.965207174178137506e-01 -2.160565662615796800e-01
-7.959663451533562084e-02 -3.959873680459394252e-01 -1.845065065281550065e-01
-1.427188147997214551e-01 -2.472773997166610727e-01 -2.114798038758290977e-01
-3.399316693819683100e-02 -4.125015777527331062e-01 -2.279965630399086174e-01
-2.450441021560440316e-02 -3.348366868089688864e-01 -2.371656009926771946e-01
-1.352127726897510707e-01 -1.591047900364988832e-01 4.231444056145028942e-01
-1.052249207298159711e-01 -1.932703001835024414e-01 3.950694665499810965e-01
-8.792874946663341296e-02 -2.345451050232097434e-01 3.716588020305824358e-01
-4.401431278837223959e-01 -1.264481697109963998e-01 5.009224029805707801e-01
-4.805667617951108750e-01 -1.273477111590494149e-01 5.445577194297217538e-01
7.581903212118976110e-02 -4.207975338006865185e-01 1.239266113060957519e-01
4.605803033912968525e-01 -1.234065202680381390e-01 4.151208387951903500e-01
8.642458527846033634e-02 -3.410453981870880669e-01 -2.285141580958752749e-01
6.776286798059615313e-01 1.187123115468273898e-01 7.853175113147814468e-01
2.810569950476925483e-01 -1.736697844483263975e-01 3.288357875272703845e-01
3.431943655744265076e-01 -1.690210470200460002e-01 3.185183796192231354e-01
4.023122139176958934e-01 -1.532683310202326843e-01 3.220904900118112812e-01
4.806323774566635398e-01 -1.098409479209448147e-01 3.836437301720302395e-01
2.296593971139327395e-01 -1.688499175291101329e-01 3.544869795531984669e-01
3.764192043097023821e-01 -2.306126118126101965e-01 6.118306729977308622e-01
3.030512806774971479e-01 -2.283367337934086860e-01 6.005438726604027666e-01
4.426027537903121645e-01 -2.101596933532713374e-01 5.938398443750578792e-01
4.834583574735888400e-01 -1.818671754846437061e-01 5.526032340753596062e-01
5.267133191984947338e-01 -7.186518667777960778e-02 3.223576119325302081e-01
2.460958141724090553e-01 -3.669925257111420619e-02 -9.137726322976498228e-01
4.829087361766823960e-01 -1.075013620215590077e-01 4.493087686355780042e-01
7.115862267619087467e-01 1.958849521036507557e-01 3.963366521024421774e-01
5.924293871343430107e-01 -1.914772866521395958e-02 3.966476028573383550e-01
3.306004247760711556e-01 -1.876160868645707913e-01 -7.378214362980227425e-02
5.856947157251810726e-02 -2.636433336980781306e-01 -4.636618694527752660e-01
5.362395201758224372e-02 -2.257045599863665986e-01 -5.267724096332314643e-01
1.310812013937365239e-01 -2.172090752581486706e-01 -4.868750863624426994e-01
1.812609639436707221e-01 -1.645831264737949995e-01 -5.100888595966219796e-01
1.120267338199947560e-01 -1.936640818367286188e-01 -5.289658896737476912e-01
1.599724123459640990e-01 -1.464644202219085589e-01 -5.354185912876457953e-01
2.982728471658713798e-01 -6.102333597031341095e-02 -6.369845885284779463e-01
7.445942994724125130e-02 -4.607073242169601457e-01 -1.999342224769931897e-01
8.256300170374465675e-02 -4.919889342638527063e-01 -1.106952973800323925e-01
5.585556022957990363e-01 -1.738952030878088140e-01 6.301401698489503822e-01
2.057031010547802907e-01 -2.221765528205354445e-01 1.635018204993543001e-01
2.194122827710225931e-01 -3.111206752402905784e-01 -1.506568236935873495e-01
2.231220763061372292e-01 -2.988321996484221699e-01 -9.660396182862318604e-02
5.104527728290731980e-01 -1.100299234297205248e-01 -5.392938625292722360e-02
7.937571493506455356e-02 -4.684710673938199954e-01 1.336719745422661719e-02
4.267032137346345455e-01 -2.920174243376784662e-01 7.253777735588043951e-01
5.065310352992593579e-01 -2.400508118334166718e-01 6.966526464409411590e-01
6.178572586140587131e-01 -2.300755508922562934e-02 9.281136548563340138e-01
1.593455911021326998e-01 -3.294501377642276019e-01 6.312579956465417252e-01
2.408700161573892051e-01 -2.034160317196775092e-01 5.559540223350251109e-01
3.478933039589709453e-01 -5.441256556309109066e-02 -5.400532128861459391e-01
6.512313549530862611e-01 4.690468267976639627e-01 -4.186271696108681550e-01
1.746453909050738329e-01 -2.805761442789930227e-01 -1.995016321309022456e-01
1.275456293744809400e-01 -2.825782694774515713e-01 -2.259081656849530606e-01
2.513290555606629839e-01 -5.393618865339237789e-02 -5.569626915894222430e-01
2.348759369912735706e-01 -7.286549574501394178e-02 -5.620520447478116743e-01
5.357816199404383806e-01 -2.182668928987547829e-01 7.535240794380287932e-01
2.216866586001703943e-01 -2.718538645410709664e-01 -1.848027190290632282e-01
3.158296303268644523e-01 -3.252370654953679607e-01 7.112990793016522595e-01
3.257247364744533802e-01 -3.477428167947111959e-01 7.788587438563634446e-01
3.755659002715073247e-01 -2.821815645658140026e-01 1.112277036823069221e+00
5.774678746358983261e-01 -1.337319287565554293e-01 8.288450904906616845e-01
3.427997702910783873e-01 -3.162824504967004513e-01 9.403454965736676163e-01
5.920775742237285311e-01 -1.259550068284591984e-01 6.704669586803783110e-01
6.391872157144437017e-01 -8.810585780321504579e-03 7.132430823037151368e-01
5.664014370946532373e-02 -2.512518970938892315e-01 -4.996436666466722021e-01
1.214795193633299158e-01 -2.078703647833458623e-01 -5.098379316810837114e-01
1.706107521584803999e-01 -1.607505342302626983e-01 -5.230424017186799945e-01
1.610692281642820134e-01 -2.652742967580545286e-01 -2.136462544932971885e-01
2.428744675486938509e-01 -6.428195930848544515e-02 -5.597430899672783955e-01
2.071734452800946813e-01 -1.030758438826604589e-01 -6.031507671864292375e-01
2.265902521195751196e-01 -7.472485037975552802e-02 -5.632710793100575986e-01
1.435089477440102401e-01 -3.689622687544251156e-01 -1.839375872631785480e-01
1.515765818091589223e-01 -1.338059855117457453e-01 -5.441744769597323117e-01
1.054690561224191636e-01 -1.651257267175253729e-01 -5.407968926682726885e-01
5.121803336031198473e-02 -1.935743739990173073e-01 -5.427410946578358208e-01
9.430177736434942892e-02 -1.288561873613610909e-01 -8.096649042239796312e-01
5.887480786719006404e-02 -1.892662219085124997e-01 -7.449290046394559939e-01
5.503473024038457728e-02 -1.989111389535300478e-01 -7.036588584108630640e-01
5.170509215338874032e-02 -1.878444899317229799e-01 -6.604525051357043042e-01
4.587590291392526498e-02 -1.837453735238709640e-01 -6.234425187071322982e-01
1.460333510975918014e-01 -1.334909627902229334e-01 -6.026467761060263495e-01
1.577190634096523603e-01 -1.419285826079196289e-01 -6.202005455266695888e-01
1.690563885479004491e-01 -1.493733086382663389e-01 -6.419035770745344927e-01
1.805441588924367180e-01 -1.357639392486347796e-01 -6.645206356069153220e-01
2.793362286566262176e-01 -1.653236121564963246e-01 -4.002580404920094703e-01
7.182455554458788693e-01 4.978213974545753762e-01 3.911327352740558150e-02
1.831448544980685822e-01 -9.904789603568345258e-02 -5.861749202727759567e-01
1.945245589775401740e-01 -1.048787254911231898e-01 -5.950810267661271746e-01
1.076169539519115786e-01 -2.791144974211353658e-01 -2.598761929035345863e-01
2.026530473481643335e-01 -2.212465868484960185e-01 -2.315339673596303327e-01
1.173425995567226182e-01 -2.823472288627937310e-01 -2.437270242938628928e-01
2.692490601731192257e-01 -1.941416605461450118e-01 1.112578736673486557e-01
3.694766226691764688e-01 -1.699437822825306810e-01 4.830754487119342383e-02
2.338633060234638072e-01 -2.586157477892620515e-01 -1.320339732948752065e-01
5.231745800448133199e-01 -1.651904323388993789e-01 1.039084809339563487e+00
4.842063880328095760e-01 -2.344520293274724165e-01 9.077929892093369313e-01
4.468331613323932583e-01 -2.909222076132095824e-01 7.929732014272370400e-01
2.422611694941791682e-01 -8.741873509475145410e-02 -7.101674877009126474e-01
1.796355519844287929e-01 -3.702047341882828135e-01 7.445928273261598340e-01
1.926480329755910770e-01 -3.596374881229944531e-01 9.441513251189252998e-01
2.136602919014851665e-01 -3.480489931714890739e-01 1.149719304178360879e+00
4.521869666843539304e-01 -1.296759855673296769e-01 3.423445050582634708e-01
5.906298836250215567e-01 -3.059538438941453165e-02 2.574261935294105963e-01
1.959485698524317532e-01 -1.616083399802635268e-01 3.792661140661574004e-01
5.363331640406139300e-01 -1.243391488508323733e-01 5.103599673388914404e-01
1.634435956128666712e-01 -2.516529466706109996e-01 2.217558000227510817e-01
1.820990835851587220e-01 -3.768476890006658420e-01 -1.266305055397340118e-01
6.638481891278623648e-01 4.533337100784473606e-02 1.983837551268452515e-01
5.502579250514861853e-01 -7.735593778719551672e-02 1.858703673543975476e-01
4.728455650058674409e-01 -1.296406841010639133e-01 1.466360962496145448e-01
3.566409494473535280e-01 -1.567765156282185934e-01 1.633784754635652092e-01
2.710088457774162962e-01 -1.743893935717279464e-01 2.043662396816656179e-01
2.073906012736855264e-01 -1.959035792603186221e-01 2.469114319256203449e-01
8.280892523746223588e-02 -3.323301365354898174e-01 3.363855333410764592e-01
6.541439212047160945e-01 5.383815799249342532e-02 4.536125621661283441e-03
5.797204386654637442e-01 -9.661593096881700149e-02 5.228152692915278843e-01
5.361758391593474810e-02 -4.226654860365747224e-01 -2.390256117729542273e-01
2.021808409259897021e-01 -2.369724939312437550e-01 6.487393407950839408e-02
7.299159497991207779e-01 3.983305934971153595e-01 4.357396624522166806e-01
1.603560843075639841e-01 -2.102421335434271898e-01 2.946452189003981870e-01
2.412925371538387209e-01 -1.962184983832100660e-01 -1.274336664739313674e-01
5.052104299791091435e-01 -9.539555788120565594e-02 4.455015288393674444e-01
1.841131148560718189e-01 -3.611267893861931921e-01 -6.020396790815708138e-02
6.947461955573096537e-01 4.982266883311071703e-01 -1.820284205650251064e-01
1.959680081917287153e-01 -1.494619917303565415e-01 4.135016118577414246e-01
1.328642337376442495e-01 -4.279732252937707981e-01 -1.441856550948619753e-02
5.153943966928576925e-01 1.678734639502994785e-01 -6.812496603842522758e-01
5.159835361693785316e-01 2.918243328281551197e-01 -7.621259089340081117e-01
7.142944350786113450e-01 2.773455997644400650e-01 1.663530357584076802e-02
5.923281395247127490e-01 2.302103253161862373e-01 -5.512610875694542445e-01
6.784854689250817694e-01 1.097676950217732345e-01 5.698921611219101013e-01
2.609776412109476862e-01 1.076358306934618175e-02 -9.882016323652487166e-01
5.154814964646885905e-02 -3.359087514231965388e-01 -2.466783745864537802e-01
2.567046916465411388e-01 -2.067140599391281419e-01 -1.435616046746542853e-03
6.407204710586187346e-01 4.517617267239069923e-02 3.824107137881083696e-01
3.999282983898205246e-01 -1.542850132486858206e-01 3.745487344470739832e-01
3.465212959305136731e-01 -1.673677066029654881e-01 3.676859489677262727e-01
2.200801101313747399e-01 -9.047167828632445008e-02 -6.117698042205761411e-01
6.409284943372772769e-01 9.828917260650127385e-02 -1.731189613993766307e-01
1.508641058828292802e-01 4.555783995305769801e-02 -1.099402667185458649e+00
3.408200039752939392e-01 1.533724928785674124e-01 -9.709484728765366279e-01
4.227424192634202660e-01 2.151932317857487287e-01 -8.862367910964010775e-01
2.935646500493542255e-01 -1.699800151066298004e-01 3.765997004436361095e-01
2.439104638483044762e-01 -1.618704721446622974e-01 3.943603711128981226e-01
2.119368592964915032e-01 -1.494097155164821333e-01 4.043685918514534627e-01
6.192272559431798440e-01 -3.545195872140177729e-02 5.443667702744844350e-01
2.535497620516212747e-01 -1.827296428821673924e-01 4.845562669419810065e-01
3.080155381046905116e-01 -1.982918811831510808e-01 5.165164478042296725e-01
3.643030200360768411e-01 -1.977659644452944010e-01 5.235987151331510381e-01
4.187342757617084077e-01 -1.825247742026218367e-01 5.084840630120596172e-01
4.510944539019819954e-01 -1.602535448144873920e-01 4.831837577271195228e-01
7.146798369588303057e-01 2.697438214892589059e-01 6.320197373694932397e-01
4.361269326433218629e-01 -1.375072027561178023e-01 3.927556248661455696e-01
2.234122443993984408e-01 -2.061588032075605537e-01 -3.590150807135706890e-01
1.738597814463387070e-01 -3.060416460954713536e-01 -1.887937769588511339e-01
1.097314041211674279e-01 -2.662235022250454830e-01 -3.391195788545348089e-01
4.317800487486080363e-01 1.219050785115942115e-01 -8.015925411356773500e-01
3.499833831951812968e-01 6.985597663738092600e-02 -8.953797819973390304e-01
1.489229758952300697e-01 -4.173450503998978045e-02 -1.056158540935089096e+00
5.895197050876164191e-01 3.896097192708285473e-01 -6.148054093006345422e-01
2.140918711039594413e-01 -1.625186671529032512e-01 4.410945488417462590e-01
1.229316028825099827e-01 -3.347102965882304826e-01 1.805919963917221593e-01
2.529248810330161357e-01 8.803272966335673466e-02 -1.046023725636358259e+00
6.919821057706035949e-01 2.937733587402178714e-01 -1.835148376233205758e-01
1.001967570093150045e-01 -1.610633450641966169e-01 -6.129886354638726109e-01
1.111129920473065968e-01 -1.683858447331176567e-01 -6.416138063460726793e-01
1.191402854766542979e-01 -1.765330817754904580e-01 -6.770979871778532999e-01
1.271067198257723740e-01 -1.648309364079801609e-01 -7.136778400316465820e-01
1.759846090011085717e-01 -1.139131304736718669e-01 -7.710849085969884165e-01
1.987080891480071387e-01 -1.068860752535942815e-01 -5.451954755544567988e-01
2.105523752385918823e-01 -1.070079662023088740e-01 -5.391520381904716386e-01
2.208741351497485184e-01 -1.082400015868564963e-01 -5.316061378372417545e-01
3.236758206856275577e-01 -1.104358167907076305e-01 -4.603786728869960210e-01
5.560554816024043667e-01 -2.006103644805270342e-02 -2.389188625752923789e-01
1.226326670617916420e-01 -2.881302672229045236e-01 2.854703019788683571e-01
1.538864672054959526e-01 -2.042302788164722660e-01 4.810851132148200593e-01
1.887358043088182558e-01 -1.777092335907607401e-01 4.742358421951600178e-01
1.872964951139456380e-01 -9.872045978618956830e-02 -5.509707560828769335e-01
5.635841543512738472e-01 9.888672216591500030e-02 -4.406869389329884923e-01
9.949796380879735724e-02 -2.839387664032183012e-01 4.762405054670587612e-01
2.130279065712933073e-01 -7.275986538043963114e-02 -8.388589428874028142e-01
7.986391919161907327e-02 -3.836330514301546923e-01 2.239760863736577068e-01
1.657662518303453514e-01 -3.163500790929251738e-01 3.123392464125541654e-02
1.160803057068115762e-01 -1.039395259429822110e-01 -8.898749775878996848e-01
3.577129693937551869e-01 -2.319532062294217545e-02 -6.634945145010671119e-01
2.904926113016062517e-01 -1.729961122967718368e-01 -1.977275985113188250e-01
2.905352283767507204e-01 -4.504148062173353451e-02 -7.649741167842833978e-01
4.241515418057560938e-01 -1.511244324042312903e-01 -1.788059512696149045e-01
3.424148586074194922e-01 -1.498082665038693306e-01 -2.856936063652035229e-01
4.735042195379797203e-01 -8.186145260713838245e-02 -3.159250503729555959e-01
1.381820226235691285e-01 -8.532514725988925297e-02 -9.818881510405662594e-01
2.025779749105288685e-01 -2.650242708218394916e-01 -1.475935845725044257e-02
4.109471086603695977e-01 4.058210580981597149e-02 -7.166946857668828885e-01
3.299759316489876415e-01 1.016859598027336324e-02 -8.203717950232615186e-01
4.088889064397873141e-01 -2.768231992774537742e-02 -5.471922810425544625e-01
6.226578542818186346e-01 1.392646299897017104e-01 -3.228186166565275017e-01
4.847794593137997876e-01 3.038223585610380986e-02 -5.494526833339268279e-01
6.576670976694394266e-01 2.923040477951748817e-01 -3.716167327513100194e-01
3.864168713835544611e-01 -1.029791949553956198e-01 -3.950903609100787639e-01
1.614241113920580339e-01 -2.824897839210651074e-01 1.242710813049564544e-01
1.618079209508195837e-01 -3.846770644638357606e-01 -1.705444866639998780e-01
1.995842603521893188e-01 -3.146428900721887634e-01 -1.826095043531791862e-01
1.366515703233390777e-01 -4.373288649492169666e-01 -1.157751093783140617e-01
2.046664246767102846e-01 -2.358446796826058622e-01 5.730964752528995287e-01
3.077802350546536836e-01 -2.574310906689862288e-01 6.398056068502725457e-01
3.974779259739624759e-01 -2.553945716129668031e-01 6.508161220287956850e-01
4.688677657432435142e-01 -2.282053822950990130e-01 6.293915162092805771e-01
5.152643476591920457e-01 -1.853087830294424532e-01 5.840043714072959968e-01
5.411736410073691994e-01 -6.765109903182869866e-02 4.207488680780515078e-01
7.217615213983438194e-01 2.401436471787453675e-01 2.083669496991924774e-01
4.950016665482740441e-01 -9.840402394587417778e-02 2.788114670320170352e-01
4.327975386955463799e-01 -1.317451021475178341e-01 2.474787432163276235e-01
3.515235888098707240e-01 -1.556737579096792445e-01 2.491601451335358486e-01
2.742527951549281195e-01 -1.692589939245775221e-01 2.733434033128666063e-01
2.153042886964306180e-01 -1.741067414911935118e-01 3.054113331468719106e-01
1.746875782974193492e-01 -1.807450094706084531e-01 3.349938422749270117e-01
7.264134434695382891e-01 4.695334161999105138e-01 2.426360508723103548e-01
1.988936790178041092e-01 -2.807006437193929616e-01 -2.011420696096586636e-01
1.237960982366063944e-01 -3.724564870352193302e-01 8.654824152047556340e-02
1.191382650475499294e-01 -4.327874540211425480e-01 -1.836188655368059808e-01
8.663373395405069011e-02 -4.007881166789906136e-01 -2.219172478695354833e-01
1.190762621530768312e-01 -3.999371645292243427e-01 -1.935150580461106051e-01
1.831629626970737446e-01 -2.563328345523576135e-01 -2.238957839288355234e-01
7.385367180802179798e-02 -4.158232313683351000e-01 -2.326228507074576679e-01
7.184614428558688815e-02 -3.382773637046119775e-01 -2.411395935111347311e-01
1.745162384998759642e-01 -1.587312554577057222e-01 4.097153322922608698e-01
1.429457466490166861e-01 -1.939025118895703614e-01 3.843500570929934690e-01
1.237869048334768046e-01 -2.359058188177980686e-01 3.635895915933838873e-01
4.689547725911632492e-01 -1.372207351128465203e-01 4.643395804195015741e-01
5.067767935920708400e-01 -1.410496072535306067e-01 5.062279960276628854e-01
-3.252981144991569096e-01 -1.545402052950357319e-01 4.826816519267989603e-01
-2.609849718984105782e-01 -1.605333427339194763e-01 4.808552202786602892e-01
-3.245012928069868074e-01 -1.628533250531024323e-01 5.651733356663460883e-01
-3.904797633014434055e-01 -1.484946714670732637e-01 4.847739322571793519e-01
-3.266738201504828520e-01 -1.462296092162594929e-01 4.007213346238237550e-01
3.523208311152557504e-01 -1.609254443817783597e-01 4.532876767812071828e-01
4.152802601270647598e-01 -1.666301613303208251e-01 4.499062126029716446e-01
3.514126070086915354e-01 -1.693802206619240969e-01 5.382288674180215615e-01
2.888611728155111025e-01 -1.552458140071353576e-01 4.573729353846934798e-01
3.534665214255345855e-01 -1.524870119294185200e-01 3.682855806770056750e-01
