-1.206394742674317920e-02 -2.818431401366318645e-01 -4.479172818935936440e-01
2.168158288201797040e-02 -4.581188465955709499e-01 -1.988761032174237720e-01
2.504551861975911828e-02 -2.864100886883905739e-01 -2.566611139839152234e-01
-3.229305137083042510e-02 -4.155576742091314779e-01 1.269291461467295101e-01
2.148600438168205701e-02 -4.911152183723224152e-01 -1.076200081957837951e-01
2.048101293977163534e-02 -4.821872078599722666e-01 2.215932661431582046e-02
2.264049297160989488e-02 -3.544543901824686039e-01 3.526122363400979176e-01
-4.250950486805448736e-01 -1.121134383556390834e-01 4.447912196383767558e-01
2.309040170487225083e-02 -3.392486295794242546e-01 6.037565182204466252e-01
2.214001202453182507e-02 -3.660970449525927650e-01 7.249116021877727301e-01
2.079119548357114683e-02 -3.548429460405898572e-01 1.151033709410596684e+00
-1.103254179022495826e-02 -2.721973425245661771e-01 -4.735873065835647933e-01
-9.812254192977532680e-03 -2.509166635093864617e-01 -4.997774757172237514e-01
-8.181356525702229016e-03 -2.173340510482860422e-01 -5.193808651489140171e-01
-1.814997467177610624e-02 -1.850348771854626317e-01 -6.315011463956842208e-01
-1.927121184697554515e-02 -1.880776719235615346e-01 -6.711901346768264220e-01
-2.093794891458927374e-02 -1.974011099366865807e-01 -7.134046115770620311e-01
-2.069946555104373517e-02 -1.868137339346886971e-01 -7.526984924117749998e-01
9.633495619359446274e-03 -1.262210230190159432e-01 -8.103471237728385734e-01
2.064886259356104106e-02 -4.194117308242133468e-01 -2.376763657658052253e-01
-3.974288476713331436e-02 -3.311608629072349541e-01 -2.182353674029260948e-01
-6.595289866153480896e-01 1.363551828241923447e-01 8.451392269173125804e-01
-2.525473757333763780e-01 -1.687692725462338617e-01 3.501479833798774033e-01
-3.172219469643997591e-01 -1.618695900128141185e-01 3.443300778384982275e-01
-3.774441921434057989e-01 -1.440131243483617762e-01 3.548983129412903725e-01
-4.510439281923652732e-01 -9.894633619510122269e-02 4.213991411739260173e-01
-1.955563869188992610e-01 -1.644412381262812251e-01 3.721943275681386387e-01
-3.438084398808731179e-01 -2.196204088784986519e-01 6.199385315133654206e-01
-2.699464849487169804e-01 -2.189603559876845962e-01 6.061262149956583301e-01
-4.091458800544744978e-01 -1.961180558538768159e-01 6.060893268868738915e-01
-4.505518009146315950e-01 -1.659775573980784569e-01 5.715871400679827241e-01
-5.053296398265143541e-01 -5.881258437787536403e-02 3.689757375976926435e-01
-2.273391251853452699e-01 -2.631102657988428767e-02 -9.001562444869780633e-01
-4.457781485350250650e-01 -9.581545441737840396e-02 4.780632260331217909e-01
-6.804200593032567745e-01 2.110639097004357589e-01 4.588077053265688932e-01
-5.743752569628530757e-01 -3.859208484055647384e-03 4.482714893826102442e-01
-2.954962558189636601e-01 -1.768902915509932283e-01 -4.421826729281451429e-02
-8.291126075195903722e-02 -2.679727410661878473e-01 -4.298816058608876389e-01
-7.215176699934902627e-02 -2.364714815118409696e-01 -4.913943989823697511e-01
-1.413822598065067326e-01 -2.222214593800259652e-01 -4.516858157702682841e-01
-1.695323529672980722e-01 -1.764294808974841700e-01 -4.892318332019005567e-01
-1.197215466851770937e-01 -2.043458829030001533e-01 -4.968820737188108794e-01
-1.482118544550847239e-01 -1.582017465654217137e-01 -5.202342674315186821e-01
-2.763957861950239736e-01 -5.944861363698228374e-02 -6.201831986974853939e-01
-3.203674848304285255e-02 -4.513380111343799905e-01 -1.923006364989297001e-01
-4.150156287085509516e-02 -4.819305321523529861e-01 -1.034071742611203382e-01
-5.345936347601282224e-01 -1.569993025937299613e-01 6.643082997570552983e-01
-1.659563184392484347e-01 -2.172847755454987151e-01 1.782512858961844138e-01
-1.779676981345461317e-01 -3.002126830658088386e-01 -1.327306162883163387e-01
-1.829385778869027090e-01 -2.881607077577884590e-01 -7.882920345986965671e-02
-4.810531393506641273e-01 -9.747656009947325284e-02 -7.473625812262839688e-03
-3.746370263989228649e-02 -4.615540262283387984e-01 1.806325965198957856e-02
-3.905608276920691235e-01 -2.741362067630856991e-01 7.486542978197834319e-01
-4.757373228998767467e-01 -2.218162474734073353e-01 7.241017486858296603e-01
-5.965580970588496568e-01 -3.883601594628644481e-03 9.816623284099572633e-01
-1.131798326946625299e-01 -3.215532420758684951e-01 6.406776246840260036e-01
-2.045244742942474991e-01 -1.975674035901439085e-01 5.624362525423662884e-01
-3.050537419032841591e-01 -6.311039302070860224e-02 -5.284319147263778493e-01
-6.021785806678439101e-01 4.819074222342496494e-01 -3.632004541082188842e-01
-1.303784999679425127e-01 -2.688264806545010988e-01 -1.843665735342915613e-01
-8.032015262950926993e-02 -2.685248646233562297e-01 -2.128686754874312137e-01
-2.122775606913707702e-01 -7.437917068729149594e-02 -5.519460774902608113e-01
-2.025814781561361411e-01 -8.882773460008104582e-02 -5.573141873806862767e-01
-5.070937925073383257e-01 -1.997362080881189550e-01 7.885024381294372109e-01
-1.817786609866668124e-01 -2.600945589137803049e-01 -1.662879757767976308e-01
-2.732493875986503062e-01 -3.088898130052962765e-01 7.299095901436885026e-01
-2.829229700474872322e-01 -3.304424800018268549e-01 8.018075643457543977e-01
-3.426529693781590891e-01 -2.657620395260744117e-01 1.139772585190509169e+00
-5.508435577145860407e-01 -1.162154772108741491e-01 8.729997609370860889e-01
-3.052991987930404605e-01 -3.013951728407844310e-01 9.625596926779703688e-01
-5.689014451867842048e-01 -1.095618434949961750e-01 7.171248337060662781e-01
-6.134269585483682619e-01 7.196427100570092217e-03 7.644498809308161169e-01
-7.900831751006631709e-02 -2.589797809253032712e-01 -4.633377655325831568e-01
-1.306905463211592289e-01 -2.158168390507160805e-01 -4.749226901456861105e-01
-1.598942998042213182e-01 -1.722045294391100767e-01 -5.037874764086779367e-01
-1.156157217929669190e-01 -2.525180637242468440e-01 -1.994202219611355131e-01
-2.069169861225799156e-01 -8.195699286327889910e-02 -5.548651394633392631e-01
-2.029182160607616026e-01 -1.097243834528891931e-01 -5.859674769005436268e-01
-1.971685205306558664e-01 -8.974087545893916218e-02 -5.588170540922807739e-01
-1.016859914389366681e-01 -3.612765328775005558e-01 -1.705730668258923222e-01
-1.398353866669367895e-01 -1.452265625561167950e-01 -5.326423324945941395e-01
-1.092247991944148289e-01 -1.775276024662555407e-01 -5.153840313672835016e-01
-6.522777736384924308e-02 -2.067589839958023923e-01 -5.112670823238874007e-01
-7.892125772813647633e-02 -1.219396168351672693e-01 -8.017876010209072923e-01
-9.688766899257914011e-02 -1.840778939354307808e-01 -7.381117188290798881e-01
-9.379850945181852917e-02 -1.945767999122769987e-01 -6.974282002770600952e-01
-8.641062625498710514e-02 -1.841689626317646600e-01 -6.542312803104169960e-01
-7.736946763356110368e-02 -1.809204534603091885e-01 -6.168557467068616074e-01
-1.609722612135081610e-01 -1.366318076470336151e-01 -5.837992863411221034e-01
-1.760660981481177723e-01 -1.425384826289300133e-01 -5.999234717561314767e-01
-1.918190263579488686e-01 -1.484146600078244393e-01 -6.199614727399302971e-01
-2.034504656945828605e-01 -1.343844144919081052e-01 -6.422839636501692651e-01
-2.393265020954029876e-01 -1.620203915772095715e-01 -3.743987509074399589e-01
-6.735467587284675872e-01 5.116866840063505339e-01 1.045779495181295010e-01
2.447294373921016231e-02 -3.328292541605581412e-01 -2.438268601677007208e-01
-1.784031837081139493e-01 -1.083485817729683554e-01 -5.709458987243339889e-01
-1.907843565956818532e-01 -1.121671674514475719e-01 -5.783225818941311047e-01
-5.916973274854554765e-02 -2.688231761509939366e-01 -2.473076607151496464e-01
-1.587331242685011135e-01 -2.074648420602452914e-01 -2.139417062263064828e-01
-6.941862477819431276e-02 -2.697022268714733828e-01 -2.305888369504500712e-01
-2.315911781430954886e-01 -1.884074689830470550e-01 1.327518017765427216e-01
-3.347983785129172718e-01 -1.606231165741501266e-01 8.070399165786021345e-02
-1.932934225427336283e-01 -2.477513727955595602e-01 -1.128544350760881665e-01
-4.965537553947164673e-01 -1.449824982934553863e-01 1.083081728208766359e+00
-4.528114601353057656e-01 -2.162682697866719350e-01 9.436712408466866320e-01
-4.104392481656702341e-01 -2.724473760562842184e-01 8.215322580356954063e-01
-2.384959951473703543e-01 -8.213056824646697285e-02 -6.926804759998472782e-01
-1.309757680675155411e-01 -3.597213259031641353e-01 7.619261422846139720e-01
-1.523248641641642975e-01 -3.485977435797566470e-01 9.506797119061446422e-01
-1.763271553048335050e-01 -3.347737751132956463e-01 1.158096604375723704e+00
-4.258378342079179868e-01 -1.189815811093028752e-01 3.798321533818344031e-01
-5.758852535613201429e-01 -1.423986399483732034e-02 3.088998618636960569e-01
-1.576451566551237971e-01 -1.598115008131366366e-01 3.937990623424204584e-01
-5.082243038986287154e-01 -1.093192229769561624e-01 5.407572623573217996e-01
-1.220107783491075903e-01 -2.475870932284471859e-01 2.316568158711927727e-01
-1.410785464478249707e-01 -3.662948799996711968e-01 -1.106770547054012621e-01
-6.321258386873365165e-01 6.136734990098828557e-02 2.575804902297156862e-01
-5.364058085341895099e-01 -6.289408087655881663e-02 2.325179259572784374e-01
-4.580723191127212268e-01 -1.169634011646379923e-01 1.852280166219632818e-01
-3.366448191905481169e-01 -1.482795909839599857e-01 1.895441346544984029e-01
-2.464029081445608116e-01 -1.682496961744644470e-01 2.227904469606681592e-01
-1.788725252089456430e-01 -1.905896423162381503e-01 2.607358438748911822e-01
-3.730024336961657722e-02 -3.274857442203053526e-01 3.375995017301800516e-01
-6.202062919221927872e-01 6.791030363572439499e-02 6.337754792703989559e-02
-5.588879801113666446e-01 -8.105826689218285919e-02 5.648358756474343156e-01
-1.272605529867993496e-02 -4.156868417822547901e-01 -2.323965723052744681e-01
-1.612423663570373700e-01 -2.315444613264645290e-01 7.991856170593714115e-02
-6.976291591311580831e-01 4.112530574827945595e-01 5.014895757686465005e-01
-1.262639502561150595e-01 -2.063906273342258624e-01 3.041876135653693303e-01
-1.971621144560147254e-01 -1.860719245779974829e-01 -1.076719809083103302e-01
-4.709985895621432994e-01 -8.357416632754381680e-02 4.783680165325387978e-01
-1.444613508612282993e-01 -3.507204241141035905e-01 -4.533882332706556245e-02
-6.457133180909280235e-01 5.129790442674414530e-01 -1.211458901723708736e-01
-1.540740621279892975e-01 -1.493815268605091229e-01 4.250236103033994128e-01
-9.348916135642734715e-02 -4.192448938182151696e-01 -4.390407129270841244e-03
-4.823430096291427271e-01 1.836780434374594428e-01 -6.401934416365316904e-01
-4.762442715026838358e-01 3.071783056711326898e-01 -7.235782164988792120e-01
-6.692966548357502932e-01 2.915761522013173290e-01 7.952196134061492727e-02
-5.548961822720266390e-01 2.456903969098067630e-01 -5.018486441345002547e-01
-6.494836853336729554e-01 1.248955417760730935e-01 6.274507184768172152e-01
-2.341823707436252178e-01 2.125575003008225647e-02 -9.677806708833260885e-01
-1.642128041326183872e-03 -3.280408441236332129e-01 -2.388075600885781191e-01
-2.182427222489607965e-01 -1.986407935946019887e-01 1.995252824232003619e-02
-6.284559600285885006e-01 6.011377814870990516e-02 4.445723744550125200e-01
-3.672126757335097413e-01 -1.448596887938981559e-01 4.011094418045349497e-01
-3.140538590873331870e-01 -1.600029330477833189e-01 3.900133567295415715e-01
-2.128810636386735400e-01 -9.778702251459349404e-02 -5.943035395071245564e-01
-6.050292550471405573e-01 1.121939876840027106e-01 -1.165597663444114807e-01
-1.141016450075960365e-01 5.058424077045962919e-02 -1.082303549357118033e+00
-3.026318780301578970e-01 1.646544446897379999e-01 -9.478698740206030759e-01
-3.834633693968713675e-01 2.282634463013505088e-01 -8.575528573750993422e-01
2.133422474960337129e-02 -3.646776955782739527e-01 9.341073362033922578e-01
1.878089023592996454e-02 3.129374118634145607e-02 -1.101774857673605723e+00
-2.595916551142111728e-01 -1.642446184278588961e-01 3.956718252691910354e-01
-2.061805646939621206e-01 -1.590509889809757771e-01 4.101377668473870641e-01
-1.707464965963114423e-01 -1.488136329690008530e-01 4.183413557237597447e-01
-6.025134833291998504e-01 -2.078110302927475145e-02 6.009424515189870641e-01
-2.182392095949184929e-01 -1.791643274569886812e-01 4.987289060879951386e-01
-2.771535617641568972e-01 -1.912558312356325563e-01 5.311798794820873360e-01
-3.334716327776563460e-01 -1.882237141947883663e-01 5.390975904418955356e-01
-3.865155545118648672e-01 -1.707630371950932535e-01 5.276030406567134845e-01
-4.179655170378883122e-01 -1.478858476620628359e-01 5.068807078162109736e-01
-6.897957924034210375e-01 2.853714712432344203e-01 6.952741691476123087e-01
-4.019854607703653437e-01 -1.270678737494154997e-01 4.216512984614967929e-01
2.439092617825200024e-02 -2.715493571785595472e-01 -3.206991438348632539e-01
-1.841870436326484839e-01 -1.981796048103427466e-01 -3.326841258357656761e-01
-1.300142049607355133e-01 -2.942534770650224729e-01 -1.732924122558710534e-01
-6.500492731088332310e-02 -2.628111579628047978e-01 -3.209258976820791309e-01
2.296173222391408725e-02 -3.235366317971765660e-01 4.814555976117043112e-01
-4.010943598782200081e-01 1.372132173792745546e-01 -7.687268271398565167e-01
-3.231124337615688957e-01 8.388764023402775494e-02 -8.707234772578784643e-01
-1.216712766106770177e-01 -3.496964014055424508e-02 -1.037619254180876638e+00
-5.440005519282464785e-01 4.033466512650965563e-01 -5.672367732398523321e-01
-1.745889547642128503e-01 -1.621609772637551128e-01 4.531759720052608298e-01
-7.986971235465260832e-02 -3.287913843886619558e-01 1.873992814599004797e-01
1.381028282542159230e-02 -5.220574615866354490e-02 -1.055609834861312990e+00
-2.161684629836284344e-01 9.652080585102623678e-02 -1.027348447397358644e+00
-6.468058276047305988e-01 3.081148538535031234e-01 -1.230670553976115356e-01
-1.267348988626166018e-01 -1.608907096784902291e-01 -5.976368318734734952e-01
-1.411736484879065334e-01 -1.667117805434555344e-01 -6.257997732067837049e-01
-1.525799530739940790e-01 -1.743368416534462062e-01 -6.615197752568570122e-01
-1.597409803996587829e-01 -1.624781634019054621e-01 -6.995675194733173008e-01
-1.694070159177638590e-01 -1.096003273854953414e-01 -7.589708835833748335e-01
-1.694633636099490415e-01 -1.236622635892670602e-01 -5.489505693207092918e-01
-1.785200421267428839e-01 -1.269099190255956189e-01 -5.426356164163121942e-01
-1.864492498216339944e-01 -1.297350278454623695e-01 -5.349388334488285324e-01
-2.764569934943806873e-01 -1.196815804911226105e-01 -4.466183402987327078e-01
-5.276295683905901646e-01 -5.619649041380060835e-03 -1.891588508789627254e-01
-7.854455991183706409e-02 -2.836033577963018582e-01 2.915750562522235190e-01
-1.101514654490618750e-01 -1.996447901550668647e-01 4.876225379791260806e-01
-1.491648983732379308e-01 -1.766214327141637230e-01 4.822997852417389986e-01
-1.603246216453477480e-01 -1.155358940623649605e-01 -5.547575403779638759e-01
-5.317631766682313632e-01 1.138575719996988006e-01 -3.924336799709806090e-01
-5.862535856229676712e-02 -2.798873551739258225e-01 4.790610626950747575e-01
-2.017271280295744040e-01 -6.451823364959075047e-02 -8.221437919884910794e-01
2.119309794492110766e-02 -4.382064078374821037e-01 1.348425890215233791e-01
-3.606727956875692420e-02 -3.770211025978634778e-01 2.262022036317464235e-01
2.210253815674964595e-02 -3.943071843881952310e-01 2.396650653341218795e-01
-1.247546799025765207e-01 -3.080673183916790570e-01 4.404790869571718198e-02
1.205041792313443771e-02 -9.764629884781973745e-02 -9.837931551537736352e-01
1.123358414258450629e-02 -1.110237765402448257e-01 -8.866490260400097245e-01
-9.720848458150857518e-02 -9.635713472093623833e-02 -8.759015159877936441e-01
-3.385957392499043261e-01 -1.441886788067890147e-02 -6.351577261717237244e-01
-2.531088668124530372e-01 -1.613809309251476587e-01 -1.717239926275452855e-01
-2.826430971563692052e-01 -3.483985496690895911e-02 -7.419805716858886013e-01
-3.958413101038816828e-01 -1.368440494104098681e-01 -1.397537126634985083e-01
-3.127270816564692302e-01 -1.383729283770203655e-01 -2.535459566601073744e-01
-4.486597698410751955e-01 -6.806185168459882862e-02 -2.735084347182812348e-01
-1.158438170493470143e-01 -7.863768207528869236e-02 -9.681985275599516161e-01
-1.621168838216620056e-01 -2.563494902544282694e-01 8.712271304583201707e-04
-3.883747496431038670e-01 5.474999870556793158e-02 -6.882188785630444228e-01
-3.117256025258887675e-01 2.341480865325020616e-02 -8.024550896729267802e-01
-3.775892935648156867e-01 -2.566242141344247593e-02 -5.177727475833758808e-01
-5.867091486917453969e-01 1.543470561145142694e-01 -2.688526415156579086e-01
-4.600021939159604778e-01 4.439072746132884800e-02 -5.090781114630414939e-01
-6.138919924438679399e-01 3.052573843626944505e-01 -3.150288058506544031e-01
-3.600045707515343585e-01 -9.806090812705439697e-02 -3.619233797562265154e-01
-1.193918205660065568e-01 -2.775225534731816102e-01 1.353816109717889127e-01
-1.213012815178490106e-01 -3.752561053775527178e-01 -1.560489562750512482e-01
-1.580718033186836458e-01 -3.023174122295581023e-01 -1.654293657334999224e-01
-9.499156943645693796e-02 -4.268465735924064086e-01 -1.037265943122804013e-01
-1.620380491935971556e-01 -2.293426942015265313e-01 5.779904825099924093e-01
-2.682307090729322829e-01 -2.449420795558673314e-01 6.476393005912873813e-01
-3.597389336373512658e-01 -2.401340120594408212e-01 6.637588163627942128e-01
-4.340846566198994783e-01 -2.118488470763173481e-01 6.473871748142800975e-01
-4.841602226537289888e-01 -1.687988559110801257e-01 6.075796902799599497e-01
-5.152404227618242460e-01 -5.409000628447167835e-02 4.634375665424725899e-01
-6.842929901155092587e-01 2.531358416240864773e-01 2.723674115351997216e-01
-4.730438138516571134e-01 -8.649486689440229192e-02 3.225820935529513100e-01
-4.115567167908961710e-01 -1.208759835948709227e-01 2.859369206703911148e-01
-3.282415428710928618e-01 -1.475055028180320138e-01 2.786963191551942165e-01
-2.474860505809170774e-01 -1.636463111773001911e-01 2.954739276695036998e-01
-1.833932368548510938e-01 -1.689325442632412522e-01 3.230423390500885006e-01
-1.389333374993666492e-01 -1.770768623910158324e-01 3.485687718915757571e-01
-6.882999057064236315e-01 4.807768105659976365e-01 3.091201660395854756e-01
-1.576785098268900231e-01 -2.681361762152210115e-01 -1.843019449115269603e-01
-8.056351340265852090e-02 -3.663086045466889540e-01 9.448542969696224758e-02
-7.835378722615615743e-02 -4.226525541670645980e-01 -1.724104967409312017e-01
-4.648200978854648974e-02 -3.904214289428986628e-01 -2.122819738376372500e-01
-7.853384409380906317e-02 -3.902066818177403196e-01 -1.816553458774189111e-01
-1.404330665427493408e-01 -2.428671851324771258e-01 -2.082641742794445472e-01
-3.353928254433556633e-02 -4.063411266873312999e-01 -2.241606798063361661e-01
-2.397624730474742782e-02 -3.287300118450874886e-01 -2.320523911538955597e-01
-1.334073843016901628e-01 -1.569803905829364188e-01 4.207292604341696385e-01
-1.038199369044296438e-01 -1.906897159031329947e-01 3.940137518829635033e-01
-8.675470695492473738e-02 -2.314134111701664498e-01 3.699353055933162215e-01
-4.342662474946973883e-01 -1.247598080810518872e-01 4.911496796801085307e-01
-4.741501368404280603e-01 -1.256473386690908356e-01 5.318223892316414902e-01
7.480668101365281486e-02 -4.151789597108585528e-01 1.222719209500794380e-01
4.544305416863121949e-01 -1.217587713588864085e-01 4.113844909463943433e-01
8.537917956678951759e-02 -3.350329397003905529e-01 -2.238279886502107519e-01
6.685808441200107310e-01 1.171272406654079723e-01 7.748318041475560358e-01
2.773042649975020479e-01 -1.713509102328003297e-01 3.323373361416858129e-01
3.386119647395758880e-01 -1.667642436903187808e-01 3.229308064346414486e-01
3.969404595713172390e-01 -1.512218611522098410e-01 3.261188758782173069e-01
4.742148763883480278e-01 -1.083743292874737862e-01 3.825287367779562353e-01
2.265929382246536505e-01 -1.665953991550837843e-01 3.559289782774468502e-01
3.713931786836828230e-01 -2.275334254071795237e-01 5.959960154262959886e-01
2.990048784609142252e-01 -2.252879353732752388e-01 5.845483063599280493e-01
4.366930319768981827e-01 -2.073535984668878895e-01 5.786462501939615422e-01
4.770031233464363529e-01 -1.794388480399962127e-01 5.386773617971487571e-01
5.196805360419811670e-01 -7.090562957432687552e-02 3.208912426004518759e-01
2.429490832733381400e-01 -3.588047356086904172e-02 -9.089642079391933027e-01
4.764608407046546645e-01 -1.060659820139337045e-01 4.425728703014398802e-01
7.020849830158926164e-01 1.932694564600901388e-01 3.910446846704119794e-01
5.845191496989157187e-01 -1.889206357667835498e-02 3.920499604128453441e-01
3.261861807952289305e-01 -1.851109987881955909e-01 -7.279698801374939743e-02
5.826789120083934737e-02 -2.696587915891059950e-01 -4.387352450113656266e-01
5.187360544440869359e-02 -2.344291521888288710e-01 -5.030166060608070033e-01
1.218733464856118082e-01 -2.181031315794153547e-01 -4.691281251245957851e-01
1.586668421421349173e-01 -1.644483415596934839e-01 -5.047777479358238617e-01
1.026598178311071696e-01 -1.965197495360197777e-01 -5.119658863465532672e-01
1.388247202957792747e-01 -1.462932900823084859e-01 -5.306637720815764458e-01
2.516096998407847396e-01 -6.367940151998403853e-02 -6.571374455642117196e-01
7.346523252391920500e-02 -4.544810635377359853e-01 -1.972083859879009415e-01
8.146060374536974458e-02 -4.854197981437577414e-01 -1.092172727562824575e-01
5.510976545116424985e-01 -1.715733190368501915e-01 6.207225513476379852e-01
2.029565114934187009e-01 -2.192100063872192139e-01 1.613187110024899562e-01
2.164826454325321226e-01 -3.069176335446880399e-01 -1.486349475563631950e-01
2.201429050513074581e-01 -2.948421314581788910e-01 -9.531408320620883556e-02
5.036371037884443957e-01 -1.085607815568957885e-01 -5.320930722619581638e-02
7.831587427661869383e-02 -4.622159466061120381e-01 1.318871847035267553e-02
4.210057858075230142e-01 -2.881183484107291415e-01 7.156923822803830104e-01
4.997677300942099943e-01 -2.368456046654292546e-01 6.873261965999116763e-01
6.096075030769805281e-01 -2.270035062907542478e-02 9.157213045940709728e-01
1.572179764238613164e-01 -3.250512526490665355e-01 6.228293107483638957e-01
2.376538708069762806e-01 -2.006999795723349300e-01 5.413944379398035744e-01
2.959259062213572267e-01 -6.250207618778619301e-02 -5.752418469531896950e-01
6.425359817070156465e-01 4.627840183535213425e-01 -4.130375746642691581e-01
1.723939001772927526e-01 -2.759267144308716890e-01 -1.963480332897932223e-01
1.263156173985879871e-01 -2.772584714432121400e-01 -2.217195165778170773e-01
1.931210208973238307e-01 -6.013520510588454826e-02 -5.930711523169240884e-01
1.792113908597876282e-01 -7.769409166542068368e-02 -5.949094393247494894e-01
5.286277549916261753e-01 -2.153525490383435825e-01 7.434628846270329161e-01
2.187266533339288777e-01 -2.679081176970836697e-01 -1.822125698038954411e-01
3.116126089918609399e-01 -3.208944341763605990e-01 7.018016812638134816e-01
3.213755936735399610e-01 -3.430996841158682198e-01 7.684592638063212355e-01
3.705512681342194581e-01 -2.784138190351390096e-01 1.097425688044098901e+00
5.697574063524170063e-01 -1.319463128972899746e-01 8.177781942505308876e-01
3.382226381725506603e-01 -3.120593830148701842e-01 9.277898126208294904e-01
5.841720342656990805e-01 -1.242732285523054508e-01 6.615147477486682526e-01
6.306526582603514397e-01 -8.692944868363850636e-03 7.037197158861764335e-01
5.567898798761146406e-02 -2.588838723030686961e-01 -4.739149990651510547e-01
1.121255889836794833e-01 -2.098453790657038853e-01 -4.918695630364054994e-01
1.491035570328997362e-01 -1.605004832037122409e-01 -5.170449281765810978e-01
1.592319013978958364e-01 -2.606115149592761471e-01 -2.102127846730846017e-01
1.855890994113914561e-01 -6.984128472470597926e-02 -5.945127495597860579e-01
1.715143490180182084e-01 -1.013674933285928920e-01 -6.167399431557709644e-01
1.729017382617124843e-01 -7.889413376793052990e-02 -5.940615007407822334e-01
1.415927871425679552e-01 -3.634726891377764169e-01 -1.810559249490331646e-01
1.310565832921715690e-01 -1.335617783557660476e-01 -5.404401376041696459e-01
9.508759204612035609e-02 -1.678955179414355348e-01 -5.262560274424186169e-01
4.846272693918544927e-02 -2.019651785869999439e-01 -5.220593262153094827e-01
9.224824599603465014e-02 -1.235239654165747603e-01 -8.077503600372434311e-01
5.656545705894867881e-02 -1.815569403169706164e-01 -7.475589380871980882e-01
5.265440741275092401e-02 -1.906158381967241744e-01 -7.075416404921777147e-01
4.868123728782022819e-02 -1.794994930440790837e-01 -6.656031260694048601e-01
4.212690559127350159e-02 -1.757477143811687903e-01 -6.287494001142631683e-01
1.298198733976227703e-01 -1.280846555155880917e-01 -6.092403350193704714e-01
1.424682173629683302e-01 -1.362196613676948387e-01 -6.263561607381555874e-01
1.555020932721906946e-01 -1.434190830605058808e-01 -6.471992375912399842e-01
1.679716955262386402e-01 -1.301231550406734550e-01 -6.684756442583317249e-01
2.618358773892593971e-01 -1.662252775739142541e-01 -4.044076533158584841e-01
7.086553949914842221e-01 4.911743851020149432e-01 3.859102515958715007e-02
1.510454680922703186e-01 -9.672881438749678096e-02 -5.980000658580435502e-01
1.612688666870639720e-01 -1.026346821052990937e-01 -6.074221152895639131e-01
1.071858328904153335e-01 -2.738504080296799148e-01 -2.541525118359563296e-01
2.004928439597498668e-01 -2.176567750935336221e-01 -2.281614081679603501e-01
1.165131997997441576e-01 -2.769864464427775341e-01 -2.387856286109502069e-01
2.656539920662902010e-01 -1.915494416853344706e-01 1.097723359536871002e-01
3.645432958025093262e-01 -1.676746584042707877e-01 4.766253345459193352e-02
2.307407156890649291e-01 -2.551626578278591850e-01 -1.302710288816055217e-01
5.161890468518152142e-01 -1.629847761539788553e-01 1.025210738039387559e+00
4.777411660497860590e-01 -2.313215782400123433e-01 8.956719645997248680e-01
4.408669542587388412e-01 -2.870377552422853640e-01 7.823852622745868235e-01
2.285414686252334182e-01 -8.406891791929234359e-02 -7.091533259804816414e-01
1.772370216297578516e-01 -3.652616854288119330e-01 7.346508727493344937e-01
1.900757573332969019e-01 -3.548355353780533461e-01 9.315448249707982686e-01
2.108074563126925982e-01 -3.434017723635121033e-01 1.134368018645182996e+00
4.461492745148603611e-01 -1.279445254848506908e-01 3.445950418281338301e-01
5.827436735257357503e-01 -3.018686642074224283e-02 2.539889867379554467e-01
1.933322247717755016e-01 -1.594505126196514855e-01 3.786887599369277990e-01
5.291719347630170489e-01 -1.226789487526520200e-01 4.997140715313087567e-01
1.612612635465058841e-01 -2.482928254431371329e-01 2.188744274069977791e-01
1.796676596564776296e-01 -3.718159421600735204e-01 -1.249397093247915091e-01
6.549843533507744286e-01 4.472806845015019073e-02 1.957348949580820507e-01
5.429107695382574539e-01 -7.632306560322653366e-02 1.833885943077890601e-01
4.665320350380556258e-01 -1.279096953709284445e-01 1.446781754980395740e-01
3.518790070950828519e-01 -1.546832037671765914e-01 1.614690000198563680e-01
2.673902806559762535e-01 -1.720609109891114152e-01 2.034926365009543381e-01
2.046214798668523072e-01 -1.932878349031810494e-01 2.463430381917256495e-01
8.170324365814464473e-02 -3.278927970921182711e-01 3.318940395878439698e-01
6.454096587828265230e-01 5.311930070682628624e-02 4.475560172969967297e-03
5.719798936898077280e-01 -9.532589690338796884e-02 5.134444220923753965e-01
5.290167178011258992e-02 -4.164104794416400024e-01 -2.350059742046623490e-01
1.994812812968583537e-01 -2.338083890887598937e-01 6.400772559991593780e-02
7.201699638703249473e-01 3.930119967263294711e-01 4.299215721990016226e-01
1.582149773188916420e-01 -2.074349378988900594e-01 2.939771160160715713e-01
2.380707502173128043e-01 -1.935985491620175469e-01 -1.257321462911601961e-01
4.984647577643667171e-01 -9.412181702784341852e-02 4.391203964260957382e-01
1.816547991730292910e-01 -3.563049511884697762e-01 -5.940011085060027674e-02
6.854698033263286749e-01 4.915742644524923044e-01 -1.795979401433328571e-01
1.933514035664203601e-01 -1.474663448771884044e-01 4.099775685349831833e-01
1.310902035184064451e-01 -4.222588399145194571e-01 -1.422604480310678265e-02
5.084666411621012738e-01 1.656319833826696009e-01 -6.721944715453900265e-01
5.090940192539297193e-01 2.879278350982369394e-01 -7.519498490924799716e-01
7.047570307854064131e-01 2.736424308459547983e-01 1.641318781135048949e-02
5.844192539679217147e-01 2.271365103217167503e-01 -5.439005376266519143e-01
6.694261932168907858e-01 1.083020559330066246e-01 5.622828569600766269e-01
2.574930147691331661e-01 1.061986534114270006e-02 -9.757957227934018762e-01
5.112908232276476561e-02 -3.298219811572721261e-01 -2.412379188958644338e-01
2.532771184946850940e-01 -2.039539718495262943e-01 -1.416446681309376128e-03
6.321654412679322821e-01 4.457297124446856634e-02 3.773046824828049095e-01
3.945883745674857446e-01 -1.522249684331703212e-01 3.745187095814846434e-01
3.418944732462082525e-01 -1.651329790101019879e-01 3.682715077600848819e-01
1.812319746581166069e-01 -8.970769676058348852e-02 -6.270580687460932667e-01
6.323706869775471695e-01 9.697679416482138381e-02 -1.708074418850128451e-01
1.488497377168793712e-01 4.494954461181612654e-02 -1.084723219603283439e+00
3.362693060984911497e-01 1.513246322202680405e-01 -9.579841717719441707e-01
4.170978766680979444e-01 2.123199280724469840e-01 -8.744035775627282403e-01
2.896449152506281322e-01 -1.677104074403475975e-01 3.763856967163422551e-01
2.406537218231359077e-01 -1.597091447421804256e-01 3.925532615082080179e-01
2.091070353296838324e-01 -1.474147666659333389e-01 4.016637720036889125e-01
6.109592079236649820e-01 -3.497859624352814278e-02 5.365152857074382275e-01
2.501643141601418430e-01 -1.802897995977542633e-01 4.746587274709807569e-01
3.039028521152352669e-01 -1.956442477339337405e-01 5.037521285658368431e-01
3.594387721619668463e-01 -1.951253531431177413e-01 5.101991399994900700e-01
4.131432507120417763e-01 -1.800876663664046085e-01 4.964402374011833707e-01
4.450713491849301318e-01 -1.581138069539413382e-01 4.734093251920462042e-01
7.051372867014867873e-01 2.661421472289041135e-01 6.235808931982026460e-01
4.303036773084021327e-01 -1.356711786720599111e-01 3.910924591905206027e-01
2.163631299838753019e-01 -2.036683688969228023e-01 -3.544024062436718636e-01
1.715383703523273573e-01 -3.011477597804711470e-01 -1.857889684164049926e-01
1.099945279646702967e-01 -2.630644530628055699e-01 -3.286529734515930001e-01
4.260125659638742679e-01 1.202773742433052712e-01 -7.908893712699657241e-01
3.453158602942216215e-01 6.893128726419492369e-02 -8.838943744357229404e-01
1.469345260909084294e-01 -4.117725745692636663e-02 -1.042373801233752673e+00
5.816483183175189531e-01 3.844075653829795436e-01 -6.065964026750900739e-01
2.112332729820482480e-01 -1.603486849190930708e-01 4.350954539053060177e-01
1.212901951666942035e-01 -3.302411767646814544e-01 1.781806953971744323e-01
2.495477766797430663e-01 8.685729732982930273e-02 -1.032057004517243026e+00
6.827426202275421740e-01 2.898508313921854818e-01 -1.810645102593352596e-01
9.203186751052250258e-02 -1.539079556758996548e-01 -6.196741679626049937e-01
1.042233638576652993e-01 -1.607984949050235146e-01 -6.480104099760360947e-01
1.141557248390678986e-01 -1.687385735076274706e-01 -6.820567586460126730e-01
1.231741939274521580e-01 -1.574970174348248597e-01 -7.169127579764303926e-01
1.725207296819228076e-01 -1.091150149295282701e-01 -7.685735583525794556e-01
1.609438525183216895e-01 -1.092480328385041499e-01 -5.636189879283056703e-01
1.695945859874563588e-01 -1.102417642455690017e-01 -5.601511248161049616e-01
1.779497354699681733e-01 -1.121250160259351369e-01 -5.535597567937099450e-01
2.882791871875349798e-01 -1.164225048546122382e-01 -4.820171147472453455e-01
5.490108078893188859e-01 -2.067165041976672807e-02 -2.369369926241891577e-01
1.209952507977356539e-01 -2.842830934068131810e-01 2.818427420796887350e-01
1.518317438576507750e-01 -2.015033546766077099e-01 4.725367337084019903e-01
1.862157655378337551e-01 -1.753364238303091738e-01 4.654463971628249874e-01
1.521493656301571851e-01 -1.003071423581276683e-01 -5.680827499793044133e-01
5.558709987122739671e-01 9.513289424710003050e-02 -4.396621015605447491e-01
9.816944679873440549e-02 -2.801475583569125183e-01 4.695626868524279685e-01
2.101275055609922171e-01 -7.047326167678769071e-02 -8.299860839070553054e-01
7.879755993083817356e-02 -3.785107050530296391e-01 2.209855122030492947e-01
1.635529071866882733e-01 -3.121261086203501733e-01 3.081688330349065946e-02
1.142077726109791969e-01 -1.012532485009448036e-01 -8.805771455588693453e-01
3.249928797765250787e-01 -2.510794595842862423e-02 -6.720964754047179524e-01
2.866138949878392905e-01 -1.706862330885634549e-01 -1.950874994788806271e-01
2.825255618253879053e-01 -4.333459111588666701e-02 -7.573256238409989960e-01
4.185021220170814793e-01 -1.491388129498855408e-01 -1.764628157690393828e-01
3.373383346607676248e-01 -1.494610844802443661e-01 -2.854093771772381327e-01
4.671573067446505023e-01 -8.551512631374591500e-02 -3.205310395665684209e-01
1.363128591979312909e-01 -8.411079376483475423e-02 -9.740615051099283939e-01
1.998731126678209014e-01 -2.614856129600269807e-01 -1.456228595712929716e-02
3.983157768890503436e-01 3.998743168713311119e-02 -7.118413246969581554e-01
3.246138368641802163e-01 1.036983720733022397e-02 -8.156997464348744176e-01
3.722969736722186451e-01 -3.505786376065059273e-02 -5.698891653849982308e-01
6.143476461231907049e-01 1.373966930739787540e-01 -3.185198893124097652e-01
4.678817337557494849e-01 2.485872593829590096e-02 -5.558049352086131822e-01
6.488857930802163221e-01 2.884011506421383930e-01 -3.666548307004011131e-01
3.693122088880136378e-01 -1.085462203111855484e-01 -4.095608872028757008e-01
1.592687438889525964e-01 -2.787179229829928051e-01 1.226117944298406592e-01
1.596474287445752427e-01 -3.793255433722653169e-01 -1.681441683726962455e-01
1.969193707939644045e-01 -3.100402647534649114e-01 -1.799542001933623347e-01
1.348269708172101788e-01 -4.314895611701664024e-01 -1.142292566164770928e-01
2.019336770287856742e-01 -2.326956336449071960e-01 5.611125386701987239e-01
3.036706908792872195e-01 -2.539938184899291906e-01 6.268244679308692113e-01
3.921707200215301947e-01 -2.519844914497428312e-01 6.380615688906154936e-01
4.626073481586477354e-01 -2.251583377068344105e-01 6.169435425512361792e-01
5.083844334947205112e-01 -1.828345025422380976e-01 5.720583638802687609e-01
5.339477806987344977e-01 -6.674780782492575892e-02 4.161591066820647389e-01
7.121244150528386330e-01 2.369372004543822408e-01 2.055847918899909588e-01
4.883923038151572471e-01 -9.709011344292199641e-02 2.788289144907241113e-01
4.270187381044577291e-01 -1.299860148004461091e-01 2.487307401741217783e-01
3.468299744956148678e-01 -1.535951702935461072e-01 2.515758025807460774e-01
2.705909161629038162e-01 -1.669990134794797632e-01 2.761816674495740087e-01
2.124295021287138097e-01 -1.717820329365323251e-01 3.079204018032624113e-01
1.723551142918162415e-01 -1.783316654143710100e-01 3.363151930435008818e-01
7.167142237162358320e-01 4.632641107152953297e-01 2.393963250678930177e-01
1.962787951690659338e-01 -2.763652988489592732e-01 -1.981522341753622907e-01
1.221431476033372071e-01 -3.674833724146482905e-01 8.539262891684608336e-02
1.175475067485237113e-01 -4.268727217549189712e-01 -1.810798178442986628e-01
8.547698275234372201e-02 -3.946764545318368622e-01 -2.180611239039567106e-01
1.174863317292836884e-01 -3.941002951732234805e-01 -1.905007768275870650e-01
1.811193340122616569e-01 -2.520053169474660848e-01 -2.204353071324464397e-01
7.286756259033866368e-02 -4.096253881383459250e-01 -2.286899805460768653e-01
7.109327816007067480e-02 -3.322366961199859636e-01 -2.359931419311169787e-01
1.721860622580302924e-01 -1.566118435136639730e-01 4.064733801101089727e-01
1.410371060229200224e-01 -1.913134861901676365e-01 3.822464020766161985e-01
1.221340769523923397e-01 -2.327559564379555190e-01 3.608866820746423620e-01
4.626931932734722475e-01 -1.353885360029122020e-01 4.562554475369678397e-01
5.000102069724090548e-01 -1.391662842655436161e-01 4.950075380670670988e-01
-3.209546680414585018e-01 -1.524767531035154111e-01 4.750433158568233005e-01
-2.575002475757689480e-01 -1.583898689547565408e-01 4.730881114647491614e-01
-3.201684856742707530e-01 -1.606788743990758273e-01 5.493874379801378938e-01
-3.852659982375855607e-01 -1.465119404704187389e-01 4.766149336197040287e-01
-3.223120049916706753e-01 -1.442771217905673142e-01 4.004758231160338577e-01
3.476165718599046883e-01 -1.587767351818195616e-01 4.463273894864728253e-01
4.097353537952892477e-01 -1.644052815916533794e-01 4.431619662585669084e-01
3.467204745459733228e-01 -1.671186215728212299e-01 5.238675588252190707e-01
2.850042397995793952e-01 -1.531729403848581250e-01 4.500046920650440097e-01
3.487469646805946843e-01 -1.504509743924977161e-01 3.687512640667391928e-01
