-1.349250743543307235e-02 -2.772738613104049343e-01 -4.585158312897738564e-01
2.173533707792262015e-02 -4.592829455242959935e-01 -1.993910781687027733e-01
2.470432143940172812e-02 -2.878795161795258406e-01 -2.585001739491663564e-01
-3.237311411436684383e-02 -4.165879480941459545e-01 1.272438360024060744e-01
2.153927368840315854e-02 -4.923328187571188730e-01 -1.078868251584010063e-01
2.053179061536298741e-02 -4.833826734205387554e-01 2.221426436580143521e-02
2.269662455117197469e-02 -3.553331733798398284e-01 3.534864547489547371e-01
-4.261489681590818202e-01 -1.123913962778861492e-01 4.471421171863750321e-01
2.314764872339091298e-02 -3.400897138025656408e-01 6.052533852312981244e-01
2.219490278366939226e-02 -3.670046932724402855e-01 7.267088436756108383e-01
2.084274218111612648e-02 -3.557226925674300544e-01 1.153887416718093473e+00
-1.243109793816779204e-02 -2.670164210894555579e-01 -4.843506783740336163e-01
-1.093258919533036597e-02 -2.452536541068741638e-01 -5.097526623022692327e-01
-8.767146095833046326e-03 -2.119348497092536088e-01 -5.278494171497363219e-01
-1.682240558848824979e-02 -1.876652533241610354e-01 -6.291315876551902830e-01
-1.782631655196708492e-02 -1.907999802568243197e-01 -6.684912412446357699e-01
-1.955481338997208662e-02 -2.000306969783037236e-01 -7.108636110848525202e-01
-1.931858253933597253e-02 -1.892247460734176601e-01 -7.503153385123495500e-01
1.072564739149399482e-02 -1.280328943820576437e-01 -8.086998302104259073e-01
2.070005641142491637e-02 -4.207023236081802176e-01 -2.386157565525584556e-01
-3.988055493440591237e-02 -3.326298631450277377e-01 -2.194491978421984624e-01
-6.611641278568450852e-01 1.366932422384902202e-01 8.472345434731946012e-01
-2.531735053468943120e-01 -1.691876947891347294e-01 3.610334972409959264e-01
-3.180084214010296950e-01 -1.622709061759328997e-01 3.557807798315513748e-01
-3.783799729467702821e-01 -1.443701697606449841e-01 3.652813500933912438e-01
-4.521621815878663075e-01 -9.919164949943060083e-02 4.259218477992585128e-01
-1.960412212776288521e-01 -1.648489300635877508e-01 3.813618398381157792e-01
-3.446608290413690767e-01 -2.201649041096704618e-01 6.104489098144056936e-01
-2.706157514093194272e-01 -2.195032147787222554e-01 5.967973563463483400e-01
-4.101602574599299555e-01 -1.966042827337210197e-01 5.973381215981478087e-01
-4.516688342005934498e-01 -1.663890582642607308e-01 5.642233405699851323e-01
-5.065824814019415090e-01 -5.895839523887234229e-02 3.734433434773015703e-01
-2.252531759128133526e-01 -2.619816500088946801e-02 -8.982867365820981220e-01
-4.468833467143628058e-01 -9.605300605970890082e-02 4.768237339568331401e-01
-6.821069948634636004e-01 2.115871911791072091e-01 4.599452047310578218e-01
-5.757992803034724938e-01 -3.868776673964490105e-03 4.495115486619884471e-01
-2.962288667040092749e-01 -1.773288478795327361e-01 -4.432789570027703685e-02
-8.454211156083499268e-02 -2.651310470891929949e-01 -4.396114194627238625e-01
-7.338281122455350691e-02 -2.319571837111976953e-01 -5.014785200816549438e-01
-1.448712551362261181e-01 -2.202816056733443162e-01 -4.592199023324414209e-01
-1.786540362240083557e-01 -1.726214864689287476e-01 -4.895883076320817207e-01
-1.227120401678851447e-01 -2.009191345298890485e-01 -5.039337792212981171e-01
-1.560164688747552320e-01 -1.543854163147092007e-01 -5.195930352136282071e-01
-2.799745807936495634e-01 -5.722381112737880138e-02 -6.166735699982681673e-01
-3.211617608391166556e-02 -4.524845933932523101e-01 -1.927973459421084557e-01
-4.160445587239695181e-02 -4.831253613481141795e-01 -1.036635477209332107e-01
-5.359190292725424243e-01 -1.573885440672165015e-01 6.652450521744104339e-01
-1.663677666486131357e-01 -2.178234801435590950e-01 1.786932140956359605e-01
-1.784089256298947157e-01 -3.009696791622653578e-01 -1.330608867183090127e-01
-1.833921294660361689e-01 -2.888751319407978357e-01 -7.902464124081250152e-02
-4.822457932649986678e-01 -9.771822885685638171e-02 -7.492155142223109500e-03
-3.755658504978037077e-02 -4.626983368481616399e-01 1.810804399153931668e-02
-3.915291279936976010e-01 -2.748158606169158746e-01 7.505104035298163501e-01
-4.769167975440240514e-01 -2.223661867507379652e-01 7.258949326888011200e-01
-5.980371173403626894e-01 -3.893229962988852509e-03 9.840961159283633242e-01
-1.134604344815445531e-01 -3.223504549021819487e-01 6.422660285720813711e-01
-2.050315428380127258e-01 -1.980572237741567432e-01 5.552747188351396801e-01
-3.170477015706954504e-01 -5.657719218355928420e-02 -5.204812150648721047e-01
-6.036715355674443506e-01 4.831021917520302855e-01 -3.641009210376414673e-01
-1.307280369512864859e-01 -2.699113267979131869e-01 -1.850073978023676624e-01
-8.070695995743945583e-02 -2.699306035498524325e-01 -2.138512139108688093e-01
-2.253666669964303204e-01 -6.753374189964178598e-02 -5.428694021548017279e-01
-2.140400426009314017e-01 -8.292411203685101651e-02 -5.492732004485232356e-01
-5.083510078690027800e-01 -2.002314052938417022e-01 7.904573375830953319e-01
-1.822293368347879527e-01 -2.608747921714793527e-01 -1.667358919640874737e-01
-2.739268428006864653e-01 -3.096556299482563501e-01 7.317192229234893430e-01
-2.836244085375004831e-01 -3.312617315252000538e-01 8.037954458491568532e-01
-3.435024938314010789e-01 -2.664209316749753254e-01 1.142598373287460944e+00
-5.522092399470746038e-01 -1.165036051378405824e-01 8.751641508909695499e-01
-3.060561136839299312e-01 -3.021424086516455998e-01 9.649461246359917199e-01
-5.703118975463478124e-01 -1.098334753602042135e-01 7.189027698009026190e-01
-6.149478010570741393e-01 7.214267843743796954e-03 7.663451431709590311e-01
-8.056705746276308922e-02 -2.552138382617043511e-01 -4.739201053832721167e-01
-1.340260393982319886e-01 -2.130741961878442892e-01 -4.825717775686085842e-01
-1.682809472940950679e-01 -1.684068422728250414e-01 -5.041114960310451032e-01
-1.160244650101310560e-01 -2.536948315865639181e-01 -2.001345212814803487e-01
-2.192834553517677421e-01 -7.552716779802268188e-02 -5.462386921470042678e-01
-2.071306774151951968e-01 -1.073141089335581527e-01 -5.822236218721873469e-01
-2.076183153852716734e-01 -8.443236791148241160e-02 -5.514386103468724709e-01
-1.019380970501510969e-01 -3.623965398816857975e-01 -1.711460288559780440e-01
-1.469594956839966327e-01 -1.416448246294742808e-01 -5.313338490430008498e-01
-1.121248392358940166e-01 -1.738641599523704229e-01 -5.207059524712183141e-01
-6.604618478655116531e-02 -2.021843421242614514e-01 -5.200674394366745501e-01
-7.663835067888645491e-02 -1.233047422575116875e-01 -8.002007429564946817e-01
-9.455565468347598701e-02 -1.859706575321416477e-01 -7.362678979432106807e-01
-9.154640287356041739e-02 -1.966450630391717580e-01 -6.955711065878970034e-01
-8.416661867335417657e-02 -1.862841870942810452e-01 -6.522933712176399723e-01
-7.541283853106700574e-02 -1.829738846258418261e-01 -6.152826923704710627e-01
-1.606435124784371116e-01 -1.363808086660611707e-01 -5.824719454420796971e-01
-1.749347927336009356e-01 -1.425118591820650760e-01 -5.987191734563287460e-01
-1.896894806624904450e-01 -1.486978487398353810e-01 -6.189792308795054598e-01
-2.003902654690757901e-01 -1.347842680700941376e-01 -6.413783734228744038e-01
-2.451826237361357519e-01 -1.601518368708707285e-01 -3.747475487262420524e-01
-6.752166536165232769e-01 5.129552863221293890e-01 1.048372268208893482e-01
2.443715643288205119e-02 -3.343114922065117955e-01 -2.453550439396347260e-01
-1.826052340461239154e-01 -1.060630700470698434e-01 -5.674373935991821050e-01
-1.949551239175296713e-01 -1.098395205922459705e-01 -5.747123748884985783e-01
-5.969658510084784736e-02 -2.702386060049118410e-01 -2.487991302942739458e-01
-1.593521000650401365e-01 -2.083425302127150380e-01 -2.145493822804220574e-01
-6.987269009367683137e-02 -2.711425134723614572e-01 -2.318125068314088599e-01
-2.321653519765944085e-01 -1.888745793436109044e-01 1.330809286778040224e-01
-3.356284294241018151e-01 -1.610213424104336988e-01 8.090407871010531216e-02
-1.937726464333039966e-01 -2.483656118896961917e-01 -1.131342307145940529e-01
-4.977848393054218334e-01 -1.453419470319733120e-01 1.085766965154596919e+00
-4.539340956951002926e-01 -2.168044542066625557e-01 9.460108387307558653e-01
-4.114568321618623514e-01 -2.731228428663382002e-01 8.235690421056005572e-01
-2.342113658329575687e-01 -8.231343261395281108e-02 -6.920094936315440703e-01
-1.313004905351404794e-01 -3.606131671828761709e-01 7.638151522955579642e-01
-1.527025165078140512e-01 -3.494620066505055300e-01 9.530366855846087448e-01
-1.767643154744180933e-01 -3.356037650263523076e-01 1.160967822408414118e+00
-4.268935952419803947e-01 -1.192765669161416908e-01 3.878893776435183294e-01
-5.773130205701674234e-01 -1.427516945532908248e-02 3.096657037203490725e-01
-1.580359993662104612e-01 -1.602077144461205027e-01 4.012166920441961881e-01
-5.094843220875191481e-01 -1.095902539194167358e-01 5.365680359054352255e-01
-1.223132743115816767e-01 -2.482009250314704263e-01 2.322537873792084040e-01
-1.414283162900438762e-01 -3.672030188032594511e-01 -1.109514508691248624e-01
-6.336930405080748452e-01 6.151949646684019141e-02 2.582190982228853571e-01
-5.377356958894277117e-01 -6.305001081251304651e-02 2.330943974359182824e-01
-4.592079976890538484e-01 -1.172533827909605642e-01 1.856872466885465534e-01
-3.374794479009852188e-01 -1.486472140595345715e-01 1.906837552145904668e-01
-2.470138052408180629e-01 -1.686668302544933329e-01 2.261543052862314829e-01
-1.793159960023079924e-01 -1.910621628432777053e-01 2.653875964579071045e-01
-3.739272022429514925e-02 -3.282976652385535266e-01 3.384364949605200290e-01
-6.217439421342967343e-01 6.807867066803213740e-02 6.353467590596831305e-02
-5.602736065268890675e-01 -8.125923049652031271e-02 5.632921576137007724e-01
-1.275760652294497151e-02 -4.169622241127081685e-01 -2.332924905272330818e-01
-1.616421274721022427e-01 -2.321185193370124134e-01 8.011669909363293429e-02
-6.993587604565222327e-01 4.122726591206738456e-01 5.027328920768090459e-01
-1.265769909208439570e-01 -2.069023225492375440e-01 3.098366446529850493e-01
-1.976509298244827906e-01 -1.865332445259251237e-01 -1.079389279158782383e-01
-4.721663156729125621e-01 -8.378136868210840638e-02 4.772195398572331437e-01
-1.448195075418130529e-01 -3.515899498534458267e-01 -4.545123047551843237e-02
-6.473142067524145782e-01 5.142508506752384578e-01 -1.214462412599414537e-01
-1.544560511813033998e-01 -1.497518819172913018e-01 4.295076362559647198e-01
-9.372094492692867318e-02 -4.202843092648162471e-01 -4.401292668427056118e-03
-4.835388614621908276e-01 1.841334283410455686e-01 -6.417806451108289956e-01
-4.774250030022301750e-01 3.079398793491505137e-01 -7.253721521821581142e-01
-6.709560126279440206e-01 2.922990465282607753e-01 7.971911783702449739e-02
-5.562719119985372052e-01 2.462995286995502409e-01 -5.030928554302385169e-01
-6.510939217010212055e-01 1.252051898057756074e-01 6.290063294774097535e-01
-2.340119220606586559e-01 2.136047090302197610e-02 -9.694897330643157396e-01
-1.754249885228167504e-03 -3.295335566520721793e-01 -2.402774851829600211e-01
-2.187838018421978115e-01 -1.991332749872956887e-01 2.000199581792983655e-02
-6.300140632803967744e-01 6.026281500225769833e-02 4.456745832116468797e-01
-3.681230899877394602e-01 -1.452188330562191598e-01 4.081740546277197179e-01
-3.148324790228727021e-01 -1.603996212902963070e-01 3.982753498638696432e-01
-2.171602801040300457e-01 -9.526357502425637780e-02 -5.903719115688108587e-01
-6.065292774984916147e-01 1.124721447130168084e-01 -1.168487484479449473e-01
-1.143845322032476380e-01 5.070965294975549736e-02 -1.084986856998309657e+00
-3.033820738010238327e-01 1.650626714647599746e-01 -9.502198237160993655e-01
-3.844140732819604778e-01 2.288293674529153776e-01 -8.596789504996086295e-01
2.138711775575077162e-02 -3.655818249675737985e-01 9.364232227188488134e-01
1.882745287199299317e-02 3.137132578839614550e-02 -1.104506439674074914e+00
-2.602352493001225953e-01 -1.646518228945852425e-01 4.033232104101422966e-01
-2.066917391098984091e-01 -1.594453171103857314e-01 4.162281260497957547e-01
-1.711698208839345647e-01 -1.491825800714069172e-01 4.235464676882290669e-01
-6.040072685382554818e-01 -2.083262530068510227e-02 6.024103465959472770e-01
-2.187802804793866074e-01 -1.796085217028448866e-01 4.952593706297740428e-01
-2.778406964136800328e-01 -1.917300034155924038e-01 5.242085533495211003e-01
-3.342983943464272745e-01 -1.886903689801785466e-01 5.312718604167850911e-01
-3.874738255454182601e-01 -1.711864024910962068e-01 5.210176941669446560e-01
-4.190017605818449065e-01 -1.482524945471178635e-01 5.025315116765312062e-01
-6.915059728067998179e-01 2.860789825772681594e-01 6.969979318497718790e-01
-4.029820856628675285e-01 -1.273829075463427385e-01 4.264992305780223592e-01
2.354533944703409223e-02 -2.712096836489531482e-01 -3.243349102332636624e-01
-1.856767519299461211e-01 -1.986774986108998109e-01 -3.356360770634017610e-01
-1.303365434671940326e-01 -2.953362188598404048e-01 -1.739009191967740009e-01
-6.608583744923041126e-02 -2.627797163909003642e-01 -3.243593189703441459e-01
2.301866023784142692e-02 -3.243387619544900735e-01 4.826492493231241965e-01
-4.017478753839704986e-01 1.375770190756700484e-01 -7.704277431134346488e-01
-3.228313435387437091e-01 8.417057839208777481e-02 -8.720298449931866980e-01
-1.219444423861511251e-01 -3.505436630907981382e-02 -1.040119692615637081e+00
-5.453492685971225162e-01 4.043466508973914131e-01 -5.686430984513918263e-01
-1.750218054895612552e-01 -1.625630158504837441e-01 4.546220691090973598e-01
-8.006772982358566215e-02 -3.296065424232189067e-01 1.878638946480064298e-01
1.384452205290493884e-02 -5.233517757156507660e-02 -1.058136833876796690e+00
-2.167043999569970292e-01 9.676010683582195182e-02 -1.029895507268597799e+00
-6.484094248770575497e-01 3.088787518568597568e-01 -1.233721689500787977e-01
-1.243003876187222106e-01 -1.622354007149485189e-01 -5.969221706933577343e-01
-1.382990709160218379e-01 -1.681154329432620886e-01 -6.248330042599025136e-01
-1.494749262222213049e-01 -1.757535728342085046e-01 -6.604355305133299270e-01
-1.563477460271267550e-01 -1.637797318645542455e-01 -6.983293715466714069e-01
-1.656375993405197478e-01 -1.103978691816781404e-01 -7.577069676979110158e-01
-1.819845336098970812e-01 -1.175953553894786147e-01 -5.396597927305573084e-01
-1.923229339906459556e-01 -1.200366800707257098e-01 -5.328894850643957071e-01
-2.012013322761789236e-01 -1.222619584848734925e-01 -5.249938524279539331e-01
-2.887920543653253458e-01 -1.130112123820111864e-01 -4.407275837644911709e-01
-5.289376971992055809e-01 -5.633580994716978069e-03 -1.896278241076507221e-01
-7.873929198853647782e-02 -2.843064831417693727e-01 2.925130623856705969e-01
-1.104245591380768332e-01 -2.001397607123244771e-01 4.865726561558432195e-01
-1.495347163525286571e-01 -1.770593224728008730e-01 4.809295007722880766e-01
-1.715155085668935153e-01 -1.102822235847311511e-01 -5.459125549627341645e-01
-5.330815537502483492e-01 1.141398546715086393e-01 -3.934066235529845024e-01
-5.877070583819846844e-02 -2.805812675973464176e-01 4.799434428848181056e-01
-1.984808441011458591e-01 -6.467307387334578217e-02 -8.222315003533465783e-01
2.124564106158177354e-02 -4.392928337327568489e-01 1.351768959458832242e-01
-3.615669959045167414e-02 -3.779558344539053483e-01 2.267630168174926963e-01
2.215733600857315230e-02 -3.952847728673922756e-01 2.402592564014242593e-01
-1.250639786996246006e-01 -3.088310961598779159e-01 4.415711444277232306e-02
1.207862761420562363e-02 -9.792875056180253002e-02 -9.840945461695379537e-01
1.167962676856960577e-02 -1.118713650035507712e-01 -8.878411311429188491e-01
-9.568939013277676098e-02 -9.690571016541781046e-02 -8.767001757805573670e-01
-3.390898963724204851e-01 -1.352316425638620465e-02 -6.342015685861307484e-01
-2.537363885061355573e-01 -1.617810355772586195e-01 -1.721497403781343805e-01
-2.789207382728416951e-01 -3.465926005061624460e-02 -7.419451264807693791e-01
-3.968227020735670130e-01 -1.371833208501576917e-01 -1.401001979035197686e-01
-3.136304899082270059e-01 -1.387159902992219362e-01 -2.541892839464535148e-01
-4.497721122975190111e-01 -6.823059444332617296e-02 -2.741865321644605946e-01
-1.152776914554031334e-01 -7.880702353445137587e-02 -9.681958236049140742e-01
-1.625188130894567873e-01 -2.569850462834404881e-01 8.733871256073344209e-04
-3.878836095406908435e-01 5.498645586453677209e-02 -6.877700192682443259e-01
-3.094726462325345651e-01 2.368245114069713469e-02 -8.002488398179515849e-01
-3.830723014014829619e-01 -2.264059535137702070e-02 -5.151173203579317850e-01
-5.881637509082646709e-01 1.547297219898257914e-01 -2.695191960582923318e-01
-4.611450361289181621e-01 4.450907643274103209e-02 -5.102672742090164082e-01
-6.154139878906805805e-01 3.060141932023281996e-01 -3.158098429288719866e-01
-3.629797609700450289e-01 -9.595699890179529290e-02 -3.612570359102216244e-01
-1.196878234615074005e-01 -2.782106029476379971e-01 1.357172542695893047e-01
-1.216020184559996192e-01 -3.762625727330068948e-01 -1.564721103546553860e-01
-1.584637037960994477e-01 -3.032280943082804048e-01 -1.659100233927119084e-01
-9.522707786130595042e-02 -4.279048355497076517e-01 -1.039837585049052243e-01
-1.624397830101620699e-01 -2.299112934675716091e-01 5.732175711449988276e-01
-2.688957216857849608e-01 -2.455493536926950660e-01 6.419636508109016759e-01
-3.606308185711449843e-01 -2.407293657657570973e-01 6.586599891717247468e-01
-4.351608636384610151e-01 -2.123740746157402326e-01 6.425819580616880522e-01
-4.853605798231937496e-01 -1.692173514987178606e-01 6.027896140859237972e-01
-5.165178357059734271e-01 -5.422410866507820087e-02 4.640580442464213307e-01
-6.859895276629296434e-01 2.537634301952343407e-01 2.730426777101540581e-01
-4.742166105971546974e-01 -8.670930981792351888e-02 3.283064747771517466e-01
-4.125770712779572857e-01 -1.211756661105655858e-01 2.932985383207211694e-01
-3.290553377077315989e-01 -1.478712067308247669e-01 2.879247727395283230e-01
-2.480996330646311199e-01 -1.640520322871456271e-01 3.052737934752799975e-01
-1.838479156499892020e-01 -1.693513712985371400e-01 3.323262453613669010e-01
-1.392777888192848756e-01 -1.775158812764424110e-01 3.570339989886912035e-01
-6.900063774236334657e-01 4.819687793905162443e-01 3.098865540867031254e-01
-1.580798578062576343e-01 -2.690724370405638832e-01 -1.848646975333072817e-01
-8.076325098204922837e-02 -3.672167773769436927e-01 9.471968148485959693e-02
-7.854804632851715429e-02 -4.237537186763641883e-01 -1.728692714245066986e-01
-4.659725059332592290e-02 -3.917183958948856626e-01 -2.131719920618370123e-01
-7.872854960325159634e-02 -3.913757891307344527e-01 -1.822641560859519227e-01
-1.409366288508720477e-01 -2.439224547570382484e-01 -2.089407188845085195e-01
-3.362243531189187951e-02 -4.076153393005844117e-01 -2.250400329579798353e-01
-2.411784519507539568e-02 -3.302137280843377432e-01 -2.334234100982060522e-01
-1.337381353686165619e-01 -1.573695851687055280e-01 4.255474008368682060e-01
-1.040773339018081362e-01 -1.911624845382201288e-01 3.999146806167232504e-01
-8.696979408849246640e-02 -2.319871442738192513e-01 3.746324100197442886e-01
-4.353429047235370386e-01 -1.250691195921675436e-01 4.887679007426623534e-01
-4.753256764439075521e-01 -1.259588505958015858e-01 5.267639486770228086e-01
7.499214593141580176e-02 -4.162082946656555094e-01 1.225750631606435520e-01
4.555571913638652437e-01 -1.220606425315010068e-01 4.152151955620091983e-01
8.554648213534327139e-02 -3.364598808025910381e-01 -2.250512720995180294e-01
6.702384272341445071e-01 1.174176290874507783e-01 7.767528058338223351e-01
2.779917732789309315e-01 -1.717757330165987084e-01 3.454414368623494047e-01
3.394514705075503680e-01 -1.671776949532639278e-01 3.372145409141579786e-01
3.979245766139882790e-01 -1.515967788689501217e-01 3.398871682432531571e-01
4.753905764977446879e-01 -1.086430170008780144e-01 3.897126881830134670e-01
2.271547201415099193e-01 -1.670084318091905606e-01 3.664198533173311234e-01
3.723139574752153402e-01 -2.280975390325891694e-01 5.855464923793873844e-01
2.997461881199320888e-01 -2.258464818538946373e-01 5.735855394103643867e-01
4.377757058258887612e-01 -2.078676811339225661e-01 5.687774206191690274e-01
4.781857362340203865e-01 -1.798837228926734033e-01 5.298252658727413689e-01
5.209689571639187777e-01 -7.108142219099691794e-02 3.261024040930282086e-01
2.434908677152903822e-01 -3.611244414942852560e-02 -9.081732119512152535e-01
4.776421091347091696e-01 -1.063289467433550517e-01 4.425239428923792295e-01
7.038256314696571536e-01 1.937486209326045594e-01 3.920141845773896239e-01
5.859683223471451319e-01 -1.893890213774289052e-02 3.941087675052549755e-01
3.269948798629708775e-01 -1.855699363550288583e-01 -7.297747098359327889e-02
5.829299302422628198e-02 -2.664429761912710526e-01 -4.473794587763074149e-01
5.255467871905178390e-02 -2.302702877262640113e-01 -5.108222317886766950e-01
1.255145626013539628e-01 -2.171116183365695840e-01 -4.746178986341613726e-01
1.679334016799831075e-01 -1.640104784636821078e-01 -5.049301899197164989e-01
1.064408315431012303e-01 -1.948297387673151027e-01 -5.169352264923664508e-01
1.475416141107605272e-01 -1.459481412806490075e-01 -5.305210697400772890e-01
2.708000191854630923e-01 -6.232743592389362181e-02 -6.466840023704828466e-01
7.364737164737529540e-02 -4.556384164479240217e-01 -1.977203198433485354e-01
8.166256544143535301e-02 -4.866232781233979510e-01 -1.094880497467520530e-01
5.524639667151569622e-01 -1.719986932290253900e-01 6.206994986103124834e-01
2.034596926558970564e-01 -2.197534841255245897e-01 1.617186613954801622e-01
2.170193613446432801e-01 -3.076985483769719698e-01 -1.490076521327656500e-01
2.206886956842858127e-01 -2.955731206014343138e-01 -9.555039241656609894e-02
5.048857491336304903e-01 -1.088299315332202366e-01 -5.334122791525053309e-02
7.851003938306951035e-02 -4.633618982960471255e-01 1.322141563826076567e-02
4.220495669562719376e-01 -2.888326675740702232e-01 7.174667669613311594e-01
5.010067822711887775e-01 -2.374328055677628613e-01 6.889919736120603266e-01
6.111188761775360190e-01 -2.275663180238577180e-02 9.179916074291103456e-01
1.576077600457679584e-01 -3.258571379393163658e-01 6.243734640958068516e-01
2.382430756080451406e-01 -2.011975662143572208e-01 5.316326511361693097e-01
3.172519615847077534e-01 -5.882201152228706820e-02 -5.582968513624363416e-01
6.441289929379951928e-01 4.639313784387828488e-01 -4.140616005771974861e-01
1.727884387864247751e-01 -2.769799851277406910e-01 -1.970350560446715860e-01
1.264354318055178061e-01 -2.785781493543623699e-01 -2.227484199032485068e-01
2.174997240300969858e-01 -5.727441430406012696e-02 -5.758343540417694140e-01
2.025531051127093529e-01 -7.536302748335173274e-02 -5.791360388306725504e-01
5.299383585604288127e-01 -2.158864631521131283e-01 7.453061147292595612e-01
2.192689327162443691e-01 -2.687014637415413576e-01 -1.827144484324083884e-01
3.123851764432900580e-01 -3.216900136491920859e-01 7.035416225748389873e-01
3.221723660639742026e-01 -3.439503160893337408e-01 7.703644710984350885e-01
3.714699596139142690e-01 -2.791040781851473751e-01 1.100146487339377366e+00
5.711699808588935889e-01 -1.322734415940725050e-01 8.198056710350202225e-01
3.390611787002716926e-01 -3.128330581335065363e-01 9.300900411427666103e-01
5.856203463258845554e-01 -1.245813343038161963e-01 6.631548122005022083e-01
6.322162076895783134e-01 -8.714496979125232676e-03 7.054644172613275810e-01
5.600425876702860156e-02 -2.550706956470166764e-01 -4.826897857788630675e-01
1.158672998795613474e-01 -2.084566209741379184e-01 -4.973330584902965756e-01
1.579386299010073214e-01 -1.601352036140182844e-01 -5.174477601112063008e-01
1.594986062747388855e-01 -2.617157926429826142e-01 -2.109713844246019487e-01
2.096017636523983541e-01 -6.722273560691081895e-02 -5.778835223357994266e-01
1.862570318779482315e-01 -1.017632575785710203e-01 -6.096167665321423623e-01
1.954182703956990341e-01 -7.684205016278000677e-02 -5.791985840575218925e-01
1.419438319191492770e-01 -3.646040235550002673e-01 -1.816788227453984550e-01
1.395285738273099041e-01 -1.332913070591477123e-01 -5.398610107543373449e-01
9.932543880293825955e-02 -1.663323535952864196e-01 -5.301591085776025114e-01
4.958175904709882786e-02 -1.980496415888892414e-01 -5.285147250421842191e-01
9.282251900495105956e-02 -1.254013250498715037e-01 -8.064819878614566395e-01
5.736831583079999436e-02 -1.842613337530119577e-01 -7.449214867542157670e-01
5.350074713750618827e-02 -1.935415920309833393e-01 -7.046825857819399852e-01
4.981700583648575320e-02 -1.824835828773465340e-01 -6.624480638408881683e-01
4.359572263917711743e-02 -1.785952176479961850e-01 -6.256772403071171329e-01
1.363464763085986686e-01 -1.299786297094484289e-01 -6.054948178459861330e-01
1.485395550137803833e-01 -1.382164349515208057e-01 -6.227312686740460457e-01
1.608018863229073447e-01 -1.454971734940749828e-01 -6.438291293321911635e-01
1.728085776593699385e-01 -1.321109798229538890e-01 -6.655393674988456798e-01
2.685209221730102680e-01 -1.652903781365282765e-01 -4.011151650430131999e-01
7.104123331790024309e-01 4.923921321762850245e-01 3.868670219284978812e-02
1.643289423666247362e-01 -9.740214486918448433e-02 -5.917482584638514842e-01
1.750135866672744012e-01 -1.032561456578386522e-01 -6.009116450294020861e-01
1.070404218698189219e-01 -2.751577695586378547e-01 -2.557039141580628172e-01
2.007668615174868498e-01 -2.184562563968699966e-01 -2.288419748608105653e-01
1.165006384670471268e-01 -2.783234645888650327e-01 -2.400672937237100790e-01
2.663126163378707334e-01 -1.920243418007830938e-01 1.100444896836003661e-01
3.654470919803495810e-01 -1.680903668184191568e-01 4.778070078201079179e-02
2.313127810083648594e-01 -2.557952713953772772e-01 -1.305940041203280666e-01
5.174688116779950775e-01 -1.633888571491041164e-01 1.027752497981730961e+00
4.789256087342201318e-01 -2.318950836663157822e-01 8.978925599869420626e-01
4.419599763298703854e-01 -2.877493953384575587e-01 7.843249956828935998e-01
2.336691035073912848e-01 -8.522678209917974868e-02 -7.078187364818403493e-01
1.776764375909487825e-01 -3.661672626784918672e-01 7.364722603828013359e-01
1.905470038078747874e-01 -3.557152635319631440e-01 9.338543631298864556e-01
2.113301019777464873e-01 -3.442531532910984016e-01 1.137180407437737184e+00
4.472553928105351129e-01 -1.282617327259117368e-01 3.560636273763990722e-01
5.841884443138907201e-01 -3.026170828592858117e-02 2.546186904743028556e-01
1.938115448630075566e-01 -1.598458312704665041e-01 3.866087978825670790e-01
5.304838874928194947e-01 -1.229831006850090336e-01 4.949912899124883081e-01
1.616610715125423592e-01 -2.489084069370352814e-01 2.195408717730777670e-01
1.801131017917433075e-01 -3.727377690905195884e-01 -1.252494668571571823e-01
6.566082272826773147e-01 4.483896167869091953e-02 1.962201718839506892e-01
5.442567843575309983e-01 -7.651229002668326340e-02 1.838432592102885732e-01
4.676886874164217223e-01 -1.282268162592181682e-01 1.450368721249962189e-01
3.527514052583098358e-01 -1.550667030385952938e-01 1.622925176325517027e-01
2.680532096315770829e-01 -1.724874940465925544e-01 2.068836987485848100e-01
2.051287889122718200e-01 -1.937670449405620721e-01 2.511991446112468718e-01
8.190580692068610835e-02 -3.287057272986687040e-01 3.327168922817033692e-01
6.470097945951309715e-01 5.325099675756202189e-02 4.486655488127595619e-03
5.733979783114994122e-01 -9.556223361599389121e-02 5.109983975948871882e-01
5.303282827301138841e-02 -4.176928331920612969e-01 -2.359271329244539972e-01
1.999758464737872166e-01 -2.343880599559478584e-01 6.416641654630714231e-02
7.219554496225961682e-01 3.939863764862334694e-01 4.309874602478302452e-01
1.586072327613161637e-01 -2.079492222272051327e-01 2.997878788982374920e-01
2.386609885691890753e-01 -1.940785295396099119e-01 -1.260438684776825635e-01
4.997005795392912564e-01 -9.435516911375650684e-02 4.395358078579937877e-01
1.821051679359975417e-01 -3.571883224004429036e-01 -5.954737953145715357e-02
6.871692584950416238e-01 4.927930029300682246e-01 -1.800432094260724925e-01
1.938307712067954824e-01 -1.478319517074187517e-01 4.141014741799458609e-01
1.314152097008173259e-01 -4.233057277052656442e-01 -1.426131525772870827e-02
5.097473160537017156e-01 1.660426274823774695e-01 -6.738431807622391467e-01
5.103561936898910467e-01 2.886416819302922709e-01 -7.538141253180002943e-01
7.065043039298146699e-01 2.743208581202710161e-01 1.645387941334642071e-02
5.858681789490538527e-01 2.276996398929924947e-01 -5.452490063344637150e-01
6.710858721679020533e-01 1.085705638666144002e-01 5.636768953794717429e-01
2.581314058882362428e-01 1.064619478117704264e-02 -9.778925410603885870e-01
5.114579502748579226e-02 -3.312944165663610496e-01 -2.427135609285165641e-01
2.539050573273715083e-01 -2.044596259716441045e-01 -1.419958713159698641e-03
6.337327412736091237e-01 4.468347905385524482e-02 3.782401197885728039e-01
3.955666601891407730e-01 -1.526023731097228830e-01 3.831820343210574631e-01
3.427421171933131006e-01 -1.655423859501916339e-01 3.777345994695810449e-01
1.973108454238533538e-01 -8.973695637183784490e-02 -6.191001887095524125e-01
6.339384958398948111e-01 9.721722506576668810e-02 -1.712309172716126870e-01
1.492187743322007654e-01 4.506098514954264694e-02 -1.087412526226612774e+00
3.371030038158164821e-01 1.516998047328023957e-01 -9.603592598419989912e-01
4.181319691094032565e-01 2.128463235422875521e-01 -8.765714479374978607e-01
2.903630191640689251e-01 -1.681262044855105220e-01 3.848100163132862628e-01
2.412503640230369839e-01 -1.601051046082544171e-01 3.989078174977162550e-01
2.096254652156989695e-01 -1.477802456205704884e-01 4.068520028889132667e-01
6.124739322466624669e-01 -3.506531743830562653e-02 5.369383034252637188e-01
2.507845355537961507e-01 -1.807367841772438144e-01 4.705021854426333361e-01
3.046563051051520143e-01 -1.961292999221219968e-01 4.958710657525317589e-01
3.603299129186016692e-01 -1.956091188587436025e-01 5.014927330152081364e-01
4.141675386229523581e-01 -1.805341498058541105e-01 4.894952402679128012e-01
4.461747950276908625e-01 -1.585058115691247715e-01 4.694127338566260188e-01
7.068855025976820139e-01 2.668019817621333223e-01 6.251269051458427928e-01
4.313705103110660466e-01 -1.360075422649137111e-01 3.976340273200463238e-01
2.187275465422169052e-01 -2.040624530031563966e-01 -3.550707976394572030e-01
1.719636578977643826e-01 -3.022244951965098458e-01 -1.864474347351238182e-01
1.095768650393098009e-01 -2.635549351159837683e-01 -3.318824406682328587e-01
4.270697467625032551e-01 1.205755738444210523e-01 -7.928502509825878786e-01
3.461695827769152856e-01 6.909868734769787635e-02 -8.858931855060164784e-01
1.472988144061863625e-01 -4.127934642230313145e-02 -1.044828405385686221e+00
5.830903734396285509e-01 3.853606125542715088e-01 -6.081003104867056530e-01
2.117569743556631801e-01 -1.607462303690307681e-01 4.360037816890359186e-01
1.215909046189414672e-01 -3.310599292057826437e-01 1.786224509672785787e-01
2.501664695191084808e-01 8.707263940685040782e-02 -1.034615738107289129e+00
6.844353140110116529e-01 2.905694482070451667e-01 -1.815134155449328324e-01
9.522983752128208468e-02 -1.564666643351159403e-01 -6.159692399577392230e-01
1.068334097490690193e-01 -1.635196609328845030e-01 -6.443182384299847021e-01
1.159150563644874565e-01 -1.715222186159013618e-01 -6.788357255706434223e-01
1.244519725917004466e-01 -1.601204023902131068e-01 -7.141748072455808005e-01
1.734330908836665963e-01 -1.108111054160963449e-01 -7.677676838680496108e-01
1.767030566061529306e-01 -1.079028620790008636e-01 -5.537268931930653393e-01
1.866935919416734535e-01 -1.085157656044783148e-01 -5.491533248838764703e-01
1.958631098745853283e-01 -1.101107237692630775e-01 -5.421423624586418910e-01
3.025418965079510469e-01 -1.134664700448535651e-01 -4.709887656063680983e-01
5.502066912550315214e-01 -2.034076025047394307e-02 -2.369988366109449796e-01
1.212952290073666950e-01 -2.849879039909171130e-01 2.828279427052758921e-01
1.522081736297887788e-01 -2.020029330912314347e-01 4.704020671177966961e-01
1.866774421043338184e-01 -1.757711277228747315e-01 4.627767604221293407e-01
1.668127995336904923e-01 -9.932260082235164211e-02 -5.587700231547175767e-01
5.573309547932169261e-01 9.642732643972375117e-02 -4.386383134835553643e-01
9.841283399531441933e-02 -2.808421158906531656e-01 4.702305487037036769e-01
2.106728297346651679e-01 -7.122005805870149087e-02 -8.314246147459760650e-01
7.899291925936967329e-02 -3.794491300149961943e-01 2.215333918749206876e-01
1.639583967241233786e-01 -3.128999491688486123e-01 3.089328609947908713e-02
1.146312579337483428e-01 -1.020691163766921372e-01 -8.820077173507305801e-01
3.379543358513398821e-01 -2.420346786750534815e-02 -6.663706017481584309e-01
2.873244842259041198e-01 -1.711094079675193336e-01 -1.955711713455796641e-01
2.850227527332563904e-01 -4.392292115068853475e-02 -7.584276914178107454e-01
4.195336329702488709e-01 -1.494945483658942642e-01 -1.768810337732200089e-01
3.383955432164721389e-01 -1.491125345908785038e-01 -2.845813060452084819e-01
4.683262053882614184e-01 -8.366229864502040814e-02 -3.174871075676509169e-01
1.366613099281145938e-01 -8.435198389980773370e-02 -9.743102137433636845e-01
2.003686492950535747e-01 -2.621339027524183796e-01 -1.459839063531625895e-02
4.024111044365534240e-01 4.010954496890571652e-02 -7.116102331598522790e-01
3.258345850375400365e-01 1.024894357566570081e-02 -8.151343763789881125e-01
3.867627368598973159e-01 -3.177559390511694448e-02 -5.583102106536216303e-01
6.158691852636121178e-01 1.377410092819372212e-01 -3.193045302445396971e-01
4.735765981195193541e-01 2.714664460554092745e-02 -5.512282802837105145e-01
6.504945471195676676e-01 2.891161685620519117e-01 -3.675638619139480201e-01
3.754265140316162541e-01 -1.057955167840996247e-01 -4.019850526686916115e-01
1.596636118885392530e-01 -2.794089360845587455e-01 1.229157780825036184e-01
1.600432356008876789e-01 -3.803539722810741486e-01 -1.686113917937187012e-01
1.974075843387354812e-01 -3.109730386246790657e-01 -1.804890846187459374e-01
1.351612414026179820e-01 -4.325593342825895804e-01 -1.145124601939842141e-01
2.024343223227119126e-01 -2.332725457064099006e-01 5.557634144184316893e-01
3.044235682820513600e-01 -2.546235342054272155e-01 6.214725895321204785e-01
3.931430116584839762e-01 -2.526092255289856259e-01 6.333188413801836836e-01
4.637542702332566602e-01 -2.257165628816530656e-01 6.121803770646452314e-01
5.096448486858835558e-01 -1.832877960919417348e-01 5.670220135146103457e-01
5.352715739735482980e-01 -6.691329273244156495e-02 4.187906593869095695e-01
7.138899538293911329e-01 2.375246284461312585e-01 2.060944892325884126e-01
4.896031533975175876e-01 -9.733082469573116347e-02 2.853398646803911309e-01
4.280774269016702216e-01 -1.303082834162787862e-01 2.564370296023715801e-01
3.476898548141365008e-01 -1.539759720513741992e-01 2.611347084904260818e-01
2.712617803335038436e-01 -1.674130467968490410e-01 2.869615694804826256e-01
2.129561692606982692e-01 -1.722079245839095718e-01 3.189330061726979304e-01
1.727824267546206327e-01 -1.787737952778062633e-01 3.461647305689742327e-01
7.184911418037638331e-01 4.644126610724577109e-01 2.399898498592597795e-01
1.967487484896473793e-01 -2.772905856376439160e-01 -1.987678330585629927e-01
1.224459717430879113e-01 -3.683944577952670829e-01 8.560434030146193973e-02
1.178389371178028833e-01 -4.279866697690085098e-01 -1.815644604037303655e-01
8.568890208043015988e-02 -3.959657369303002383e-01 -2.189668103198301186e-01
1.177776104300252563e-01 -3.952804638529675008e-01 -1.911490278642872798e-01
1.814040454028036375e-01 -2.530000118252184738e-01 -2.211743479226040421e-01
7.304821993698579208e-02 -4.109048984813887251e-01 -2.295949585162009587e-01
7.118514874959909478e-02 -3.336833441967864133e-01 -2.373658290571667717e-01
1.726129555975541296e-01 -1.570001243768754939e-01 4.109488514652027136e-01
1.413867731237140601e-01 -1.917878013115233427e-01 3.879059919284893465e-01
1.224368786036766493e-01 -2.333330180551088096e-01 3.651295747096115485e-01
4.638403281801028455e-01 -1.357241988522136789e-01 4.544548837905975081e-01
5.012498603116593010e-01 -1.395113131201451973e-01 4.892932367468343369e-01
-3.217503968494654365e-01 -1.528547820187395878e-01 4.748282598617131756e-01
-2.581386566268517591e-01 -1.587825579983302426e-01 4.726894580270530333e-01
-3.209622653348739862e-01 -1.610772384732851448e-01 5.411337026470773859e-01
-3.862211713011647340e-01 -1.468751810877331199e-01 4.758287423067233401e-01
-3.231110989855465743e-01 -1.446348217201107733e-01 4.074263679321781240e-01
3.484784023547140563e-01 -1.591703833658340006e-01 4.460212794394067259e-01
4.107511926570932559e-01 -1.648128843835033885e-01 4.431139223858104881e-01
3.475800833860804850e-01 -1.675329514292815958e-01 5.140025551661947523e-01
2.857108382902528443e-01 -1.535526953266233841e-01 4.491578139829008887e-01
3.496115977086630133e-01 -1.508239808835619422e-01 3.780414909320523043e-01
