-1.470105178171721150e-02 -2.774665571815089216e-01 -4.721366243403422036e-01
2.205108532627875206e-02 -4.659753128245860410e-01 -2.023034027030594650e-01
2.477275403919698693e-02 -2.926083994197303806e-01 -2.631215877272417014e-01
-3.284339686355075560e-02 -4.226397021766996609e-01 1.290923013925602270e-01
2.185217373286046927e-02 -4.994849151140092758e-01 -1.094540917077259645e-01
2.083005499926346427e-02 -4.904047514251752560e-01 2.253696932551599308e-02
2.302633737871806474e-02 -3.604950821496593072e-01 3.586215380375283868e-01
-4.323396147431495251e-01 -1.140241009549665119e-01 4.529101919099340900e-01
2.348391355847356810e-02 -3.450301815317811105e-01 6.140458734965257293e-01
2.251732712202927922e-02 -3.723361536783134085e-01 7.372657098347534799e-01
2.114552374420081149e-02 -3.608902598646852589e-01 1.170649886484389057e+00
-1.361926459647798404e-02 -2.666025920012367045e-01 -4.985332465937477586e-01
-1.194025665658786373e-02 -2.441775968859127843e-01 -5.238311471014320819e-01
-9.415021068346490773e-03 -2.106020300591042727e-01 -5.411813614876763712e-01
-1.624101434919221487e-02 -1.916979609766660264e-01 -6.335085153841188976e-01
-1.718725040201973808e-02 -1.949289959869553446e-01 -6.732356077580794462e-01
-1.897552712292790988e-02 -2.042241169011278501e-01 -7.164785715541839295e-01
-1.873757544034326816e-02 -1.931454804522989566e-01 -7.568790140026910862e-01
1.152415396660699809e-02 -1.307946189322295449e-01 -8.171520660169848682e-01
2.100076518485449739e-02 -4.269944442322477496e-01 -2.423342765797079634e-01
-4.048808423287852953e-02 -3.379286209747125458e-01 -2.231216470240563465e-01
-6.707688289248929792e-01 1.386789787211677449e-01 8.595422809648844975e-01
-2.568513452882248416e-01 -1.716454766989143899e-01 3.604390943831032867e-01
-3.226281152047141276e-01 -1.646282082136480973e-01 3.547722132956603325e-01
-3.838766815205856275e-01 -1.464674286185765339e-01 3.650484130369429092e-01
-4.587307209345263814e-01 -1.006326020583312442e-01 4.300819029290210427e-01
-1.988891031394142139e-01 -1.672436829364949418e-01 3.820960252821039571e-01
-3.496677011527440371e-01 -2.233632296094270053e-01 6.257442508077537546e-01
-2.745469740620318788e-01 -2.226919279478094538e-01 6.117807187501647093e-01
-4.161186367744065251e-01 -1.994603441635454111e-01 6.119925673765922447e-01
-4.582302067123062983e-01 -1.688061845091501922e-01 5.775381529586716134e-01
-5.139415819568178279e-01 -5.981488072294299796e-02 3.767974102641724610e-01
-2.269313668857722011e-01 -2.647159938330059803e-02 -9.085732333663369964e-01
-4.533752006680753510e-01 -9.744836411778284857e-02 4.851639049233875678e-01
-6.920159320033603123e-01 2.146609086351505269e-01 4.666268059833058590e-01
-5.841638901325607591e-01 -3.924978473491588793e-03 4.559665754264545789e-01
-3.005321699120058199e-01 -1.799048959481797105e-01 -4.497184501518747268e-02
-8.679355590718201841e-02 -2.664435064398593678e-01 -4.522765574542433331e-01
-7.527131120045699175e-02 -2.315822590586273932e-01 -5.154121793414356834e-01
-1.490374886678681454e-01 -2.217740609582461442e-01 -4.707414339031956718e-01
-1.866712583209152454e-01 -1.724586212306371547e-01 -4.968386549161967203e-01
-1.263047162930398537e-01 -2.010705427349448460e-01 -5.158091175944479190e-01
-1.629419625546104644e-01 -1.539234272565861428e-01 -5.264841639839195064e-01
-2.857886556859963179e-01 -5.662793187803505379e-02 -6.219487152353386783e-01
-3.258272652055807517e-02 -4.590776934352112093e-01 -1.956124697247401123e-01
-4.220884190139773118e-02 -4.901437013920344477e-01 -1.051694637698935009e-01
-5.437043005175601351e-01 -1.596749202537179890e-01 6.753230326754451340e-01
-1.687845835911752079e-01 -2.209877918843705658e-01 1.812890805340441336e-01
-1.810006639386581018e-01 -3.053509925576090023e-01 -1.349947183801932793e-01
-1.860562585491787324e-01 -2.930716077799786490e-01 -8.017262859243734496e-02
-4.892513558635744886e-01 -9.913777667244633163e-02 -7.600993552046603208e-03
-3.810216805882973845e-02 -4.694199344407516961e-01 1.837109936247258157e-02
-3.972168537419209500e-01 -2.788080980641285400e-01 7.614130338611531101e-01
-4.838449460653135858e-01 -2.255964901828155789e-01 7.364411637273593492e-01
-6.067247752117452819e-01 -3.949786683106047691e-03 9.983920317962868829e-01
-1.151086690277509650e-01 -3.270332252280927499e-01 6.515961978155235812e-01
-2.080100266902191741e-01 -2.009343920120714166e-01 5.683284103252748132e-01
-3.284469344752074527e-01 -5.337442187105650993e-02 -5.224170249494615170e-01
-6.124410443749006561e-01 4.901201934963832496e-01 -3.693901984769714097e-01
-1.326460547455979855e-01 -2.741336119171533525e-01 -1.878273137637600509e-01
-8.201454633059745980e-02 -2.743848106148660815e-01 -2.172853499330077431e-01
-2.362849786897144311e-01 -6.428181770743485179e-02 -5.439767931760628450e-01
-2.238367363283541023e-01 -8.043923749445613947e-02 -5.508952239385509486e-01
-5.157357997270386463e-01 -2.031401577673257464e-01 8.019402751997208867e-01
-1.848765740825197845e-01 -2.647620163240769209e-01 -1.691837282883532634e-01
-2.779061655267138775e-01 -3.141539831322557319e-01 7.423488746329756083e-01
-2.877446073577765162e-01 -3.360739555593394989e-01 8.154721421231605483e-01
-3.484925388601203267e-01 -2.702912163731236994e-01 1.159196847635785232e+00
-5.602311583380465976e-01 -1.181960476850882902e-01 8.878776205131444499e-01
-3.105021768596669673e-01 -3.065316176132477644e-01 9.789638528874355927e-01
-5.785967924169144183e-01 -1.114290212370185884e-01 7.293462374816304106e-01
-6.238811196579368001e-01 7.319068432286537917e-03 7.774778006095561800e-01
-8.273873553868782427e-02 -2.557061993884377493e-01 -4.877349744175609736e-01
-1.379692679260975385e-01 -2.138887645341450705e-01 -4.945415696140198492e-01
-1.757221357199395539e-01 -1.681586041396274656e-01 -5.114977182632765018e-01
-1.177978837668025580e-01 -2.577768606127566198e-01 -2.032002254039511069e-01
-2.296928054319419266e-01 -7.262827882205996621e-02 -5.475658928538202908e-01
-2.124001130945646354e-01 -1.072593144093625384e-01 -5.862562981906505044e-01
-2.167227766191937022e-01 -8.232686716692172446e-02 -5.534130838230488791e-01
-1.034189471270995364e-01 -3.678226033664819816e-01 -1.737403364764303904e-01
-1.533511888913173804e-01 -1.411653812766678895e-01 -5.378825319051177001e-01
-1.155166987295564995e-01 -1.735078355764854141e-01 -5.316203720543524192e-01
-6.758149994094481139e-02 -2.013675873560503149e-01 -5.334018123459385308e-01
-7.626050346751495068e-02 -1.257353941389611762e-01 -8.086286481140056992e-01
-9.438174888382322436e-02 -1.895364098802763131e-01 -7.429893706356827110e-01
-9.138146394723944965e-02 -2.004558067594817139e-01 -7.014493752908785851e-01
-8.391036612836888509e-02 -1.899881960310636497e-01 -6.574125781525834711e-01
-7.521579962218816195e-02 -1.865974740307660973e-01 -6.201078139954305790e-01
-1.625396508817242847e-01 -1.380072021662255288e-01 -5.874595478337210075e-01
-1.765328253262641311e-01 -1.443534976005893533e-01 -6.040025718850756675e-01
-1.908777918727526668e-01 -1.508069763990000922e-01 -6.247328330164210186e-01
-2.011567731712959883e-01 -1.367823893826654036e-01 -6.475542774604075014e-01
-2.520278518507667043e-01 -1.611057114530841661e-01 -3.801771697906404235e-01
-6.850254950840364288e-01 5.204069643228237396e-01 1.063601937104458606e-01
2.472268304117845872e-02 -3.396412337385907865e-01 -2.495845254565283167e-01
-1.875509022589222363e-01 -1.060672142174285404e-01 -5.713409963440416739e-01
-2.000426773811034842e-01 -1.098674798539499009e-01 -5.786681584275408241e-01
-6.083757832566782930e-02 -2.747037340594258303e-01 -2.530459876663001539e-01
-1.618293570171177587e-01 -2.116307785734309332e-01 -2.177217729752627395e-01
-7.109079099883031105e-02 -2.756371045250953777e-01 -2.356495859741533083e-01
-2.355380074340547303e-01 -1.916183517255594104e-01 1.350141901044318304e-01
-3.405040882790464352e-01 -1.633604920924365267e-01 8.207936942190230400e-02
-1.965875728120070054e-01 -2.519736077825101006e-01 -1.147777269425625524e-01
-5.050161369156427327e-01 -1.474533228539121055e-01 1.101539852234353134e+00
-4.605283755570139803e-01 -2.199539626042614771e-01 9.597534915174494863e-01
-4.174340467577764002e-01 -2.770904859220646443e-01 8.355329885087043884e-01
-2.346802719829961248e-01 -8.349670737078063176e-02 -6.995294670062568443e-01
-1.332078867602894956e-01 -3.658517781813594993e-01 7.749110601041451218e-01
-1.549208189861266405e-01 -3.545386252495790202e-01 9.668814025274445889e-01
-1.793321626066168850e-01 -3.404790655827181212e-01 1.177833148904575467e+00
-4.330950589896493952e-01 -1.210092921524095200e-01 3.893766073061475375e-01
-5.856996204349274038e-01 -1.448254504753754279e-02 3.141642032455753686e-01
-1.603317811062496823e-01 -1.625350445918711806e-01 4.032905294653486017e-01
-5.168855775494112237e-01 -1.111822669584528467e-01 5.475860959438754172e-01
-1.240901136573957508e-01 -2.518065285258215269e-01 2.356145305749317576e-01
-1.434828389770601564e-01 -3.725373602750545743e-01 -1.125632370960862327e-01
-6.428986703457244545e-01 6.241318823832708862e-02 2.619702352613253460e-01
-5.455473577673615182e-01 -6.396593500902197915e-02 2.364805490943058253e-01
-4.658788912841993479e-01 -1.189567168949318687e-01 1.883847185505904687e-01
-3.423819964167460483e-01 -1.508066053445213939e-01 1.930634474605370521e-01
-2.506021643581776148e-01 -1.711170455889834408e-01 2.278008165402074514e-01
-1.819209112809154760e-01 -1.938377141507463541e-01 2.669081774098187587e-01
-3.793592256202582558e-02 -3.330668304172141880e-01 3.433529447392704714e-01
-6.307759879659826652e-01 6.906764640541229738e-02 6.445764038116308381e-02
-5.684126756025982274e-01 -8.243967919515887699e-02 5.731911744084317029e-01
-1.294293574346212089e-02 -4.231957089947175898e-01 -2.369117985023322381e-01
-1.639902952703240491e-01 -2.354904944588578353e-01 8.128054986182309261e-02
-7.095183132067282017e-01 4.182617251975324635e-01 5.100360663916894133e-01
-1.284157690829752507e-01 -2.099079831328083401e-01 3.114844180461688872e-01
-2.005221958487595213e-01 -1.892430044439836756e-01 -1.095069522175318721e-01
-4.790254541611727035e-01 -8.499845722485127597e-02 4.855128453798642774e-01
-1.469232939091553725e-01 -3.566974809861744866e-01 -4.611149885234483436e-02
-6.567177106495645234e-01 5.217213492800789609e-01 -1.232104848272645437e-01
-1.566998271776756102e-01 -1.519273206617608452e-01 4.337475667541632607e-01
-9.508242481053341688e-02 -4.263897602171606849e-01 -4.465230474844095188e-03
-4.905632084033699769e-01 1.868083262390656252e-01 -6.511037632109131224e-01
-4.843605342009844605e-01 3.124133079026121251e-01 -7.359096002850664675e-01
-6.807029599585412427e-01 2.965452631340739220e-01 8.087719467637477511e-02
-5.643528486407234368e-01 2.498775124121916935e-01 -5.104012623481111177e-01
-6.605523333444844880e-01 1.270240398758040179e-01 6.381438756781143695e-01
-2.369595548117839900e-01 2.170207130369382342e-02 -9.831298455946182457e-01
-1.857550609618698750e-03 -3.348099827977932819e-01 -2.444002101148501360e-01
-2.219620641324355770e-01 -2.020260749720046434e-01 2.029256400426533713e-02
-6.391662487840008566e-01 6.113824973261489104e-02 4.521488775131996540e-01
-3.734707972915813912e-01 -1.473284204070588466e-01 4.105653017595309873e-01
-3.194060360567805290e-01 -1.627297392580016044e-01 3.998088101697052643e-01
-2.225991148822787924e-01 -9.498344082708237712e-02 -5.945188911311074520e-01
-6.153403005923721025e-01 1.141060219899478478e-01 -1.185462053052604436e-01
-1.160461910748229464e-01 5.144631040402633526e-02 -1.100748411482532774e+00
-3.077892274599052236e-01 1.674605331058032220e-01 -9.640235861014199159e-01
-3.899984389555672948e-01 2.321535594997612417e-01 -8.721674673234218744e-01
2.169780743792845690e-02 -3.708926154306118050e-01 9.500265966459227052e-01
1.910095841938924677e-02 3.182705517537759432e-02 -1.120551554243721881e+00
-2.640156748731170566e-01 -1.670437124006567409e-01 4.052941000621292922e-01
-2.096943405574702712e-01 -1.617615719448841638e-01 4.193173055399814775e-01
-1.736563970489037878e-01 -1.513497485939803155e-01 4.272698305628492843e-01
-6.127816545232347423e-01 -2.113526032528617593e-02 6.111743550851311824e-01
-2.219584916149477394e-01 -1.822176864889346604e-01 5.051970980115210175e-01
-2.818768755122675884e-01 -1.945152564125325334e-01 5.366549063017891363e-01
-3.391547318425853774e-01 -1.914314653465964966e-01 5.443302940181768967e-01
-3.931026401003157034e-01 -1.736732195363148712e-01 5.331875441636455548e-01
-4.250885800080883570e-01 -1.504061517597876652e-01 5.130994200579284126e-01
-7.015514484697158437e-01 2.902348405983421475e-01 7.071231889507050283e-01
-4.088361880037139073e-01 -1.292333932224596360e-01 4.304784645563188850e-01
2.323484869082345639e-02 -2.744200451309244393e-01 -3.310923279826394339e-01
-1.891052345829272729e-01 -2.015732251484072535e-01 -3.420534409148250354e-01
-1.322299364773424912e-01 -2.998809339726453693e-01 -1.765559905486354664e-01
-6.770825429964116848e-02 -2.661052036449684799e-01 -3.309709597587335850e-01
2.335305126308970247e-02 -3.290504163260776771e-01 4.896606729094172827e-01
-4.073789547160453495e-01 1.395898014915837315e-01 -7.814964060748978980e-01
-3.268700410624170161e-01 8.543841773067989420e-02 -8.841610494265039755e-01
-1.236987843770889217e-01 -3.556241283922939589e-02 -1.055179580212088908e+00
-5.532715324978161320e-01 4.102205762150346047e-01 -5.769037507537753129e-01
-1.775643392588484026e-01 -1.649245613520906595e-01 4.610383280394836358e-01
-8.123087007537999060e-02 -3.343947216009213186e-01 1.905929865754776298e-01
1.404564079202827442e-02 -5.309544830426116135e-02 -1.073443430079872307e+00
-2.198524548710838467e-01 9.816573734352973535e-02 -1.044856752233149777e+00
-6.578288389578492712e-01 3.133658210842356073e-01 -1.251643899519593317e-01
-1.244523980499164795e-01 -1.651612040067276244e-01 -6.022484363894853310e-01
-1.383681485671179878e-01 -1.711534451730143402e-01 -6.303947398251428247e-01
-1.495506977805343141e-01 -1.788990390933147268e-01 -6.664001199697233702e-01
-1.563392849192788425e-01 -1.666996581950082046e-01 -7.048644038445512905e-01
-1.655233536008440254e-01 -1.123179566146950137e-01 -7.656337343669386009e-01
-1.920620241574707565e-01 -1.153894502370784725e-01 -5.409806393209866116e-01
-2.033087647559138622e-01 -1.173810428647665827e-01 -5.338891284953377614e-01
-2.128761703288015728e-01 -1.192790874724833916e-01 -5.258152298758815846e-01
-3.000844325558857939e-01 -1.104565601437563216e-01 -4.431647715463140624e-01
-5.366215509522636040e-01 -5.715419339378413621e-03 -1.923825388418607396e-01
-7.988313408461489296e-02 -2.884365904286485538e-01 2.966369951377587633e-01
-1.120286916619179785e-01 -2.030471818691612640e-01 4.949577405647163086e-01
-1.517070003427640756e-01 -1.796314551581823515e-01 4.894116770768375257e-01
-1.806486715981485691e-01 -1.084733153830821362e-01 -5.475409762275349479e-01
-5.408256051180355684e-01 1.157979595527390271e-01 -3.991216235933898737e-01
-5.962446519589958971e-02 -2.846572588482660926e-01 4.870935383110919226e-01
-1.991102318011859218e-01 -6.560949815267025365e-02 -8.323033964664827700e-01
2.155427551828920096e-02 -4.456744206512963657e-01 1.371406028193657978e-01
-3.668194631292465147e-02 -3.834463815872193315e-01 2.300571927990007204e-01
2.247921461610813409e-02 -4.010270566970506323e-01 2.437494916385465338e-01
-1.268807774023676949e-01 -3.133174713792175048e-01 4.479858261167221634e-02
1.225309075092223532e-02 -9.937563951364847270e-02 -9.968649609424780067e-01
1.210089033151705296e-02 -1.138408438601072326e-01 -8.994516547100053216e-01
-9.602054762974554514e-02 -9.849976676998661862e-02 -8.879705249991696192e-01
-3.438080939686880555e-01 -1.315923085079316601e-02 -6.416047795996600023e-01
-2.574224054253946292e-01 -1.641312212871754994e-01 -1.746505517888103931e-01
-2.803115618850182678e-01 -3.500213690831247004e-02 -7.509993851293494949e-01
-4.025873273305151656e-01 -1.391761766824286539e-01 -1.421354270754342508e-01
-3.182788258449837926e-01 -1.407311111505316070e-01 -2.578924826288522265e-01
-4.563059312168320503e-01 -6.922177717044664114e-02 -2.781696273860068125e-01
-1.164389401537287982e-01 -7.993643498901842337e-02 -9.806026828581182464e-01
-1.648797164595745546e-01 -2.607182563057564018e-01 8.860747804644297787e-04
-3.926436033498252876e-01 5.584583596750625212e-02 -6.963127678348661753e-01
-3.121479449931179317e-01 2.415258014544088838e-02 -8.090679783857783747e-01
-3.913727152827948252e-01 -2.111321361838910948e-02 -5.202170547187323635e-01
-5.967079788367328774e-01 1.569774735895257400e-01 -2.734344891015365597e-01
-4.678455002460979451e-01 4.516064712021614080e-02 -5.176278309983395332e-01
-6.243540787663688363e-01 3.104596456852408703e-01 -3.203975980835735982e-01
-3.695268978593888587e-01 -9.593893387787832960e-02 -3.656078293303879345e-01
-1.214265230028139797e-01 -2.822521556615384952e-01 1.376888109037441854e-01
-1.233685254205063586e-01 -3.817833364889360315e-01 -1.587712939015054614e-01
-1.607656987788441683e-01 -3.077491404487788795e-01 -1.683709754772538814e-01
-9.661043726921325625e-02 -4.341209895391102691e-01 -1.054943253833375283e-01
-1.647995383139297942e-01 -2.332512043200889451e-01 5.851620735450384636e-01
-2.728019575453144441e-01 -2.491164379313932642e-01 6.555336878311148752e-01
-3.658696859905390397e-01 -2.442264302601295789e-01 6.721596397702960246e-01
-4.414824256162850347e-01 -2.154592230915044482e-01 6.556532394874565739e-01
-4.924113907837446291e-01 -1.716755642301621698e-01 6.152164744582253597e-01
-5.240212666987469348e-01 -5.501181938446347841e-02 4.711074603230043234e-01
-6.959548661793597546e-01 2.574498399478750699e-01 2.770091544944162099e-01
-4.811055336260743331e-01 -8.796893199875399638e-02 3.302052199606397842e-01
-4.185705595363122811e-01 -1.229359794740358947e-01 2.936814257032653863e-01
-3.338355095597238531e-01 -1.500193249928134520e-01 2.871309607510104112e-01
-2.517037659531614624e-01 -1.664352086624751870e-01 3.044231750777737222e-01
-1.865186659181952145e-01 -1.718115309294883097e-01 3.322092150345079542e-01
-1.413010708920194869e-01 -1.800946463706982748e-01 3.577899866282170382e-01
-7.000300685329543526e-01 4.889703178211979306e-01 3.143882618951079344e-01
-1.603837828985791303e-01 -2.731767587349736015e-01 -1.876264295705761809e-01
-8.193649503792499456e-02 -3.725513187189100073e-01 9.609566868186775190e-02
-7.968911020763302933e-02 -4.299479560725296690e-01 -1.754030952796928888e-01
-4.727416672305084777e-02 -3.976458220499956564e-01 -2.165306766285384210e-01
-7.987223564518997065e-02 -3.972065386190659630e-01 -1.850260059197422757e-01
-1.430959209439045532e-01 -2.477922512046817349e-01 -2.120913685538958759e-01
-3.411086710750224626e-02 -4.137288870730826407e-01 -2.285422333341058376e-01
-2.452737087185476172e-02 -3.354923254919988107e-01 -2.373873966715993600e-01
-1.356809431488532613e-01 -1.596556859401547790e-01 4.295288437667585946e-01
-1.055892601148699095e-01 -1.939394932143660988e-01 4.028539985521104594e-01
-8.823320031241654871e-02 -2.353572109161259363e-01 3.778713566738922669e-01
-4.416671112038841329e-01 -1.268859929764216687e-01 4.979663260986886275e-01
-4.822307108216952187e-01 -1.277886490616819692e-01 5.381333357809849893e-01
7.608155340797906341e-02 -4.222545335402050348e-01 1.243557046431512658e-01
4.621750498623784509e-01 -1.238338119069919419e-01 4.185626787330847254e-01
8.675725411462986703e-02 -3.417770728898437138e-01 -2.288019245035831650e-01
6.799749502345218133e-01 1.191233496188406349e-01 7.880366549122590492e-01
2.820301470642352371e-01 -1.742711112394270678e-01 3.387319298415065738e-01
3.443826665055889080e-01 -1.696062776872913069e-01 3.292366826917156875e-01
4.037052087520258681e-01 -1.537990183471187322e-01 3.324479383378837749e-01
4.822965536756482763e-01 -1.102212691435142666e-01 3.894189677003057071e-01
2.304545863793039384e-01 -1.694345556652598894e-01 3.625666178393831540e-01
3.777225453195116600e-01 -2.314111015573239172e-01 6.054433008530137883e-01
3.041005872953848055e-01 -2.291273433738751919e-01 5.937716420176768484e-01
4.441352534966629406e-01 -2.108873654375331697e-01 5.878349753679230627e-01
4.851323185696649887e-01 -1.824968855138702217e-01 5.472513336819868623e-01
5.285370493946812687e-01 -7.211401833353975332e-02 3.266227302625186457e-01
2.469916209635636406e-01 -3.672308845304361746e-02 -9.192181203356142305e-01
4.845807942243274269e-01 -1.078735824931207343e-01 4.500470894639536645e-01
7.140500742509203747e-01 1.965631982939570754e-01 3.977089567204354914e-01
5.944806573852439158e-01 -1.921402691801712970e-02 3.987960435865898212e-01
3.317451195380218820e-01 -1.882657023393150553e-01 -7.403761179824269734e-02
5.890233891902635355e-02 -2.674893006656848815e-01 -4.595218292581013664e-01
5.346104898930775784e-02 -2.300870303923192584e-01 -5.235114571557966112e-01
1.291712847453858615e-01 -2.191251509711790169e-01 -4.851606710149922730e-01
1.755312107784305908e-01 -1.657887129821954408e-01 -5.124295539074936734e-01
1.099192502826530915e-01 -1.959992768056365575e-01 -5.278215135571433514e-01
1.545327031840663112e-01 -1.475160238832597948e-01 -5.381209590672371146e-01
2.859035168987624775e-01 -6.232450587302468259e-02 -6.480999608974826742e-01
7.471724364937482044e-02 -4.622794768134528276e-01 -2.006091609478792837e-01
8.284887379736105562e-02 -4.936924322444466995e-01 -1.110785772124908699e-01
5.604895855102469682e-01 -1.744973103846696461e-01 6.312080882123476400e-01
2.064153423123464837e-01 -2.229458329459745869e-01 1.640679409985090764e-01
2.201719916884137263e-01 -3.121828658463907669e-01 -1.511753046241952614e-01
2.238946302803077604e-01 -2.998668978157685849e-01 -9.693844945819318770e-02
5.122202013363912343e-01 -1.104108989747252245e-01 -5.411611435326169062e-02
7.965055113702590450e-02 -4.700931354154640474e-01 1.341348178826846926e-02
4.281806617264223291e-01 -2.930285265353362867e-01 7.278893738944383074e-01
5.082848848996199820e-01 -2.408819810828024544e-01 6.990374870822360087e-01
6.199965721616678138e-01 -2.308721721047979347e-02 9.313272261232543592e-01
1.598973207727709678e-01 -3.305908496894409687e-01 6.334437088728499532e-01
2.417040218789279216e-01 -2.041203540633769187e-01 5.499601760462613509e-01
3.342366961418967719e-01 -5.736927413857517699e-02 -5.552200255090418146e-01
6.534862253796376308e-01 4.706708883702059865e-01 -4.200766545248346695e-01
1.752748559259582617e-01 -2.812695383458041487e-01 -2.000415755941636897e-01
1.281329019169675787e-01 -2.830804046110917405e-01 -2.263293932478015469e-01
2.349662117874208311e-01 -5.629562016963218785e-02 -5.725101251622093379e-01
2.191838775395732464e-01 -7.493951128664910755e-02 -5.766003725881914121e-01
5.376367488753475143e-01 -2.190226359356177710e-01 7.561331391632353238e-01
2.224542424805173724e-01 -2.726978779141167042e-01 -1.854048337816751602e-01
3.169231816244737487e-01 -3.263631897752050648e-01 7.137619361400591167e-01
3.268525493014715622e-01 -3.489468666115271844e-01 7.815555205619464374e-01
3.768662867398528959e-01 -2.831586103729883952e-01 1.116128265080721604e+00
5.794673410665245328e-01 -1.341949718347876797e-01 8.317149471185802945e-01
3.439867049470635152e-01 -3.173775696715344097e-01 9.436014166623394317e-01
5.941276263322263773e-01 -1.263911220824558979e-01 6.727884318490300330e-01
6.414003836443695761e-01 -8.841092132082430111e-03 7.157126666088888811e-01
5.674916673327548566e-02 -2.554965539704192601e-01 -4.955496209680994024e-01
1.194489905204585978e-01 -2.100452854197839558e-01 -5.082403544703237852e-01
1.651400352216142453e-01 -1.618882746133991635e-01 -5.252675131431161493e-01
1.617233993844701123e-01 -2.658476840751298198e-01 -2.142071493649702063e-01
2.267354921532129808e-01 -6.651972136849326755e-02 -5.748826545001262112e-01
1.975600917618310914e-01 -1.033284713203616034e-01 -6.118582490058188661e-01
2.114548088999210762e-01 -7.660607005265684943e-02 -5.771749324840516060e-01
1.440058434781488206e-01 -3.700663916215896077e-01 -1.844433854760145763e-01
1.462700172579389779e-01 -1.347375242964387043e-01 -5.472563994610932792e-01
1.029936814211900309e-01 -1.672167197389116122e-01 -5.405067450493932224e-01
5.072224247887688331e-02 -1.976079275941312607e-01 -5.405601101832913091e-01
9.437884828559328643e-02 -1.281682431045652049e-01 -8.151229137462583374e-01
5.860034993501561651e-02 -1.882943110246360074e-01 -7.512300689259649999e-01
5.470859007597073109e-02 -1.978290468476351371e-01 -7.099949713400293128e-01
5.115138882489059236e-02 -1.866620757547929887e-01 -6.668308021611504266e-01
4.504987560993425899e-02 -1.826406467432348801e-01 -6.295802365047338256e-01
1.420600995492118379e-01 -1.328152351441833634e-01 -6.090724867638752649e-01
1.541375420297581567e-01 -1.412224231748173686e-01 -6.266255186342011285e-01
1.660943868512783084e-01 -1.486471123285835194e-01 -6.482350776292076233e-01
1.779784011188925152e-01 -1.350319839914526643e-01 -6.706207080562567313e-01
2.759687662603962366e-01 -1.668710561663889758e-01 -4.046634175676071532e-01
7.207324606749638818e-01 4.995450901765048357e-01 3.924870214749853758e-02
1.744652271028181989e-01 -9.907791439220359209e-02 -5.941864980167106403e-01
1.855691886138423063e-01 -1.049769424490733516e-01 -6.033241507591839969e-01
1.082992860407570590e-01 -2.796075522019527693e-01 -2.600820181934394570e-01
2.035227504499744766e-01 -2.218169046781602871e-01 -2.322490986748412256e-01
1.179759533062038623e-01 -2.828349940029657450e-01 -2.440514216548753668e-01
2.701813275440674289e-01 -1.948138706379927143e-01 1.116431009558467302e-01
3.707559251834400271e-01 -1.705322078949196296e-01 4.847480862405126323e-02
2.346730512063348595e-01 -2.595111976122708164e-01 -1.324911372496178075e-01
5.249860574552513981e-01 -1.657623996095125563e-01 1.042682611548315208e+00
4.858829391638606054e-01 -2.352638129483848317e-01 9.109362007374843806e-01
4.483803087070210580e-01 -2.919295176534659753e-01 7.957188490490025856e-01
2.398076242165907423e-01 -8.703607103157451341e-02 -7.151484123092450851e-01
1.802575350794475284e-01 -3.714865577683998943e-01 7.471709592502300268e-01
1.933150714235805090e-01 -3.608827229079598631e-01 9.474204227829243763e-01
2.144000847107114804e-01 -3.492541031154812181e-01 1.153700175243780990e+00
4.537526514608831718e-01 -1.301249850552470555e-01 3.510993880765007624e-01
5.926749231451466926e-01 -3.070131938260486915e-02 2.583175245539295339e-01
1.966270363174211777e-01 -1.621679043558637012e-01 3.855579219747042874e-01
5.381902026816067774e-01 -1.247696701389606200e-01 5.078755086248705197e-01
1.640095145099738083e-01 -2.525242879886944181e-01 2.226119064997913455e-01
1.827295965897235419e-01 -3.781525136267820386e-01 -1.270689601378873768e-01
6.661467449913036631e-01 4.549033586917647365e-02 1.990706533530155475e-01
5.521631777896063298e-01 -7.762378056704299922e-02 1.865139401187037027e-01
4.744827796036421574e-01 -1.300895613586376953e-01 1.471438178536084163e-01
3.578758088006228633e-01 -1.573193499465896927e-01 1.642459726216919380e-01
2.719472063570007592e-01 -1.749932119893737870e-01 2.071323897859524976e-01
2.081086854537546049e-01 -1.965818899466360570e-01 2.507939236263088123e-01
8.309564883446396433e-02 -3.334808203762267276e-01 3.375502570855510864e-01
6.564088763107847058e-01 5.402457133922919374e-02 4.551832391128982080e-03
5.817277045362976295e-01 -9.695046138725577078e-02 5.219733243998840866e-01
5.380323353107449580e-02 -4.239406602585051864e-01 -2.395982329801349398e-01
2.028808864559721314e-01 -2.377930045906393453e-01 6.509855871788755577e-02
7.324432634435762424e-01 3.997098002869077238e-01 4.372483971012408599e-01
1.609113127827788148e-01 -2.109700910745511138e-01 2.992895778669584228e-01
2.421280058425583359e-01 -1.968978994682184513e-01 -1.278749019944473986e-01
5.069597070203339939e-01 -9.572586234313718023e-02 4.465639170867707897e-01
1.847506013878115194e-01 -3.623771808352982404e-01 -6.041242202137980799e-02
6.971517349073526049e-01 4.999517843614071921e-01 -1.826586889008510184e-01
1.966465419614265020e-01 -1.499794997134764607e-01 4.171494319308306498e-01
1.333242724460430573e-01 -4.294550706652060512e-01 -1.446848905442175981e-02
5.171644581195691259e-01 1.684547211431315361e-01 -6.836213410886209374e-01
5.177701147907036727e-01 2.928347664518398119e-01 -7.647647486647635162e-01
7.167676596634828812e-01 2.783059029729340050e-01 1.669290352412480805e-02
5.943790592085855806e-01 2.310074221551117191e-01 -5.531698137298501905e-01
6.808347059621011610e-01 1.101477630569044908e-01 5.718654004449930106e-01
2.618812690241387742e-01 1.080085161981984149e-02 -9.918661314339818347e-01
5.180953132830851127e-02 -3.365786390129126282e-01 -2.468714524118377218e-01
2.575935244908880151e-01 -2.074298016136713052e-01 -1.440586602977106390e-03
6.429389478424649695e-01 4.533259391189181642e-02 3.837347984378547405e-01
4.013130389830390499e-01 -1.548192208094683053e-01 3.813616547528666523e-01
3.477211162653626175e-01 -1.679472126250702857e-01 3.750565045282492349e-01
2.095642191071241944e-01 -9.092435811867993767e-02 -6.210932888240661143e-01
6.431476913959315311e-01 9.862949568013307244e-02 -1.737183809810134427e-01
1.513864686471464438e-01 4.571558337791395421e-02 -1.103209318296855201e+00
3.420000837455567932e-01 1.539035408629865209e-01 -9.743103549182148271e-01
4.242061531146790188e-01 2.159383323566244073e-01 -8.893053612995496238e-01
2.945811094729409163e-01 -1.705685661741629389e-01 3.832459682447135751e-01
2.447549970352815851e-01 -1.624309441455800140e-01 3.995635022170178630e-01
2.126706847683290658e-01 -1.499270424946677061e-01 4.087585130531385946e-01
6.213713130683800046e-01 -3.557470991662206594e-02 5.456047065287736864e-01
2.544276710401258690e-01 -1.833623391807339686e-01 4.824305688213790244e-01
3.090820333256409924e-01 -1.989784612983505063e-01 5.117938383510098888e-01
3.655644090953336089e-01 -1.984507235884382936e-01 5.183006437634638530e-01
4.201841315277388134e-01 -1.831567611490920733e-01 5.044141226642564479e-01
4.526563558834340029e-01 -1.608084182495637116e-01 4.811695813357925733e-01
7.171543959869763896e-01 2.706778019574826999e-01 6.342080916947767655e-01
4.376370099993343032e-01 -1.379833176154137142e-01 3.980891496577352306e-01
2.228952843188626298e-01 -2.069542222501427053e-01 -3.603454987578733615e-01
1.744617660967526795e-01 -3.068526402940536801e-01 -1.892984359213932821e-01
1.106397870003479889e-01 -2.672671151867425099e-01 -3.384681261494919546e-01
4.332743629933109020e-01 1.223271705529193065e-01 -8.043679879085035012e-01
3.511969262054246421e-01 7.010037620245646028e-02 -8.986248169912407491e-01
1.494386175510351578e-01 -4.187900960118096094e-02 -1.059913166056478673e+00
5.915609006454793928e-01 3.909587302765313854e-01 -6.169341559050049995e-01
2.148331582441527221e-01 -1.630813835109816701e-01 4.425003130892075642e-01
1.233572501332451665e-01 -3.358692216668508479e-01 1.812172911488594274e-01
2.538006263883998415e-01 8.833754008898991872e-02 -1.049645553649504848e+00
6.943780745367531537e-01 2.947905390170941775e-01 -1.841502526368068438e-01
9.839993963104798347e-02 -1.600494629276552061e-01 -6.194957659622422064e-01
1.098001825721810487e-01 -1.672923785460036505e-01 -6.482532660548110393e-01
1.184871327652813333e-01 -1.754369346708244404e-01 -6.835651634480583994e-01
1.268448988596178051e-01 -1.637898361077674281e-01 -7.199163876261378547e-01
1.762441154009648514e-01 -1.132785082499681018e-01 -7.760425666635542008e-01
1.883508512752976038e-01 -1.084384959539033133e-01 -5.551793334931054424e-01
1.992834848323701280e-01 -1.088358569574305323e-01 -5.499011255861687708e-01
2.090671643473775987e-01 -1.102823964477990248e-01 -5.426045800899212956e-01
3.150317669836129042e-01 -1.131608562072336510e-01 -4.707292687686610577e-01
5.581000973326384340e-01 -2.040634480081945923e-02 -2.401255042389178751e-01
1.230572792555744144e-01 -2.891279102473287566e-01 2.866630126657179201e-01
1.544192948117053543e-01 -2.049374204680636247e-01 4.803930473720072758e-01
1.893892967740236077e-01 -1.783245468619987228e-01 4.731510844895805423e-01
1.776741079689467817e-01 -9.996736505616921065e-02 -5.605797304429875894e-01
5.654764946810368897e-01 9.846498488571958640e-02 -4.437386655681994085e-01
9.984247273698110270e-02 -2.849218964728081893e-01 4.775355402094463297e-01
2.137479224397011990e-01 -7.259884270763172776e-02 -8.424031544829548857e-01
8.014044578721990497e-02 -3.849613701846776870e-01 2.247515973338987116e-01
1.663402128599082985e-01 -3.174454324298898733e-01 3.134207134747961365e-02
1.163809298881414156e-01 -1.038916881430608230e-01 -8.936813694285636878e-01
3.501769531920722045e-01 -2.397346444735024007e-02 -6.712275609171540758e-01
2.914984338766002381e-01 -1.735951065168128693e-01 -1.984122248134849720e-01
2.902442257491992805e-01 -4.485030387891447701e-02 -7.683494492495519523e-01
4.256245312529585156e-01 -1.516578153381078486e-01 -1.794389780571206128e-01
3.434417120050032857e-01 -1.508460564322198216e-01 -2.877913725570502290e-01
4.751359937742294370e-01 -8.363539879854742232e-02 -3.197898280629321022e-01
1.386528973256482278e-01 -8.559700911469303453e-02 -9.869163751640894766e-01
2.032793955058707080e-01 -2.659419099773399076e-01 -1.481046153959013345e-02
4.101266396630167677e-01 4.070603632505759295e-02 -7.206442152735550444e-01
3.308182130692602918e-01 1.030962969189006678e-02 -8.251512124772024670e-01
4.005288610316251052e-01 -3.021021262452586176e-02 -5.584942969976447458e-01
6.248149346019680195e-01 1.397441773699783507e-01 -3.239400134970757961e-01
4.831845077669250088e-01 2.888039073806913937e-02 -5.556534953949761046e-01
6.599442516758795563e-01 2.933161442133094265e-01 -3.729034453371204982e-01
3.840033814044110372e-01 -1.055156088053160746e-01 -4.026590982664672858e-01
1.619830378813031935e-01 -2.834678969291717365e-01 1.247013682571573856e-01
1.623681763699709180e-01 -3.859427219616549110e-01 -1.710970639787408043e-01
2.002753152942624570e-01 -3.156087160748290987e-01 -1.831749450046293859e-01
1.371247225791700775e-01 -4.388431039623590380e-01 -1.161759774696342618e-01
2.053750764711939070e-01 -2.366612853165808161e-01 5.702740080413781776e-01
3.088459155453477933e-01 -2.583224386497144920e-01 6.370959633867454563e-01
3.988541822209459298e-01 -2.562788682031906795e-01 6.485591556335905672e-01
4.704912073218725510e-01 -2.289955370746614705e-01 6.270831306863433596e-01
5.170484361103335758e-01 -1.859504095289272740e-01 5.814233733965665785e-01
5.430474396650284419e-01 -6.788533907781291177e-02 4.233465876526565363e-01
7.242606005616023523e-01 2.409751378679283462e-01 2.090884144584888027e-01
4.967155960304836526e-01 -9.874474513775410855e-02 2.839271221707666548e-01
4.342960881177546639e-01 -1.322012658939590857e-01 2.533915823797741051e-01
3.527407294444762087e-01 -1.562127739601670839e-01 2.563949649038492762e-01
2.752023878188722961e-01 -1.698450484763518453e-01 2.814892024221546940e-01
2.160497737987661093e-01 -1.747095812338836929e-01 3.137780012124233853e-01
1.752924291713719995e-01 -1.813708340312691902e-01 3.425832964324493357e-01
7.289286297833896811e-01 4.711591625747040268e-01 2.434761714398567811e-01
1.995949015275774174e-01 -2.814916952593038424e-01 -2.017448644536691260e-01
1.242247387784247703e-01 -3.737461072468466483e-01 8.684791149857951087e-02
1.195507779716945551e-01 -4.342440703428847026e-01 -1.842277492718490395e-01
8.693370084469398407e-02 -4.019417322000125026e-01 -2.224106411426111096e-01
1.194885603939264129e-01 -4.011689504718887189e-01 -1.940525588619250730e-01
1.839209451961608677e-01 -2.569417358496539627e-01 -2.245259920597330039e-01
7.410938808947165057e-02 -4.170641847402014601e-01 -2.331736955806440470e-01
7.215847697178673359e-02 -3.389793871880257825e-01 -2.413812520385149041e-01
1.751204961145522709e-01 -1.592808580082873959e-01 4.136069599008995734e-01
1.434406923150517432e-01 -1.945738939358561126e-01 3.890411445923811495e-01
1.242155135433928859e-01 -2.367226361443255378e-01 3.672362478725199608e-01
4.705785154285795358e-01 -1.376958580859071191e-01 4.638565813446098307e-01
5.085314941236749320e-01 -1.415379875897255779e-01 5.030304520428883208e-01
-3.264244501594690817e-01 -1.550752964511703524e-01 4.825379339604407569e-01
-2.618886250939027605e-01 -1.610891849614981552e-01 4.804722516915707065e-01
-3.256248694943852939e-01 -1.634172001548384046e-01 5.545997524615677854e-01
-3.918317886051063681e-01 -1.490088301307261887e-01 4.838881319182732899e-01
-3.278049191532925732e-01 -1.467359251649620333e-01 4.098723277497080542e-01
3.535407321791366186e-01 -1.614826442503907167e-01 4.538497304949746791e-01
4.167181564601714072e-01 -1.672071136224633214e-01 4.506461905900729370e-01
3.526293633719017606e-01 -1.699666949578997333e-01 5.321310352520973730e-01
2.898613465801904709e-01 -1.557833483137809338e-01 4.575569814976876426e-01
3.546903894102015897e-01 -1.530149939607161613e-01 3.755340825493880264e-01
