-1.417536943104707840e-02 -2.772010472513942725e-01 -4.645447100278142782e-01
2.188360812034001457e-02 -4.624292626615530977e-01 -2.007615092189662664e-01
2.468411854045283668e-02 -2.901986800682605505e-01 -2.608264131439171352e-01
-3.259395243671841386e-02 -4.194297687248081385e-01 1.281118499714384851e-01
2.168620725337358154e-02 -4.956913450128520027e-01 -1.086227919351497179e-01
2.067185147507367982e-02 -4.866801448431176680e-01 2.236580206841055560e-02
2.285145316825271111e-02 -3.577571348686185981e-01 3.558978196692395013e-01
-4.290560108015548102e-01 -1.131580919783082700e-01 4.482356763530963573e-01
2.330555407325616765e-02 -3.424096896189129380e-01 6.093822170057109355e-01
2.234630882629433032e-02 -3.695082738816800605e-01 7.316662030852867371e-01
2.098492424615390484e-02 -3.581493112230048625e-01 1.161758842382933477e+00
-1.291409454565696328e-02 -2.670142956325173289e-01 -4.892239081327446892e-01
-1.079748232601268274e-02 -2.453499587616553013e-01 -5.126843703930272778e-01
-7.716738026487021673e-03 -2.122418263134530358e-01 -5.288336272424678519e-01
-1.431910383454519653e-02 -1.930876401243177831e-01 -6.549930315088533517e-01
-1.510077083613341545e-02 -1.964047148130432241e-01 -6.931618897806709478e-01
-1.695097855991346478e-02 -2.054774518685852092e-01 -7.332171655586002812e-01
-1.671856048612301374e-02 -1.942309404343675605e-01 -7.689346073466252207e-01
1.283644626269612316e-02 -1.317653890176456455e-01 -8.205479592433947422e-01
2.084126512289865771e-02 -4.236895604006213900e-01 -2.404073613150654043e-01
-4.017092147935789892e-02 -3.352021783013773293e-01 -2.212610394369894928e-01
-6.656743636123280128e-01 1.376257168279320098e-01 8.530140880223512356e-01
-2.549005684890795487e-01 -1.703418354302780879e-01 3.477922396085242340e-01
-3.201777661859574464e-01 -1.633778628486757256e-01 3.415950374520667077e-01
-3.809611518269298003e-01 -1.453550137263789899e-01 3.528752566117330236e-01
-4.552466774834394991e-01 -9.986830103778285284e-02 4.233750160990243927e-01
-1.973785475004246615e-01 -1.659734731343620318e-01 3.710382226593748056e-01
-3.470119874438911123e-01 -2.216667938535025750e-01 6.318993894558174729e-01
-2.724617995939956905e-01 -2.210005907040428486e-01 6.178490099822082637e-01
-4.129582305814758492e-01 -1.979454499693679981e-01 6.174877342758220422e-01
-4.547499646488714076e-01 -1.675241075633465138e-01 5.818379452409974117e-01
-5.100382139870205389e-01 -5.936058898592264793e-02 3.704211582349066223e-01
-2.217359202376210092e-01 -2.603718080811962682e-02 -9.001790772854884048e-01
-4.499318322022466954e-01 -9.670824712375551691e-02 4.838776781327998044e-01
-6.867600957013304530e-01 2.130305666963960287e-01 4.630827926360283064e-01
-5.797271862387567420e-01 -3.895168401763218682e-03 4.523762343514747819e-01
-2.982496388090316586e-01 -1.785385246851655672e-01 -4.463028545756887039e-02
-8.582436250230733588e-02 -2.654696186037711625e-01 -4.461890121923270947e-01
-7.359008465222589834e-02 -2.320168095914078299e-01 -5.058476780519358673e-01
-1.497393127036340255e-01 -2.195712002686823205e-01 -4.625497138786280327e-01
-1.941999527908431222e-01 -1.671143365514441426e-01 -4.833619925571320253e-01
-1.263868685213283272e-01 -1.996546002859118096e-01 -5.056835643694852500e-01
-1.690244413587004280e-01 -1.495086814119049867e-01 -5.133259544306665312e-01
-2.873299061732165205e-01 -5.308941554540012875e-02 -6.191046567256967004e-01
-3.233526180218817409e-02 -4.555842044647046007e-01 -1.941218780703761748e-01
-4.188826725380286053e-02 -4.864210774756604905e-01 -1.043707052996133422e-01
-5.395748857626754269e-01 -1.584621949339934666e-01 6.708965539065065986e-01
-1.675026707035724982e-01 -2.193093974931766277e-01 1.799121970264124515e-01
-1.796259703568697241e-01 -3.030287309060069045e-01 -1.339691428911628235e-01
-1.846431679067830900e-01 -2.908457393800921720e-01 -7.956372034004288718e-02
-4.855355092796367344e-01 -9.838482894432179493e-02 -7.543264203848614249e-03
-3.781278337899334624e-02 -4.658547067946369191e-01 1.823157129810784594e-02
-3.942000059164221248e-01 -2.766905605113973987e-01 7.556301290476454824e-01
-4.801701609708117213e-01 -2.238830928925525932e-01 7.308499433762000175e-01
-6.021167222010765929e-01 -3.919788212607635061e-03 9.908092811282437351e-01
-1.142344227952936386e-01 -3.245494195559491257e-01 6.466473479518661804e-01
-2.064301979624328931e-01 -1.994083024771006740e-01 5.724756239987944806e-01
-3.402489483827297878e-01 -4.420315741854330405e-02 -5.070190679797276223e-01
-6.077895765039802445e-01 4.863977487095412222e-01 -3.665846931049362989e-01
-1.316321242961870086e-01 -2.719483469212741755e-01 -1.863554358317180970e-01
-8.134534019761380241e-02 -2.721182725473617614e-01 -2.155228572930336650e-01
-2.498184820013174268e-01 -5.463013079511011560e-02 -5.326570779743539097e-01
-2.352357858903809662e-01 -7.187285330890094692e-02 -5.434036709426561806e-01
-5.118188047373213312e-01 -2.015973155201787048e-01 7.958495674348683435e-01
-1.834724431015395396e-01 -2.627177500490471829e-01 -1.678899882847986469e-01
-2.757954781194098537e-01 -3.117679948441048898e-01 7.367107614283101569e-01
-2.855591973359491442e-01 -3.335214858630392576e-01 8.092786614878522133e-01
-3.458457504669324445e-01 -2.682383642328252660e-01 1.150392788955568069e+00
-5.559762226879421121e-01 -1.172983529219325527e-01 8.811342216781733461e-01
-3.081439239098050509e-01 -3.042035209191331635e-01 9.715286573689083660e-01
-5.742023704315428745e-01 -1.105827217981866784e-01 7.238068788419997901e-01
-6.191427648235956482e-01 7.263480626005592959e-03 7.715728856418341275e-01
-8.151442327718134984e-02 -2.553838546388950137e-01 -4.799131754413060724e-01
-1.384449909365431663e-01 -2.120248183733507985e-01 -4.852658646369811812e-01
-1.823693704746792432e-01 -1.633555338803530377e-01 -4.982646722710932785e-01
-1.168730841591090197e-01 -2.556831659245702992e-01 -2.016026699070408712e-01
-2.422658570957411106e-01 -6.345706508504926624e-02 -5.380555682051603172e-01
-2.152692214564034534e-01 -1.029298869519179732e-01 -5.920520678344962651e-01
-2.268731407259351185e-01 -7.451262133040850721e-02 -5.477554942616380540e-01
-1.026334839152125561e-01 -3.649736550481056385e-01 -1.723837554184056708e-01
-1.587118290701408085e-01 -1.371033451066628883e-01 -5.249452890174489683e-01
-1.157047680031096093e-01 -1.722398283028820920e-01 -5.208378865012217585e-01
-6.555448159240592765e-02 -2.022767402709917395e-01 -5.228383254208044395e-01
-7.243347922703001485e-02 -1.261730989677297965e-01 -8.115395129250165818e-01
-9.029437823303135269e-02 -1.899790753132203913e-01 -7.556992868721402745e-01
-8.743162424827943813e-02 -2.010113996712345474e-01 -7.185912095591363569e-01
-8.005188295892608219e-02 -1.907186386164708425e-01 -6.768430833193457286e-01
-7.182929349453476275e-02 -1.872832509361147812e-01 -6.408373062163604805e-01
-1.603466590696200622e-01 -1.361862638606307074e-01 -6.030617347718570942e-01
-1.731376549109698570e-01 -1.427591834724174780e-01 -6.194592794944042691e-01
-1.860144387126139720e-01 -1.495505244223613583e-01 -6.393100222623681050e-01
-1.949580696697214566e-01 -1.358309072354500213e-01 -6.608816927225700244e-01
-2.554698310400473904e-01 -1.569967138259686923e-01 -3.721403499973265361e-01
-6.798227509008847314e-01 5.164544920047388077e-01 1.055523913948185621e-01
2.455871726957289253e-02 -3.368995380405750417e-01 -2.474610220028284902e-01
-1.906457169815098385e-01 -1.019147938383295759e-01 -5.786351995347340793e-01
-2.029644612753659094e-01 -1.056185787783258390e-01 -5.855040684025593078e-01
-6.028171524417440946e-02 -2.724325650258020981e-01 -2.509073832186286546e-01
-1.605446422673622031e-01 -2.099337982940674974e-01 -2.160491199300583198e-01
-7.048128528727549968e-02 -2.733532509093411500e-01 -2.336989585971267214e-01
-2.337491046751313806e-01 -1.901630171840282824e-01 1.339887618559736371e-01
-3.379179718828738133e-01 -1.621197749861535697e-01 8.145597924701741821e-02
-1.950944972137008682e-01 -2.500598772256096280e-01 -1.139059940564533108e-01
-5.011805573823391313e-01 -1.463334201301887405e-01 1.093173696376140924e+00
-4.570306789832366823e-01 -2.182834201095473214e-01 9.524641991836197974e-01
-4.142636500729755533e-01 -2.749859935722422377e-01 8.291871464611704212e-01
-2.265086598792700467e-01 -8.283535191188554081e-02 -7.054801389541371925e-01
-1.321961776152058010e-01 -3.630731469851655180e-01 7.690256382631345256e-01
-1.537442008958316286e-01 -3.518459170460784824e-01 9.595379739639250394e-01
-1.779701412328881516e-01 -3.378931392330307704e-01 1.168887548181445357e+00
-4.298057174759679078e-01 -1.200902308979433508e-01 3.793805486465601784e-01
-5.812512527242947868e-01 -1.437255034090468946e-02 3.117781373360287156e-01
-1.591140669517968620e-01 -1.613005967298906662e-01 3.938557433179579181e-01
-5.129598500381743476e-01 -1.103378414625828252e-01 5.488974383448353977e-01
-1.231476536735692517e-01 -2.498940669299117290e-01 2.338026541119461732e-01
-1.423930919366548919e-01 -3.697079523215011099e-01 -1.117083234752664772e-01
-6.380158778927418339e-01 6.193916200754635143e-02 2.599805806755532966e-01
-5.414039450584525737e-01 -6.348011616287090042e-02 2.346844877651169670e-01
-4.623405577344609219e-01 -1.180532450232553848e-01 1.869539427496949568e-01
-3.397816173752994939e-01 -1.496612345599774019e-01 1.909346703317460481e-01
-2.486988495711793812e-01 -1.698174177357646697e-01 2.232895038684747091e-01
-1.805392284534108882e-01 -1.923655236308161598e-01 2.609189091070963640e-01
-3.764780058429147147e-02 -3.305371997290288966e-01 3.407451919678760599e-01
-6.259852668529544140e-01 6.854308009633551524e-02 6.396808719723792724e-02
-5.640956016209089929e-01 -8.181355292133510315e-02 5.717501328243734804e-01
-1.284463459011713285e-02 -4.199211508839310047e-01 -2.350335637122351051e-01
-1.627447948313858750e-01 -2.337019525592851921e-01 8.066322728088676230e-02
-7.041295469442068189e-01 4.150850423245257548e-01 5.061623618490090903e-01
-1.274404559005959392e-01 -2.083137394935883069e-01 3.042766412664481557e-01
-1.989992369289357577e-01 -1.878057105802679871e-01 -1.086752506773187160e-01
-4.753872729356507509e-01 -8.435289682927586685e-02 4.841346806505532063e-01
-1.458074167363480056e-01 -3.539883763504150238e-01 -4.576128351753711021e-02
-6.517299630787454223e-01 5.177588942551605289e-01 -1.222747057399804493e-01
-1.555096975836675888e-01 -1.507734380843863964e-01 4.270599917460515260e-01
-9.436027718806827558e-02 -4.231513452083104920e-01 -4.431317061798322257e-03
-4.868373983462191412e-01 1.853895236694103332e-01 -6.461586533705002688e-01
-4.806818332329960142e-01 3.100405399806969164e-01 -7.303203931392232562e-01
-6.755330452753747217e-01 2.942930118578616638e-01 8.026293497577050018e-02
-5.600666088998940140e-01 2.479797010369049481e-01 -5.065247829793702028e-01
-6.555354619511742920e-01 1.260592968270753123e-01 6.332971957209094782e-01
-2.341757121855530532e-01 2.160541469002237244e-02 -9.751302585039461901e-01
-1.816780956469401988e-03 -3.320994663300654293e-01 -2.423273861500377380e-01
-2.202762701782942922e-01 -2.004916941439209288e-01 2.013844266825282753e-02
-6.343118039395505559e-01 6.067390705520378513e-02 4.487148229279586675e-01
-3.706342999172064223e-01 -1.462094663129609173e-01 4.014424028674954958e-01
-3.169801586141401395e-01 -1.614938126969814314e-01 3.895559290681005482e-01
-2.254669025359968548e-01 -9.063773271988982694e-02 -5.983852660173848426e-01
-6.106668129739689643e-01 1.132393909729289966e-01 -1.176458509605025071e-01
-1.151648243958829643e-01 5.105557729242194559e-02 -1.092388266588580459e+00
-3.054514401704692128e-01 1.661886845163411397e-01 -9.567017795561763016e-01
-3.870364147327092219e-01 2.303903620899945270e-01 -8.655433865411520378e-01
2.153301336494146609e-02 -3.680756992554425899e-01 9.428111797314404630e-01
1.895588732200343893e-02 3.158532997436448719e-02 -1.112041005187371923e+00
-2.620104852465054979e-01 -1.657750213676055517e-01 3.956174562675834894e-01
-2.081017195259838859e-01 -1.605329985800483805e-01 4.111138168780341107e-01
-1.723374829119891927e-01 -1.502002526558441908e-01 4.199017624100244150e-01
-6.081275997303955405e-01 -2.097473863056366003e-02 6.065542655213749246e-01
-2.202727247939491872e-01 -1.808337496643186437e-01 5.060153818306907247e-01
-2.797360307043579297e-01 -1.930379199833089920e-01 5.407778670650578157e-01
-3.365788637603823186e-01 -1.899775502004427130e-01 5.492595648907633299e-01
-3.901170395805677593e-01 -1.723541776332088715e-01 5.369462552295234392e-01
-4.218600474164803105e-01 -1.492638224059255059e-01 5.147478523817275997e-01
-6.962231902604945066e-01 2.880305167560379687e-01 7.017526135714140523e-01
-4.057310917492493729e-01 -1.282518702139260336e-01 4.234474674788705206e-01
2.328195185021220831e-02 -2.725857725058775660e-01 -3.278767542956610992e-01
-1.875826304398021116e-01 -1.999772838040928535e-01 -3.388039468638642249e-01
-1.312256548297497938e-01 -2.975161934458868673e-01 -1.751709175314412614e-01
-6.696706393940901614e-02 -2.642526796316446158e-01 -3.278063754960157117e-01
2.317568567233460608e-02 -3.265512901595485351e-01 4.859417175771268971e-01
-4.038382234664397719e-01 1.385605661283148271e-01 -7.752924039057769168e-01
-3.229694418316895188e-01 8.488774064967327670e-02 -8.766431181511724624e-01
-1.227219663041154013e-01 -3.528973193480301057e-02 -1.047156637058982875e+00
-5.490694549575441119e-01 4.071049655815208168e-01 -5.725221873594021904e-01
-1.762157444403434359e-01 -1.636719651956101418e-01 4.572176822551003439e-01
-8.061392451669653625e-02 -3.318550056265949233e-01 1.891454390577572975e-01
1.393896465157251109e-02 -5.269219026963438413e-02 -1.065312904763576318e+00
-2.181826833239798868e-01 9.742017177848362464e-02 -1.036921102496141334e+00
-6.528326524071903503e-01 3.109858182708023500e-01 -1.242137711719737830e-01
-1.199053683882771865e-01 -1.651461534420885779e-01 -6.213751684227868388e-01
-1.330918754918551383e-01 -1.711512334429955984e-01 -6.485747102860970337e-01
-1.438504656891970990e-01 -1.788303660794297589e-01 -6.839104013205486998e-01
-1.501865733132061731e-01 -1.666112597370039139e-01 -7.195338034741659561e-01
-1.587765521041552552e-01 -1.121539132131594146e-01 -7.712981424096261307e-01
-2.044435859666083877e-01 -1.072089407729693578e-01 -5.243642403096975269e-01
-2.172477967924589248e-01 -1.080558236735953692e-01 -5.162030159526013184e-01
-2.279500238411046320e-01 -1.090717076087611148e-01 -5.073693305724071845e-01
-3.119096302622383354e-01 -1.005511797199631768e-01 -4.274121083155738021e-01
-5.325459294275082245e-01 -5.672011080483857666e-03 -1.909214003264590176e-01
-7.927642453267381983e-02 -2.862459248200983075e-01 2.941712516320163506e-01
-1.111778377476142221e-01 -2.015050457706420439e-01 4.934330095951448003e-01
-1.505547910903480280e-01 -1.782671606682077192e-01 4.882329601448693879e-01
-1.914762819898367940e-01 -1.014130736110515907e-01 -5.320020755306648086e-01
-5.367180539519550431e-01 1.149184780363727287e-01 -3.960903091088600059e-01
-5.917161951103434847e-02 -2.824952971281654013e-01 4.836961210239046904e-01
-1.926888333056830105e-01 -6.510449123478402600e-02 -8.326073586192622722e-01
2.139057156510849531e-02 -4.422895393348155735e-01 1.360990254240955211e-01
-3.640334824004148873e-02 -3.805341200061978513e-01 2.283099166315927520e-01
2.230848578349523686e-02 -3.979812705161128727e-01 2.418982229501993042e-01
-1.259171224270110023e-01 -3.109378363679716206e-01 4.445833904931167230e-02
1.215784540179782464e-02 -9.867377330866591856e-02 -9.896367078625638580e-01
1.255696708931547390e-02 -1.137261899799170417e-01 -9.002559944419736837e-01
-9.298490757515760763e-02 -9.815745940145673143e-02 -8.878253032150298374e-01
-3.407444046691145423e-01 -1.183874926932503534e-02 -6.371868640869540190e-01
-2.554672914448915533e-01 -1.628846505201697326e-01 -1.733240870821325941e-01
-2.723867379564907654e-01 -3.438646665949349895e-02 -7.506645554752228167e-01
-3.995296909498101678e-01 -1.381191385884246170e-01 -1.410559135803259312e-01
-3.158299061760748150e-01 -1.396622633847457995e-01 -2.559301657722319323e-01
-4.528403039570981781e-01 -6.869604024371112061e-02 -2.760569389952857167e-01
-1.144364164590369604e-01 -7.929574811252951272e-02 -9.727942940239862057e-01
-1.636274608984519818e-01 -2.587381104554624667e-01 8.793450741352761696e-04
-3.877561956246178276e-01 5.555366482830011166e-02 -6.901949012740334899e-01
-3.058122934629713963e-01 2.424378205835044098e-02 -8.011258310881447242e-01
-3.943578290450357460e-01 -1.690980276320937226e-02 -5.112814283141757787e-01
-5.921760030369823680e-01 1.557852352809303009e-01 -2.713577639170651201e-01
-4.642953477006373508e-01 4.482851904807891308e-02 -5.137081523452083909e-01
-6.196121318244812715e-01 3.081017163460342267e-01 -3.179641897627335512e-01
-3.691712674860317955e-01 -9.213482521229116040e-02 -3.602101003776123633e-01
-1.205042928949320719e-01 -2.801084606142907329e-01 1.366430698876412997e-01
-1.224315458735819317e-01 -3.788649250945792524e-01 -1.575564822286471822e-01
-1.595446890351567282e-01 -3.053720303226791777e-01 -1.670748040386959010e-01
-9.587668444666688772e-02 -4.308238561195263383e-01 -1.046930998946510177e-01
-1.635478917029614121e-01 -2.314796697491886546e-01 5.868567303547357339e-01
-2.707300364154342498e-01 -2.472244074775251932e-01 6.577576918217180602e-01
-3.630909187851735220e-01 -2.423715392399758140e-01 6.737263039651720797e-01
-4.381293823524616826e-01 -2.138228179829498310e-01 6.570146747911889129e-01
-4.886715438473858142e-01 -1.703716944478000650e-01 6.167724165984109774e-01
-5.200413438831295032e-01 -5.459400672686341716e-02 4.680522186870426093e-01
-6.906691138128633334e-01 2.554945176031529486e-01 2.749052804417873030e-01
-4.774515542712650107e-01 -8.730081110027790303e-02 3.228258347577684373e-01
-4.153915310775264658e-01 -1.220022850981351548e-01 2.848699917217172861e-01
-3.313000407808892600e-01 -1.488799335744386554e-01 2.765048258855095087e-01
-2.497920845413710289e-01 -1.651711391935949402e-01 2.931416026157558918e-01
-1.851020633083375055e-01 -1.705066284848981428e-01 3.212946169570015109e-01
-1.402278943023418378e-01 -1.787268339599982492e-01 3.475535506500194716e-01
-6.947133651500468909e-01 4.852566057111604714e-01 3.120004942681158244e-01
-1.591631020079357084e-01 -2.710350023241950290e-01 -1.861753020894985344e-01
-8.131419028283833061e-02 -3.697218047514737593e-01 9.536582594929532419e-02
-7.908387426011193044e-02 -4.266693647010372792e-01 -1.740631855690745189e-01
-4.691512111424248760e-02 -3.945445320251919630e-01 -2.147963862640084043e-01
-7.926560886650731164e-02 -3.941400030941875077e-01 -1.835816447117784023e-01
-1.419707691633803337e-01 -2.457984650980479802e-01 -2.104410115401860182e-01
-3.385179621592154103e-02 -4.105208004347429274e-01 -2.267266141585862205e-01
-2.432081460327796193e-02 -3.327792681068791336e-01 -2.353881074554757535e-01
-1.346504512287742816e-01 -1.584431067043552410e-01 4.225322697938258543e-01
-1.047873126728996046e-01 -1.924665296860807173e-01 3.949233941685464933e-01
-8.756307230553124488e-02 -2.335696813003027561e-01 3.712622752704806128e-01
-4.383126652596152639e-01 -1.259222983889662084e-01 4.977449197706717565e-01
-4.785681857862483790e-01 -1.268180988334792758e-01 5.403543952857969845e-01
7.550371672557945613e-02 -4.190475254303591690e-01 1.234112277992200635e-01
4.586648468560300951e-01 -1.228932985258110733e-01 4.155875012411532343e-01
8.610928527760954021e-02 -3.390341482881124024e-01 -2.268992642093416723e-01
6.748105647592228529e-01 1.182186120305981358e-01 7.820515458230066219e-01
2.798881381643594235e-01 -1.729475283701777111e-01 3.370496291517651732e-01
3.417670924462316018e-01 -1.683181240623589647e-01 3.277137168067738027e-01
4.006390821018274151e-01 -1.526309202926343089e-01 3.308626385237454226e-01
4.786335285660759942e-01 -1.093841425387217653e-01 3.869134471076901005e-01
2.287042920218385622e-01 -1.681477062629552766e-01 3.605095856888935746e-01
3.748537560706308724e-01 -2.296535425012243559e-01 5.999802175445524410e-01
3.017909541897585979e-01 -2.273871293796600190e-01 5.883620502224085058e-01
4.407620620997808603e-01 -2.092856834246678288e-01 5.825508478287502179e-01
4.814477559269453866e-01 -1.811108281826258048e-01 5.423563390737923262e-01
5.245228293706791778e-01 -7.156631508538510711e-02 3.244621883394441797e-01
2.450363878918952465e-01 -3.663157766229969275e-02 -9.124026128346293119e-01
4.809004203893240126e-01 -1.070542864846372039e-01 4.465458948595874000e-01
7.086268894250296047e-01 1.950703078192454754e-01 3.946883713903805435e-01
5.899655980124132171e-01 -1.906809699593227381e-02 3.958460000194178319e-01
3.292255271967855501e-01 -1.868358310501995467e-01 -7.347529863243457138e-02
6.047424830009526242e-02 -2.667681926319034336e-01 -4.515245788382291625e-01
5.626719928667407722e-02 -2.310146527176463183e-01 -5.107574473715239538e-01
1.348702129364550140e-01 -2.183240037100364350e-01 -4.734216378986443319e-01
1.881900327141320939e-01 -1.646773454316557417e-01 -4.962566264417564432e-01
1.161936578920226559e-01 -1.962656718586426874e-01 -5.135482169689904453e-01
1.668185732200976878e-01 -1.471286668983865786e-01 -5.220051052712335604e-01
3.080670217821887547e-01 -5.987271210128803506e-02 -6.366586234477362716e-01
7.414976885089274994e-02 -4.587609355329375638e-01 -1.990798653216740433e-01
8.221963955816387337e-02 -4.899428558439206105e-01 -1.102349395304920571e-01
5.562326871149940732e-01 -1.731720095409863269e-01 6.263008357012636029e-01
2.048476251554878780e-01 -2.212525673028100659e-01 1.628218508430369083e-01
2.184997932705880219e-01 -3.098069162001059196e-01 -1.500260971076812777e-01
2.221941585552563436e-01 -2.975894194306183960e-01 -9.620220510082812260e-02
5.083299071909613831e-01 -1.095723321381335269e-01 -5.370510410247365807e-02
7.904560804426971621e-02 -4.665227948319763396e-01 1.331160713008916127e-02
4.249286448845354669e-01 -2.908029853359650474e-01 7.223610800817494848e-01
5.044244793420560313e-01 -2.390524910347702758e-01 6.937255468308441975e-01
6.152877203269017103e-01 -2.291187032591349843e-02 9.242538302604170752e-01
1.586829063290428610e-01 -3.280800239865028223e-01 6.286327265147585441e-01
2.398682884603918763e-01 -2.025700672603495400e-01 5.449781634707052680e-01
3.588502799529671994e-01 -5.190828696485468019e-02 -5.286985423557741814e-01
6.485230208240956307e-01 4.670961597736499882e-01 -4.168861873283710717e-01
1.739517603701375981e-01 -2.790422111622652412e-01 -1.984728610166223706e-01
1.272074475379405545e-01 -2.807744023528322974e-01 -2.244921854094607538e-01
2.654431637593450133e-01 -5.192402309754665102e-02 -5.493572068422488686e-01
2.486700426955482657e-01 -7.106340800876576047e-02 -5.571281948234529935e-01
5.335534169586039210e-01 -2.173591668337082339e-01 7.503903361372995517e-01
2.207647104493906665e-01 -2.705948834764203559e-01 -1.839843217826421518e-01
3.145161613726211725e-01 -3.238844729984091120e-01 7.083409408886425229e-01
3.243701158565413523e-01 -3.462966276152845690e-01 7.756196342809331679e-01
3.740040007443204972e-01 -2.810080308345631606e-01 1.107651310747675311e+00
5.750663072952335586e-01 -1.331757658137971978e-01 8.253981029591193064e-01
3.413741382016093340e-01 -3.149670983586838058e-01 9.364347975846781802e-01
5.896152482176418852e-01 -1.254311858747997610e-01 6.676786277243457191e-01
6.365289706254021462e-01 -8.773944334550401805e-03 7.102768544533858419e-01
5.894457046760501195e-02 -2.555889693957634767e-01 -4.849922134999865575e-01
1.255149418210240730e-01 -2.097710436658770661e-01 -4.951109754758270531e-01
1.774206889425729017e-01 -1.611564311240550329e-01 -5.092038566776819764e-01
1.605267178167004427e-01 -2.637155300631910393e-01 -2.125216679390330987e-01
2.569385388070238307e-01 -6.235636366260464275e-02 -5.534196754453930556e-01
2.150362198346352505e-01 -1.027329748309704360e-01 -6.143780982618766151e-01
2.399854893374129272e-01 -7.307899022987782156e-02 -5.593923133030408446e-01
1.429121242372264899e-01 -3.671989502774426484e-01 -1.829996064174397308e-01
1.582899722694653954e-01 -1.346089973043557986e-01 -5.312953784456174722e-01
1.098512838467504693e-01 -1.678322319760430781e-01 -5.255859020519275671e-01
5.401955444464391631e-02 -1.990122125793507835e-01 -5.266350968673526589e-01
9.411486090595370946e-02 -1.292535357686461217e-01 -8.191827608655124493e-01
5.902355262853917900e-02 -1.898181290956345024e-01 -7.634245716199556941e-01
5.523103226236267260e-02 -1.995410813846379972e-01 -7.267814368098153288e-01
5.209301261238937636e-02 -1.885714782574997306e-01 -6.863276589901442515e-01
4.649554754707178883e-02 -1.844138024735240688e-01 -6.502505422901663223e-01
1.491116230376059448e-01 -1.338721887409191347e-01 -6.245635268059078760e-01
1.604596844150906199e-01 -1.423238005290604624e-01 -6.418342496635168759e-01
1.712723710906461916e-01 -1.497752650297806964e-01 -6.624555828073286357e-01
1.824190354374902734e-01 -1.361884572020074513e-01 -6.834535304866612426e-01
2.828888591915020845e-01 -1.639711316823227460e-01 -3.919521152553738785e-01
7.152585233627106742e-01 4.957510630478956237e-01 3.895060965567222894e-02
1.902824978252765920e-01 -9.889348281348492309e-02 -5.993021403299630956e-01
2.018489571817242423e-01 -1.046605578961835870e-01 -6.078587208428245514e-01
1.075782091539986551e-01 -2.773288803013703729e-01 -2.578793742667904176e-01
2.020320416690477294e-01 -2.200680937893226552e-01 -2.304568242897938601e-01
1.171543077510520670e-01 -2.805264104901606381e-01 -2.420276867035431878e-01
2.681293100055032186e-01 -1.933342662443858218e-01 1.107951755891918855e-01
3.679400471658189620e-01 -1.692370218631115142e-01 4.810664425634972319e-02
2.328907177590864019e-01 -2.575402193296679187e-01 -1.314848717914832710e-01
5.209988070882765054e-01 -1.645034401013735770e-01 1.034763474332202060e+00
4.821926755845216128e-01 -2.334769926867928114e-01 9.040176739845936504e-01
4.449748762673438329e-01 -2.897123233873233894e-01 7.896753927936905892e-01
2.439628847631076236e-01 -8.761913996756554024e-02 -7.200067516422856695e-01
1.788884855348188141e-01 -3.686651306223759916e-01 7.414962224850208949e-01
1.918468503565073924e-01 -3.581418315091967064e-01 9.402247984900967692e-01
2.127717237203529399e-01 -3.466015306689579356e-01 1.144937863594177152e+00
4.503064162697562600e-01 -1.291366904385688463e-01 3.492023733771440486e-01
5.881735782594137429e-01 -3.046814373731490319e-02 2.563556121755964923e-01
1.951336609952000756e-01 -1.609362449108705517e-01 3.831357851752258403e-01
5.341026673029599658e-01 -1.238220490948893360e-01 5.035859681433135782e-01
1.627638681015965150e-01 -2.506063750352846009e-01 2.209301521187990447e-01
1.813417718261646494e-01 -3.752804587839552175e-01 -1.261038759213715943e-01
6.610873842412287038e-01 4.514483817156551837e-02 1.975587188466341182e-01
5.479695181637803669e-01 -7.703423072442017183e-02 1.850973739890281189e-01
4.708790998292338159e-01 -1.291015357836707844e-01 1.460262652214109336e-01
3.551577548071730983e-01 -1.561245150992656427e-01 1.630292142783048848e-01
2.698817770318854281e-01 -1.736641447907039393e-01 2.057685125072109822e-01
2.065281074161809394e-01 -1.950888575094895661e-01 2.491969571593148358e-01
8.246454034766863284e-02 -3.309480454490800749e-01 3.349865743439522925e-01
6.514234743257447668e-01 5.361425672180488572e-02 4.517261570316077196e-03
5.773095033851374236e-01 -9.621412624064595853e-02 5.177393168289012859e-01
5.339459996640244510e-02 -4.206591667548708058e-01 -2.376949630173139649e-01
2.013400133651801760e-01 -2.359869752088039618e-01 6.460413763509670337e-02
7.268803830023130574e-01 3.966740180334819010e-01 4.339275105449517667e-01
1.596891971059291593e-01 -2.093677807634255483e-01 2.973849423271080483e-01
2.402890522809527085e-01 -1.954024669500355194e-01 -1.269036966782991493e-01
5.031093661414609564e-01 -9.499882783557943300e-02 4.431234647194166598e-01
1.833474271649509491e-01 -3.596249390819217240e-01 -5.995359168557526375e-02
6.918568923655894487e-01 4.961546684049806255e-01 -1.812714026786580723e-01
1.951530184945353963e-01 -1.488404107666767007e-01 4.142064998336403292e-01
1.323116793558304360e-01 -4.261933747329192390e-01 -1.435860128627477333e-02
5.132628929959843767e-01 1.671753135490472719e-01 -6.784058937093039310e-01
5.138376692506926302e-01 2.906106968533864743e-01 -7.589563876969620537e-01
7.113238348733881278e-01 2.761921801618982264e-01 1.656612173817678321e-02
5.898647714702799361e-01 2.292529290296625444e-01 -5.489685087399900354e-01
6.756637906727404053e-01 1.093111948751919055e-01 5.675221043171783109e-01
2.598922901337625269e-01 1.071881951893213954e-02 -9.844125033930253288e-01
5.144319461500430901e-02 -3.338607826975955595e-01 -2.447799355835109381e-01
2.556371108671905978e-01 -2.058543796746303278e-01 -1.429645325661336010e-03
6.380558494833320493e-01 4.498829447927970432e-02 3.808203457532440828e-01
3.982650807768474133e-01 -1.536433743536985141e-01 3.790260291196521636e-01
3.450801867992459582e-01 -1.666716595400651313e-01 3.728278753559141068e-01
2.286639332776849443e-01 -8.998069605649701430e-02 -6.206897677092381160e-01
6.382630076369611993e-01 9.788040803405023693e-02 -1.723989960783469944e-01
1.502366938215172476e-01 4.536837537444209090e-02 -1.094830482903490054e+00
3.394026053172155555e-01 1.527346489637250171e-01 -9.669105025506568030e-01
4.209843225238282249e-01 2.142982884303030189e-01 -8.825511188242690652e-01
2.923437764615780532e-01 -1.692731040025217681e-01 3.808783654271749031e-01
2.428960915693378075e-01 -1.611972869227732141e-01 3.969189964882300359e-01
2.110554585088019741e-01 -1.487883519585722902e-01 4.059579724632967901e-01
6.166520201254988010e-01 -3.530452119115801146e-02 5.413950886535501272e-01
2.524953019603817239e-01 -1.819697087597821339e-01 4.783798385523088115e-01
3.067345663152278856e-01 -1.974672269873334607e-01 5.072448236908478902e-01
3.627879604570902750e-01 -1.969434974264903937e-01 5.136412122400069169e-01
4.169928480472744892e-01 -1.817656920859524461e-01 4.999903393021001285e-01
4.492184470180854983e-01 -1.595870840530209944e-01 4.771402490723296030e-01
7.117076339483093816e-01 2.686220137134702757e-01 6.293913050522447206e-01
4.343131725298594037e-01 -1.369353392434445316e-01 3.954696632519233424e-01
2.250354670087306996e-01 -2.053151463915419972e-01 -3.541404884573627898e-01
1.731367352106673585e-01 -3.044406496323426303e-01 -1.878119018340136670e-01
1.103861638779421311e-01 -2.652771361217749480e-01 -3.349675630250484870e-01
4.299849524227910558e-01 1.213980997650911664e-01 -7.982589235719474985e-01
3.485264480298721490e-01 6.956338240083714819e-02 -8.918341507445467498e-01
1.483036365849522975e-01 -4.156094001813287475e-02 -1.051895168867596375e+00
5.870680167208662814e-01 3.879894120874646246e-01 -6.122485630123951639e-01
2.132015080757662939e-01 -1.618427862244120885e-01 4.391271846759264852e-01
1.224203562217250074e-01 -3.333183069171560264e-01 1.798409522911421088e-01
2.518730196904031549e-01 8.766661947825005186e-02 -1.041673533136675545e+00
6.891042978464989588e-01 2.925516148079154721e-01 -1.827516380412806951e-01
1.015441085311169223e-01 -1.616867236915532913e-01 -6.377132453172690285e-01
1.120477666927199301e-01 -1.690651221627877676e-01 -6.657663462737272164e-01
1.195217283685835880e-01 -1.772038957803254433e-01 -7.005247410162450672e-01
1.271557103501545771e-01 -1.654717783754781901e-01 -7.337033628012439301e-01
1.755405991287909973e-01 -1.142861703762365899e-01 -7.829754621772050394e-01
2.091518739246549241e-01 -1.062804131908740291e-01 -5.335365966535471349e-01
2.216789270387148625e-01 -1.060917205466787444e-01 -5.265739564079140456e-01
2.323826342294324498e-01 -1.070821232227373299e-01 -5.180312617377377249e-01
3.311265302074817285e-01 -1.080741447695189178e-01 -4.478228084808739684e-01
5.536448030957578093e-01 -1.975061504078972491e-02 -2.376130548685049249e-01
1.221226636121626602e-01 -2.869319940894322629e-01 2.845065860724519391e-01
1.532464857796131952e-01 -2.033809280748578585e-01 4.765047677511122792e-01
1.879508918252831839e-01 -1.769701782938834789e-01 4.692802945038457851e-01
1.971054249459949226e-01 -9.832956893728336811e-02 -5.404010326704969946e-01
5.612889210105815874e-01 9.910426231869125246e-02 -4.375986124765288698e-01
9.908417272042467638e-02 -2.827579248393953804e-01 4.738726916672745260e-01
2.121564406308595607e-01 -7.279708270097562384e-02 -8.447413329888868727e-01
7.953178196208231243e-02 -3.820376023193360893e-01 2.230446169746647389e-01
1.650768648807576788e-01 -3.150344457018118827e-01 3.110402947109593835e-02
1.156809105715619901e-01 -1.038427731024431783e-01 -8.949228554297031790e-01
3.634457618247020072e-01 -2.252462231374974949e-02 -6.613820906838046021e-01
2.892845136763553260e-01 -1.722766578793017422e-01 -1.969052910483586327e-01
2.903942083702338306e-01 -4.513981075813302407e-02 -7.697623082450057996e-01
4.223839834415376582e-01 -1.504876111297922814e-01 -1.780508836030295639e-01
3.411563482190159702e-01 -1.487581016917444710e-01 -2.835950877571155049e-01
4.715413685697157353e-01 -8.029450059842073439e-02 -3.123310656096514037e-01
1.376135874049639607e-01 -8.498969661488819938e-02 -9.797911060189921084e-01
2.017354957530695381e-01 -2.639220906638687913e-01 -1.469797635564910540e-02
4.110840870852489060e-01 4.042697995428114893e-02 -7.139049608723929685e-01
3.288507022319950845e-01 1.003922350529199911e-02 -8.190099227069730370e-01
4.152327579787147838e-01 -2.556591102742759858e-02 -5.386764092881891619e-01
6.200674092570294116e-01 1.386876404181713873e-01 -3.214730814469123343e-01
4.854570553135602040e-01 3.157828728282414954e-02 -5.436305948074323657e-01
6.549319986411370476e-01 2.910884191558441025e-01 -3.700712569805880148e-01
3.879593370693402155e-01 -1.007571669529186142e-01 -3.883022550188803823e-01
1.607527824905855551e-01 -2.813149683703922710e-01 1.237542664043680962e-01
1.611349958661793536e-01 -3.829897906593086598e-01 -1.697851637177033302e-01
1.987542314234377050e-01 -3.131711861035094691e-01 -1.817618431287279235e-01
1.360832652058535930e-01 -4.355101062522866440e-01 -1.152936250676584035e-01
2.038152600962665206e-01 -2.348638513022351382e-01 5.654541042930779637e-01
3.065002418410478491e-01 -2.563604889489993210e-01 6.317565359943948522e-01
3.958248989440933951e-01 -2.543324393470716149e-01 6.431748130193979396e-01
4.669178433964648045e-01 -2.272563241445839932e-01 6.218642119634971710e-01
5.131214716941394638e-01 -1.845381228060621603e-01 5.765395003243712901e-01
5.389230137448719482e-01 -6.736975235068674850e-02 4.202472767951017096e-01
7.187598671528472316e-01 2.391449402974383520e-01 2.075003954140956508e-01
4.929430588089146470e-01 -9.799478232313037218e-02 2.821926531072628808e-01
4.309976248307159641e-01 -1.311972019984237736e-01 2.519811072933353935e-01
3.500616761954393752e-01 -1.550263435179606575e-01 2.550954894557128649e-01
2.731122355067479024e-01 -1.685550813957995553e-01 2.800832408936466678e-01
2.144088834786694875e-01 -1.733826682006776587e-01 3.121379739936751552e-01
1.739610894288855236e-01 -1.799933290208406700e-01 3.406350632048025240e-01
7.233924428593205835e-01 4.675807255529936812e-01 2.416269786086624460e-01
1.980830992306815697e-01 -2.792945293053423761e-01 -2.001819411282063088e-01
1.232812563216095364e-01 -3.709075189031886266e-01 8.618830441683555943e-02
1.186427940803691933e-01 -4.309322775187223176e-01 -1.828197372380899743e-01
8.627344248988037811e-02 -3.988123141174506059e-01 -2.206313619616898092e-01
1.185810490428833575e-01 -3.980719731193805289e-01 -1.925353205088319863e-01
1.825646207777511798e-01 -2.548989969712767145e-01 -2.227732193176434616e-01
7.354652993226959423e-02 -4.138314685920692071e-01 -2.313193485009433781e-01
7.163125872661836591e-02 -3.362511375588373430e-01 -2.393536287997377610e-01
1.737904621974951380e-01 -1.580711255772508372e-01 4.107170532408940256e-01
1.423512653770400149e-01 -1.930961121567359717e-01 3.864280223796429659e-01
1.232721011519084253e-01 -2.349247361726330419e-01 3.646898567395620572e-01
4.670044884012177766e-01 -1.366500629588036642e-01 4.601210451887158825e-01
5.046692155778570443e-01 -1.404630116261855743e-01 4.987066667241895068e-01
-3.239452681122413358e-01 -1.538975051100424651e-01 4.802508592547837241e-01
-2.598995903344392677e-01 -1.598657183518003011e-01 4.783776855448992338e-01
-3.231517602337677930e-01 -1.621760523528457398e-01 5.598996508734301880e-01
-3.888558401571014511e-01 -1.478771133847592845e-01 4.821596287653796553e-01
-3.253152524933326517e-01 -1.456214710510786714e-01 4.008659753988990659e-01
3.508556029378862573e-01 -1.602561893314382591e-01 4.503003341285289896e-01
4.135531969366271210e-01 -1.659371815629651081e-01 4.471404040005786396e-01
3.499511559442110009e-01 -1.686758039766622919e-01 5.272801028273641499e-01
2.876598599995259242e-01 -1.546001793440304195e-01 4.539395592079539243e-01
3.519965285633184227e-01 -1.518528505434606490e-01 3.732892058406956926e-01
