-1.915739378358598255e-02 -2.574334776740733188e-01 -5.029503048396026799e-01
2.188802593924639092e-02 -4.626181009044417758e-01 -2.008759502006777220e-01
2.332864027814865113e-02 -2.928188307535357082e-01 -2.649363565507579232e-01
-3.260053243844925064e-02 -4.195144423650955523e-01 1.281377129347039956e-01
2.169058522138895065e-02 -4.957914141871709313e-01 -1.086447184771337920e-01
2.067602466697943120e-02 -4.867783948544241457e-01 2.237031421765023342e-02
2.285606637377576508e-02 -3.578293581613052887e-01 3.559696756444731269e-01
-4.291426277682813262e-01 -1.131809361069091302e-01 4.483477185739439541e-01
2.331025895175894286e-02 -3.424788146001413458e-01 6.095052378651915070e-01
2.235082005429100266e-02 -3.695828694707365969e-01 7.318139103905616505e-01
2.098916064056262701e-02 -3.582216136874672996e-01 1.161993375927415917e+00
-1.853976126165675017e-02 -2.435590852972358000e-01 -5.336259483956276028e-01
-1.745704282681466782e-02 -2.186076353477018896e-01 -5.612412307013419088e-01
-1.525816588972703572e-02 -1.855348249432581254e-01 -5.776496317820432047e-01
-1.778556360932031372e-02 -1.876466850228789562e-01 -5.459440782015252402e-01
-1.887046682478728601e-02 -1.907514818720459082e-01 -5.878358441989995908e-01
-2.057562947382117827e-02 -2.001183550084274787e-01 -6.388571070121553674e-01
-2.033598843334224332e-02 -1.893548933083976649e-01 -6.913017423956979712e-01
1.014334546479402598e-02 -1.280095364554139359e-01 -7.754325088094243812e-01
2.084547251569177778e-02 -4.246210191137245737e-01 -2.416370219039833123e-01
-4.031105695638096537e-02 -3.374556993225672485e-01 -2.235752232486520608e-01
-6.658087486174371072e-01 1.376535004315527222e-01 8.531862927952004183e-01
-2.549520273044871832e-01 -1.703762236982901135e-01 3.480353781286755765e-01
-3.202424030310827563e-01 -1.634108452438734482e-01 3.418469220728566071e-01
-3.810380595000100179e-01 -1.453843577049517277e-01 3.531105443088975449e-01
-4.553385817694144411e-01 -9.988846225004942292e-02 4.235205140367813148e-01
-1.974183938856307052e-01 -1.660069795261571168e-01 3.712554546491915186e-01
-3.470820415277716675e-01 -2.217115435011574320e-01 6.318366004546778214e-01
-2.725168036355089529e-01 -2.210452058599425285e-01 6.177867666970796590e-01
-4.130415977606253231e-01 -1.979854107997073009e-01 6.174353750055519008e-01
-4.548417686594555254e-01 -1.675579269941094018e-01 5.818038148192803405e-01
-5.101411794784668219e-01 -5.937257057320077802e-02 3.705572743459268348e-01
-2.284666991192151886e-01 -2.649184559336569683e-02 -8.960143426324276295e-01
-4.500226635379185325e-01 -9.672777240001974308e-02 4.839335150169090660e-01
-6.868987374517332434e-01 2.130735728798376916e-01 4.631762708238405524e-01
-5.798442204001174050e-01 -3.895955753940516346e-03 4.524697804030965442e-01
-2.983098488477924359e-01 -1.785745676843608076e-01 -4.463929533006372186e-02
-9.049187034849529021e-02 -2.529967222657823478e-01 -4.774553076027766574e-01
-8.037296636886459567e-02 -2.113171600889170720e-01 -5.489695749936075453e-01
-1.504796201266359046e-01 -2.155041614933509986e-01 -4.957696716555839433e-01
-1.815809033620668644e-01 -1.720723691329487104e-01 -5.181168929064792206e-01
-1.290381763870550869e-01 -1.896805840085374062e-01 -5.434896530501944767e-01
-1.594763283465272519e-01 -1.515659809328095964e-01 -5.434074301078232194e-01
-2.803884113880951157e-01 -5.908617513945305100e-02 -5.998015959447708934e-01
-3.234179058464387024e-02 -4.557692817795703233e-01 -1.942283558641084151e-01
-4.189672357316353429e-02 -4.865192751869662491e-01 -1.043917774575623819e-01
-5.396838140581659005e-01 -1.584941849640139622e-01 6.710197331398617404e-01
-1.675364858067050489e-01 -2.193536712343834294e-01 1.799485093024545956e-01
-1.796622328874157293e-01 -3.031327208062323808e-01 -1.340002270912042937e-01
-1.846804432991054346e-01 -2.909044547344892262e-01 -7.957978250429140199e-02
-4.856335282142117959e-01 -9.840468866687576699e-02 -7.544788027564661680e-03
-3.782041795251643579e-02 -4.659487526082884412e-01 1.823525486516054672e-02
-3.942795862228073434e-01 -2.767464182466813361e-01 7.557826741422195571e-01
-4.802670967596335827e-01 -2.239282899622112855e-01 7.309974345233682946e-01
-6.022382763170412989e-01 -3.920579280420664545e-03 9.910092876435050435e-01
-1.142574842114005423e-01 -3.246149389416868036e-01 6.467778918212243600e-01
-2.064718716766757445e-01 -1.994485586251695530e-01 5.724434866372498654e-01
-3.135843025399406847e-01 -6.109294531857599464e-02 -5.278212703873518263e-01
-6.079122758443911145e-01 4.864959336739129170e-01 -3.666586984873705934e-01
-1.317474023551280515e-01 -2.734145290387042238e-01 -1.870128586511211610e-01
-8.199485759891547709e-02 -2.746695097549633480e-01 -2.171005276711735765e-01
-2.224611806229938593e-01 -7.219802528654520324e-02 -5.345115924324219669e-01
-2.123986284037942540e-01 -8.707908725878713008e-02 -5.330575668219328378e-01
-5.119221296908561536e-01 -2.016380135818093278e-01 7.960102319489792411e-01
-1.835094821502867291e-01 -2.632275185471326662e-01 -1.680441286656388367e-01
-2.758511551572561116e-01 -3.118309339414626624e-01 7.368594871189033668e-01
-2.856168454538438595e-01 -3.335888165115239445e-01 8.094420209657908760e-01
-3.459155691132316246e-01 -2.682925156556806301e-01 1.150625027943986467e+00
-5.560884620524281230e-01 -1.173220328781068578e-01 8.813121032871925609e-01
-3.082061313869930430e-01 -3.042649329156701388e-01 9.717247876252631533e-01
-5.743182892541717210e-01 -1.106050460162220500e-01 7.239529995226632320e-01
-6.192677561228887573e-01 7.264943446553813293e-03 7.717286331533870225e-01
-8.711155280987117888e-02 -2.385505334435302771e-01 -5.186110281954242618e-01
-1.400478814135948658e-01 -2.049803492769274871e-01 -5.220509067865625186e-01
-1.716665277068109285e-01 -1.664375826108731304e-01 -5.315112032461771774e-01
-1.173085773809123544e-01 -2.575925483793778392e-01 -2.023851298540106369e-01
-2.170038289905407147e-01 -7.993492980935437697e-02 -5.340361747438782114e-01
-2.073851563760560068e-01 -1.097192685788170308e-01 -5.406865749773157592e-01
-2.065401034654930079e-01 -8.826266356203299468e-02 -5.319994123246991613e-01
-1.026542033570511797e-01 -3.658040213971903709e-01 -1.729247936490192483e-01
-1.505620397780829123e-01 -1.388399876729551341e-01 -5.521620456934814847e-01
-1.181059579798138387e-01 -1.620776906494719172e-01 -5.563493589344061796e-01
-7.290190770150245525e-02 -1.806752899954082725e-01 -5.659782142604542488e-01
-7.870259132694543136e-02 -1.235166612398483077e-01 -7.687033649167742677e-01
-9.680341616043643127e-02 -1.863928143559541450e-01 -6.773889198689559965e-01
-9.371911676698055360e-02 -1.970501896584388735e-01 -6.248980092127334185e-01
-8.627122830209024706e-02 -1.865717337402849896e-01 -5.758049101384474788e-01
-7.726523787116088005e-02 -1.832712598204744581e-01 -5.370614063887804157e-01
-1.622337603930317784e-01 -1.377019312625941405e-01 -5.204336169954177915e-01
-1.771288772007379997e-01 -1.437469367339017645e-01 -5.371121847899849033e-01
-1.926257971486660114e-01 -1.497946240053761313e-01 -5.601218564742274086e-01
-2.039924378544623329e-01 -1.356900661179781808e-01 -5.858263733695748821e-01
-2.480732668512449501e-01 -1.624184956966013837e-01 -3.903031043186819815e-01
-6.799599921540363523e-01 5.165587528015194163e-01 1.055737061278706479e-01
2.423827067156234666e-02 -3.391841044732736288e-01 -2.506268983525213878e-01
-1.827394912519063608e-01 -1.083805373857359977e-01 -5.226862364983885234e-01
-1.952055380701316900e-01 -1.122152847068607906e-01 -5.307886612088714706e-01
-6.157629936090486950e-02 -2.750140620797827395e-01 -2.539209921129805814e-01
-1.613375365545973161e-01 -2.112018339688836177e-01 -2.163533632774794768e-01
-7.144667230274398539e-02 -2.760114335135372965e-01 -2.359455273010660215e-01
-2.337962934754565236e-01 -1.902014069124491891e-01 1.340158152571055139e-01
-3.379861900851364176e-01 -1.621525034010974919e-01 8.147242743538282705e-02
-1.951338824994170995e-01 -2.501103588119760746e-01 -1.139289911793676807e-01
-5.012817347078393215e-01 -1.463629616274834955e-01 1.093394384088937299e+00
-4.571229434198553765e-01 -2.183274867284982212e-01 9.526564646706626727e-01
-4.143472807875934194e-01 -2.750415071929721567e-01 8.293545250241173283e-01
-2.388584028039340557e-01 -8.290445663389003905e-02 -6.571422266820708957e-01
-1.322228651143425027e-01 -3.631464434637138305e-01 7.691808876162362640e-01
-1.537752384666805083e-01 -3.519169469939696926e-01 9.597316674904299294e-01
-1.780060694879723182e-01 -3.379613524221278809e-01 1.169123520854753462e+00
-4.298924857919740883e-01 -1.201144744728426111e-01 3.795799642811710228e-01
-5.813685945611402062e-01 -1.437545586121937932e-02 3.118410784809325098e-01
-1.591461885804325294e-01 -1.613331597707714504e-01 3.940464428589645074e-01
-5.130634053436453623e-01 -1.103601182540096953e-01 5.489127763566252760e-01
-1.231725144748450074e-01 -2.499445150428282747e-01 2.338502364473191431e-01
-1.424218379683986901e-01 -3.697825882212405491e-01 -1.117308729181679533e-01
-6.381446792582400329e-01 6.195167018000040382e-02 2.600330650336301064e-01
-5.415132426007644995e-01 -6.349292939203129982e-02 2.347318653987038595e-01
-4.624338941187497998e-01 -1.180770753661903733e-01 1.869916926739764174e-01
-3.398502118065755973e-01 -1.496914478697733419e-01 1.909847759608507556e-01
-2.487490604146980755e-01 -1.698517001353845313e-01 2.233831048489878512e-01
-1.805756753506692347e-01 -1.924043579968200968e-01 2.610407221312402992e-01
-3.765540084674773302e-02 -3.306039279158158317e-01 3.408139728862880080e-01
-6.261116395028305526e-01 6.855691743584030329e-02 6.398099692766942570e-02
-5.642094801093255896e-01 -8.183006726792935170e-02 5.718147201651107014e-01
-1.284722789034821629e-02 -4.208316911150858375e-01 -2.361596469123418418e-01
-1.627776494240822935e-01 -2.337491318406356433e-01 8.067950739270599025e-02
-7.042716952045819934e-01 4.151688388601633695e-01 5.062645288164618895e-01
-1.274661833241734210e-01 -2.083557934534166212e-01 3.044225625436415283e-01
-1.990394104956723642e-01 -1.878436244203607886e-01 -1.086971918282531868e-01
-4.754832431646311419e-01 -8.436992783220884085e-02 4.841921194712626719e-01
-1.458368520451328587e-01 -3.540598388136924068e-01 -4.577052372299381111e-02
-6.518615330162487176e-01 5.178634183820508552e-01 -1.222993883029361434e-01
-1.555410915694460106e-01 -1.508038759235986181e-01 4.272054107848469728e-01
-9.437932645152981304e-02 -4.232367701529925474e-01 -4.432213656539445157e-03
-4.869356801035473192e-01 1.854269497345367723e-01 -6.462890985831765134e-01
-4.807788723171877998e-01 3.101031303429325203e-01 -7.304678287550858684e-01
-6.756694205313604762e-01 2.943524311780805203e-01 8.027914231475186124e-02
-5.601796740233426775e-01 2.480297707188450773e-01 -5.066270391864129419e-01
-6.556678001351559093e-01 1.260847454250297872e-01 6.334250444883170461e-01
-2.361181960810610492e-01 2.147849559207556241e-02 -9.756610175689104381e-01
-2.181645073870090018e-03 -3.344584462235363764e-01 -2.453376755512948482e-01
-2.203207391098191137e-01 -2.005321690049259864e-01 2.014250867899433639e-02
-6.344398575340298718e-01 6.068615377249907822e-02 4.488054085762395173e-01
-3.707091228261400473e-01 -1.462389827867077718e-01 4.016282354031320279e-01
-3.170441499326638324e-01 -1.615264147439142151e-01 3.897604978562682065e-01
-2.173991201231585679e-01 -9.763552997647245713e-02 -5.535816820940474559e-01
-6.107900931651064624e-01 1.132622495046653605e-01 -1.176696030782261315e-01
-1.151880736395985150e-01 5.106588730395617698e-02 -1.092608795740386940e+00
-3.055133719529117275e-01 1.662222185981977463e-01 -9.568950741559889561e-01
-3.871145488676772661e-01 2.304368647967349193e-01 -8.657181207036505066e-01
2.153736040648195418e-02 -3.681500056392075226e-01 9.430014964862815097e-01
1.895971409850838452e-02 3.159170434807360983e-02 -1.112265501794621692e+00
-2.620633793976447912e-01 -1.658084876963560328e-01 3.958124663618645123e-01
-2.081437306836466106e-01 -1.605654066597546614e-01 4.112843820716963750e-01
-1.723722740573113144e-01 -1.502305747815319559e-01 4.200584856039912274e-01
-6.082503673102577224e-01 -2.097897497806314182e-02 6.066763358029710895e-01
-2.203171930097390374e-01 -1.808702560189281439e-01 5.060362847605806014e-01
-2.797925032530549361e-01 -1.930768900913396036e-01 5.407439516218031095e-01
-3.366468116261834842e-01 -1.900159024871610480e-01 5.492122742782609146e-01
-3.901957956259001215e-01 -1.723889721488278681e-01 5.369183980573717374e-01
-4.219452116765544658e-01 -1.492939554869529561e-01 5.147550007633217017e-01
-6.963637424014432753e-01 2.880886718163090943e-01 7.018942819812479250e-01
-4.058129999281099853e-01 -1.282777614441973357e-01 4.235985832432467291e-01
2.023015985520299279e-02 -2.692238424808554020e-01 -3.375256520306647023e-01
-1.904671119270372470e-01 -2.002797999258508765e-01 -3.465279841856673815e-01
-1.312521464016935258e-01 -2.987677793888657285e-01 -1.758096821900276274e-01
-7.008325091778612459e-02 -2.620019376101936359e-01 -3.367707725145593911e-01
2.318036433326513268e-02 -3.266172136789076696e-01 4.860398185162183582e-01
-4.047799848726241767e-01 1.385289478259703888e-01 -7.759661058180925552e-01
-3.257654120909487805e-01 8.471572025789769755e-02 -8.777812559182622820e-01
-1.228186296550114881e-01 -3.530183718070599441e-02 -1.047225896555751046e+00
-5.491802999976165278e-01 4.071871511152745371e-01 -5.726377669900428735e-01
-1.762513185213226696e-01 -1.637050069635996863e-01 4.573155603827193105e-01
-8.063019869405743667e-02 -3.319219998493926904e-01 1.891836313969170735e-01
1.394177862179325940e-02 -5.270282766329961732e-02 -1.065223930377854344e+00
-2.182267296063905848e-01 9.743984278601135196e-02 -1.037130434048134209e+00
-6.529644449534033335e-01 3.110486075012923735e-01 -1.242388431802265436e-01
-1.268657579163851301e-01 -1.627928344543178862e-01 -5.263884842713847378e-01
-1.412557326691259441e-01 -1.686867601204094513e-01 -5.555841984022780178e-01
-1.526693761760239687e-01 -1.763821437078440246e-01 -5.919250445163523056e-01
-1.597788334488023099e-01 -1.643769844844190087e-01 -6.366023647440306465e-01
-1.693802861406294435e-01 -1.108497019308195691e-01 -7.203093212391700195e-01
-1.815852247558272792e-01 -1.193468649831421480e-01 -5.458578326938828829e-01
-1.912416523759646880e-01 -1.224854409876274947e-01 -5.408775550338917881e-01
-1.996403449214628201e-01 -1.253076621830458426e-01 -5.347131946680880876e-01
-2.869720803157621014e-01 -1.179140262363458092e-01 -4.573397866910460241e-01
-5.326534387313944796e-01 -5.673154125359696279e-03 -1.909599431557474358e-01
-7.929242869822114570e-02 -2.863037115731597027e-01 2.942343516486612409e-01
-1.112002821064636132e-01 -2.015457252050406600e-01 4.934936394076365196e-01
-1.505851847895437468e-01 -1.783031488849796120e-01 4.882872372366286462e-01
-1.716391955616809739e-01 -1.115388552674206613e-01 -5.502801588046277725e-01
-5.368264055159707171e-01 1.149416795575218531e-01 -3.961702710258616644e-01
-5.918356495887636126e-02 -2.825523267120325643e-01 4.837884979837678845e-01
-2.021815297939465184e-01 -6.513054675277743510e-02 -8.029279983357445749e-01
2.139488985078419336e-02 -4.423788278597345358e-01 1.361264927849487050e-01
-3.641069727495502978e-02 -3.806109414709509808e-01 2.283560073795472267e-01
2.231298937585190698e-02 -3.980616141766101235e-01 2.419470568781737774e-01
-1.259425423230828289e-01 -3.110006078746018199e-01 4.446731320493936546e-02
1.216450478731280656e-02 -9.859184412780880313e-02 -9.833242314618473312e-01
1.150422733625993885e-02 -1.123049090607708966e-01 -8.690675278148357608e-01
-9.744515471268393181e-02 -9.739581784062446845e-02 -8.596659550908528624e-01
-3.416845528264440546e-01 -1.419158102129284942e-02 -6.294195514644731482e-01
-2.555188646691926024e-01 -1.629175333466519882e-01 -1.733590774011253277e-01
-2.836030899336938194e-01 -3.506709328352090871e-02 -7.259106216230819530e-01
-3.996103472023180281e-01 -1.381470218030405039e-01 -1.410843896651856610e-01
-3.163257221249720086e-01 -1.396904581222999098e-01 -2.560314953475253397e-01
-4.529317224492128147e-01 -6.870990846250363271e-02 -2.761126688163291210e-01
-1.166128368355991152e-01 -7.937640653847737038e-02 -9.684957695370969288e-01
-1.636604936820031941e-01 -2.587903439861438670e-01 8.795225945547784432e-04
-3.915035846382220464e-01 5.531072951126670550e-02 -6.882189343963611705e-01
-3.135094147150111477e-01 2.371979079936718804e-02 -7.978608127985653553e-01
-3.829655399182279596e-01 -2.469911280099908180e-02 -5.206541204429935288e-01
-5.922955503405045175e-01 1.558166848917062752e-01 -2.714125450780708881e-01
-4.643830755329906856e-01 4.481664748013707011e-02 -5.135896274850977328e-01
-6.197372178786433317e-01 3.081639072650741440e-01 -3.180283797354914177e-01
-3.650435969453416085e-01 -9.807596900146046959e-02 -3.663947683585367932e-01
-1.205286200598366386e-01 -2.801650083483908094e-01 1.366706470790993722e-01
-1.224562621084515912e-01 -3.791981633579658562e-01 -1.577106382741692292e-01
-1.595768975969146797e-01 -3.059773339336842035e-01 -1.673464107747773544e-01
-9.589603983938366216e-02 -4.309108299753191540e-01 -1.047142331182893266e-01
-1.635809084232431598e-01 -2.315264004005436471e-01 5.868680625815619889e-01
-2.707846908520711304e-01 -2.472743166449471452e-01 6.577647897272158595e-01
-3.631642188514572211e-01 -2.424204687200933184e-01 6.737458927443154000e-01
-4.382178310332348059e-01 -2.138659841044918408e-01 6.570366587672628045e-01
-4.887701958783280398e-01 -1.704060887436905647e-01 6.167882255318872797e-01
-5.201463287863714591e-01 -5.460502604607737898e-02 4.681375931950890745e-01
-6.908085447080009045e-01 2.555460963238162519e-01 2.749607697309426890e-01
-4.775479412332204188e-01 -8.731843521288767951e-02 3.229760141712976207e-01
-4.154753894864987029e-01 -1.220269146747006428e-01 2.850423386921034363e-01
-3.313669229684972906e-01 -1.489099891567589595e-01 2.767080270127901254e-01
-2.498425160849723770e-01 -1.652044836118237159e-01 2.933572919549102820e-01
-1.851394313415428150e-01 -1.705410500210013947e-01 3.215059195179290619e-01
-1.402562032283307669e-01 -1.787629149746921553e-01 3.477549139635327524e-01
-6.948536124905309030e-01 4.853545683412428535e-01 3.120634803019909365e-01
-1.592303930090513409e-01 -2.720055364075283366e-01 -1.865698625387649523e-01
-8.133060582844731101e-02 -3.697964434477137852e-01 9.538507218289628276e-02
-7.909983955399650657e-02 -4.269353038520959376e-01 -1.742039964128013207e-01
-4.692459224477604773e-02 -3.957340702913331176e-01 -2.160667096608915594e-01
-7.928161084860964325e-02 -3.948999346252401454e-01 -1.841531868666457239e-01
-1.425236312024302787e-01 -2.473767056888057370e-01 -2.110239276823457633e-01
-3.385863115330235013e-02 -4.115036600130330680e-01 -2.278640208137342194e-01
-2.460286449858664973e-02 -3.351022733356884276e-01 -2.381198433526341141e-01
-1.346776341917444997e-01 -1.584750928808821846e-01 4.226827339962804797e-01
-1.048084669389852674e-01 -1.925053844429845396e-01 3.950881269973308130e-01
-8.758074936290705104e-02 -2.336168338789968713e-01 3.714024656939988178e-01
-4.384011509411741003e-01 -1.259477193299508579e-01 4.977832621206362274e-01
-4.786647981715338451e-01 -1.268437006168605663e-01 5.403533867884133812e-01
7.551895926444315843e-02 -4.191321219041371227e-01 1.234361377916266961e-01
4.587574411951806375e-01 -1.229181079783798064e-01 4.119483004403614035e-01
8.597697685698049708e-02 -3.411141766517215568e-01 -2.291997010459834172e-01
6.749467941622913081e-01 1.182424777668351634e-01 7.822094087454556366e-01
2.799446414202053646e-01 -1.729824426702531448e-01 3.208515931402262100e-01
3.418360877012317500e-01 -1.683521037875798099e-01 3.099203813809877639e-01
4.007199623159954927e-01 -1.526617331166283398e-01 3.137631546580870179e-01
4.787301541426306484e-01 -1.094062247899807300e-01 3.787320169422587757e-01
2.287504623855056984e-01 -1.681816515845726556e-01 3.478551743999672707e-01
3.749294307949080363e-01 -2.296999044976738291e-01 6.158998502655469443e-01
3.018518791421642145e-01 -2.274330338371753635e-01 6.049215779963561523e-01
4.408510422606600199e-01 -2.093279335985872291e-01 5.976408084256341624e-01
4.815449496340741820e-01 -1.811473904732908147e-01 5.559601791847603725e-01
5.246287189872211876e-01 -7.158076074016214707e-02 3.186788822186817360e-01
2.452386449690863446e-01 -3.627808863022305430e-02 -9.045329719591760353e-01
4.809975036014524918e-01 -1.070758983892299288e-01 4.481542638738152395e-01
7.087699455998826004e-01 1.951096882216551975e-01 3.947680502870077879e-01
5.900846990838031214e-01 -1.907194742977227908e-02 3.944863352239459386e-01
3.292919905857530360e-01 -1.868735490929584186e-01 -7.349013368766527110e-02
5.254832995877383589e-02 -2.523855409149382556e-01 -4.871143986163429807e-01
4.546138340587552867e-02 -2.093697659980796322e-01 -5.600987138425790324e-01
1.177440099054274519e-01 -2.113624373909506748e-01 -5.145713699517658890e-01
1.568813378897339905e-01 -1.620885959034855661e-01 -5.401848819782523181e-01
9.789520329386616759e-02 -1.843489156219390024e-01 -5.615479939120959774e-01
1.363012819184777902e-01 -1.426560011070487910e-01 -5.641071094607315040e-01
2.612550365014648657e-01 -6.369477266720896536e-02 -6.320059735998611039e-01
7.416473805747567094e-02 -4.589567008719173669e-01 -1.991976559691424065e-01
8.223623789405612450e-02 -4.900417645247786558e-01 -1.102571915295985222e-01
5.563449782540041966e-01 -1.732069691588701832e-01 6.284962493577941345e-01
2.048889793831071005e-01 -2.212972333272398839e-01 1.628547209916463845e-01
2.185439035705185329e-01 -3.099368848925422859e-01 -1.500705539578277570e-01
2.222390146662392429e-01 -2.976494961856155363e-01 -9.622163022768635832e-02
5.084325278128587478e-01 -1.095944523807312748e-01 -5.371594999983624746e-02
7.906156561304739094e-02 -4.666169755179003786e-01 1.331429093428281030e-02
4.250144286269108007e-01 -2.908616920592613786e-01 7.225069088874594980e-01
5.045263115440139501e-01 -2.391007504720945587e-01 6.939163006577409032e-01
6.154119333775456280e-01 -2.291649974701593512e-02 9.244404006947751773e-01
1.587149409158369329e-01 -3.281462561235801711e-01 6.287596336284799747e-01
2.399167125892638364e-01 -2.026109616991500217e-01 5.597964175432842415e-01
3.063208479977001519e-01 -6.159615387788841545e-02 -5.684670126583507566e-01
6.486539433505300600e-01 4.671904562093381341e-01 -4.169703474755487305e-01
1.738759938513447789e-01 -2.803439260285522372e-01 -1.991883687686731297e-01
1.265808672471997742e-01 -2.829640255996256903e-01 -2.261540495361217817e-01
2.016123041334273447e-01 -5.952970714544811304e-02 -5.750562253052450279e-01
1.865968126069814104e-01 -7.744606938555115283e-02 -5.723301306033882208e-01
5.336611296520517023e-01 -2.174030468662619675e-01 7.505418073582532656e-01
2.208092779862576571e-01 -2.710851280244209183e-01 -1.841905623877623799e-01
3.145796552643246313e-01 -3.239498581460698023e-01 7.084839232620390170e-01
3.244355990448078986e-01 -3.463665372837578804e-01 7.757762148167226535e-01
3.740795039216970874e-01 -2.810647601720945854e-01 1.107874921172217197e+00
5.751824005277033081e-01 -1.332026510702342681e-01 8.255647165975648072e-01
3.414430541277949649e-01 -3.150306832846413441e-01 9.366238431630221628e-01
5.897342785611183746e-01 -1.254565096803176294e-01 6.678134173462734191e-01
6.366574718170441294e-01 -8.775715851998950462e-03 7.104202437198685605e-01
4.946683792147819891e-02 -2.370763936208827027e-01 -5.293536487234784538e-01
1.075806053793550571e-01 -2.001545819694096617e-01 -5.406649256854527685e-01
1.468462795595704140e-01 -1.574427901967350718e-01 -5.528881758297867766e-01
1.601270878808545017e-01 -2.653143063781200350e-01 -2.133655113438967521e-01
1.935327768413565019e-01 -6.941360223720657863e-02 -5.741245565707315812e-01
1.781343819252873828e-01 -1.023892101879022715e-01 -5.662586676798915253e-01
1.797768311458306789e-01 -7.876552741110179334e-02 -5.704055354091174257e-01
1.429409750501698384e-01 -3.680496101302440093e-01 -1.836235673380728350e-01
1.284653050595547796e-01 -1.297802673066402734e-01 -5.714266172839045366e-01
9.070215141123529057e-02 -1.558979292654611437e-01 -5.729885691960738825e-01
4.252080202598666758e-02 -1.772796714695046849e-01 -5.765155496612202057e-01
9.326185131408223916e-02 -1.253150481150502871e-01 -7.725508615346254881e-01
5.736340107461833371e-02 -1.841679782544967114e-01 -6.848378790733473664e-01
5.343592586657473775e-02 -1.933909817674663856e-01 -6.316850077354074777e-01
4.954206248354547232e-02 -1.822024114689956287e-01 -5.817319054340976958e-01
4.306203972551382597e-02 -1.783650901605053352e-01 -5.427000829644217372e-01
1.334845233208253323e-01 -1.299212405682014237e-01 -5.356873967109838652e-01
1.460628333886237751e-01 -1.381660464879751471e-01 -5.537165531025822762e-01
1.589061793473864892e-01 -1.454588595446915100e-01 -5.779583095581121155e-01
1.713012267119492504e-01 -1.320139051442671962e-01 -6.045012529110911359e-01
2.635231391402597656e-01 -1.669014202459174201e-01 -4.180545966613411490e-01
7.154029183185188767e-01 4.958511442779718892e-01 3.895847292661025474e-02
1.568868916166918648e-01 -9.781950536023274745e-02 -5.440961636271212098e-01
1.674479562244524933e-01 -1.037555717672031252e-01 -5.539043465388849841e-01
1.062129480927102160e-01 -2.795047633221988681e-01 -2.610393205016077189e-01
2.013203729676419362e-01 -2.209891123929997592e-01 -2.308909385447923956e-01
1.161611248762210308e-01 -2.827767542245140375e-01 -2.444030236827579028e-01
2.681834394127098342e-01 -1.933732961782051729e-01 1.108175426969724431e-01
3.680143261644122088e-01 -1.692711870935769136e-01 4.811635492451372259e-02
2.329377332699829051e-01 -2.575922110324917469e-01 -1.315114156936272594e-01
5.211039852822698659e-01 -1.645366497258490268e-01 1.034972370306549649e+00
4.822900196745364965e-01 -2.335241265536955324e-01 9.042001591843181751e-01
4.450647069026953950e-01 -2.897708099299735607e-01 7.898348108778112664e-01
2.325027454769737767e-01 -8.524099976832742731e-02 -6.736411124972730979e-01
1.789245991834084171e-01 -3.687395559993628114e-01 7.416459142548921246e-01
1.918855800137912737e-01 -3.582141324636694546e-01 9.404146091862206625e-01
2.128146776490938141e-01 -3.466715018906481593e-01 1.145169001353207205e+00
4.503973232257080239e-01 -1.291627602945719655e-01 3.352134106105636446e-01
5.882923175614511724e-01 -3.047429759906371619e-02 2.564073647323046323e-01
1.951730541872219171e-01 -1.609687343971371032e-01 3.739659736260929068e-01
5.342104908779656824e-01 -1.238470440324173916e-01 5.115843811991178658e-01
1.627967265447664569e-01 -2.506569669475323670e-01 2.208107826038822885e-01
1.813783807392690961e-01 -3.753562196501202264e-01 -1.261293335188642395e-01
6.612208432361443844e-01 4.515395493494364643e-02 1.975986016044700699e-01
5.480801411508192666e-01 -7.704978224037957457e-02 1.851347330381934719e-01
4.709741599572714321e-01 -1.291275985427227102e-01 1.460557527482584939e-01
3.552294533422275524e-01 -1.561560332031706744e-01 1.625015583458466195e-01
2.699362602236197728e-01 -1.736992037598647509e-01 2.019865726358478220e-01
2.065698008961877885e-01 -1.951282416566736955e-01 2.436239306639707280e-01
8.248118812364096941e-02 -3.310148565765768658e-01 3.350542087989299977e-01
6.515549823899136062e-01 5.362507925572450318e-02 4.518170994341758409e-03
5.774260494695337975e-01 -9.623354774609278739e-02 5.227699216643657554e-01
5.340537815645697572e-02 -4.215873211793628728e-01 -2.388849059118857698e-01
2.013806594831678287e-01 -2.360346157859429250e-01 6.461717777945696906e-02
7.270271241558304842e-01 3.967541058258399200e-01 4.340151189976433899e-01
1.597214348406865714e-01 -2.094100475109909598e-01 2.907135508773838195e-01
2.403375613527804766e-01 -1.954419144080642989e-01 -1.269293157420016138e-01
5.032109328510041557e-01 -9.501800600836465827e-02 4.441047380358814634e-01
1.833844409757316996e-01 -3.596975394431758954e-01 -5.996569700573359252e-02
6.919965630470783502e-01 4.962548311140967394e-01 -1.813079973857802396e-01
1.951924155944104178e-01 -1.488704583702117890e-01 4.101740193903921083e-01
1.323383901722268163e-01 -4.262794137964189267e-01 -1.436150147890429864e-02
5.133158999846412218e-01 1.672090625659742036e-01 -6.785878491531898149e-01
5.139414017685453029e-01 2.906693647578698081e-01 -7.591096042899594387e-01
7.114674355021779473e-01 2.762479292477874604e-01 1.656946305958620011e-02
5.899838521870097718e-01 2.292992101510682168e-01 -5.490793334012423754e-01
6.758001923233448727e-01 1.093332603905804723e-01 5.676366584663459225e-01
2.599447566679218280e-01 1.072098366388127624e-02 -9.835235534590993645e-01
5.108233978943901160e-02 -3.361368188633907517e-01 -2.477896792611623544e-01
2.556887183742960201e-01 -2.058959371438322528e-01 -1.429934944262855299e-03
6.381846589182149643e-01 4.499737662591765663e-02 3.808972330380465121e-01
3.983454817323905939e-01 -1.536743915698873253e-01 3.688571478493987144e-01
3.451498508950877619e-01 -1.667053068803311944e-01 3.615778687052000895e-01
1.884711551714692845e-01 -9.048625723940538490e-02 -5.812786647494903036e-01
6.383918588925163728e-01 9.790016994380759674e-02 -1.724337996418237040e-01
1.502670233038743697e-01 4.537753123703505698e-02 -1.095051505085026911e+00
3.394711232342976226e-01 1.527654827282551309e-01 -9.671057005031816756e-01
4.210693099943177420e-01 2.143415505388650277e-01 -8.827292864736413502e-01
2.924027942366959620e-01 -1.693072765171770855e-01 3.710325939933271089e-01
2.429451269450272344e-01 -1.612298291076774692e-01 3.898711327421082729e-01
2.110980659613651278e-01 -1.488183890525797137e-01 4.004867252491626228e-01
6.167765085982492845e-01 -3.531164940174250783e-02 5.427059464135286504e-01
2.525462752054078441e-01 -1.820064444395350645e-01 4.855408723057383358e-01
3.067964892741320559e-01 -1.975070912749762875e-01 5.194406669319047154e-01
3.628611993627544607e-01 -1.969832559846603215e-01 5.269527338127701910e-01
4.170770297269043581e-01 -1.818023865792285365e-01 5.109208084221043000e-01
4.493091343369872148e-01 -1.596193011734001743e-01 4.840850726541383597e-01
7.118513120576861475e-01 2.686762425867130211e-01 6.295183492315405971e-01
4.344008508018491477e-01 -1.369629834750235031e-01 3.881689964085744959e-01
2.150233891169472111e-01 -2.053409463826636749e-01 -3.668332990348930345e-01
1.731716877074401806e-01 -3.056157111722269670e-01 -1.885172360781359746e-01
1.065029046264706208e-01 -2.647851372004768056e-01 -3.444459723233621595e-01
4.300692674142522209e-01 1.214226113886184288e-01 -7.984199169182359945e-01
3.486028740565523254e-01 6.958625322916103806e-02 -8.914143664997943306e-01
1.483335758255924786e-01 -4.156933025732786197e-02 -1.051669968952223755e+00
5.871865328343580659e-01 3.880677466489964589e-01 -6.123721625240572397e-01
2.132445487685106777e-01 -1.618754587214204510e-01 4.394415355472837126e-01
1.224450701976501910e-01 -3.333855965482828143e-01 1.798772582218096383e-01
2.519238673103330051e-01 8.768431944886376228e-02 -1.041883824099832490e+00
6.892434128397283422e-01 2.926106825783914567e-01 -1.827885315753483564e-01
9.407054648909431160e-02 -1.562255401865910998e-01 -5.382507981975384048e-01
1.061361792148449029e-01 -1.632385881407483752e-01 -5.680097740697876985e-01
1.158205012649371757e-01 -1.712710184430671356e-01 -6.047988702186981591e-01
1.247276076247378629e-01 -1.598706072417745150e-01 -6.499207969056357559e-01
1.743530896753748005e-01 -1.107119344947668643e-01 -7.279449021580888246e-01
1.624654421066779042e-01 -1.074142392957637138e-01 -5.721032146910578486e-01
1.718578711683523830e-01 -1.084986494816099212e-01 -5.689941767486019764e-01
1.807338527379865334e-01 -1.104605258289314274e-01 -5.643953031139077314e-01
2.942239530271178460e-01 -1.161910917090826639e-01 -4.913090110593043014e-01
5.541735801671543449e-01 -2.071891153894690404e-02 -2.389872934186071107e-01
1.221473174905010617e-01 -2.869899193447814634e-01 2.841845963076859438e-01
1.532774228727328270e-01 -2.034219862086127928e-01 4.809802996442786860e-01
1.879888349742744602e-01 -1.770059046784556167e-01 4.744396962117222727e-01
1.532914071194632077e-01 -9.866872114806488070e-02 -5.746554188765711224e-01
5.611957927931970902e-01 9.645303686598609427e-02 -4.430210245599203178e-01
9.910417563443957301e-02 -2.828150074420180404e-01 4.746257415856250383e-01
2.121377889503450465e-01 -7.136819105580290146e-02 -8.103174728547273276e-01
7.954783767867518174e-02 -3.821147273040823578e-01 2.230896447744872557e-01
1.651101902670772392e-01 -3.150980442237160117e-01 3.111030818783180885e-02
1.153501393475129810e-01 -1.024384184222847244e-01 -8.628621193580868765e-01
3.328451159589029817e-01 -2.496863844476655825e-02 -6.614654705663916001e-01
2.893429138536394163e-01 -1.723114367453882356e-01 -1.969450418935015934e-01
2.859189025372099735e-01 -4.393542811397732617e-02 -7.405762132992788072e-01
4.224845529183378079e-01 -1.505533643413013711e-01 -1.781354759833543855e-01
3.405404376328263760e-01 -1.506027320082031218e-01 -2.875207936378798568e-01
4.716095717152535283e-01 -8.552117991680405207e-02 -3.220805581914612525e-01
1.376148820841160136e-01 -8.492444435465737462e-02 -9.733031394880367060e-01
2.017762217102483102e-01 -2.639753707260749094e-01 -1.470094706997921927e-02
4.033247786461716666e-01 4.037716763898692440e-02 -7.139754442957262359e-01
3.278674786577251976e-01 1.041119852383610295e-02 -8.123879679384613528e-01
3.811425074046582706e-01 -3.407296016282107542e-02 -5.660859098624052566e-01
6.201965893423611043e-01 1.387063657708072495e-01 -3.215507266995973890e-01
4.741116718644876604e-01 2.596679962027064609e-02 -5.587664142299153536e-01
6.550642149991561247e-01 2.911471754645779675e-01 -3.701459662235430104e-01
3.746908660686981141e-01 -1.083977856574722676e-01 -4.102153439906657817e-01
1.607852349398267711e-01 -2.813717596718576797e-01 1.237792416300353415e-01
1.611675254758900833e-01 -3.833639118550725700e-01 -1.699892933380222071e-01
1.987943555289543585e-01 -3.137879983812817963e-01 -1.820978645641891103e-01
1.361107374224352351e-01 -4.355980261588551783e-01 -1.153169003133952542e-01
2.038564059120986371e-01 -2.349112651453730827e-01 5.744962819906616058e-01
3.065621174949971217e-01 -2.564122424902208208e-01 6.410315660069985100e-01
3.959048072806233831e-01 -2.543837834697078026e-01 6.516821567618616973e-01
4.670121038340006026e-01 -2.273022021954008154e-01 6.303249741479708401e-01
5.132250596274663401e-01 -1.845753769920902843e-01 5.852055665816644492e-01
5.390318104417473055e-01 -6.738335282114009395e-02 4.182130513169902697e-01
7.189049689529156684e-01 2.391932183982342641e-01 2.075422851776529132e-01
4.930425731647282706e-01 -9.801456531319735488e-02 2.745409914436092724e-01
4.310846337665877881e-01 -1.312236878263670081e-01 2.426411664669256840e-01
3.501323459443670405e-01 -1.550576399251899495e-01 2.433115746279037317e-01
2.731673708569584691e-01 -1.685891089574914625e-01 2.667678640367050491e-01
2.144521679139381465e-01 -1.734176703459090474e-01 2.986250639729463030e-01
1.739962083446341123e-01 -1.800296657130166789e-01 3.287617336696619930e-01
7.235384798744792789e-01 4.676751198118493380e-01 2.416757577783734123e-01
1.980668463554960401e-01 -2.801608866849522039e-01 -2.006417634968331032e-01
1.233061440943197945e-01 -3.709823969690232426e-01 8.620570795751270055e-02
1.186667454496275059e-01 -4.312069056560738356e-01 -1.829770724475143773e-01
8.629085919937606874e-02 -3.999412039652147088e-01 -2.219073843321695272e-01
1.186049879471773177e-01 -3.988374485140963599e-01 -1.931677408617932246e-01
1.820471271187421580e-01 -2.561983053263887644e-01 -2.234676559986829292e-01
7.356137735818979451e-02 -4.148053999020849814e-01 -2.325062441153010195e-01
7.136104591637561223e-02 -3.384204699234898972e-01 -2.420588341730138537e-01
1.738255466673606087e-01 -1.581030366589742109e-01 4.062066712082781916e-01
1.423800029649218701e-01 -1.931350940124859084e-01 3.802647117223625917e-01
1.232969870763914455e-01 -2.349721623070864518e-01 3.603285469240570249e-01
4.670987663304733695e-01 -1.366776495993785867e-01 4.640972660727512022e-01
5.047710971866753438e-01 -1.404913680171882562e-01 5.080019895609919622e-01
-3.240106655330976526e-01 -1.539285736296385487e-01 4.803237688653724247e-01
-2.599520583423484132e-01 -1.598979917223127267e-01 4.784471234522250094e-01
-3.232169974628454345e-01 -1.622087921289514789e-01 5.598466797294388009e-01
-3.889343415940242354e-01 -1.479069665197514372e-01 4.822229896096597579e-01
-3.253809264838874449e-01 -1.456508688215215896e-01 4.010497496590386124e-01
3.509264329631519019e-01 -1.602885415294487137e-01 4.522624396310189199e-01
4.136366842263911048e-01 -1.659706806282905678e-01 4.487496572960381624e-01
3.500218033815321039e-01 -1.687098559095867034e-01 5.421739230786606356e-01
2.877179321949848712e-01 -1.546313897180912056e-01 4.566307793836671403e-01
3.520675889163604189e-01 -1.518835062922946899e-01 3.622698530070116441e-01
