-1.544563945053992193e-02 -2.956032799465424521e-01 -5.005551526748597269e-01
2.343769169454112955e-02 -4.952729805887434722e-01 -2.150217817758870442e-01
2.638152517453057344e-02 -3.109120007564780686e-01 -2.795149179356126723e-01
-3.490864048183633939e-02 -4.492159406632623142e-01 1.372098250679709697e-01
2.322627223232301419e-02 -5.308932995041737435e-01 -1.163367344443694273e-01
2.213988109108007418e-02 -5.212421610714890186e-01 2.395412894456744324e-02
2.447426910519134857e-02 -3.831635707632463639e-01 3.811722149967000650e-01
-4.595257987420175994e-01 -1.211941128695787073e-01 4.808158515511637976e-01
2.496061838320601245e-02 -3.667262132633597460e-01 6.526580282271066125e-01
2.393325149589418943e-02 -3.957492271930851402e-01 7.836261185507842342e-01
2.247518699887110505e-02 -3.835835978645107947e-01 1.244262162868374766e+00
-1.429114883191170970e-02 -2.841493757803918996e-01 -5.285362992649940139e-01
-1.251965573920235664e-02 -2.603888818056165899e-01 -5.554551168968806518e-01
-9.873170934691796741e-03 -2.246706158093576544e-01 -5.740321995966735091e-01
-1.734634202920552759e-02 -2.036192167066011027e-01 -6.749038542335599189e-01
-1.835943517252811019e-02 -2.070482555481047982e-01 -7.171260722528587372e-01
-2.025663190854640194e-02 -2.169349628483729919e-01 -7.629621920084832531e-01
-2.000354327931819221e-02 -2.051714642612665340e-01 -8.057126323039511817e-01
1.218338090234816207e-02 -1.389273794668042239e-01 -8.693630852140796783e-01
2.232132579730650157e-02 -4.538127905096944747e-01 -2.575283345047835182e-01
-4.302908619495754428e-02 -3.590961185858465576e-01 -2.370667667272580159e-01
-7.129478108687314908e-01 1.473993275019025440e-01 9.135916296904245115e-01
-2.730025553444925812e-01 -1.824388098864881957e-01 3.784969577892003390e-01
-3.429154703395753678e-01 -1.749802846999981565e-01 3.722071642278212966e-01
-4.080154412844660961e-01 -1.556775271810950656e-01 3.836326280653106213e-01
-4.875764185296183051e-01 -1.069605357996517014e-01 4.555265737646128077e-01
-2.113955577157089483e-01 -1.777602245207332565e-01 4.023309740611955565e-01
-3.716553472944172931e-01 -2.374086551306364701e-01 6.701632628818865456e-01
-2.918109126386925212e-01 -2.366951409817308338e-01 6.552319981011418548e-01
-4.422848205774521091e-01 -2.120027192594042820e-01 6.551914559137888006e-01
-4.870444311985844266e-01 -1.794209786101697013e-01 6.178930722746001081e-01
-5.462590239290232574e-01 -6.357613305867981790e-02 3.988570377399940359e-01
-2.413634450105793805e-01 -2.814708241008948009e-02 -9.661195676751193062e-01
-4.818841348614144593e-01 -1.035760679745961754e-01 5.167869217867215870e-01
-7.355309646675967095e-01 2.281591187470932702e-01 4.959690219264889510e-01
-6.208970195083485244e-01 -4.171787189948546193e-03 4.845792783050104635e-01
-3.194300978144970493e-01 -1.912175941991833827e-01 -4.779974422141175516e-02
-9.207269705326881493e-02 -2.836491911443299596e-01 -4.795987144804767510e-01
-7.983575049640007082e-02 -2.468289869346029786e-01 -5.465553220326737627e-01
-1.581214563493267278e-01 -2.359871845413168412e-01 -4.994037346962323376e-01
-1.977735703603448192e-01 -1.836271792900345812e-01 -5.277734298962255544e-01
-1.339776751516367215e-01 -2.141757759918365700e-01 -5.473076915866283976e-01
-1.726308336400547150e-01 -1.639552427651527200e-01 -5.594307140136411949e-01
-3.035789201040546281e-01 -6.033407675927937586e-02 -6.617229399124258116e-01
-3.463157874662337044e-02 -4.879417174415068281e-01 -2.079103609557197974e-01
-4.486299919621850041e-02 -5.209646958083025137e-01 -1.117826823208450948e-01
-5.778932682891757544e-01 -1.697155263281835413e-01 7.181150355120875517e-01
-1.793980193930461153e-01 -2.348838462055580223e-01 1.926888187551922815e-01
-1.923822657765489330e-01 -3.245503297712670765e-01 -1.434832437012761863e-01
-1.977557639994576011e-01 -3.115004039907631750e-01 -8.521400754144203837e-02
-5.200162382121531479e-01 -1.053717135556925255e-01 -8.078955751076033476e-03
-4.049809130987985784e-02 -4.989377863221355902e-01 1.952630240570157882e-02
-4.221944641783248464e-01 -2.963399827119161944e-01 8.092918636787338471e-01
-5.142698649996302329e-01 -2.397823465847381819e-01 7.827506647742819013e-01
-6.448765679531476280e-01 -4.198155391255745106e-03 1.061172468319973028e+00
-1.223468802610944151e-01 -3.475975804979103412e-01 6.925695750465221678e-01
-2.210900190535591836e-01 -2.135694575176605436e-01 6.080007485630556374e-01
-3.483939230821473387e-01 -5.714041955924981098e-02 -5.558641678051206014e-01
-6.509522849669213684e-01 5.209397100012247428e-01 -3.926180257699651843e-01
-1.409837172070610434e-01 -2.913186296785108542e-01 -1.996149411890724146e-01
-8.714800463577643264e-02 -2.915449320930774135e-01 -2.308910526097146532e-01
-2.503259704328744117e-01 -6.875654254474883320e-02 -5.790950273038686369e-01
-2.371881659672047116e-01 -8.587534969855620259e-02 -5.864923861748336797e-01
-5.481660648890973597e-01 -2.159139252369168815e-01 8.523675206665393134e-01
-1.965018991480327326e-01 -2.813935325972471979e-01 -1.798177532432621017e-01
-2.953813352608536391e-01 -3.339084717291074256e-01 7.890289206174605496e-01
-3.058384335387476227e-01 -3.572068059424615694e-01 8.667502929248671606e-01
-3.704062889783288348e-01 -2.872875463207347213e-01 1.232088939213968892e+00
-5.954593605038960291e-01 -1.256283980659683719e-01 9.437087392369924999e-01
-3.300270342271116597e-01 -3.258068000710367951e-01 1.040522614854344496e+00
-6.149798540735385011e-01 -1.184358505232108172e-01 7.752086575211114550e-01
-6.631117298866961995e-01 7.779302913074465087e-03 8.263668084225539445e-01
-8.775817242769534676e-02 -2.723653778922630053e-01 -5.171360056891463053e-01
-1.463590015817516354e-01 -2.277091603408653020e-01 -5.246559344287389237e-01
-1.861781328306572059e-01 -1.790756720610695574e-01 -5.433771180719741967e-01
-1.251897493375836445e-01 -2.739165958439537807e-01 -2.159499514143969900e-01
-2.433593216633306300e-01 -7.760453906558395509e-02 -5.829353344216934296e-01
-2.255131094340280251e-01 -1.141682332369494679e-01 -6.241542559017472236e-01
-2.296878981040151313e-01 -8.784493040702873179e-02 -5.891697083466906903e-01
-1.099220905580730601e-01 -3.909234794939275837e-01 -1.846464120157725874e-01
-1.624803114673287752e-01 -1.503746833149571804e-01 -5.716398085904714765e-01
-1.225197804170591320e-01 -1.848970824510880462e-01 -5.642969612448647254e-01
-7.169139277410285782e-02 -2.147230966284781051e-01 -5.657948864190092131e-01
-8.120769057100774013e-02 -1.335767351305670037e-01 -8.602711723494063101e-01
-1.004741638899326883e-01 -2.013667762026880581e-01 -7.909057342321972328e-01
-9.727985308268771725e-02 -2.129636468530984317e-01 -7.469160018161993264e-01
-8.933734316769437189e-02 -2.018333598222887826e-01 -7.001889595062413818e-01
-8.007707448872480871e-02 -1.982327154286231963e-01 -6.605278342589326890e-01
-1.728047745699565763e-01 -1.467214294879890524e-01 -6.255632271290894053e-01
-1.877295089256603156e-01 -1.534539440885474004e-01 -6.431360207511502836e-01
-2.030400418771517446e-01 -1.602951444200009234e-01 -6.651195421417845921e-01
-2.140241487672146503e-01 -1.453793936351002181e-01 -6.893284401963351016e-01
-2.674888680521548823e-01 -1.713790854762601290e-01 -4.039347781103699297e-01
-7.281009582574360373e-01 5.531309595430577986e-01 1.130482870519394778e-01
2.628948740486157509e-02 -3.609152716307217901e-01 -2.651619288421835918e-01
-1.990970403281303591e-01 -1.128933214636385074e-01 -6.083274472928832388e-01
-2.123782419320259240e-01 -1.169357142476680211e-01 -6.161124155513157952e-01
-6.461504439596338356e-02 -2.918827774676147069e-01 -2.688467898031293712e-01
-1.719769166245965764e-01 -2.248924831136450697e-01 -2.314026805267921372e-01
-7.552541820463165578e-02 -2.928719707088012214e-01 -2.503851118351968497e-01
-2.503490018247334081e-01 -2.036676102018286638e-01 1.435040911551554998e-01
-3.619155122629913457e-01 -1.736328526273578365e-01 8.724064703413469957e-02
-2.089493035998118975e-01 -2.678180981563649254e-01 -1.219951279501158004e-01
-5.367723330919815794e-01 -1.567254159715703032e-01 1.170806382720392946e+00
-4.894871124565480791e-01 -2.337850081405168368e-01 1.020104276837203727e+00
-4.436829455761071017e-01 -2.945143644604408806e-01 8.880725963742852613e-01
-2.497359730639094888e-01 -8.874838095247294945e-02 -7.442665237073797790e-01
-1.415842048122845087e-01 -3.888571041306376763e-01 8.236386666994022221e-01
-1.646624798161533398e-01 -3.768325626359714242e-01 1.027680401921591269e+00
-1.906088464988270337e-01 -3.618889161007965427e-01 1.251897119945279968e+00
-4.603287464917493743e-01 -1.286185436987491437e-01 4.105887109803496582e-01
-6.225293189085934209e-01 -1.539322974042245384e-02 3.339193344989677126e-01
-1.704136916075815744e-01 -1.727554997106184320e-01 4.256876435561671723e-01
-5.493881425201641022e-01 -1.181735798784117053e-01 5.845624125135833182e-01
-1.318930920273853058e-01 -2.676405126974690241e-01 2.504199260296340324e-01
-1.525052619244177121e-01 -3.959630859719864837e-01 -1.196413877059959718e-01
-6.833251335904355628e-01 6.633782594530956978e-02 2.784433290403265371e-01
-5.798522198308830866e-01 -6.798821206181526744e-02 2.513508119631169269e-01
-4.951740768923129643e-01 -1.264368994081815911e-01 2.002306408675036398e-01
-3.639115061703579457e-01 -1.602895580542251786e-01 2.048955777199334971e-01
-2.663604160965560297e-01 -1.818771502106442117e-01 2.408322450216806576e-01
-1.933603796957239496e-01 -2.060265295706631417e-01 2.818496893113027202e-01
-4.032139207665902392e-02 -3.540105881180244385e-01 3.649435095273256824e-01
-6.704401581834140700e-01 7.341072689009520147e-02 6.851083670400326397e-02
-6.041553442345293234e-01 -8.762361386956685205e-02 6.105883375330396490e-01
-1.375680756213373823e-02 -4.497759409066637293e-01 -2.517687264408291492e-01
-1.743022588036596821e-01 -2.502985011601321919e-01 8.639159676541385835e-02
-7.541339226850873878e-01 4.445626697169458019e-01 5.421079241044290953e-01
-1.364907513598595523e-01 -2.231073219342505354e-01 3.288198398314088333e-01
-2.131313418217467559e-01 -2.011428974074569442e-01 -1.163929187541162813e-01
-5.091473159866355402e-01 -9.034329167063204213e-02 5.171162920080420999e-01
-1.561620579865741210e-01 -3.791271705620047339e-01 -4.901106118004927570e-02
-6.980131365328512416e-01 5.545279950603698715e-01 -1.309581508505913705e-01
-1.665533547957126492e-01 -1.614807456848632583e-01 4.594446625750923108e-01
-1.010613548178920795e-01 -4.532018081563338185e-01 -4.746011001464656154e-03
-5.214105820696768312e-01 1.985551228694715231e-01 -6.920461753919560088e-01
-5.148178741151188120e-01 3.320583401474164198e-01 -7.821847347341015499e-01
-7.235066154343439138e-01 3.151924878674017272e-01 8.596287768030341780e-02
-5.998402290709137219e-01 2.655901967641294270e-01 -5.424960835448544572e-01
-7.020888862367136163e-01 1.350115080665104106e-01 6.782713500763204451e-01
-2.519059387135523798e-01 2.306354490778078636e-02 -1.045008436494528681e+00
-1.960686350515310900e-03 -3.557773970496080906e-01 -2.596574119126171531e-01
-2.359193822002186858e-01 -2.147297871914388701e-01 2.156859181173684248e-02
-6.793580115851760581e-01 6.498271755952689244e-02 4.805806986088867472e-01
-3.969552189525593633e-01 -1.565926594655786541e-01 4.335905571093816580e-01
-3.394907818688142065e-01 -1.729624370786353449e-01 4.215943406193123355e-01
-2.363517460649027235e-01 -1.011255527360274131e-01 -6.328823889817094539e-01
-6.540338509018006619e-01 1.212811853013656682e-01 -1.260005740637909488e-01
-1.233433551452545185e-01 5.468133389977453129e-02 -1.169965174949383346e+00
-3.271434968723867520e-01 1.779907101818143378e-01 -1.024642884797892783e+00
-4.145221443000712824e-01 2.467517348684977740e-01 -9.270107073040279033e-01
2.306219914589159592e-02 -3.942149170265651925e-01 1.009765739764274528e+00
2.030205624257333530e-02 3.382838973093049706e-02 -1.191013569971763886e+00
-2.806173890601226795e-01 -1.775476795281571984e-01 4.277118307070260084e-01
-2.228802451831740639e-01 -1.719333899066788351e-01 4.433512621932644837e-01
-1.845761800198830738e-01 -1.608668549916969503e-01 4.522203439209289133e-01
-6.513143132084597831e-01 -2.246427812493567711e-02 6.496160600793077222e-01
-2.359155850373029217e-01 -1.936758165880680949e-01 5.391290135567459174e-01
-2.996017296347730507e-01 -2.067466767383330239e-01 5.742124476388559273e-01
-3.604813062057443673e-01 -2.034689721181592859e-01 5.827724525190713933e-01
-4.178215424163966851e-01 -1.845940603313345196e-01 5.703454596756039052e-01
-4.518188077222040633e-01 -1.598639233284016026e-01 5.479421071046450820e-01
-7.456660891650890299e-01 3.084852561975615082e-01 7.515881893095111010e-01
-4.345444401588349770e-01 -1.373597889704669672e-01 4.557987848767848238e-01
2.481052099554098556e-02 -2.918041500475165861e-01 -3.515525411510855847e-01
-2.008728323900430546e-01 -2.142449754329220912e-01 -3.632878652133531006e-01
-1.405447595022168983e-01 -3.186932248663987277e-01 -1.876354747947822643e-01
-7.184949329205964075e-02 -2.829247219637587296e-01 -3.514492117256218240e-01
2.482152726418558608e-02 -3.497416156936383747e-01 5.204512937472360878e-01
-4.330164533742189015e-01 1.483659778369113003e-01 -8.306506625614793471e-01
-3.474904161607899056e-01 9.080632655594056413e-02 -9.398238393207010155e-01
-1.314789002299232568e-01 -3.779875316466918544e-02 -1.121538906627637999e+00
-5.880621026211607649e-01 4.360158808431546795e-01 -6.131803513307243492e-01
-1.887298596833331121e-01 -1.752952729823775702e-01 4.898807847781123659e-01
-8.633879288640761152e-02 -3.554219791542079232e-01 2.025777682029794580e-01
1.492885241995402235e-02 -5.643417225617008981e-02 -1.140954616529130661e+00
-2.336771174439988830e-01 1.043385506635197135e-01 -1.110558961676866296e+00
-6.991941343085761318e-01 3.330707485304373883e-01 -1.330349206284542340e-01
-1.324465120976271448e-01 -1.754888672474708144e-01 -6.413673108191884076e-01
-1.472664524310540735e-01 -1.818551824541105866e-01 -6.712901736231278171e-01
-1.591680243460260602e-01 -1.900881881207270307e-01 -7.095669554158647863e-01
-1.664022280041813628e-01 -1.771269440600717893e-01 -7.503719411829612440e-01
-1.761883134868371670e-01 -1.193484782345365369e-01 -8.146245495846069495e-01
-2.033134938876669517e-01 -1.230795878282560096e-01 -5.757115187255292810e-01
-2.151900166479452370e-01 -1.252436770505915842e-01 -5.681780691657949411e-01
-2.253016614378037241e-01 -1.272951994682661736e-01 -5.595829388460797915e-01
-3.181920233210941973e-01 -1.178316009128821951e-01 -4.713254429246396260e-01
-5.703651444710144958e-01 -6.074813827119940335e-03 -2.044798505865441651e-01
-8.490630917098951347e-02 -3.065739295759251082e-01 3.151910540153115559e-01
-1.190732291523877162e-01 -2.158151028704002883e-01 5.271203051827522135e-01
-1.612465712832733544e-01 -1.909269590291751140e-01 5.213667838217983519e-01
-1.912655945957113524e-01 -1.156764938376815821e-01 -5.826815152385145247e-01
-5.748335560682926726e-01 1.230795143655788459e-01 -4.242190089055897229e-01
-6.337374383328014948e-02 -3.025569477774425753e-01 5.178631602942098677e-01
-2.118600533484322757e-01 -6.973543833188311503e-02 -8.851442210368487551e-01
2.290964171703699370e-02 -4.736991178806104763e-01 1.457642164442651822e-01
-3.898856386054916356e-02 -4.075580834254222129e-01 2.445235450841420910e-01
2.389274241662353582e-02 -4.262442585913706061e-01 2.590768368628626472e-01
-1.348592370270529361e-01 -3.330193588225782708e-01 4.761558684752725812e-02
1.302368612153381733e-02 -1.056220614255889423e-01 -1.059812082936107736e+00
1.283619946854277355e-02 -1.209642778984986178e-01 -9.564474938890992206e-01
-1.021662715114644571e-01 -1.046746170353296534e-01 -9.442435693604354086e-01
-3.654484285316121905e-01 -1.404375363475844629e-02 -6.822629700662403707e-01
-2.736095246267744585e-01 -1.744520464665266779e-01 -1.856328487482394873e-01
-2.982088946805108165e-01 -3.721947701987998736e-02 -7.986662491715610379e-01
-4.279026414567077552e-01 -1.479277900403563883e-01 -1.510731226773653901e-01
-3.382764873032328978e-01 -1.495805011939965734e-01 -2.741072984808012869e-01
-4.849991542822351676e-01 -7.357454963614451504e-02 -2.956613640095528961e-01
-1.238130661193325155e-01 -8.496453103298318155e-02 -1.042528550262973752e+00
-1.752476081736248359e-01 -2.771126237106569246e-01 9.417925338162103088e-04
-4.174226971586469936e-01 5.935133970303579920e-02 -7.403135933359217269e-01
-3.319616164568484074e-01 2.565849461577557333e-02 -8.603555176335997423e-01
-4.157043293058340083e-01 -2.262982402712601648e-02 -5.531777948650922205e-01
-6.342298999215856270e-01 1.668484600435837795e-01 -2.906284729023667079e-01
-4.972642035600713939e-01 4.799991050421464900e-02 -5.501860371392375271e-01
-6.636144293957468854e-01 3.299818289280520567e-01 -3.405446948502444116e-01
-3.926241054710828404e-01 -1.021154741713750091e-01 -3.886696106239448945e-01
-1.290620106706708015e-01 -3.000006079805572767e-01 1.463468967013137334e-01
-1.311261292055387884e-01 -4.057808343201307899e-01 -1.687504900456987533e-01
-1.708748946948945857e-01 -3.270804936498639126e-01 -1.789494817097542212e-01
-1.026854510644961693e-01 -4.614191891417362967e-01 -1.121279718859641283e-01
-1.751623883021102834e-01 -2.479184009922485998e-01 6.248121228420426831e-01
-2.899561667830785616e-01 -2.647812650436831561e-01 7.001034090965676526e-01
-3.888761380105698606e-01 -2.595837661230093740e-01 7.175279201969484433e-01
-4.692435237108960600e-01 -2.290076324518142137e-01 6.998298700452991739e-01
-5.233749810180987616e-01 -1.824707893682597781e-01 6.567980239053472502e-01
-5.569725348453302693e-01 -5.847104779074074887e-02 5.009744908902515892e-01
-7.397175851198856122e-01 2.736386842744820136e-01 2.944279190881948782e-01
-5.113581940671085846e-01 -9.350055457033545903e-02 3.487041544832549800e-01
-4.448909240368537077e-01 -1.306663841006111548e-01 3.090889220939658788e-01
-3.548276029945074406e-01 -1.594527722957250759e-01 3.012597221411728032e-01
-2.675312881045055491e-01 -1.769009121332898449e-01 3.193956283125471973e-01
-1.982472482593899965e-01 -1.826153058640411775e-01 3.491976284132933817e-01
-1.501863008860132576e-01 -1.914192764218991538e-01 3.767925817658464016e-01
-7.440490425036450084e-01 5.197175280627797100e-01 3.341574823031023822e-01
-1.704676447507796899e-01 -2.903201896943607974e-01 -1.994112819745191834e-01
-8.708878863851660102e-02 -3.959779221443915365e-01 1.021383132578718156e-01
-8.470008477238083477e-02 -4.569770055992150581e-01 -1.864287502971401222e-01
-5.024683948099267772e-02 -4.226087820093082925e-01 -2.301004453585486775e-01
-8.489472542082876494e-02 -4.221579844376210922e-01 -1.966406825952621285e-01
-1.520743545194702673e-01 -2.633164828767231569e-01 -2.254077339057714013e-01
-3.625581117839532519e-02 -4.397110471753673533e-01 -2.428723825015133286e-01
-2.605929619291923183e-02 -3.565040008299869001e-01 -2.522140160932928588e-01
-1.442127708134915975e-01 -1.696950825312193434e-01 4.548021014230949621e-01
-1.122288758221316463e-01 -2.061347086593012801e-01 4.259214543745806214e-01
-9.378144048450304249e-02 -2.501568365419837292e-01 3.998940594384532421e-01
-4.694398226140350516e-01 -1.348647805644742625e-01 5.309346481582457589e-01
-5.125541241459452557e-01 -1.358241970611906435e-01 5.749048205353455288e-01
8.086567921865184250e-02 -4.488065520268758046e-01 1.321753839360284566e-01
4.912373321903795720e-01 -1.316206736263020316e-01 4.456840250371787437e-01
9.221829847512241773e-02 -3.631931027019286162e-01 -2.431047870916330789e-01
7.227328273323196939e-01 1.266140101802681883e-01 8.375896198231069789e-01
2.997646391391084464e-01 -1.852295483899457640e-01 3.635335374796178076e-01
3.660379814903236273e-01 -1.802713828854562994e-01 3.537842307863592328e-01
4.290908169918683512e-01 -1.634701386170345216e-01 3.570481857478908783e-01
5.126241073004433879e-01 -1.171521531091312962e-01 4.156842745224562652e-01
2.449459273877213628e-01 -1.800888627169483502e-01 3.881051638808108439e-01
4.014743234758522128e-01 -2.459625897202943889e-01 6.401135483512963020e-01
3.232229028048894115e-01 -2.435352252882694302e-01 6.275697016642904913e-01
4.720631655135099081e-01 -2.241482893138413424e-01 6.215758311690136040e-01
5.156381894791994824e-01 -1.939725720797380593e-01 5.787583994359275508e-01
5.617722769451316545e-01 -7.664865947452803585e-02 3.484203542836106227e-01
2.625265447985329903e-01 -3.902353372125932918e-02 -9.773806229907160414e-01
5.150519844295708971e-01 -1.146568402892339522e-01 4.780199190020006927e-01
7.589506478764107555e-01 2.089233963743486466e-01 4.227175113536330020e-01
6.318625210505590672e-01 -2.042223462568409920e-02 4.241828554735074253e-01
3.526057660134673810e-01 -2.001041410341208859e-01 -7.869321132224105231e-02
6.270471200149030366e-02 -2.848156224763336297e-01 -4.873505081658946470e-01
5.689321884195203127e-02 -2.452180473625082957e-01 -5.553008304509419180e-01
1.371858590486092488e-01 -2.331182594966080268e-01 -5.148280968928256041e-01
1.861245398264268491e-01 -1.763181899323887913e-01 -5.442648396216651641e-01
1.167194447533119739e-01 -2.086505073432848301e-01 -5.601516751156507823e-01
1.638414374655454697e-01 -1.569050157287785741e-01 -5.716240739392006720e-01
3.027446576955121760e-01 -6.633604272418119896e-02 -6.899839080970608940e-01
7.941557955122580115e-02 -4.913444571265945804e-01 -2.132208651213562955e-01
8.805853918620626386e-02 -5.247365763481970369e-01 -1.180633701114836009e-01
5.957340379765874161e-01 -1.854699712874730011e-01 6.704540383404280490e-01
2.193950584543119531e-01 -2.369650119190858106e-01 1.743847870153858448e-01
2.340167472308696262e-01 -3.318108788480300664e-01 -1.606809102953610235e-01
2.379734710980180301e-01 -3.187229923793732933e-01 -1.030340890167869006e-01
5.444294002314342684e-01 -1.173537071575714297e-01 -5.751901921504654069e-02
8.465910104774571066e-02 -4.996533192158825187e-01 1.425694241167882459e-02
4.551053243238278867e-01 -3.114546137307916407e-01 7.736601840971335520e-01
5.402466250074144938e-01 -2.560290128060449533e-01 7.429831304743927944e-01
6.589829160327198565e-01 -2.453897700426810324e-02 9.898905238868049850e-01
1.699519117360281939e-01 -3.513789138906331377e-01 6.732756295090691623e-01
2.569027447994975955e-01 -2.169557577928682424e-01 5.813762635924133448e-01
3.539998343096919520e-01 -6.121163191798251191e-02 -5.913324409402092030e-01
6.945784504685903471e-01 5.002674021704622831e-01 -4.464917246088606628e-01
1.863005686136981476e-01 -2.989094960048632732e-01 -2.125951680602672367e-01
1.362145591082802865e-01 -3.008009458112503864e-01 -2.405007097134176375e-01
2.483169860729579348e-01 -6.001992634040481667e-02 -6.098954990016967059e-01
2.316121441515780477e-01 -7.980639575364878446e-02 -6.142290502354859072e-01
5.714441796104696714e-01 -2.327951182097676153e-01 8.036799616346979036e-01
2.364425094844491149e-01 -2.898292052990847356e-01 -1.970570348642997072e-01
3.368518017077115623e-01 -3.468854121788988998e-01 7.586443917981178231e-01
3.474055433894362999e-01 -3.708891855617935107e-01 8.307009411127586063e-01
4.005642220316874003e-01 -3.009640619669562422e-01 1.186312137541376543e+00
6.159051441693663698e-01 -1.426333593237316677e-01 8.840144706333230573e-01
3.656171212562675521e-01 -3.373347623783140570e-01 1.002936533917822004e+00
6.314872908586299793e-01 -1.343387913475507789e-01 7.150944095499722764e-01
6.817326323027761426e-01 -9.397033677073715618e-03 7.607177866146264122e-01
6.040597627739258124e-02 -2.721653269971080480e-01 -5.255429080970872580e-01
1.268500183442180518e-01 -2.235304026238896791e-01 -5.393177408033078546e-01
1.751081644997115605e-01 -1.721775826634937001e-01 -5.578931814507679388e-01
1.719090198743883358e-01 -2.825066347973448355e-01 -2.276467883630961531e-01
2.395949592652307780e-01 -7.087357176203168407e-02 -6.124186376047475733e-01
2.091150890100852422e-01 -1.098170782666163525e-01 -6.516383827177882893e-01
2.234485959941984179e-01 -8.156084600964924602e-02 -6.148047226922823683e-01
1.530611537578580039e-01 -3.933076163978199702e-01 -1.960194557840910790e-01
1.550716184592766389e-01 -1.433174228252017679e-01 -5.813968787722176845e-01
1.093253730834509163e-01 -1.780405487325256164e-01 -5.737394550404053550e-01
5.395004609983750088e-02 -2.106686300487771168e-01 -5.735402170446561865e-01
1.002923709483134473e-01 -1.361314324616191840e-01 -8.671887522328525222e-01
6.224464629532799886e-02 -1.999964784111643024e-01 -7.997405586994537074e-01
5.810490952048463775e-02 -2.101185908047251694e-01 -7.561060957174872144e-01
5.430569558920239626e-02 -1.982441622803554626e-01 -7.103498692098448863e-01
4.779911581516588237e-02 -1.939776555890160292e-01 -6.707740110739406347e-01
1.506130276569815907e-01 -1.410703094793419599e-01 -6.488256935430518624e-01
1.634797233360698598e-01 -1.500010935092541686e-01 -6.674671586707918713e-01
1.762376681357221697e-01 -1.578887713148950933e-01 -6.903774229177912503e-01
1.888992136788066878e-01 -1.434210122730825709e-01 -7.140753877410634942e-01
2.929988147578330704e-01 -1.774522239000601020e-01 -4.302042824574578983e-01
7.660532330994551664e-01 5.309572584677169083e-01 4.171672127392667129e-02
1.846547244821119538e-01 -1.052815348678873830e-01 -6.328519546591730993e-01
1.964292013599534537e-01 -1.115555765515520159e-01 -6.425755136697355319e-01
1.151613292519479415e-01 -2.971102042882511896e-01 -2.763198214452805557e-01
2.163487955962134501e-01 -2.357322196631722599e-01 -2.468387454193415875e-01
1.254325986074356081e-01 -3.005378242976808334e-01 -2.593105017454627736e-01
2.871707475120599540e-01 -2.070640682883806427e-01 1.186633919060364750e-01
3.940696314851299675e-01 -1.812555370173707381e-01 5.152297964033963895e-02
2.494296558109382334e-01 -2.758296632986623198e-01 -1.408223849832479502e-01
5.579979931375689262e-01 -1.761857958059387386e-01 1.108248107661395920e+00
5.164360102579057532e-01 -2.500575655655024043e-01 9.682172792706911224e-01
4.765751563645048705e-01 -3.102864974697683298e-01 8.457548816121196467e-01
2.546077434100548764e-01 -9.245088243718568854e-02 -7.609086367888431290e-01
1.915924078247166484e-01 -3.948462073776493053e-01 7.941542253773814508e-01
2.054710222600497627e-01 -3.835755869722834444e-01 1.006995685052989309e+00
2.278818938106735859e-01 -3.712157415725492182e-01 1.226246627556131230e+00
4.822853203441601622e-01 -1.383074454773935980e-01 3.762036574946010514e-01
6.299432394471615737e-01 -3.263186574109538940e-02 2.745609302312634892e-01
2.089912486315143036e-01 -1.723652731284397444e-01 4.117930461395487018e-01
5.720324354485084584e-01 -1.326153801474477811e-01 5.381115608026352248e-01
1.743226865788394253e-01 -2.684034059860640475e-01 2.366453872053562169e-01
1.942199163881497270e-01 -4.019313288556380925e-01 -1.350592529841854184e-01
7.080350831449555571e-01 4.835083846960214204e-02 2.115885240876813622e-01
5.868840528537755397e-01 -8.250488400799671496e-02 1.982422255957427826e-01
5.043189910233669693e-01 -1.382697942839250516e-01 1.563964485164748286e-01
3.803795934528286793e-01 -1.672118341150163889e-01 1.746946862462810390e-01
2.890476675173592191e-01 -1.859970559524637412e-01 2.209802801030054109e-01
2.211948816328151990e-01 -2.089432633870724754e-01 2.677747754538739589e-01
8.832083181951416728e-02 -3.544506104062883356e-01 3.587759392917144741e-01
6.976848822129433358e-01 5.742172002302675660e-02 4.838058749811607884e-03
6.183076427919176332e-01 -1.030468565006087411e-01 5.537353677630134641e-01
5.718646415098616043e-02 -4.505670808529083082e-01 -2.546217132652839332e-01
2.156383505442960313e-01 -2.527457966920187982e-01 6.919205690217256066e-02
7.785004292680364202e-01 4.248441707583405780e-01 4.647432526294503763e-01
1.710296651327269934e-01 -2.242362168669287392e-01 3.195584519954326463e-01
2.573533895308549591e-01 -2.092791440763808186e-01 -1.359158737118404403e-01
5.388381178924328552e-01 -1.017452526982332017e-01 4.744525648351285430e-01
1.963680050953447997e-01 -3.851640187266913706e-01 -6.421124852791282311e-02
7.409897148055888394e-01 5.313895262123047303e-01 -1.941445499140748154e-01
2.090119808205986862e-01 -1.594104427411957570e-01 4.442665114236852286e-01
1.417079090100592520e-01 -4.564598700687660937e-01 -1.537828997890525184e-02
5.496833311411459810e-01 1.790474146838239022e-01 -7.266096011289704393e-01
5.503283008319659331e-01 3.112486697134109193e-01 -8.128543394958054336e-01
7.618391192650419974e-01 2.958062091176949515e-01 1.774257924218675120e-02
6.317545342233343852e-01 2.455335263325975070e-01 -5.879539876196604453e-01
7.236466458304779970e-01 1.170740249214058393e-01 6.078251823607905280e-01
2.783487684684748942e-01 1.148002587402933983e-02 -1.054277000460586144e+00
5.508131762238105411e-02 -3.576603931173039097e-01 -2.622840887844518631e-01
2.737914039239042197e-01 -2.204733085263288483e-01 -1.531172880128994773e-03
6.833679437984985228e-01 4.818317756698164978e-02 4.078646360725068920e-01
4.265482238860451858e-01 -1.645544929889286578e-01 4.075478034728627907e-01
3.695863581370750772e-01 -1.785079932448030426e-01 4.010786414381899423e-01
2.217934994467611887e-01 -9.665365250952506759e-02 -6.614344850258708775e-01
6.835898134696272166e-01 1.048314709173286952e-01 -1.846420615975608026e-01
1.609058840586286010e-01 4.859025011632017721e-02 -1.172580827392319947e+00
3.635055782394136514e-01 1.635812336704434156e-01 -1.035576497731764967e+00
4.508808924602258905e-01 2.295168688489224174e-01 -9.452262585734039213e-01
3.131048254860568925e-01 -1.812941815614754759e-01 4.094811326288365638e-01
2.601455699949134504e-01 -1.726448532671742697e-01 4.262231265508609201e-01
2.260437465237546961e-01 -1.593546869312933989e-01 4.356573237309018243e-01
6.604441027749885507e-01 -3.781170268857575456e-02 5.796545102215020506e-01
2.704264767091590915e-01 -1.948924468124202392e-01 5.112457748914545075e-01
3.285175898700654074e-01 -2.114905348539564134e-01 5.413728572080227508e-01
3.885516648317932642e-01 -2.109296121801973456e-01 5.480489223230149420e-01
4.466059599320226781e-01 -1.946739417160270325e-01 5.338011769126227435e-01
4.811200880043386974e-01 -1.709203004320392072e-01 5.099519859421290935e-01
7.622501741670117958e-01 2.876984410048599727e-01 6.740880785085412441e-01
4.651563024093641197e-01 -1.466599221493181116e-01 4.247104226608195976e-01
2.368595844059048217e-01 -2.199778835844133917e-01 -3.828836400784125793e-01
1.854321919197288171e-01 -3.261062452263496780e-01 -2.011767839668071600e-01
1.177017795889860330e-01 -2.840937450860725466e-01 -3.594320350074624582e-01
4.605192649834148888e-01 1.300192921817189262e-01 -8.549478878828331574e-01
3.732808796234543536e-01 7.450861059578628431e-02 -9.551555495405059659e-01
1.588355490713921903e-01 -4.451242653056519671e-02 -1.126578555909429902e+00
6.287591654888213810e-01 4.155428199238708764e-01 -6.557279303029028839e-01
2.283421996780571339e-01 -1.733361932663946003e-01 4.702768320799040058e-01
1.311141449107666723e-01 -3.569891980659978259e-01 1.926125148409474352e-01
2.697600025194124562e-01 9.389234123233058948e-02 -1.115648890336711219e+00
7.380416423787861113e-01 3.133274239825989405e-01 -1.957299054858674392e-01
1.044055846370782192e-01 -1.699802750066774504e-01 -6.600202899820208913e-01
1.165605531922453419e-01 -1.776697324447318316e-01 -6.905724157216086567e-01
1.258473653843059648e-01 -1.863238098228723327e-01 -7.280478943368207112e-01
1.347615445453277383e-01 -1.739524323213923473e-01 -7.665174524703513015e-01
1.872969347954520636e-01 -1.203143224777185605e-01 -8.256939412819854773e-01
1.993420514849871816e-01 -1.153890777672217371e-01 -5.906709731816235376e-01
2.108793002217458357e-01 -1.158315153847156442e-01 -5.851160337001242162e-01
2.212276696476287441e-01 -1.173843911967631382e-01 -5.773529621398720835e-01
3.340424513509878679e-01 -1.204763416482721450e-01 -5.009392031773587384e-01
5.932044166898977622e-01 -2.171293275549449064e-02 -2.552571586758813904e-01
1.307953114001181305e-01 -3.073087206545865868e-01 3.047705044267321473e-01
1.641294190255609964e-01 -2.178242025974508334e-01 5.096581592257607429e-01
2.012983888255898135e-01 -1.895378703169525725e-01 5.018132790717138025e-01
1.880578930547065486e-01 -1.063599098992187297e-01 -5.964080186368230230e-01
6.010295210098410834e-01 1.045917796166324631e-01 -4.717711078014938941e-01
1.061207219238896604e-01 -3.028382262253292989e-01 5.074221963580829442e-01
2.271872302936457366e-01 -7.712893159384381914e-02 -8.958128773283764446e-01
8.517980103163125261e-02 -4.091683368502574414e-01 2.388843255660522136e-01
1.767999428476563217e-01 -3.374068924519291190e-01 3.331290931292821278e-02
1.236905475582197877e-01 -1.103899630112640251e-01 -9.503013981308114921e-01
3.714521037537448223e-01 -2.554016340186118783e-02 -7.140951590653417114e-01
3.098283064779328022e-01 -1.845110354442902612e-01 -2.108886925427000403e-01
3.083851844920633134e-01 -4.764110649459601943e-02 -8.170583618863966890e-01
4.523888317580451179e-01 -1.611951520228105394e-01 -1.907235594475953366e-01
3.650257416645512620e-01 -1.603755337465642139e-01 -3.059822711603366052e-01
5.050126251954560885e-01 -8.902099034046750958e-02 -3.401338160663709420e-01
1.473709631895295802e-01 -9.097748125833993171e-02 -1.049242381479535524e+00
2.160619184599249509e-01 -2.826647488084510496e-01 -1.574176614776892635e-02
4.357256895897450022e-01 4.326428774676233102e-02 -7.661382456235963367e-01
3.515950981216420246e-01 1.096689429392327941e-02 -8.773438834578226597e-01
4.248852642190672491e-01 -3.231623485667994844e-02 -5.944697007619423879e-01
6.641043616987016840e-01 1.485312824253057773e-01 -3.443101722190309300e-01
5.132901440444714858e-01 3.056007780925079631e-02 -5.909585590671384558e-01
7.014425674518109943e-01 3.117603175548588901e-01 -3.963521910292533423e-01
4.078342239528902624e-01 -1.123355525539354582e-01 -4.285034057012699904e-01
1.721687819638872963e-01 -3.012927969403977890e-01 1.325427835636949769e-01
1.725781385567048964e-01 -4.102002663658055326e-01 -1.818495420212518088e-01
2.128689370359476696e-01 -3.354339189870114701e-01 -1.946820431719931133e-01
1.457473373285628204e-01 -4.664382374271536236e-01 -1.234813027094094906e-01
2.182893790873086104e-01 -2.515429131587287870e-01 6.042117706538920885e-01
3.282666246383669773e-01 -2.745661533329957216e-01 6.751883518212054014e-01
4.239347504057944249e-01 -2.723940800144719621e-01 6.875381214419205023e-01
5.000764224997622520e-01 -2.433951308049975282e-01 6.647207523535723084e-01
5.495612418794126874e-01 -1.976432590290166935e-01 6.161436730708054199e-01
5.771951030097777213e-01 -7.215407424817521509e-02 4.504234482418028040e-01
7.698032278817845686e-01 2.561280274339750029e-01 2.222362175134484641e-01
5.279498413512939692e-01 -1.049539675145449991e-01 3.034403450211182740e-01
4.616052981899620988e-01 -1.405142860681840578e-01 2.713468067355420121e-01
3.749216123604903750e-01 -1.660356749181968183e-01 2.750652991572428707e-01
2.925075398267829030e-01 -1.805251679512187568e-01 3.020682667586902515e-01
2.296353179013960188e-01 -1.856955900561640949e-01 3.364313514341239486e-01
1.863150883738895480e-01 -1.927757127374030155e-01 3.666962521786791829e-01
7.747647900045784297e-01 5.007863798125189447e-01 2.587863298671300161e-01
2.121478470499627011e-01 -2.991619518162280666e-01 -2.144151643881281322e-01
1.320361825843502368e-01 -3.972478408238400149e-01 9.230904241567250423e-02
1.270683158893734510e-01 -4.615429725908104519e-01 -1.958077587639078798e-01
9.240022647933998634e-02 -4.271771324753992349e-01 -2.363499815862563080e-01
1.270021859740366743e-01 -4.263693807346891074e-01 -2.062326238002309964e-01
1.955069688668015226e-01 -2.730518311029206391e-01 -2.386201767409673602e-01
7.876950109308999970e-02 -4.432564334275379547e-01 -2.477932570254726130e-01
7.670658991303369589e-02 -3.602161239133327975e-01 -2.564600362761731978e-01
1.861323439003992330e-01 -1.692966848389687584e-01 4.406040086432929659e-01
1.524604650150823693e-01 -2.068090014798618093e-01 4.148482292133268690e-01
1.320263772522639600e-01 -2.516081218214594184e-01 3.912833432577713655e-01
5.001692206753238779e-01 -1.463543867197669712e-01 4.921886313206755847e-01
5.405087414010933955e-01 -1.504381152722877868e-01 5.326824401961900435e-01
-3.469505247109228030e-01 -1.648266710632451115e-01 5.135212331495597748e-01
-2.783565870992887881e-01 -1.712187221892924605e-01 5.114078656894458508e-01
-3.461006651763076647e-01 -1.736931265804764202e-01 5.938962471442836843e-01
-4.164707778125897875e-01 -1.583787359530197669e-01 5.152207956835852531e-01
-3.484177997312842834e-01 -1.559629072058021926e-01 4.329057463600103350e-01
3.757719205050702449e-01 -1.716369228071290554e-01 4.819856884415198994e-01
4.429220389887844611e-01 -1.777213556716461529e-01 4.786565280102152986e-01
3.748032434169390470e-01 -1.806544637517681906e-01 5.624089596245642753e-01
3.080882765990144989e-01 -1.655792463226513078e-01 4.857692593191942354e-01
3.769938699618613498e-01 -1.626368135639766344e-01 4.015366186583972929e-01
