-1.100930089659533061e-02 -2.838358042834107087e-01 -4.374510013430176203e-01
2.153686642839210130e-02 -4.550423723900239859e-01 -1.975342026652647798e-01
2.514482084272489509e-02 -2.839966781475093960e-01 -2.541533016667663070e-01
-3.207750733529690645e-02 -4.127839822136805115e-01 1.260819415864319892e-01
2.134259334137070599e-02 -4.878372080392536780e-01 -1.069016853004088330e-01
2.034430984131992831e-02 -4.789687886566801889e-01 2.201142199037417826e-02
2.248937615190987199e-02 -3.520885397462500954e-01 3.502586800172715620e-01
-4.222576982788827094e-01 -1.113651231015859583e-01 4.422319999580535121e-01
2.293628191270995903e-02 -3.369842719060327507e-01 5.997266693553606753e-01
2.199223572789982262e-02 -3.636534841518548333e-01 7.200730884670856202e-01
2.065242203269362919e-02 -3.524745021393956845e-01 1.143350990056748895e+00
-9.861870446411583058e-03 -2.749688563384747875e-01 -4.618007761335649608e-01
-8.455691519288080840e-03 -2.544652076443880140e-01 -4.870338976618379112e-01
-6.674474433038846653e-03 -2.210935988261229501e-01 -5.064803052688122698e-01
-1.738570458312140715e-02 -1.848173692754704334e-01 -6.482532491083423665e-01
-1.844318141919708276e-02 -1.878793952189175553e-01 -6.869721196138404151e-01
-2.012579539669490103e-02 -1.970863268042082894e-01 -7.268055017797456774e-01
-1.989023629003426608e-02 -1.864795018864285892e-01 -7.626341803361856853e-01
1.006973977953083514e-02 -1.260808820490015580e-01 -8.136638998367586861e-01
2.051103916147083497e-02 -4.164466242681542085e-01 -2.358586191249656683e-01
-3.945175616116628620e-02 -3.285223484423995255e-01 -2.163342010228860857e-01
-6.551268773908599519e-01 1.354450629958015018e-01 8.394982387844294180e-01
-2.508617164903436114e-01 -1.676428007966013212e-01 3.510982346832720591e-01
-3.151046091562336171e-01 -1.607891710625926895e-01 3.455093721634197035e-01
-3.749248933806766937e-01 -1.430518906254973077e-01 3.556480975155507096e-01
-4.480333787286717717e-01 -9.828590642153040013e-02 4.197278027626607511e-01
-1.942511212031630685e-01 -1.633436543870782631e-01 3.724157031243454652e-01
-3.415136471797612927e-01 -2.181545248196775089e-01 6.121821338875430563e-01
-2.681446931615062979e-01 -2.174988775349524506e-01 5.985259992396195772e-01
-4.064149843860483946e-01 -1.948090412081466827e-01 5.986789575671620511e-01
-4.475445362163887886e-01 -1.648697193025464580e-01 5.648904288116016748e-01
-5.019567535485303100e-01 -5.842003277530579547e-02 3.676788708742350087e-01
-2.245802423930275959e-01 -2.605196280414977250e-02 -8.950407318845468030e-01
-4.428027461803658582e-01 -9.517592171469496654e-02 4.740766184230610358e-01
-6.758785099849211608e-01 2.096551370722347651e-01 4.557453371295714373e-01
-5.705415170237336797e-01 -3.833449490282974433e-03 4.453216729825986153e-01
-2.935239288705787652e-01 -1.757096150379635069e-01 -4.392312690279233378e-02
-8.144634625616412049e-02 -2.686346218474673364e-01 -4.209143595429285511e-01
-7.035856654162198076e-02 -2.389412776959419227e-01 -4.797454523089282885e-01
-1.402564518306610997e-01 -2.215622053743149800e-01 -4.422326016604492538e-01
-1.706970259334668061e-01 -1.743712522144598709e-01 -4.793417678905396717e-01
-1.183799777833080824e-01 -2.049576274500235495e-01 -4.862593101799265738e-01
-1.489483344126589226e-01 -1.568194776331537366e-01 -5.110492380803584034e-01
-2.758488753281973516e-01 -5.794031031066154691e-02 -6.198385832155117736e-01
-3.182291497660666435e-02 -4.483072624519492955e-01 -1.910039219240822761e-01
-4.122455546640112212e-02 -4.787138261633745451e-01 -1.027169696689034656e-01
-5.310254222650150346e-01 -1.559513909898247452e-01 6.596412153083637264e-01
-1.648486221058201306e-01 -2.158344809653037766e-01 1.770615268293816436e-01
-1.767798303356802325e-01 -2.982004896024314511e-01 -1.318438980155593465e-01
-1.817175313255324220e-01 -2.862373428481345128e-01 -7.830304802053010549e-02
-4.778422896303627376e-01 -9.682594092499469118e-02 -7.423741959421387149e-03
-3.721364624494084838e-02 -4.584733257925830419e-01 1.794269356178664065e-02
-3.879539802946100346e-01 -2.723064501503382751e-01 7.436573104890243924e-01
-4.725619542654844185e-01 -2.203357070135328888e-01 7.192679725233641630e-01
-5.925762949617456865e-01 -3.857680056220494456e-03 9.751101028029345308e-01
-1.124243996573853210e-01 -3.194069944933769500e-01 6.364013412472380171e-01
-2.031593499506688660e-01 -1.962487150905442013e-01 5.558744417522905046e-01
-3.079720843214563963e-01 -5.955466570930300491e-02 -5.210767730832267519e-01
-5.981592639455398652e-01 4.786908720695965402e-01 -3.607762269676145772e-01
-1.294908978482741113e-01 -2.667557386887901005e-01 -1.830145959286949287e-01
-7.966004211480490205e-02 -2.662436143207929096e-01 -2.111473627323209035e-01
-2.159248187496809468e-01 -7.062376923134051909e-02 -5.480810613674419463e-01
-2.054508595600128273e-01 -8.541552096898868962e-02 -5.557352627260325750e-01
-5.037091311702632801e-01 -1.984030436299480948e-01 7.832394793711959791e-01
-1.805653564366254960e-01 -2.582690656707573584e-01 -1.651545131252178944e-01
-2.714255501720242436e-01 -3.068280890738596667e-01 7.250377167233803544e-01
-2.810345650773626858e-01 -3.282369000820662963e-01 7.964558019966369029e-01
-3.403658890103364865e-01 -2.639881773464597958e-01 1.132165029627507868e+00
-5.471668830636210457e-01 -1.154397823822302521e-01 8.671728141635721698e-01
-3.032614408680508467e-01 -2.993834728283444324e-01 9.561349668687173509e-01
-5.651042408932571703e-01 -1.088305591819648255e-01 7.123382937515939650e-01
-6.093325631122652464e-01 7.148394330941939406e-03 7.593474671412066002e-01
-7.739217335986070534e-02 -2.605496229058305580e-01 -4.527139833961005833e-01
-1.294723390022748111e-01 -2.157818195605834544e-01 -4.646316641244774837e-01
-1.607663297097585708e-01 -1.705333192604403525e-01 -4.940907092368676534e-01
-1.147633520004470026e-01 -2.504687221559778187e-01 -1.979438789358946571e-01
-2.102088965452517111e-01 -7.835427032172154194e-02 -5.520992461446797561e-01
-2.030274701719918251e-01 -1.077352000439229518e-01 -5.919926616412636289e-01
-1.996087796992406238e-01 -8.659282697583683963e-02 -5.582546437015489804e-01
-1.010072754916485765e-01 -3.587169361186225425e-01 -1.693353993421058412e-01
-1.403692855269178530e-01 -1.439879050990366949e-01 -5.239338185598559905e-01
-1.080017265641436408e-01 -1.783558188482487483e-01 -5.051039105115631145e-01
-6.337818034576403470e-02 -2.095984580699333522e-01 -4.995023047580654518e-01
-7.723313568348250113e-02 -1.216237004065718191e-01 -8.047234508385809892e-01
-9.503574725529859157e-02 -1.835222718836047595e-01 -7.482655426803928034e-01
-9.200823659745849259e-02 -1.940211367963564082e-01 -7.107968132600656075e-01
-8.468204189505751378e-02 -1.837168624825098462e-01 -6.692928509082911592e-01
-7.584638561842110827e-02 -1.804648559297259980e-01 -6.326829674188825248e-01
-1.595533342968447621e-01 -1.354435128069408911e-01 -5.957908590862253106e-01
-1.741563109176146318e-01 -1.414090339979484079e-01 -6.117530154697667921e-01
-1.893180622481676068e-01 -1.473843284922995156e-01 -6.310505370937651293e-01
-2.004222896817014488e-01 -1.335186922652127905e-01 -6.524330735160319694e-01
-2.390780967975716653e-01 -1.599400921575145351e-01 -3.684443399325362800e-01
-6.690510861198397663e-01 5.082713668369387428e-01 1.038799296519806320e-01
2.437333251537321735e-02 -3.301735901030483089e-01 -2.415890963047925555e-01
-1.786786178881646925e-01 -1.064286373344830589e-01 -5.779445998272529916e-01
-1.909503287787196468e-01 -1.101975567355919783e-01 -5.850378381458054555e-01
-5.852361216491318296e-02 -2.665340202042225104e-01 -2.450766244999489363e-01
-1.575246851391451930e-01 -2.058400245896436775e-01 -2.124626765816531870e-01
-6.876897935977786813e-02 -2.673922197034191983e-01 -2.286189512749791930e-01
-2.300453936782674291e-01 -1.871499196197822790e-01 1.318657323813144933e-01
-3.325637246003439462e-01 -1.595510173677668064e-01 8.016532192161238135e-02
-1.920032612675257044e-01 -2.460977250777238445e-01 -1.121011735526011299e-01
-4.932394448618388494e-01 -1.440147943621963855e-01 1.075852562905371457e+00
-4.497891130572110319e-01 -2.148247600020940229e-01 9.373725915348756210e-01
-4.076997197490126457e-01 -2.706288917566328500e-01 8.160488407361434771e-01
-2.346194773849879511e-01 -8.157265097070032223e-02 -6.973766725782332143e-01
-1.301015538199305488e-01 -3.573203206416213362e-01 7.568405703576803756e-01
-1.513081526878466421e-01 -3.462709840683612095e-01 9.443342836722141698e-01
-1.751502375155508107e-01 -3.325392854192095182e-01 1.150366742840548628e+00
-4.229955259907720588e-01 -1.181874235720679622e-01 3.796319800566113623e-01
-5.720414349598679227e-01 -1.414481744334812607e-02 3.068380708598892337e-01
-1.565929342170034877e-01 -1.587448188382939995e-01 3.932844091662891506e-01
-5.048320968209949466e-01 -1.085895576715397437e-01 5.353331954457367647e-01
-1.211964020536638181e-01 -2.459345420152571904e-01 2.301180236462912476e-01
-1.401368999344813626e-01 -3.638499987240133571e-01 -1.099383271683611329e-01
-6.279066352224462744e-01 6.095774501370995052e-02 2.558612368305473450e-01
-5.328255004571548215e-01 -6.247428681194257954e-02 2.309659557975310695e-01
-4.550148577692900154e-01 -1.161827146170036767e-01 1.839916873393560304e-01
-3.343978409772930260e-01 -1.472898801925909829e-01 1.884987678493834362e-01
-2.447582601366115329e-01 -1.671266924027153267e-01 2.222260429978266671e-01
-1.776786180278969451e-01 -1.893175277624292163e-01 2.603099352372233444e-01
-3.705127820091989876e-02 -3.252998994056309767e-01 3.353461529424334175e-01
-6.160666469722906324e-01 6.745702776743119078e-02 6.295452729431677552e-02
-5.551576119507041218e-01 -8.051723368199839581e-02 5.600996652624820049e-01
-1.264111359178804808e-02 -4.127505457320362892e-01 -2.306341413809814833e-01
-1.601661338900441378e-01 -2.299989886789084170e-01 7.938513599502003415e-02
-6.929727455102135947e-01 4.085080971934301752e-01 4.981423236300350221e-01
-1.254211856295058825e-01 -2.050130471173220448e-01 3.037635997616029426e-01
-1.958461311097473845e-01 -1.848299640997981830e-01 -1.069533103273905272e-01
-4.678548501997947806e-01 -8.301633964281179834e-02 4.744089969876550961e-01
-1.434971253940933167e-01 -3.483794965043371938e-01 -4.503620325120097356e-02
-6.414034232847413142e-01 5.095551010768204492e-01 -1.203372870754780832e-01
-1.530456754097212491e-01 -1.483844610594508562e-01 4.233124373970649779e-01
-9.286515618311597109e-02 -4.164465910114378278e-01 -4.361102410776027290e-03
-4.791235505073341283e-01 1.824520612202084335e-01 -6.359203899404295424e-01
-4.730655191760414491e-01 3.051280054107952111e-01 -7.187486026287821517e-01
-6.648293500804403067e-01 2.896299889036145769e-01 7.899118121448091279e-02
-5.511924578684203047e-01 2.440505038606310684e-01 -4.984989922003543739e-01
-6.451486247368147797e-01 1.240619107640815039e-01 6.232627196901476818e-01
-2.322673830024548081e-01 2.113825248816842556e-02 -9.612673017156045940e-01
-1.559773862613387163e-03 -3.254023758482371687e-01 -2.366335697827766094e-01
-2.167860337329336751e-01 -1.973149406183287435e-01 1.981935248310077655e-02
-6.242612516306691450e-01 5.971254156455853279e-02 4.416050201911998485e-01
-3.647616685147196947e-01 -1.438928045700997305e-01 4.004241967543935576e-01
-3.119576670804140583e-01 -1.589349733343982662e-01 3.898041421431227560e-01
-2.129587790511514034e-01 -9.583835653525818454e-02 -5.990197235047074464e-01
-6.009909111399278636e-01 1.114451351868871454e-01 -1.157817731210490364e-01
-1.133400592180237865e-01 5.024660929893706024e-02 -1.075079578106404643e+00
-3.006118737365321980e-01 1.635554408021863138e-01 -9.415431679978117918e-01
-3.809038948780358314e-01 2.267398747757716215e-01 -8.518290129034402636e-01
2.119182678154816341e-02 -3.622436084035634551e-01 9.278725223767635422e-01
1.865553482042960759e-02 3.108486756596701844e-02 -1.094420922725022782e+00
-2.578589779419113159e-01 -1.631483470515781575e-01 3.952198587188209267e-01
-2.048043865665875596e-01 -1.579893831380691505e-01 4.090652045904047407e-01
-1.696068276159182764e-01 -1.478203576471922853e-01 4.169168514112870927e-01
-5.984919312569343397e-01 -2.064239654818649655e-02 5.969241674649812257e-01
-2.167825445245428195e-01 -1.779684726051113386e-01 4.938557344403952110e-01
-2.753036654357134405e-01 -1.899792701200395673e-01 5.249145430453924233e-01
-3.312458343964672092e-01 -1.869673913259838338e-01 5.324925790818688665e-01
-3.839357077993544864e-01 -1.696232578123917922e-01 5.214911486318407619e-01
-4.151757535924440745e-01 -1.468987649600494716e-01 5.016578152183883699e-01
-6.851916635745491924e-01 2.834667218694605917e-01 6.906334742036945862e-01
-3.993023582216073120e-01 -1.262197432342747061e-01 4.200847993954129889e-01
2.482679672657853165e-02 -2.704061418403131967e-01 -3.166816456291928761e-01
-1.823973197329072649e-01 -1.968065303252538589e-01 -3.289661761383033123e-01
-1.291464087871216915e-01 -2.920560630582758055e-01 -1.720175628281046809e-01
-6.396332851902462868e-02 -2.615082904839348688e-01 -3.170409553989514406e-01
2.280847125239582329e-02 -3.213771458303756878e-01 4.782420616330891883e-01
-3.982574740367413879e-01 1.363084354568343537e-01 -7.634998302853890362e-01
-3.204487216979703401e-01 8.336284494286709534e-02 -8.647401848110209954e-01
-1.208458178944570721e-01 -3.473530596431405326e-02 -1.030721814710581219e+00
-5.403695517806113013e-01 4.006544632790722815e-01 -5.634506800087379919e-01
-1.734236388131953355e-01 -1.610786134126553915e-01 4.502570417138435088e-01
-7.933661190774425609e-02 -3.265968249143659241e-01 1.861484597968734445e-01
1.371810435464569308e-02 -5.185729233570764152e-02 -1.048623585592454832e+00
-2.147256193721182593e-01 9.587656479786160757e-02 -1.020491280890908570e+00
-6.424886407062992966e-01 3.060583009101871532e-01 -1.222456296352066041e-01
-1.246010597034587636e-01 -1.602599862068576630e-01 -6.118950354374994571e-01
-1.387204669272644741e-01 -1.660630681712769730e-01 -6.394934981436094512e-01
-1.499294097413666482e-01 -1.736345051810077589e-01 -6.747869810404854007e-01
-1.568992795384047123e-01 -1.618147947959809596e-01 -7.108518833171180162e-01
-1.663133064035737796e-01 -1.091151601581088343e-01 -7.637459712615630725e-01
-1.725398347118111408e-01 -1.206101910474625949e-01 -5.413471880540677850e-01
-1.821208739346277528e-01 -1.234092949525944088e-01 -5.344713520834891707e-01
-1.904250529049630880e-01 -1.258785778210271544e-01 -5.263170418962515029e-01
-2.792282990114872132e-01 -1.156639239164555938e-01 -4.380253058569566482e-01
-5.241078384329049822e-01 -5.582140380173994040e-03 -1.878962863226704416e-01
-7.802030436168194694e-02 -2.817104114925192970e-01 2.896994956395374521e-01
-1.094162456300927927e-01 -1.983122358773953819e-01 4.836265714486531753e-01
-1.481692784862811418e-01 -1.754425507332768586e-01 4.782385318411067066e-01
-1.629022121303254356e-01 -1.129109292084078120e-01 -5.477251536768648066e-01
-5.282138564218723520e-01 1.130976149125678398e-01 -3.898143319852829247e-01
-5.823405622842901808e-02 -2.780192117973143140e-01 4.757633091901627420e-01
-1.986252658260991288e-01 -6.408520097506634206e-02 -8.224010513084168972e-01
2.105164194548489812e-02 -4.352815440190305196e-01 1.339425667651004126e-01
-3.582654397212056696e-02 -3.745046277995529582e-01 2.246923885555098810e-01
2.195501198416432986e-02 -3.916753314614798143e-01 2.380653906931189390e-01
-1.239219890908874189e-01 -3.060110843040537154e-01 4.375390558237493566e-02
1.196920509819039344e-02 -9.701345800754140880e-02 -9.785052983920788927e-01
1.135455071965218825e-02 -1.105509051182055613e-01 -8.867534739631193208e-01
-9.573494793908771117e-02 -9.585909022973260196e-02 -8.755025061526469088e-01
-3.361739427791535784e-01 -1.388619034907625713e-02 -6.324676510653119976e-01
-2.514194598265478975e-01 -1.603037735915057715e-01 -1.705777992268713850e-01
-2.786840851593491708e-01 -3.448222017263898043e-02 -7.418253431983057311e-01
-3.931992174620034808e-01 -1.359306665804642655e-01 -1.388209089199819446e-01
-3.105551190204534073e-01 -1.374493408519990023e-01 -2.518439048585701112e-01
-4.456651337423497283e-01 -6.760756428978073607e-02 -2.716828682490536329e-01
-1.146707683927272181e-01 -7.810080051910506249e-02 -9.626323191136638702e-01
-1.610348142777909275e-01 -2.546384533195193978e-01 8.654120153300267184e-04
-3.851012023277741170e-01 5.443175432619709597e-02 -6.840620647354723749e-01
-3.082271898752498851e-01 2.335672859588658334e-02 -7.978169513331179186e-01
-3.771991527200092564e-01 -2.404542598087490088e-02 -5.125995318748892693e-01
-5.827930846400317666e-01 1.533168472635262347e-01 -2.670581507241039376e-01
-4.569329660687695416e-01 4.409832069228156876e-02 -5.057238379789972260e-01
-6.097944930805038188e-01 3.032199071076512320e-01 -3.129261064388642044e-01
-3.583758146694796531e-01 -9.630667271879606028e-02 -3.583601693591845772e-01
-1.185949248338882406e-01 -2.756701942631376578e-01 1.344779909455216804e-01
-1.204916408482974016e-01 -3.727011212713238764e-01 -1.549834235765550350e-01
-1.570167331737128413e-01 -3.001930715254991777e-01 -1.642785937775640137e-01
-9.435753625133369571e-02 -4.239975324172863269e-01 -1.030342584978664877e-01
-1.609565058413726102e-01 -2.278119175257435902e-01 5.720960598262470054e-01
-2.664403694477390783e-01 -2.433071828193163200e-01 6.409270798292067139e-01
-3.573378108507705431e-01 -2.385312073745017025e-01 6.571151818199392203e-01
-4.311873039486820991e-01 -2.104348352848148251e-01 6.409624875053233639e-01
-4.809286343148873599e-01 -1.676721867035558255e-01 6.014580638980244753e-01
-5.118013857158425495e-01 -5.372897612373443710e-02 4.601708558445986030e-01
-6.797255904330490317e-01 2.514462545914062375e-01 2.705494625430764910e-01
-4.698864233823918379e-01 -8.591754601972657890e-02 3.220450649069018789e-01
-4.088097296892634347e-01 -1.200691816298309483e-01 2.862115828806549578e-01
-3.260506533832048248e-01 -1.465209587755473830e-01 2.796378281357058126e-01
-2.458341730024602156e-01 -1.625540332780617825e-01 2.964773241391694958e-01
-1.821691556149792612e-01 -1.678049827359853752e-01 3.236699724484987106e-01
-1.380060094531292969e-01 -1.758949405874339900e-01 3.487366004939924657e-01
-6.837057613615721285e-01 4.775678052369460858e-01 3.070569045878309145e-01
-1.566191781317173015e-01 -2.661670875488006405e-01 -1.830018780415763602e-01
-8.002578209333872927e-02 -3.638636316648148350e-01 9.385477598593044979e-02
-7.783080501230082993e-02 -4.197962885440804093e-01 -1.712390234883831575e-01
-4.617175976433905704e-02 -3.875981196824979103e-01 -2.106247479961249613e-01
-7.800966006773001060e-02 -3.874689363915446161e-01 -1.803381763482183875e-01
-1.393930537941738268e-01 -2.409467290074165657e-01 -2.067682350305398431e-01
-3.331542018520971399e-02 -4.034526729943016532e-01 -2.224506740038996178e-01
-2.376193178724701413e-02 -3.260940168209162104e-01 -2.299777745704933429e-01
-1.325169399255253511e-01 -1.559326052096274007e-01 4.191598868534417432e-01
-1.031269779284663263e-01 -1.894169333955738610e-01 3.929997608418033250e-01
-8.617565174506354453e-02 -2.298688132333716605e-01 3.687065714597564936e-01
-4.313676827723326168e-01 -1.239270830406901808e-01 4.866902240670751834e-01
-4.709853620791407125e-01 -1.248086896941213580e-01 5.261799832398281751e-01
7.430737440662477100e-02 -4.124077954929884493e-01 1.214558024126142360e-01
4.513973878446401744e-01 -1.209460771158145515e-01 4.093165627245402005e-01
8.483862544938441941e-02 -3.324027138591080233e-01 -2.218924091608850402e-01
6.641183171334095192e-01 1.163454601568390812e-01 7.696600949048462148e-01
2.754533627813613439e-01 -1.702072070175233987e-01 3.330808696092979471e-01
3.363518565657837578e-01 -1.656511547581228094e-01 3.240272571795666523e-01
3.942910305179879726e-01 -1.502125118083110222e-01 3.270678252888620796e-01
4.710496695148005397e-01 -1.076509711874720776e-01 3.814794145523624502e-01
2.250805151412018090e-01 -1.654834371969877149e-01 3.558706784865124373e-01
3.689142681718254879e-01 -2.260147249236652278e-01 5.891413399800187189e-01
2.970091327691369298e-01 -2.237842226955926717e-01 5.776530996223339098e-01
4.337782693760903197e-01 -2.059695907779668655e-01 5.720578056633498498e-01
4.738193059676593655e-01 -1.782411608659385804e-01 5.326248130191060248e-01
5.162118629011119841e-01 -7.043236141965451835e-02 3.198143764233292163e-01
2.412991186099989194e-01 -3.570799486450423887e-02 -9.044843671098816706e-01
4.732806428596179060e-01 -1.053580312683203568e-01 4.393424210397285368e-01
6.973988284376535507e-01 1.919794551495169199e-01 3.884346077086562321e-01
5.806177030710961695e-01 -1.876596592394019769e-02 3.896952948107083037e-01
3.240090100801883977e-01 -1.838754521301151912e-01 -7.231109496200685549e-02
5.940095950018495219e-02 -2.706807682754842070e-01 -4.288973977729584330e-01
5.359084103754813144e-02 -2.370882630210529307e-01 -4.901331307328345432e-01
1.242958420883385900e-01 -2.180115539740653530e-01 -4.580709752789747236e-01
1.634805312684869394e-01 -1.638652812728321195e-01 -4.930311966582934802e-01
1.054315762679154667e-01 -1.975298316263515153e-01 -4.993217245432904905e-01
1.436258191272578588e-01 -1.461894929979015711e-01 -5.191004653015414139e-01
2.586341698023215674e-01 -6.254691812091885128e-02 -6.538446018075696475e-01
7.297487958366041805e-02 -4.514273683209799604e-01 -1.958768942350816444e-01
8.091688469365651559e-02 -4.821798026097873224e-01 -1.084882887175788180e-01
5.474192838596269040e-01 -1.704281313260199993e-01 6.162027369361160467e-01
2.016018527148862316e-01 -2.177468616114762168e-01 1.602419689635523892e-01
2.150377047707260902e-01 -3.048558666356686597e-01 -1.476400894576425094e-01
2.186735335260235336e-01 -2.928741705451632371e-01 -9.467789657520601920e-02
5.002755145552564287e-01 -1.078361789577563790e-01 -5.285415422145985087e-02
7.779314511751649064e-02 -4.591308280994904067e-01 1.310068939783248960e-02
4.181957297055504119e-01 -2.861952662338680398e-01 7.109154034032285630e-01
4.964319674827140649e-01 -2.352647488694955269e-01 6.827293187639957850e-01
6.055386010771089955e-01 -2.254883349477321969e-02 9.096092106493451901e-01
1.561686052539562053e-01 -3.228816571547710179e-01 6.186721581291931837e-01
2.360676201369584781e-01 -1.993603823000997255e-01 5.351027270883843556e-01
3.037217051512658417e-01 -6.028797208820338427e-02 -5.640768333267758283e-01
6.382472944323991371e-01 4.596951081805283890e-01 -4.102807033903910217e-01
1.712649540011962068e-01 -2.738410755352549408e-01 -1.949051860501730404e-01
1.256002653036230876e-01 -2.749900986828182070e-01 -2.199229915188630202e-01
2.037150946629011083e-01 -5.832352549890806870e-02 -5.844873129226149100e-01
1.895757948620676037e-01 -7.599302507265119633e-02 -5.883024750576935080e-01
5.250993625118482999e-01 -2.139151513471460597e-01 7.385005511855177174e-01
2.172667347589713194e-01 -2.660346074756895218e-01 -1.809632480420060308e-01
3.095327114159414084e-01 -3.187525838901069664e-01 6.971174207673096479e-01
3.192305318276672521e-01 -3.408096220943085397e-01 7.633300857375817650e-01
3.680779770602808920e-01 -2.765555109609338924e-01 1.090100782175561278e+00
5.659544888383650774e-01 -1.310656206260931989e-01 8.123198339221715525e-01
3.359651286079278210e-01 -3.099765033895065525e-01 9.215971627518910747e-01
5.802729045035239785e-01 -1.234437508546784440e-01 6.570993843115825461e-01
6.264432877236245645e-01 -8.634922664615853408e-03 6.990226500776595131e-01
5.712195686618336266e-02 -2.607766472186220374e-01 -4.621631456302841556e-01
1.147657180604599592e-01 -2.103225668263358217e-01 -4.798192252972219851e-01
1.538460340808876503e-01 -1.601578539134068113e-01 -5.052604803714331183e-01
1.582537104686604912e-01 -2.585693082366404827e-01 -2.086528139915334590e-01
1.961568143018676824e-01 -6.806704869244022127e-02 -5.868669906984120832e-01
1.772344147499072819e-01 -1.007585854547296544e-01 -6.219897538312642027e-01
1.829627403954554310e-01 -7.731439161458204812e-02 -5.882490452780642087e-01
1.406477082649888466e-01 -3.608945469888714674e-01 -1.797324661248699829e-01
1.357798752616712901e-01 -1.336091029715769374e-01 -5.291961309029422633e-01
9.806556706135956258e-02 -1.690960085142211300e-01 -5.136475010418635190e-01
5.032878218789697822e-02 -2.048517624358857647e-01 -5.089666497778801979e-01
9.179444074927775588e-02 -1.234356443659896663e-01 -8.113691644582736728e-01
5.649837818790460348e-02 -1.814013678624410153e-01 -7.577149367519226963e-01
5.263834998716880598e-02 -1.904929974308048890e-01 -7.211269000985444100e-01
4.883192897785511993e-02 -1.794910969991886929e-01 -6.812887835585399454e-01
4.248501110604981090e-02 -1.757047198321750603e-01 -6.452429405080377656e-01
1.318606501337628578e-01 -1.279683804028104444e-01 -6.222959692864400427e-01
1.441965602875046049e-01 -1.360878052741365529e-01 -6.391518237831301796e-01
1.567667864169781378e-01 -1.432689117129096745e-01 -6.591602448894491317e-01
1.689217731082262586e-01 -1.300348799662951471e-01 -6.792279265742779959e-01
2.637191343099142271e-01 -1.645807523866312794e-01 -3.967878084445842779e-01
7.039253853716115339e-01 4.878959798531627423e-01 3.833344450538526960e-02
1.562504305800404558e-01 -9.628631212051771970e-02 -6.047180233540707661e-01
1.665921726643422862e-01 -1.021215977706196598e-01 -6.138419675113421237e-01
1.067420731532378320e-01 -2.716073378550636908e-01 -2.518474015927445464e-01
1.993020114605759119e-01 -2.160323007597747536e-01 -2.265625994023544032e-01
1.159346835956960448e-01 -2.747079863041219649e-01 -2.367361400860358289e-01
2.638808510630438198e-01 -1.902709208298434262e-01 1.090396466822491917e-01
3.621101056960166487e-01 -1.665554927944887242e-01 4.734440407338726120e-02
2.292006077429189492e-01 -2.534595425553473058e-01 -1.294015185044099792e-01
5.127436780949582440e-01 -1.618969137535093417e-01 1.018367839943083109e+00
4.745524225121012796e-01 -2.297775932536671450e-01 8.896936924980496375e-01
4.379243322883624723e-01 -2.851218856205223751e-01 7.771631333764503768e-01
2.291531375798541714e-01 -8.395265391746793704e-02 -7.133727823069495599e-01
1.760540308231805517e-01 -3.628237003403473881e-01 7.297473530415732323e-01
1.888070727694803330e-01 -3.524671409402588829e-01 9.253271117993531192e-01
2.094003954149033786e-01 -3.411096940159251134e-01 1.126796536541766702e+00
4.431713950331416796e-01 -1.270905436473728778e-01 3.448549739426415295e-01
5.788540775370821789e-01 -2.998537979137592957e-02 2.522937052808422176e-01
1.920418045062064205e-01 -1.583862401059374925e-01 3.778448957654584328e-01
5.256399100868687224e-01 -1.218601130633260032e-01 4.949408108596488609e-01
1.601849049478432097e-01 -2.466355637314620597e-01 2.174433784600021957e-01
1.784684452504893548e-01 -3.693342098601870571e-01 -1.241057835109374563e-01
6.506125778529636694e-01 4.442952473779299138e-02 1.944284377679725839e-01
5.392870432803360536e-01 -7.581363769641466521e-02 1.821645456294502807e-01
4.634181082560049902e-01 -1.270559460114294992e-01 1.437125012333099194e-01
3.495303463773995478e-01 -1.536507512563758393e-01 1.604933243276372712e-01
2.656055505760220314e-01 -1.709124687844311985e-01 2.028305863567267942e-01
2.032557080473709199e-01 -1.919977109233764745e-01 2.457226987267117635e-01
8.115790507579676016e-02 -3.257042353518224131e-01 3.296787694766759036e-01
6.411017907889079437e-01 5.276474944584917670e-02 4.445687975294239716e-03
5.681621419043166865e-01 -9.468963260107783608e-02 5.091204213191833361e-01
5.254857311079595694e-02 -4.134659324955619608e-01 -2.332137236254136492e-01
1.981498183796389090e-01 -2.322478055704335076e-01 6.358049837343873745e-02
7.153630988113341971e-01 3.903887871183971958e-01 4.270520049844173105e-01
1.571589515410376503e-01 -2.060503872996933827e-01 2.932406007548111759e-01
2.364817170332054186e-01 -1.923063512807881570e-01 -1.248929312570440098e-01
4.951376920056685393e-01 -9.349358911463193089e-02 4.360270483123040997e-01
1.804423213542513671e-01 -3.539267489499192121e-01 -5.900363694151267852e-02
6.808945488559881021e-01 4.882931901585894630e-01 -1.783991910890094235e-01
1.920608552895727850e-01 -1.464820621993080385e-01 4.079905895038399288e-01
1.302152254570024537e-01 -4.194404201452097691e-01 -1.413109098151084549e-02
5.050822138952744123e-01 1.645264518643947682e-01 -6.676994691725877118e-01
5.056960071517009325e-01 2.860060245264567369e-01 -7.469308651899982943e-01
7.000530412880456854e-01 2.718159715769776774e-01 1.630363651401475072e-02
5.805184741067309639e-01 2.256204590978930780e-01 -5.402702050370598030e-01
6.649580238413532740e-01 1.075791806241721826e-01 5.585298324151707350e-01
2.557743452359354519e-01 1.054898166419152017e-02 -9.694956940292077663e-01
5.086052910471422495e-02 -3.271879401762680106e-01 -2.390479107220948862e-01
2.515865884917520834e-01 -2.025926553963141863e-01 -1.406992232888173511e-03
6.279459734706339669e-01 4.427546333828072389e-02 3.747863133205946995e-01
3.919546448015301388e-01 -1.512089237234812700e-01 3.738844405284792449e-01
3.396124555562768377e-01 -1.640307781593127179e-01 3.678755621308095192e-01
1.874986605764060177e-01 -8.901843029940306740e-02 -6.305841724982321761e-01
6.281498492419292923e-01 9.632950995383618431e-02 -1.696673661176200665e-01
1.478562214093872007e-01 4.464952380964588852e-02 -1.077483097958990665e+00
3.340248342946282589e-01 1.503145969179415231e-01 -9.515899858528185096e-01
4.143139043974963798e-01 2.109027719915489985e-01 -8.685672608384726878e-01
2.877116438112719554e-01 -1.665910032191250667e-01 3.756802015893786484e-01
2.390474482699721515e-01 -1.586431459558151624e-01 3.912309948020135097e-01
2.077113241057477744e-01 -1.464308282533152705e-01 3.999939549618408696e-01
6.068812837996788723e-01 -3.474512700397591747e-02 5.327154642626439340e-01
2.484945609614937767e-01 -1.790864326404300322e-01 4.702042468268962105e-01
3.018744142818803322e-01 -1.943383955801300245e-01 4.981877729637349539e-01
3.570396528409297554e-01 -1.938229644165646026e-01 5.043888433555445694e-01
4.103856740900831968e-01 -1.788856485727720602e-01 4.911548211847879264e-01
4.421006644514853257e-01 -1.570584564504207414e-01 4.690025061553747543e-01
7.004307591381579989e-01 2.643657479725894377e-01 6.194187271959186170e-01
4.274315612594447034e-01 -1.347656243154660149e-01 3.898259204236941833e-01
2.168182206570555826e-01 -2.023135856862723903e-01 -3.496228875409520542e-01
1.703934159108904112e-01 -2.989195915482028565e-01 -1.844181701040280286e-01
1.100184568214100378e-01 -2.614154528796324151e-01 -3.246215748380791299e-01
4.231695537369031257e-01 1.194745669845845570e-01 -7.856105098829924138e-01
3.430098797345882966e-01 6.846955759346974590e-02 -8.781124145658134594e-01
1.459537931044478931e-01 -4.090241466977229123e-02 -1.035502049283766768e+00
5.777660334150560573e-01 3.818417871349371051e-01 -6.025475986438054710e-01
2.098233699173094324e-01 -1.592784174413293119e-01 4.321502583737617531e-01
1.204806284943886197e-01 -3.280369404687116797e-01 1.769914059212728819e-01
2.478821386381005742e-01 8.627755697403249879e-02 -1.025168410153713072e+00
6.781855686840173592e-01 2.879161839653590071e-01 -1.798559723982010861e-01
9.280910885429705104e-02 -1.539007873180538999e-01 -6.346878364604785494e-01
1.046295931777906502e-01 -1.608134507273829006e-01 -6.625101827620010209e-01
1.140855132453216653e-01 -1.687205835033531165e-01 -6.959360428817367161e-01
1.228076760702210696e-01 -1.574920286355054322e-01 -7.282675809315954929e-01
1.715962988375663578e-01 -1.090546718243706747e-01 -7.740526512650505175e-01
1.685927591941746018e-01 -1.083295747761026800e-01 -5.526577784546278238e-01
1.777671632859484652e-01 -1.090784901605578588e-01 -5.484909215374154101e-01
1.864053169173357227e-01 -1.107674710775415489e-01 -5.411938668131445196e-01
2.932358351187925871e-01 -1.141428399040436414e-01 -4.706688368463186611e-01
5.452689348042311090e-01 -2.035461903249297794e-02 -2.351092611471966853e-01
1.201876527687401608e-01 -2.823856101221519643e-01 2.800306338886230373e-01
1.508183237748793037e-01 -2.001583951761323199e-01 4.685853294423757420e-01
1.849728449750453196e-01 -1.741661188029391683e-01 4.614175322645279742e-01
1.593222021618549422e-01 -9.959461336673826326e-02 -5.579094907736525943e-01
5.521991001848002290e-01 9.499392016820513984e-02 -4.357370754561128434e-01
9.751420247121306284e-02 -2.782776782214090305e-01 4.663088336254861965e-01
2.087363991286331211e-01 -7.027092869124026975e-02 -8.310805102914040621e-01
7.827161570021556880e-02 -3.759842877156622798e-01 2.195105165902867250e-01
1.624612527241403037e-01 -3.100427836265352566e-01 3.061119223589370969e-02
1.135112333777337501e-01 -1.008420782802107035e-01 -8.808852353370457688e-01
3.285193166547837329e-01 -2.448739193500477571e-02 -6.677287775006752746e-01
2.847008544746885139e-01 -1.695469663445369757e-01 -1.937853634113733403e-01
2.814816830114119650e-01 -4.327067436253895227e-02 -7.579013475335374395e-01
4.157059360876413923e-01 -1.481367989957615983e-01 -1.752759594241465879e-01
3.352146226354570935e-01 -1.481265474647670832e-01 -2.827861093319119501e-01
4.640442182175869568e-01 -8.397684935349382374e-02 -3.165930078675269765e-01
1.354079399514647175e-01 -8.356468778471597136e-02 -9.688722507838372078e-01
1.985390344228030735e-01 -2.597402943277261622e-01 -1.446508745806697124e-02
3.971133491742465105e-01 3.973129525829739717e-02 -7.071335002530509950e-01
3.226420559015229506e-01 1.023192928173125710e-02 -8.115931386324901631e-01
3.761575748483521053e-01 -3.324520980332299619e-02 -5.610480334032407201e-01
6.102463623163359996e-01 1.364813433238468710e-01 -3.163915213402004878e-01
4.668836402671538988e-01 2.573594465321663721e-02 -5.493050594391652997e-01
6.445547231904500407e-01 2.864761824404609136e-01 -3.642075468884907741e-01
3.693267902971379413e-01 -1.064067590245643402e-01 -4.027719843812878064e-01
1.582056846135077299e-01 -2.768575851287154999e-01 1.217934081511950761e-01
1.585818418894030524e-01 -3.767355527105614721e-01 -1.669885999454724379e-01
1.956050076708191754e-01 -3.078624311025547344e-01 -1.786944443327966314e-01
1.339270512321891204e-01 -4.286095297901273415e-01 -1.134668190671611343e-01
2.005858452876135567e-01 -2.311424773528338028e-01 5.557416895704915261e-01
3.016438026353197022e-01 -2.522985047826794558e-01 6.209750550099533140e-01
3.895531271951093721e-01 -2.503025892487015236e-01 6.322773543517865580e-01
4.595196171931049678e-01 -2.236554900450866690e-01 6.113079812597073115e-01
5.049911576119450185e-01 -1.816141506448538390e-01 5.666833461147451345e-01
5.303838790378362367e-01 -6.630229118122463183e-02 4.137672440009207975e-01
7.073712510219820615e-01 2.353557332908275679e-01 2.042125903231759854e-01
4.851324679179858657e-01 -9.644207326172071770e-02 2.783714389710493231e-01
4.241685477956346761e-01 -1.291184067856049889e-01 2.487804536175765024e-01
3.445150141814495859e-01 -1.525699799990967720e-01 2.520516445669583883e-01
2.687848230384507486e-01 -1.658843575467796316e-01 2.767730447447075970e-01
2.110116146819870919e-01 -1.706354521385115008e-01 3.083370804438423374e-01
1.712047083901659938e-01 -1.771413682700897496e-01 3.362448564107172189e-01
7.119304244298169104e-01 4.601719961054130392e-01 2.377984441676185556e-01
1.949797235916666815e-01 -2.743620154084066565e-01 -1.967474928897071096e-01
1.213278877926470545e-01 -3.650305583967922152e-01 8.482266428113674483e-02
1.167629211210916007e-01 -4.239867547548310522e-01 -1.798475897602111462e-01
8.490645587347736556e-02 -3.918367924436924055e-01 -2.163644388720324385e-01
1.167021544222165003e-01 -3.913356309420424339e-01 -1.891129972706948881e-01
1.800190098759457680e-01 -2.500788611295199360e-01 -2.188367743875860860e-01
7.238119887326976976e-02 -4.067168929053972537e-01 -2.269402316261650288e-01
7.067451574657396263e-02 -3.296075322634299809e-01 -2.338975756103886527e-01
1.710367847154550813e-01 -1.555665180541512815e-01 4.045966793700048192e-01
1.400957361089078534e-01 -1.900365402493246481e-01 3.808314831539084677e-01
1.213188776849035144e-01 -2.312023975138081666e-01 3.592854202290629573e-01
4.596048893239066402e-01 -1.344848681803847978e-01 4.525030279858718862e-01
4.966728259184734484e-01 -1.382374013867984641e-01 4.900293684018528495e-01
-3.188124157166914996e-01 -1.514590278253564737e-01 4.714155082439873690e-01
-2.557815297662932030e-01 -1.573326758406684289e-01 4.694146970117168971e-01
-3.180314808226566425e-01 -1.596064030300727854e-01 5.425649175961384518e-01
-3.826944918456875455e-01 -1.455340280848655410e-01 4.727879332218638542e-01
-3.201606929506054522e-01 -1.433141259835500891e-01 3.997578896443381713e-01
3.452963613026363010e-01 -1.577169598804109285e-01 4.430076092677108779e-01
4.070005236101936763e-01 -1.633079378488661026e-01 4.399274458431933210e-01
3.444062451030027727e-01 -1.660031673008491582e-01 5.176784237596635529e-01
2.831019431325615954e-01 -1.521505683170729928e-01 4.465277421959750193e-01
3.464192091741818413e-01 -1.494467704292945509e-01 3.683101351712858573e-01
