-1.528739583415841818e-02 -2.975230965534637617e-01 -5.013138268915029450e-01
2.352973393381330158e-02 -4.972132151875559014e-01 -2.158625148982824538e-01
2.655285801131450352e-02 -3.120054581218327794e-01 -2.804106119579959921e-01
-3.504573032335191185e-02 -4.509800581213407877e-01 1.377486622416138062e-01
2.331748420550149720e-02 -5.329781723977077279e-01 -1.167936009324175295e-01
2.222682669388946833e-02 -5.232891329462517893e-01 2.404819943638285273e-02
2.457038209116070571e-02 -3.846682937334177099e-01 3.826691173066887330e-01
-4.613304040790440208e-01 -1.216700546850313924e-01 4.825195606910694934e-01
2.505864131308965445e-02 -3.681663850306343133e-01 6.552210838035640306e-01
2.402723984975837362e-02 -3.973033753376981614e-01 7.867034993630070971e-01
2.256344938265861244e-02 -3.850899703245491135e-01 1.249148509066823731e+00
-1.417811600484167323e-02 -2.860185523825807263e-01 -5.297341318101220775e-01
-1.256616402596742385e-02 -2.621244278722819621e-01 -5.573326434436149945e-01
-1.016213721911209296e-02 -2.261384276562891094e-01 -5.765810769561873217e-01
-1.814099851115562323e-02 -2.032693517517305537e-01 -6.723376065945420033e-01
-1.922164542258397724e-02 -2.066671878520789929e-01 -7.151135827647049359e-01
-2.109578891405343090e-02 -2.166540365300291260e-01 -7.617813094075642777e-01
-2.084020109610993515e-02 -2.049461446555381205e-01 -8.057016691356143623e-01
1.166576439629483236e-02 -1.386795353389457530e-01 -8.713720965461091428e-01
2.240898395224273643e-02 -4.555528463346326662e-01 -2.584808730892612649e-01
-4.319149302887016761e-02 -3.603975047333793369e-01 -2.378847657713758501e-01
-7.157476306569504620e-01 1.479781799054285807e-01 9.171793985062675070e-01
-2.740746646139725629e-01 -1.831552659612138978e-01 3.785025538813313051e-01
-3.442621348568185580e-01 -1.756674503749362515e-01 3.721023798356428158e-01
-4.096177601204200602e-01 -1.562888889309144713e-01 3.837344108977302493e-01
-4.894911815516195253e-01 -1.073805808858768196e-01 4.568013536594217605e-01
-2.122257299339430081e-01 -1.784583073068560510e-01 4.026922082690491123e-01
-3.731148762808158548e-01 -2.383409834727618914e-01 6.744250467900398949e-01
-2.929568842724766253e-01 -2.376246672799999793e-01 6.594063187770056178e-01
-4.440217188101189816e-01 -2.128352758638146769e-01 6.592802136530142576e-01
-4.889571050513170647e-01 -1.801255833493612679e-01 6.216176205636145813e-01
-5.484042396115372808e-01 -6.382580320844617738e-02 3.998982028781259968e-01
-2.437137962905458477e-01 -2.835188856102116572e-02 -9.711838933340890545e-01
-4.837765436967396138e-01 -1.039828218056076947e-01 5.191748281273378396e-01
-7.384194708363929216e-01 2.290551232032291828e-01 4.979167439701509545e-01
-6.233353463187603083e-01 -4.188170190616827618e-03 4.864632494961582676e-01
-3.206845328449152710e-01 -1.919685254678299979e-01 -4.798745876054448523e-02
-9.218523213882511003e-02 -2.853090829508966864e-01 -4.801465332932781660e-01
-8.016982519018776843e-02 -2.484379516997044512e-01 -5.480163012941769995e-01
-1.576100115545038816e-01 -2.375952183477196278e-01 -5.009918046547285897e-01
-1.945142702238444044e-01 -1.862407517741823948e-01 -5.322909017620564009e-01
-1.336554758877858129e-01 -2.158768983947630393e-01 -5.495871323548210396e-01
-1.699349808013003449e-01 -1.663002005811168305e-01 -5.641883474400416487e-01
-3.032579962574087906e-01 -6.182667708696615305e-02 -6.650220472979615494e-01
-3.476758048803327283e-02 -4.898532798520450759e-01 -2.087234965053247904e-01
-4.503918083391140331e-02 -5.230105780482805500e-01 -1.122216643751439702e-01
-5.801627149209888090e-01 -1.703820167525003648e-01 7.210401368448653425e-01
-1.801025339690175420e-01 -2.358062593619122960e-01 1.934455280749645123e-01
-1.931377708309332808e-01 -3.258227409564385946e-01 -1.440465161702506880e-01
-1.985323713371046073e-01 -3.127236982934258336e-01 -8.554865176211402800e-02
-5.220583957610591685e-01 -1.057855192726794846e-01 -8.110682595840329467e-03
-4.065713145285582836e-02 -5.008971666104805598e-01 1.960298406465922627e-02
-4.238524655036148836e-01 -2.975037404722861711e-01 8.124700365264929669e-01
-5.162894559466255640e-01 -2.407239966586972590e-01 7.858249106698247388e-01
-6.474090649303301248e-01 -4.214641994165733985e-03 1.065339803152585141e+00
-1.228273491133158313e-01 -3.489626321459814995e-01 6.952893673950966136e-01
-2.219582624240936664e-01 -2.144081668652473294e-01 6.116531954786874614e-01
-3.439132479067736892e-01 -6.090583057382037424e-02 -5.627855195787390130e-01
-6.535086419131835855e-01 5.229854945194905014e-01 -3.941598773627525421e-01
-1.415329587419549284e-01 -2.923924081458479374e-01 -2.003679932025690391e-01
-8.745872553248011660e-02 -2.925655820829725640e-01 -2.317214082495953620e-01
-2.449223310112236818e-01 -7.273645288461907943e-02 -5.853898162047018738e-01
-2.326120513609160056e-01 -8.943808729319467632e-02 -5.916853197580078660e-01
-5.503187697186927574e-01 -2.167618415517081898e-01 8.557148560742873222e-01
-1.972735824287302209e-01 -2.824758559608991915e-01 -1.805179297193598154e-01
-2.965413283135374667e-01 -3.352197648312798539e-01 7.921275187921712480e-01
-3.070394926978693428e-01 -3.586095940126648451e-01 8.701541117670501535e-01
-3.718609127835391659e-01 -2.884157542271697516e-01 1.236927479904140315e+00
-5.977977909965677128e-01 -1.261217537779927289e-01 9.474147810568156469e-01
-3.313230845227852495e-01 -3.270862770707118061e-01 1.044608854776462703e+00
-6.173949435633190319e-01 -1.189009603571625773e-01 7.782529820933148379e-01
-6.657158382307201139e-01 7.809853215229672907e-03 8.296120371445301345e-01
-8.793418149846272958e-02 -2.740517986951429008e-01 -5.179979132274865616e-01
-1.459019493762928055e-01 -2.293971478128496444e-01 -5.265398724294094723e-01
-1.832573259197298743e-01 -1.815486616053993418e-01 -5.478889245513006712e-01
-1.256608762492510967e-01 -2.748998067570332382e-01 -2.167610810353280404e-01
-2.383226021973426922e-01 -8.140360643432704990e-02 -5.887191791114957384e-01
-2.245230626333523105e-01 -1.160363996428534217e-01 -6.253972096021835902e-01
-2.256088331403353076e-01 -9.110399912571312542e-02 -5.937947095509247264e-01
-1.103537659761262835e-01 -3.924210052028731521e-01 -1.853463347919605542e-01
-1.600776097580735580e-01 -1.525468611784962514e-01 -5.765312133811146822e-01
-1.221615289746016964e-01 -1.865358068670774361e-01 -5.671676103308793682e-01
-7.217635555302809314e-02 -2.161460887950006349e-01 -5.678317739740654790e-01
-8.283857460344708212e-02 -1.335387340502873776e-01 -8.623536809249545687e-01
-1.022302810451318628e-01 -2.013972472568918703e-01 -7.905796392764916636e-01
-9.897707460274408897e-02 -2.129605416397687412e-01 -7.454420664832874799e-01
-9.098939124630736619e-02 -2.017480284025221227e-01 -6.980720593305110855e-01
-8.152877462359715832e-02 -1.981616895705632375e-01 -6.579164235101265801e-01
-1.738697696268546034e-01 -1.476097866337596765e-01 -6.239882333112662938e-01
-1.892966290606602209e-01 -1.542577242568982654e-01 -6.416159332367463719e-01
-2.052163556538465772e-01 -1.609695105749882060e-01 -6.638145476408101597e-01
-2.167514821990235152e-01 -1.459150179876315678e-01 -6.883635449922951288e-01
-2.661110182808174573e-01 -1.732330512120832666e-01 -4.068466632759674684e-01
-7.309602860226287468e-01 5.553031620274417879e-01 1.134922390668414161e-01
2.640892903123200769e-02 -3.622222732600107742e-01 -2.660481227475911536e-01
-1.979833295708821328e-01 -1.146886356783901606e-01 -6.091253833871635992e-01
-2.113487850670418555e-01 -1.187742178383271174e-01 -6.170613948060190701e-01
-6.480495002183342401e-02 -2.929032508994263706e-01 -2.697550697312599000e-01
-1.726144274727570704e-01 -2.257146405797187949e-01 -2.322984475680154315e-01
-7.577466141141431244e-02 -2.938925203081538262e-01 -2.512589045865648574e-01
-2.513321482466512324e-01 -2.044674339709310895e-01 1.440676463626241466e-01
-3.633367919099020904e-01 -1.743147267971916770e-01 8.758324987762676483e-02
-2.097698691251348446e-01 -2.688698475262769616e-01 -1.224742153345987905e-01
-5.388802935584400267e-01 -1.573408928890453196e-01 1.175404260473210893e+00
-4.914093789712092875e-01 -2.347031060461449714e-01 1.024110332634482701e+00
-4.454253343902414564e-01 -2.956709528291270872e-01 8.915601501073227020e-01
-2.532976640712182870e-01 -8.910789295219435913e-02 -7.451130974876546409e-01
-1.421402206275931279e-01 -3.903841861951830028e-01 8.268731809264076027e-01
-1.653091264042180486e-01 -3.783124230824574941e-01 1.031716209945619411e+00
-1.913573871522960823e-01 -3.633100913018277311e-01 1.256813449409797334e+00
-4.621365050876319325e-01 -1.291236420219221415e-01 4.111492992237368860e-01
-6.249740559275667184e-01 -1.545368034555327785e-02 3.352306702603608524e-01
-1.710829237991566831e-01 -1.734339284248100910e-01 4.264071922251455593e-01
-5.515456465750072645e-01 -1.186376596483825763e-01 5.876754949277613882e-01
-1.324110498405072778e-01 -2.686915646709175931e-01 2.514000050671619801e-01
-1.531041658604901379e-01 -3.975180739621421155e-01 -1.201112319091784120e-01
-6.860086220613275110e-01 6.659834124856109372e-02 2.795368047908092235e-01
-5.821293594680003736e-01 -6.825520890213575276e-02 2.523378925970580222e-01
-4.971186767044742938e-01 -1.269334302886281907e-01 2.010169669024335359e-01
-3.653406242917738855e-01 -1.609190317262717274e-01 2.056012281241131334e-01
-2.674064407981937563e-01 -1.825914005897345538e-01 2.413624140265221985e-01
-1.941197259046280044e-01 -2.068356170600926247e-01 2.823644645859466062e-01
-4.047973835348846194e-02 -3.554008243102698694e-01 3.663766808327931779e-01
-6.730730460232845491e-01 7.369901840692302808e-02 6.877988604537889350e-02
-6.065279247546727648e-01 -8.796772096353126791e-02 6.134213847358718219e-01
-1.381083195569119543e-02 -4.515011471473701077e-01 -2.527037489859508268e-01
-1.749867618007796277e-01 -2.512814492607172157e-01 8.673086570082587377e-02
-7.570954845939851241e-01 4.463085132987646420e-01 5.442368387888867343e-01
-1.370267646566821484e-01 -2.239834874618322758e-01 3.293875759652497570e-01
-2.139683306436845900e-01 -2.019328063683034080e-01 -1.168500056836913603e-01
-5.111467901538693237e-01 -9.069807902052935689e-02 5.194921494247570770e-01
-1.567753225389780791e-01 -3.806160421711307085e-01 -4.920353258612210345e-02
-7.007543063103698344e-01 5.567056838477154601e-01 -1.314724371530520408e-01
-1.672074270453813571e-01 -1.621148972739310801e-01 4.607418754259363647e-01
-1.014582332102930140e-01 -4.549815785282864677e-01 -4.764648977478289082e-03
-5.234582153511180280e-01 1.993348693720728981e-01 -6.947639122959555769e-01
-5.168396171505872383e-01 3.333623675915220463e-01 -7.852564550830045675e-01
-7.263479007401113519e-01 3.164302809651567405e-01 8.630046259139272091e-02
-6.021958636875290871e-01 2.666331965347225053e-01 -5.446265217713066598e-01
-7.048460619048441123e-01 1.355417122219327863e-01 6.809349918166768267e-01
-2.532927479187508379e-01 2.312658063741578063e-02 -1.049391402057522127e+00
-1.950239859339341318e-03 -3.570604688363581691e-01 -2.605296832302871346e-01
-2.368458620135218684e-01 -2.155730532736589433e-01 2.165329387745350276e-02
-6.820259207576631066e-01 6.523791151210074635e-02 4.824679887152434343e-01
-3.985141031515386789e-01 -1.572076150345246282e-01 4.343960043940029436e-01
-3.408239972802424855e-01 -1.736416784572732408e-01 4.221716109270269301e-01
-2.353771215188479871e-01 -1.029867385502001437e-01 -6.346397817367879224e-01
-6.566023094761928025e-01 1.217574691592973046e-01 -1.264953912494161115e-01
-1.238277372574040913e-01 5.489607300323520733e-02 -1.174559749192284563e+00
-3.284282794059803501e-01 1.786896948038282917e-01 -1.028666796429129171e+00
-4.161500156317079480e-01 2.477207548511758950e-01 -9.306511742254959252e-01
2.315276678709079355e-02 -3.957630397764718699e-01 1.013731195057229417e+00
2.038178451712996386e-02 3.396123741605894253e-02 -1.195690803438798522e+00
-2.817194025691500681e-01 -1.782449276281121708e-01 4.284054605494641565e-01
-2.237555189568694591e-01 -1.726085901106456655e-01 4.443423665021154489e-01
-1.853010297681750851e-01 -1.614985957685225182e-01 4.533801441402266486e-01
-6.538720918770684065e-01 -2.255249756841296027e-02 6.521704209142940023e-01
-2.368420499387545730e-01 -1.944364015502716980e-01 5.419418846331844897e-01
-3.007782966126475444e-01 -2.075585923201694327e-01 5.776926322371493949e-01
-3.618969535771389689e-01 -2.042680158149634551e-01 5.864154552277323074e-01
-4.194623708256685068e-01 -1.853189802974588019e-01 5.737520906725153136e-01
-4.535931469084184542e-01 -1.604917254888595934e-01 5.509226094206030044e-01
-7.485943970159881777e-01 3.096967093028695217e-01 7.545397538601565923e-01
-4.362509411170674145e-01 -1.378992150678645667e-01 4.570266504642054306e-01
2.506012033310349441e-02 -2.931202066392410432e-01 -3.524560543177459593e-01
-2.014490670383984328e-01 -2.150999466974032326e-01 -3.643867096204177480e-01
-1.410966933082907215e-01 -3.198854467249488964e-01 -1.883422986827746892e-01
-7.197718899478806887e-02 -2.841505044606042474e-01 -3.523863959085631326e-01
2.491900396885966470e-02 -3.511150871896648873e-01 5.224951598042228973e-01
-4.348974010492451248e-01 1.489361263468073071e-01 -8.340212014499095439e-01
-3.494278669283522598e-01 9.112325431786590102e-02 -9.438928977747715887e-01
-1.320103111581929223e-01 -3.794823710096278946e-02 -1.125961603945336842e+00
-5.903714833170831122e-01 4.377281603011347055e-01 -6.155883739871245153e-01
-1.894710213612479377e-01 -1.759836756488774578e-01 4.917569158565497922e-01
-8.667785425545754263e-02 -3.568177580250222469e-01 2.033733116497018489e-01
1.498747956738835652e-02 -5.665579508719056911e-02 -1.145450399662016228e+00
-2.345947916517034382e-01 1.047482987428745294e-01 -1.114920241576299542e+00
-7.019399419865020029e-01 3.343787514068328748e-01 -1.335573627206516067e-01
-1.344216118096070167e-01 -1.756773927609667219e-01 -6.388800625041611836e-01
-1.495516385779670498e-01 -1.820451385588109650e-01 -6.691630541370454655e-01
-1.616369008681006747e-01 -1.903135597833096604e-01 -7.077285130004811187e-01
-1.690614673750684693e-01 -1.773468116382860005e-01 -7.493411756129279011e-01
-1.790977919022168630e-01 -1.195388447828306944e-01 -8.158678916820479854e-01
-1.981745307964305480e-01 -1.266934919545004978e-01 -5.832741294271494015e-01
-2.094328036088751732e-01 -1.293116467487331889e-01 -5.760708846416000561e-01
-2.190945781731983844e-01 -1.317092818925612030e-01 -5.676730528564625233e-01
-3.135445690337423374e-01 -1.219675906649845543e-01 -4.776272200253015576e-01
-5.726050273820153524e-01 -6.098670349326318352e-03 -2.052828641076414051e-01
-8.523974502833775446e-02 -3.077778771040517447e-01 3.163970427127582585e-01
-1.195408420381356418e-01 -2.166626310995378168e-01 5.295242664785605458e-01
-1.618798032452472002e-01 -1.916767489434508809e-01 5.237935625019847219e-01
-1.867545761127197557e-01 -1.188258317431772071e-01 -5.899127081658093186e-01
-5.770909868937708076e-01 1.235628602476654403e-01 -4.258849608274074550e-01
-6.362261907959268492e-02 -3.037451202025997499e-01 5.199419979172220652e-01
-2.146751254905916451e-01 -7.001200517049563365e-02 -8.875219382752488340e-01
2.299961024943519144e-02 -4.755593833077360610e-01 1.463366479976966339e-01
-3.914167598312934260e-02 -4.091586061697625731e-01 2.454838143349555857e-01
2.398657168714386778e-02 -4.279181638781610619e-01 2.600942583956308840e-01
-1.353888431983550911e-01 -3.343271602864123504e-01 4.780257823162373243e-02
1.307571354240803438e-02 -1.060154857766686665e-01 -1.064375920370546291e+00
1.266524883633060941e-02 -1.211363666859374688e-01 -9.586580307045682314e-01
-1.034991551898969825e-01 -1.049217626637069245e-01 -9.467294039164610986e-01
-3.670663630119899157e-01 -1.459194613370201621e-02 -6.854066557306395246e-01
-2.746840175274003482e-01 -1.751371376952901293e-01 -1.863618481439112129e-01
-3.017212553033641331e-01 -3.750695698440620340e-02 -8.009789016568238385e-01
-4.295830593845246792e-01 -1.485087177709259187e-01 -1.516664024544990275e-01
-3.395834243312213507e-01 -1.501679192921941963e-01 -2.751812737490775818e-01
-4.869037961209894405e-01 -7.386348450183904957e-02 -2.968224567640941891e-01
-1.247509836474158806e-01 -8.531175743848276594e-02 -1.047247597616605796e+00
-1.759358236554911525e-01 -2.782008736436849539e-01 9.454910504991670406e-04
-4.198316100710526300e-01 5.953110617364083812e-02 -7.438987290531311469e-01
-3.348669005669169252e-01 2.564831623482359546e-02 -8.650962741347696383e-01
-4.149301768503119714e-01 -2.435190231440918784e-02 -5.573941622627269776e-01
-6.367205863323017745e-01 1.675036912020814173e-01 -2.917698009730152475e-01
-4.992157522584919072e-01 4.818402174458577547e-02 -5.523603964883205819e-01
-6.662205118927333469e-01 3.312777020979772447e-01 -3.418820490869491913e-01
-3.931281268583765032e-01 -1.037588346643084081e-01 -3.911563891249613678e-01
-1.295688505345070629e-01 -3.011787413949487124e-01 1.469216165003769392e-01
-1.316410750763380433e-01 -4.073615952716098665e-01 -1.694070995989904460e-01
-1.715459380786923949e-01 -3.283379069613248102e-01 -1.796403921999698283e-01
-1.030887074508258228e-01 -4.632312300186818277e-01 -1.125683101281640952e-01
-1.758502691167274923e-01 -2.488920021933181403e-01 6.281831975502929488e-01
-2.910948546380649482e-01 -2.658210884558844245e-01 7.039291312632025566e-01
-3.904032948231301869e-01 -2.606031784194101641e-01 7.213427103756442360e-01
-4.710862915589079103e-01 -2.299069691090240841e-01 7.035257558027508962e-01
-5.254303286973737164e-01 -1.831873710297178270e-01 6.603080920681358990e-01
-5.591598235932321304e-01 -5.870066974267856841e-02 5.030199941942510300e-01
-7.426225325801892874e-01 2.747132916880602460e-01 2.955841683771001094e-01
-5.133663505812192662e-01 -9.386774091820640487e-02 3.493455813144905608e-01
-4.466380567073356955e-01 -1.311795245048353042e-01 3.093193249385128296e-01
-3.562210476886706889e-01 -1.600789598235554112e-01 3.011807644540512863e-01
-2.685819109416131556e-01 -1.775956203107947884e-01 3.193095734154414167e-01
-1.990257857065563796e-01 -1.833324550567244082e-01 3.493149830593700877e-01
-1.507760980222548064e-01 -1.921709997174929074e-01 3.771486793375483093e-01
-7.469710000450654475e-01 5.217585125460356688e-01 3.354697532955522310e-01
-1.711353384259968469e-01 -2.914147135824201040e-01 -2.001766188519548961e-01
-8.743079531845159014e-02 -3.975329683977305573e-01 1.025394212775506131e-01
-8.503271076518748028e-02 -4.587626501144006497e-01 -1.871556144894453710e-01
-5.044416401629481239e-02 -4.242131551916509258e-01 -2.309429900088421639e-01
-8.522811578759210971e-02 -4.237819709714603089e-01 -1.973863020337880692e-01
-1.526454691527118768e-01 -2.642744524287151675e-01 -2.262660282290806513e-01
-3.639819144854718885e-02 -4.413930326795199033e-01 -2.437718209635525435e-01
-2.614783647183784032e-02 -3.577917238770040864e-01 -2.530708543233295416e-01
-1.447791092793401790e-01 -1.703614926706311095e-01 4.560301188581147303e-01
-1.126696101078700218e-01 -2.069442209792000109e-01 4.268662027627825317e-01
-9.414972990040887391e-02 -2.511392283109619705e-01 4.009057237333777390e-01
-4.712833613481413053e-01 -1.353944085058212121e-01 5.335517662079097834e-01
-5.145669772011617349e-01 -1.363575927303455892e-01 5.781051916481800834e-01
8.118324710428467816e-02 -4.505690617734391390e-01 1.326944505387391282e-01
4.931664719989479195e-01 -1.321375616241887152e-01 4.465359879642341046e-01
9.258790160787946921e-02 -3.645192538835108076e-01 -2.439472391184848155e-01
7.255710738921832270e-01 1.271112364929999905e-01 8.408789216861458637e-01
3.009418458794549944e-01 -1.859569639834000587e-01 3.610366085952807502e-01
3.674754505002467697e-01 -1.809793272501879491e-01 3.508645679421918961e-01
4.307759010078960893e-01 -1.641121027578952285e-01 3.543085948366738180e-01
5.146372351867454231e-01 -1.176122217305746176e-01 4.153239108291761905e-01
2.459078553775249087e-01 -1.807960903061015534e-01 3.865585721241855399e-01
4.030509546656722009e-01 -2.469285102482238203e-01 6.464390891804973061e-01
3.244922325727668255e-01 -2.444916133050298868e-01 6.340009365938592545e-01
4.739170063864954763e-01 -2.250285428279823474e-01 6.276292441977724401e-01
5.176631539779418256e-01 -1.947343224314486698e-01 5.842870614992476952e-01
5.639784147766613298e-01 -7.694966678752448996e-02 3.483774771931383851e-01
2.635895636080546889e-01 -3.910108230816566194e-02 -9.818660534445009525e-01
5.170746468404564533e-01 -1.151071095591617022e-01 4.802634556162752588e-01
7.619311255632932323e-01 2.097438601593177854e-01 4.243775667392752915e-01
6.343439105196081451e-01 -2.050243480316334133e-02 4.255013347312643912e-01
3.539904853240178340e-01 -2.008899706912583571e-01 -7.900224760172828986e-02
6.250919767261822746e-02 -2.865047824160028567e-01 -4.886086440538623954e-01
5.624672254206831978e-02 -2.466276991596865198e-01 -5.580417454105389696e-01
1.354222865618075755e-01 -2.341785034534357157e-01 -5.177447416948777192e-01
1.816098072535679842e-01 -1.771667408669455879e-01 -5.494999871055803453e-01
1.147336616058917680e-01 -2.095529240151501882e-01 -5.639004037619639309e-01
1.594754785088894344e-01 -1.575104886480314381e-01 -5.769890553055334603e-01
2.941044199086001454e-01 -6.739575037539578817e-02 -6.969276559818887717e-01
7.972745274549153383e-02 -4.932688822775109783e-01 -2.140543421952649794e-01
8.840435417683618902e-02 -5.267972711531530017e-01 -1.185270172763696617e-01
5.980735471561022809e-01 -1.861983310465110675e-01 6.735861683733979088e-01
2.202566455392759304e-01 -2.378955980284367389e-01 1.750696141093285307e-01
2.349357551998726423e-01 -3.331105777431996873e-01 -1.613112154079624772e-01
2.389080175308621046e-01 -3.199746505336171221e-01 -1.034387143403441289e-01
5.465674307924633935e-01 -1.178145673026081974e-01 -5.774490215220413891e-02
8.499156609322706946e-02 -5.016155094759034982e-01 1.431293107407956289e-02
4.568925700006369883e-01 -3.126777282103676558e-01 7.766984276540537246e-01
5.423682293775452523e-01 -2.570344652185280743e-01 7.459131360183344217e-01
6.615708100977264472e-01 -2.463534390478128167e-02 9.937779271514619595e-01
1.706193304702892100e-01 -3.527588152260129339e-01 6.759196525380873899e-01
2.579116284478826793e-01 -2.178077654918558204e-01 5.872080834791804094e-01
3.444508123809575384e-01 -6.348199368033662082e-02 -6.029686091466355258e-01
6.973061318787103779e-01 5.022320039977559158e-01 -4.482451437887479129e-01
1.870377104937462065e-01 -3.000213438012222511e-01 -2.133964248240949324e-01
1.367819602249799038e-01 -3.018760348830489826e-01 -2.413647020742592519e-01
2.364222284020027764e-01 -6.184883889510300881e-02 -6.208679667527027268e-01
2.201353250048287413e-01 -8.145565604767626700e-02 -6.240285350161025590e-01
5.736883000040597924e-01 -2.337093287152606780e-01 8.068360967630048286e-01
2.373710436727006767e-01 -2.909457075797484138e-01 -1.978224797542587066e-01
3.381746535711168677e-01 -3.482476670683269937e-01 7.616236675859795469e-01
3.487698408879215117e-01 -3.723457057518295699e-01 8.339631896217842844e-01
4.021372791590110407e-01 -3.021459789647952254e-01 1.190970907997022543e+00
6.183238673690490961e-01 -1.431934952773130654e-01 8.874860876868737591e-01
3.670529375045250564e-01 -3.386595108782218810e-01 1.006875169412851045e+00
6.339672067599080307e-01 -1.348663535748096387e-01 7.179026592532193884e-01
6.844098668564106980e-01 -9.433936787685261172e-03 7.637052040380960527e-01
5.999147942639650177e-02 -2.737656559766527553e-01 -5.274719353633998686e-01
1.249497374167460040e-01 -2.245315647211488241e-01 -5.426311716286992270e-01
1.707480885543574967e-01 -1.729101154172621446e-01 -5.630843185128839856e-01
1.726056330974726216e-01 -2.835391237738643100e-01 -2.285009064693924730e-01
2.278222570021427029e-01 -7.262962073481643577e-02 -6.228685956219904840e-01
2.023076819418064276e-01 -1.101718810692999817e-01 -6.544826737047825249e-01
2.123574119426899220e-01 -8.307089618081343885e-02 -6.240078100571870845e-01
1.536622407386521449e-01 -3.948135169226129060e-01 -1.967600201102235324e-01
1.507983162895399076e-01 -1.438080628070415867e-01 -5.868519475407107944e-01
1.070802978559224905e-01 -1.787479168522653206e-01 -5.779175815600411381e-01
5.308229064884265047e-02 -2.118163003849756199e-01 -5.769091986817946882e-01
1.005033124187157956e-01 -1.358344042780436078e-01 -8.689519206813938190e-01
6.213834628293246620e-02 -1.995886430954672275e-01 -7.997382616942307898e-01
5.795420413136484483e-02 -2.096452225734413699e-01 -7.549669621685826115e-01
5.398165387131012571e-02 -1.976786948181750436e-01 -7.085213360751283496e-01
4.726462939690817544e-02 -1.934628083387466557e-01 -6.685441320980644031e-01
1.479201674274362721e-01 -1.407898674098565783e-01 -6.478885554720914541e-01
1.610949745256339272e-01 -1.497119850171382549e-01 -6.666201976603364221e-01
1.743285244768022491e-01 -1.575970434806615583e-01 -6.897659528148781805e-01
1.873011882691316410e-01 -1.431027992982867869e-01 -7.137537606618360453e-01
2.906976121093577392e-01 -1.788313480935116717e-01 -4.350978580779468752e-01
7.690616033730766077e-01 5.330423825347155864e-01 4.188054715282239771e-02
1.784941639861156448e-01 -1.054655156150927364e-01 -6.348444688920947820e-01
1.900897998360187025e-01 -1.117994008798767480e-01 -6.447884792374020124e-01
1.156826297106363366e-01 -2.981714488574814803e-01 -2.772502334850794337e-01
2.172358802455182092e-01 -2.366143238121505288e-01 -2.477888107319040634e-01
1.259758079294370225e-01 -3.016088546340597865e-01 -2.602130184720518047e-01
2.882984967374936924e-01 -2.078772302996595434e-01 1.191293953185315058e-01
3.956171836836896438e-01 -1.819673462571622380e-01 5.172531576004632536e-02
2.504091918659787086e-01 -2.769128749134652789e-01 -1.413754090532985397e-01
5.601893089662399738e-01 -1.768776956476669771e-01 1.112600312598115870e+00
5.184641078813587711e-01 -2.510395674870891103e-01 9.720195694622366656e-01
4.784467162922041439e-01 -3.115050246359776231e-01 8.490762485024043738e-01
2.531933470248801665e-01 -9.231138560638538215e-02 -7.622051977506142384e-01
1.923448110252349574e-01 -3.963968092700544399e-01 7.972729511539567993e-01
2.062779282148184401e-01 -3.850819279727195066e-01 1.010950261254334182e+00
2.287768095758128117e-01 -3.726735441818128103e-01 1.231062224884194922e+00
4.841793046763678277e-01 -1.388505931199030541e-01 3.742888848971334115e-01
6.324170916988569591e-01 -3.276001430268295211e-02 2.756391594000950906e-01
2.098119788793147977e-01 -1.730421693824849561e-01 4.111791157722637369e-01
5.742788659836135512e-01 -1.331361745607522185e-01 5.421300552481556068e-01
1.750072697979451752e-01 -2.694574539203573593e-01 2.375351541870507344e-01
1.949826380865404829e-01 -4.035097547528491702e-01 -1.355896446388374366e-01
7.108156101433160678e-01 4.854071706279204645e-02 2.124194541048152751e-01
5.891888072264244158e-01 -8.282888922036818480e-02 1.990207437185257944e-01
5.062995038591120434e-01 -1.388127940663037574e-01 1.570106331445947911e-01
3.818733834561757745e-01 -1.678684922810736446e-01 1.752454829596540309e-01
2.901827876017697427e-01 -1.867274856274936945e-01 2.209255912748956940e-01
2.220635368095436046e-01 -2.097638051918552793e-01 2.674695978934957252e-01
8.866767686044207952e-02 -3.558425746115680410e-01 3.601848891107279349e-01
7.004247629017987808e-01 5.764722110627949758e-02 4.857058431929447972e-03
6.207358008521638437e-01 -1.034515322634975698e-01 5.570984781148153875e-01
5.741104136009861358e-02 -4.522945244859810643e-01 -2.555647873114529900e-01
2.164851846487687581e-01 -2.537383555752633080e-01 6.946378136568592820e-02
7.815576809683335568e-01 4.265125773552737032e-01 4.665683470473592775e-01
1.717013163160409361e-01 -2.251168156816644172e-01 3.191892817164117546e-01
2.583640429077069256e-01 -2.101010049193681728e-01 -1.364496294046839142e-01
5.409541909094515155e-01 -1.021448168283407565e-01 4.765309600630527331e-01
1.971391625602496867e-01 -3.866765976629067403e-01 -6.446341264174405838e-02
7.438996580507353240e-01 5.334763478394426439e-01 -1.949069756405272802e-01
2.098327924858498506e-01 -1.600364640364876356e-01 4.450180896021339594e-01
1.422644106245463669e-01 -4.582524351868062507e-01 -1.543868203909005976e-02
5.518313783310550003e-01 1.797505523988417453e-01 -7.294725116527598363e-01
5.524894969857331306e-01 3.124709754295313946e-01 -8.160465025545388107e-01
7.648309402778009636e-01 2.969678710940923949e-01 1.781225633590610702e-02
6.342354996169446979e-01 2.464977618842285612e-01 -5.902629437367903353e-01
7.264884810500933376e-01 1.175337868254097695e-01 6.102121755150725635e-01
2.794418728698122023e-01 1.152510911042686076e-02 -1.058471404913015057e+00
5.531610964562765076e-02 -3.589550066362276470e-01 -2.631667271514969153e-01
2.748666110833403731e-01 -2.213391300108411008e-01 -1.537185904370158562e-03
6.860516003895049675e-01 4.837239788851811773e-02 4.094663622806606340e-01
4.282233228759846355e-01 -1.652007155015545736e-01 4.066763535526469742e-01
3.710377619890724565e-01 -1.792090125960414670e-01 3.999212423363214253e-01
2.143424147116828604e-01 -9.713546003913013649e-02 -6.651731841198897932e-01
6.862743413657785840e-01 1.052431548455333710e-01 -1.853671700696220004e-01
1.615377781066364982e-01 4.878106920390949675e-02 -1.177185673572882285e+00
3.649331022398626390e-01 1.642236340930686156e-01 -1.039643313740402197e+00
4.526515483562048026e-01 2.304182053301302435e-01 -9.489382598486069131e-01
3.143344205178650874e-01 -1.820061425623883955e-01 4.086951377645707817e-01
2.611671885532224069e-01 -1.733228474613391912e-01 4.261771565944370010e-01
2.269314436943921653e-01 -1.599804892677533785e-01 4.360283617394506983e-01
6.630377350714518059e-01 -3.796019310560248827e-02 5.822207821884599621e-01
2.714884694514133057e-01 -1.956578096073419704e-01 5.149579509267980804e-01
3.298077124216381995e-01 -2.123210800572351564e-01 5.464167014108268772e-01
3.900775474046226377e-01 -2.117579545821241527e-01 5.533878599433036394e-01
4.483598277258384890e-01 -1.954384464188368420e-01 5.385103394957142520e-01
4.830094963486364357e-01 -1.715915221288627501e-01 5.136069735665020897e-01
7.652436094348831208e-01 2.888282625372153856e-01 6.767352929090784119e-01
4.669830193166136789e-01 -1.472358708315533171e-01 4.245975882742840657e-01
2.364884750540198199e-01 -2.208823381449309120e-01 -3.852395352655781924e-01
1.861604033152824966e-01 -3.273314581032620296e-01 -2.019335988913365243e-01
1.181833240509461147e-01 -2.852365706515245791e-01 -3.605155761818206184e-01
4.623272495534164195e-01 1.305298911889855307e-01 -8.583053236081343851e-01
3.747480647213067284e-01 7.480306531867440822e-02 -9.589419434525039421e-01
1.594593126997857213e-01 -4.468723143314293211e-02 -1.131024529828478453e+00
6.312283677596223219e-01 4.171746991541068761e-01 -6.583030417023092440e-01
2.292389231119436044e-01 -1.740169024242366747e-01 4.721781109222479289e-01
1.316290437180009099e-01 -3.583911315675646359e-01 1.933689241072206189e-01
2.708193779485950081e-01 9.426106606690873302e-02 -1.120030158912405538e+00
7.409400082386150554e-01 3.145578927815885217e-01 -1.964985570676119897e-01
1.032436042591525771e-01 -1.694953929701467632e-01 -6.584726593958156737e-01
1.157735094468931025e-01 -1.771380974949713361e-01 -6.892705057001007329e-01
1.255601316798590772e-01 -1.858035085711543244e-01 -7.268722754436554023e-01
1.347760514178903135e-01 -1.734536245654730025e-01 -7.660758134314431533e-01
1.877759376883434694e-01 -1.200322199665193046e-01 -8.265702153727714219e-01
1.915060054089702257e-01 -1.165158846685755423e-01 -5.995774559013614669e-01
2.024023432431183434e-01 -1.171816949606246383e-01 -5.946480171194126196e-01
2.123818424890211998e-01 -1.189099601106577975e-01 -5.872473501919719396e-01
3.280124674616634040e-01 -1.226612832736408698e-01 -5.101457833475047110e-01
5.956214655501846922e-01 -2.200047899253679273e-02 -2.565377849163524848e-01
1.313089581151814511e-01 -3.085155537832731665e-01 3.058758270804843860e-01
1.647739722287704933e-01 -2.186796207690028804e-01 5.127162559867484148e-01
2.020889084173166372e-01 -1.902822051361922062e-01 5.050059191624680643e-01
1.807561092804774172e-01 -1.072592297963370078e-01 -6.048597430002218278e-01
6.033465221893010710e-01 1.044421917752243467e-01 -4.747427031023055966e-01
1.065374689741689085e-01 -3.040275032600419092e-01 5.095735072863812887e-01
2.280665213973581684e-01 -7.712901067965925728e-02 -8.974427369630064710e-01
8.551431091980149501e-02 -4.107751832263337732e-01 2.398224490185952296e-01
1.774942545083340872e-01 -3.387319242140959252e-01 3.344373257811728006e-02
1.241020101688735389e-01 -1.105244939141598326e-01 -9.523394191566110223e-01
3.664764989472785173e-01 -2.615217644387565765e-02 -7.196661064909466443e-01
3.110450342807298263e-01 -1.852356293630964823e-01 -2.117168742489783928e-01
3.086451851219647047e-01 -4.757364917544659039e-02 -8.187594351777811585e-01
4.541686187759713667e-01 -1.618356020893881586e-01 -1.914827552022555501e-01
3.663345171410246071e-01 -1.613859845024441242e-01 -3.079963566055330948e-01
5.069902003040466232e-01 -9.046355919502037379e-02 -3.435014328941508599e-01
1.479441482675769859e-01 -9.131747254173117057e-02 -1.053764776616316290e+00
2.169104159594088532e-01 -2.837748025109534944e-01 -1.580358551642646603e-02
4.357917898630416786e-01 4.342203023950201579e-02 -7.698902700622287654e-01
3.527556767100840096e-01 1.108756365767376434e-02 -8.813429053162131765e-01
4.193853069688961988e-01 -3.422654241038175504e-02 -6.033451363527958522e-01
6.667132077153996583e-01 1.491126350595535222e-01 -3.456649877309170837e-01
5.129054654205740249e-01 2.950165885841887770e-02 -5.964312586837892116e-01
7.041972049592291061e-01 3.129846329651049253e-01 -3.979087070752110877e-01
4.066700403189763557e-01 -1.143751735963149385e-01 -4.347432707907403771e-01
1.728449065768076776e-01 -3.024760049144761265e-01 1.330632931828090726e-01
1.732558707553019939e-01 -4.117963890051710152e-01 -1.825552279012118140e-01
2.137048953671530915e-01 -3.367236424953262142e-01 -1.954316778166393931e-01
1.463197021958249910e-01 -4.682699886257991606e-01 -1.239662265559103860e-01
2.191466240550460909e-01 -2.525307481939326748e-01 6.087386658940985296e-01
3.295557616235194054e-01 -2.756444030134880263e-01 6.800469262229171807e-01
4.255995860150847410e-01 -2.734637997384008479e-01 6.922594214688077008e-01
5.020402743301375370e-01 -2.443509686562332361e-01 6.693422453443471642e-01
5.517194257133419821e-01 -1.984194245480092322e-01 6.206261407696480603e-01
5.794618078743325462e-01 -7.243743076011190107e-02 4.516810377726583337e-01
7.728263247727504837e-01 2.571338686871423862e-01 2.231089621238778187e-01
5.300231549802414399e-01 -1.053661325995899345e-01 3.027721048345368149e-01
4.634180699363878997e-01 -1.410661002019307775e-01 2.701466701505217394e-01
3.763939683076090725e-01 -1.666877141854467004e-01 2.732899496414600282e-01
2.936562471875816538e-01 -1.812341089561507745e-01 3.000282436570428368e-01
2.305371195442832422e-01 -1.864248358434408837e-01 3.344770550549145405e-01
1.870467669951302037e-01 -1.935327628986939497e-01 3.652550071356090999e-01
7.778073714631383861e-01 5.027530197186870220e-01 2.598026105488809856e-01
2.129837735394745080e-01 -3.002964676125703947e-01 -2.152363148053206832e-01
1.325547023288881909e-01 -3.988078741791715731e-01 9.267154937201464715e-02
1.275673263076103903e-01 -4.633461583979099352e-01 -1.965707206423484565e-01
9.276309172499876132e-02 -4.288025082850491776e-01 -2.372168437350309911e-01
1.275009366932567667e-01 -4.280096693768296046e-01 -2.070129709826817876e-01
1.963023429492651295e-01 -2.740620103331198321e-01 -2.395249296457492849e-01
7.907883707043150689e-02 -4.449528197928327433e-01 -2.487096026476050548e-01
7.702199694985994993e-02 -3.615261102681551764e-01 -2.573349097298474053e-01
1.868633048651925921e-01 -1.699615304294397333e-01 4.412260715025364544e-01
1.530591930290588210e-01 -2.076211618174039764e-01 4.149715230163747437e-01
1.325448584902487181e-01 -2.525962129378259147e-01 3.917499276917823514e-01
5.021334369337320247e-01 -1.469291355327710380e-01 4.950584490100201629e-01
5.426313751294109533e-01 -1.510289013096675625e-01 5.369927604727955384e-01
-3.483130353039982641e-01 -1.654739624473182402e-01 5.157437731289518101e-01
-2.794497222051979257e-01 -1.718911158192203137e-01 5.136485296167411230e-01
-3.474598382830959564e-01 -1.743752374523578619e-01 5.976499741908648522e-01
-4.181063016295628598e-01 -1.590007056290526355e-01 5.175350128367109948e-01
-3.497860724651141173e-01 -1.565753896724933758e-01 4.337251339516678961e-01
3.772476157002138120e-01 -1.723109587541345467e-01 4.843299654601559423e-01
4.446614396440554673e-01 -1.784192858157786499e-01 4.809027490496624591e-01
3.762751345169744188e-01 -1.813639125146810915e-01 5.681853917104457974e-01
3.092981711245185727e-01 -1.662294931476014370e-01 4.883041306609346988e-01
3.784743638788989895e-01 -1.632755051511693145e-01 4.004366437338314766e-01
