-1.516981182842591820e-02 -2.752559272048361594e-01 -4.749948671317103521e-01
2.202377981737525109e-02 -4.654079954466879832e-01 -2.020603962889256366e-01
2.460397961623586593e-02 -2.925060883941091872e-01 -2.632076186289948883e-01
-3.280272740659617020e-02 -4.221163541428046284e-01 1.289324484450571351e-01
2.182511453302542204e-02 -4.988664108728345647e-01 -1.093185562395576349e-01
2.080426147283032101e-02 -4.897974910065507337e-01 2.250906184822084460e-02
2.299782423067994047e-02 -3.600486868122118600e-01 3.581774634958759806e-01
-4.318042554615073580e-01 -1.138829067208609602e-01 4.508946364434405218e-01
2.345483380111595961e-02 -3.446029361352669351e-01 6.132855102392151814e-01
2.248944427331158596e-02 -3.718750957299662985e-01 7.363527654101924558e-01
2.111933957782880650e-02 -3.604433751849466239e-01 1.169200289313759411e+00
-1.410261533609816556e-02 -2.641517875390768655e-01 -5.015672128788624118e-01
-1.239181076923865851e-02 -2.415511305110146778e-01 -5.267577921211180625e-01
-9.770219368612626659e-03 -2.081012713655052138e-01 -5.437231805355159375e-01
-1.599981045665694809e-02 -1.918103897269544944e-01 -6.284270471033506222e-01
-1.692552814248069609e-02 -1.950510170528186871e-01 -6.681171089898177984e-01
-1.872087309531697899e-02 -2.043159690488998703e-01 -7.116562279902054478e-01
-1.848367413911057924e-02 -1.932200712519961394e-01 -7.525352683485526661e-01
1.168196016525373943e-02 -1.308741065254737657e-01 -8.138749214527924991e-01
2.097476027070852012e-02 -4.265515725754757126e-01 -2.421540926594493992e-01
-4.045135025763325898e-02 -3.377320522974215367e-01 -2.230757347279691549e-01
-6.699382265323399199e-01 1.385072547433149337e-01 8.584779234034064510e-01
-2.565332903448119262e-01 -1.714329308299514798e-01 3.483173782324667234e-01
-3.222286099313049768e-01 -1.644243517168529900e-01 3.419819666283872017e-01
-3.834013331198147245e-01 -1.462860603268556769e-01 3.535203576827236627e-01
-4.581626819650403415e-01 -1.005079903047223777e-01 4.254957481113246232e-01
-1.986428219203165146e-01 -1.670365877388705622e-01 3.720135457356152364e-01
-3.492347131893028811e-01 -2.230866424680427729e-01 6.378210222441188515e-01
-2.742070069024224455e-01 -2.224161720686160248e-01 6.236475051085093035e-01
-4.156033636722787916e-01 -1.992133555857558691e-01 6.231857165550839239e-01
-4.576627875216359165e-01 -1.685971544906327280e-01 5.870572329487760976e-01
-5.133051762545879360e-01 -5.974081270172578589e-02 3.721899818555611805e-01
-2.262235673685139004e-01 -2.641013288850202825e-02 -9.063355924517351170e-01
-4.528137933543177063e-01 -9.732769555943249218e-02 4.873891898631175223e-01
-6.911590196603578651e-01 2.143950974396813258e-01 4.660489886011892624e-01
-5.834405292608801918e-01 -3.920118423141736273e-03 4.552519819778144683e-01
-3.001600256968844915e-01 -1.796821225714768933e-01 -4.491615709342311469e-02
-8.716928662947873163e-02 -2.648914932356051244e-01 -4.547432653955115756e-01
-7.563738075947706863e-02 -2.294400347113300653e-01 -5.182131081399998784e-01
-1.496238803164570697e-01 -2.207784869082703993e-01 -4.727082690089664530e-01
-1.881276997091508862e-01 -1.713831957309685516e-01 -4.970848470605204739e-01
-1.268720062488712386e-01 -1.995747467751184112e-01 -5.177190367835999840e-01
-1.642206393238646589e-01 -1.527906512978712272e-01 -5.262932520636428579e-01
-2.859101501760950015e-01 -5.617569838026505169e-02 -6.193763871032316182e-01
-3.254237994953403101e-02 -4.585186757744001973e-01 -1.953770763154262236e-01
-4.215657536252710724e-02 -4.895367642275219588e-01 -1.050392342964146242e-01
-5.430310401134128551e-01 -1.594771973347712812e-01 6.753145807110079168e-01
-1.685755803207316106e-01 -2.207141462098117235e-01 1.810645923276790747e-01
-1.807765336898478070e-01 -3.049772273741263584e-01 -1.348279665346878708e-01
-1.858258680378185868e-01 -2.927087018605106783e-01 -8.007335209917382235e-02
-4.886455236763641574e-01 -9.901501573341697782e-02 -7.591581464378069008e-03
-3.805498685096875278e-02 -4.688386591878698217e-01 1.834835102771780607e-02
-3.967249864176606300e-01 -2.784628544223116120e-01 7.604701881885838066e-01
-4.832458085495305866e-01 -2.253171376303158002e-01 7.355316220290154527e-01
-6.059734775542200413e-01 -3.944895699462608839e-03 9.971557371608363862e-01
-1.149661317902181679e-01 -3.266282651768718237e-01 6.507893365877117642e-01
-2.077524511762811610e-01 -2.006855781442312414e-01 5.775967092888603105e-01
-3.299003276127328022e-01 -5.223075883790576773e-02 -5.201963081860516702e-01
-6.116826683520153463e-01 4.895132846254615089e-01 -3.689327884581837247e-01
-1.324908055158497688e-01 -2.739374140351842901e-01 -1.876576454728829946e-01
-8.197725374759828876e-02 -2.742984407608486386e-01 -2.171720196758089028e-01
-2.381480499978804732e-01 -6.306424540833018011e-02 -5.408638399811354081e-01
-2.254708766379019402e-01 -7.934516524673265736e-02 -5.476424484565540762e-01
-5.150971722734266622e-01 -2.028886125347669211e-01 8.009472452875630033e-01
-1.846476443557074909e-01 -2.644805279640409790e-01 -1.689864368925808602e-01
-2.775620387336401595e-01 -3.137649712420669812e-01 7.414296358061392977e-01
-2.873882977783663306e-01 -3.356578005152689448e-01 8.144623542832800656e-01
-3.480610060814905982e-01 -2.699565190507011714e-01 1.157761432581347449e+00
-5.595374329882203401e-01 -1.180496873955755727e-01 8.867781757505208695e-01
-3.101176869432139549e-01 -3.061520443772778877e-01 9.777516174892362244e-01
-5.778803251939587105e-01 -1.112910404489314831e-01 7.284430996139643621e-01
-6.231085775714370056e-01 7.310004989095258976e-03 7.765150605596204958e-01
-8.313320125028139662e-02 -2.538181630424142243e-01 -4.905698004373881815e-01
-1.385656512756345549e-01 -2.126236110774987198e-01 -4.966021303349526517e-01
-1.770814009686209611e-01 -1.670357934262419186e-01 -5.116629178780703890e-01
-1.176938278742054311e-01 -2.576462390524389412e-01 -2.030239009887047086e-01
-2.314592140038082280e-01 -7.146150785622985835e-02 -5.443735522114713232e-01
-2.127786708152742401e-01 -1.066944310454369660e-01 -5.827066367054265505e-01
-2.182052145110865427e-01 -8.132716214249910425e-02 -5.501480358743929822e-01
-1.032908850866246231e-01 -3.674439447318951779e-01 -1.735765841269312215e-01
-1.545273402317638434e-01 -1.401022907735031686e-01 -5.374227274371353724e-01
-1.160743432925249730e-01 -1.719999296044864567e-01 -5.330162287867372672e-01
-6.788011073566631304e-02 -1.992384077180156809e-01 -5.358627382352980639e-01
-7.576682324271659386e-02 -1.257508945569780490e-01 -8.054517011867047271e-01
-9.385054418948041155e-02 -1.895330829426897512e-01 -7.387794330674479770e-01
-9.086807966026713701e-02 -2.004630351125689103e-01 -6.968389335124611783e-01
-8.341048817878475574e-02 -1.900201072367709298e-01 -6.526373130158535929e-01
-7.477658954412130798e-02 -1.866249275800991037e-01 -6.154039734766866276e-01
-1.622216963443807447e-01 -1.377413141573388400e-01 -5.835249527259468438e-01
-1.760616836626447412e-01 -1.441135345627924114e-01 -6.000758592376438383e-01
-1.902217996602017791e-01 -1.506065799060119781e-01 -6.209186198244094346e-01
-2.003334979039400054e-01 -1.366237547551311104e-01 -6.438438574266338588e-01
-2.527428533784060183e-01 -1.605301099074513127e-01 -3.801243631851805582e-01
-6.841772388880997813e-01 5.197625526402465113e-01 1.062284901829158024e-01
2.465903794110988617e-02 -3.394456609574944550e-01 -2.495917619271102450e-01
-1.879717237837291721e-01 -1.055244533236770199e-01 -5.677339922028630248e-01
-2.004376907070992697e-01 -1.093117010496943986e-01 -5.750613351060406275e-01
-6.089242039358179481e-02 -2.746200344855816433e-01 -2.530334107628416929e-01
-1.617061620447469705e-01 -2.114931341894253913e-01 -2.174786275557941129e-01
-7.109931128273769274e-02 -2.755600145592806971e-01 -2.355810421237934382e-01
-2.352463444585621288e-01 -1.913810737625159242e-01 1.348470045840770570e-01
-3.400824474719563728e-01 -1.631582053883895989e-01 8.197773224967030981e-02
-1.963441415413774427e-01 -2.516615928640174582e-01 -1.146355997093260332e-01
-5.043907834503177368e-01 -1.472707337450105125e-01 1.100175832922029473e+00
-4.599581105803462466e-01 -2.196815971040884108e-01 9.585650423730482927e-01
-4.169171448043480499e-01 -2.767473691720965800e-01 8.344983596412061111e-01
-2.336042585904883895e-01 -8.338997097392072955e-02 -6.966022450606448313e-01
-1.330429375487595101e-01 -3.653987497322523370e-01 7.739515000399572742e-01
-1.547289829953093221e-01 -3.540996056981535745e-01 9.656841270039936420e-01
-1.791100984365189275e-01 -3.400574557608356807e-01 1.176374656814123787e+00
-4.325587642533892940e-01 -1.208594482669325398e-01 3.806012313554200110e-01
-5.849743578927928400e-01 -1.446461194984392448e-02 3.137751786999825043e-01
-1.601332448069368308e-01 -1.623337800263603969e-01 3.952837370861721489e-01
-5.162455263441743103e-01 -1.110445919262375014e-01 5.533531807962375204e-01
-1.239364548395565091e-01 -2.514947204989200213e-01 2.352963879863076146e-01
-1.433051664553127158e-01 -3.720760531757727474e-01 -1.124238516225404827e-01
-6.421025791281074202e-01 6.233590338605850961e-02 2.616458416777198703e-01
-5.448718151346799710e-01 -6.388672680317937502e-02 2.361877189844379665e-01
-4.653020008488449877e-01 -1.188094144768462312e-01 1.881514455600375446e-01
-3.419580302258204973e-01 -1.506198639191442812e-01 1.920438468482703054e-01
-2.502918480842375448e-01 -1.709051540678752645e-01 2.242418935810860381e-01
-1.816956415044299611e-01 -1.935976879864436673e-01 2.619094246853659325e-01
-3.788894711134151855e-02 -3.326543990484696067e-01 3.429277754225874553e-01
-6.299949080735115503e-01 6.898212103530183825e-02 6.437782310039806555e-02
-5.677088192098230790e-01 -8.233759524515710249e-02 5.759127625217513868e-01
-1.292690873709291532e-02 -4.227554950666010392e-01 -2.367279252631737663e-01
-1.637872286909999309e-01 -2.351988903179281498e-01 8.117990103930808332e-02
-7.086397279429282881e-01 4.177437983430312696e-01 5.094044951956582246e-01
-1.282567538746912650e-01 -2.096480574095370975e-01 3.053936868658806425e-01
-2.002738923968848117e-01 -1.890086678357708883e-01 -1.093713517009649722e-01
-4.784322845457064100e-01 -8.489320518856696696e-02 4.876324959536106340e-01
-1.467413611266819851e-01 -3.562557881579617169e-01 -4.605439991929145827e-02
-6.559045075337133213e-01 5.210753100154746909e-01 -1.230579150358759311e-01
-1.565057882692560409e-01 -1.517391914723975055e-01 4.292124287970592866e-01
-9.496468575330267725e-02 -4.258617685459255009e-01 -4.459701454797424490e-03
-4.899557517699849596e-01 1.865770044542240103e-01 -6.502975117570550800e-01
-4.837607582405980544e-01 3.120264514629274011e-01 -7.349983351094330208e-01
-6.798600562892311849e-01 2.961780566581876384e-01 8.077704613804592704e-02
-5.636540194672263748e-01 2.495680938711842267e-01 -5.097692405674508764e-01
-6.597343818762240186e-01 1.268667480237039014e-01 6.373536722472528115e-01
-2.365451530964936544e-01 2.168357754624700151e-02 -9.817579529901230284e-01
-1.892250097642892955e-03 -3.346280444589184722e-01 -2.443981780075035748e-01
-2.216872120320182993e-01 -2.017759092904853890e-01 2.026743609539020247e-02
-6.383747793647522872e-01 6.106254300456118167e-02 4.515889887359368915e-01
-3.730083343320601541e-01 -1.471459859628743705e-01 4.029820736924132341e-01
-3.190105206328305298e-01 -1.625282336051764587e-01 3.908112755062936872e-01
-2.229693678289621783e-01 -9.442029577636470994e-02 -5.911110107451632567e-01
-6.145783344665375347e-01 1.139647261103593628e-01 -1.183994116250911277e-01
-1.159024929186222019e-01 5.138260556050033845e-02 -1.099385372198727673e+00
-3.074080798471925946e-01 1.672531703918469226e-01 -9.628298409405060543e-01
-3.895155100797462744e-01 2.318660866165551671e-01 -8.710874761940979871e-01
2.167093938742589015e-02 -3.704333449927610378e-01 9.488501921610286161e-01
1.907730600580194447e-02 3.178764403423548629e-02 -1.119163993042606053e+00
-2.636887484541111659e-01 -1.668368648233724549e-01 3.970177938017791508e-01
-2.094346793844085175e-01 -1.615612651582734594e-01 4.128848239119866648e-01
-1.734413610891944180e-01 -1.511623346029396520e-01 4.218829786937980386e-01
-6.120228567282097742e-01 -2.110908907190868489e-02 6.104431831530043873e-01
-2.216836439383221280e-01 -1.819920492204202822e-01 5.100564199583093039e-01
-2.815278318520528233e-01 -1.942743912584029564e-01 5.456504187458240951e-01
-3.387347619221499073e-01 -1.911944188019892854e-01 5.543349978939704492e-01
-3.926158673414955613e-01 -1.734581627455864528e-01 5.417271584051474020e-01
-4.245621995676500671e-01 -1.502199062097273885e-01 5.189977730947183954e-01
-7.006827284480474649e-01 2.898754482185053050e-01 7.062475695312491197e-01
-4.083299326422915598e-01 -1.290733655631833843e-01 4.255134935819495645e-01
2.289581671063886659e-02 -2.737333839631879151e-01 -3.316550700008086827e-01
-1.892051883692388581e-01 -2.013332469394107371e-01 -3.423730371107547299e-01
-1.320661982461231732e-01 -2.996305462591161706e-01 -1.763986145895229396e-01
-6.793936011511411688e-02 -2.655418046627188167e-01 -3.314643707082395307e-01
2.332413355043506248e-02 -3.286429584191425946e-01 4.890543338714068433e-01
-4.068195917001627970e-01 1.394207535549970567e-01 -7.804956774228798411e-01
-3.262909675635017326e-01 8.534469500204525105e-02 -8.828923165778305160e-01
-1.235410212181683454e-01 -3.551805884220953641e-02 -1.053851391131607640e+00
-5.525864251421853668e-01 4.097126065876670609e-01 -5.761893799974343588e-01
-1.773444641563381996e-01 -1.647203378859086742e-01 4.600914906474984356e-01
-8.113028317848747228e-02 -3.339806459256040583e-01 1.903569791216852269e-01
1.402824829800690051e-02 -5.302970105350429675e-02 -1.072083339648256306e+00
-2.195802150663253294e-01 9.804418067726787533e-02 -1.043562922703725970e+00
-6.570142599494528390e-01 3.129777859784622085e-01 -1.250094004669067838e-01
-1.238555274300339043e-01 -1.651090370700671051e-01 -5.980533911634259292e-01
-1.376773942666340289e-01 -1.711010309322565648e-01 -6.261492224610489821e-01
-1.488044203829779200e-01 -1.788360952042820085e-01 -6.620915332931125441e-01
-1.555353170979514310e-01 -1.666380060768930527e-01 -7.007271587588206341e-01
-1.646435577291744945e-01 -1.122635731700659945e-01 -7.623619704666404484e-01
-1.940082751533055982e-01 -1.140979308480006976e-01 -5.384260929220477943e-01
-2.054447712644354440e-01 -1.159631497027139857e-01 -5.313362909038363835e-01
-2.151512858275955731e-01 -1.177695473009070376e-01 -5.233116289669899057e-01
-3.017245751404145082e-01 -1.091901954178862155e-01 -4.418634189828011816e-01
-5.359570610044659400e-01 -5.708341822375661949e-03 -1.921443145980424594e-01
-7.978421606780472519e-02 -2.880794239775867904e-01 2.960189532366428455e-01
-1.118899683114633337e-01 -2.027957517671811205e-01 4.969775277857447771e-01
-1.515191439725541711e-01 -1.794090203788689664e-01 4.917963839364989376e-01
-1.823899415498645704e-01 -1.073274313168051525e-01 -5.449823370142519163e-01
-5.401559093567028791e-01 1.156545689816572547e-01 -3.986273976228602578e-01
-5.955063316717250366e-02 -2.843047722835042590e-01 4.868462491050583596e-01
-1.982602046365461446e-01 -6.552743070755170929e-02 -8.298892703296000262e-01
2.152758520108418588e-02 -4.451225490911852600e-01 1.369707829721076575e-01
-3.663652364112301302e-02 -3.829715660200251337e-01 2.297723166292640062e-01
2.245137896150149748e-02 -4.005304712589570770e-01 2.434476605125189264e-01
-1.267236629499141898e-01 -3.129294953282530933e-01 4.474310913600872824e-02
1.223764952289324234e-02 -9.925908566484076267e-02 -9.949200502806302415e-01
1.215326822590530667e-02 -1.137920675816131433e-01 -8.971329800721277170e-01
-9.561813048574402396e-02 -9.842767949606988365e-02 -8.856717518237566811e-01
-3.433267396525946369e-01 -1.299289776950289521e-02 -6.399633796293663357e-01
-2.571036433472792537e-01 -1.639279802014018683e-01 -1.744342847830686050e-01
-2.792519838979713453e-01 -3.491579060136190682e-02 -7.488559630658497834e-01
-4.020888098340650307e-01 -1.390038370322333461e-01 -1.419594230324547346e-01
-3.179285637692863542e-01 -1.405568460496687266e-01 -2.575781796802605883e-01
-4.557408948259604742e-01 -6.913606094265666024e-02 -2.778251743522950901e-01
-1.161573011011536732e-01 -7.983332375782418999e-02 -9.786765961658618895e-01
-1.646755485241111483e-01 -2.603954130278166579e-01 8.849775681300188403e-04
-3.919231856674010861e-01 5.579290668144067794e-02 -6.948710851015514889e-01
-3.112740212613545054e-01 2.415643334854643970e-02 -8.069592784198145186e-01
-3.916205475812092329e-01 -2.059006582608155500e-02 -5.189177426820266170e-01
-5.959690848191444568e-01 1.567830908759619835e-01 -2.730958995143931700e-01
-4.672665577961624406e-01 4.510606140317426072e-02 -5.169626088818300991e-01
-6.235809510221130836e-01 3.100752076186027995e-01 -3.200008548241066175e-01
-3.694371807752402370e-01 -9.544207552500552638e-02 -3.649698505425018058e-01
-1.212761624669983773e-01 -2.819026472978723441e-01 1.375183122191178109e-01
-1.232157601339257946e-01 -3.813366429937504742e-01 -1.585871094061639675e-01
-1.605666251661656552e-01 -3.074232453757701489e-01 -1.681866310661296604e-01
-9.649080609841179101e-02 -4.335834244093371703e-01 -1.053636932309482688e-01
-1.645954696617913104e-01 -2.329623730565898443e-01 5.916705086500320121e-01
-2.724641512119558295e-01 -2.488079610009703013e-01 6.632083983550851602e-01
-3.654166353664760614e-01 -2.439240085485782084e-01 6.791880487783648057e-01
-4.409357449370786552e-01 -2.151924233559169841e-01 6.623125745717445279e-01
-4.918016455754574134e-01 -1.714629811042870378e-01 6.217932004112898259e-01
-5.233723794829137077e-01 -5.494369891785416682e-02 4.711400744813851738e-01
-6.950930763166971449e-01 2.571310438980259905e-01 2.766661376400006978e-01
-4.805097882812273680e-01 -8.786000146674696754e-02 3.240566384028923386e-01
-4.180522502571520915e-01 -1.227837498022342905e-01 2.855639648309090117e-01
-3.334221263477997743e-01 -1.498335584441979340e-01 2.768248754366420261e-01
-2.513920855834539392e-01 -1.662291145857100194e-01 2.934781635046909143e-01
-1.862877028151306291e-01 -1.715987794382077825e-01 3.219108215133043016e-01
-1.411261000190566772e-01 -1.798716380290595052e-01 3.484878500578248994e-01
-6.991632324119100295e-01 4.883648336389339040e-01 3.139989599012462662e-01
-1.601887511998051072e-01 -2.729314518226481079e-01 -1.874303308971011495e-01
-8.183503437684297444e-02 -3.720899943351088091e-01 9.597667432893876305e-02
-7.959043244750967083e-02 -4.294338100193172969e-01 -1.751966229726077962e-01
-4.721562787286447127e-02 -3.972660869051161114e-01 -2.163870973563246647e-01
-7.977333112374433710e-02 -3.967837468870494266e-01 -1.848511456481851667e-01
-1.429719385419199185e-01 -2.476405821982577415e-01 -2.118835978201389914e-01
-3.406862826424827961e-02 -4.133079294409816029e-01 -2.283700436533430689e-01
-2.452513115352926432e-02 -3.353058765456766732e-01 -2.373659150093679060e-01
-1.355129315908565057e-01 -1.594579868387532295e-01 4.245971105214421670e-01
-1.054585096907787178e-01 -1.936993410186646225e-01 3.966161016287076402e-01
-8.812394254115192560e-02 -2.350657718180913514e-01 3.729978810230759056e-01
-4.411202018314465123e-01 -1.267288720656055967e-01 5.015449127853613964e-01
-4.816335721877890164e-01 -1.276304104061649625e-01 5.448993858236710341e-01
7.598734282817153074e-02 -4.217316624545180415e-01 1.242017165402789225e-01
4.616027458350590029e-01 -1.236804704635414420e-01 4.180331737306319795e-01
8.663462894009485438e-02 -3.415580491899135596e-01 -2.287474674314348699e-01
6.791329480480960967e-01 1.189758410660640420e-01 7.870608400006595673e-01
2.816809136102907951e-01 -1.740553140888940198e-01 3.382635244724726542e-01
3.439562229166525098e-01 -1.693962569260927253e-01 3.287752390668127189e-01
4.032053070007577955e-01 -1.536085714642244082e-01 3.319846047986061977e-01
4.816993335095812734e-01 -1.100847838956717228e-01 3.889118949317945662e-01
2.301692181234052392e-01 -1.692247475447151428e-01 3.620793485850218874e-01
3.772548174879030713e-01 -2.311245488638647982e-01 6.047411424632977983e-01
3.037240243656653682e-01 -2.288436186219204582e-01 5.930858695579748208e-01
4.435852878628054330e-01 -2.106262269607014626e-01 5.871521344223267214e-01
4.845315869209466664e-01 -1.822709025176355024e-01 5.466142981179765714e-01
5.278825703568228445e-01 -7.202472048546537664e-02 3.262006747990969791e-01
2.466760220124166736e-01 -3.670065145497316411e-02 -9.171054942926781806e-01
4.839807455194506947e-01 -1.077400043483884157e-01 4.494943738315837489e-01
7.131658773793601025e-01 1.963197972059062546e-01 3.972164800328690237e-01
5.937445214244507774e-01 -1.919023459548581043e-02 3.982978877467474588e-01
3.313343248228772797e-01 -1.880325759087840276e-01 -7.394593240284919045e-02
5.855678474267410338e-02 -2.657869575401829443e-01 -4.618481418309074438e-01
5.319404527233700941e-02 -2.280036392057103178e-01 -5.259428760341388065e-01
1.292807838946412324e-01 -2.182726384563792310e-01 -4.868551862284632437e-01
1.764677168793616913e-01 -1.653009581906692560e-01 -5.128805762471988494e-01
1.100613910672235130e-01 -1.948691986105657303e-01 -5.295240488861565620e-01
1.554002277837472912e-01 -1.470259402397116055e-01 -5.383980795143681330e-01
2.885394702509562759e-01 -6.200412519489925667e-02 -6.442664470107581920e-01
7.462472247268324421e-02 -4.617175142641018470e-01 -2.003686269676202836e-01
8.274628335214505304e-02 -4.930811007428548276e-01 -1.109410301697103113e-01
5.597955401541558906e-01 -1.742812331353259248e-01 6.304327007377088510e-01
2.061597414707582732e-01 -2.226697626602525959e-01 1.638647782717123635e-01
2.198993562062868667e-01 -3.118031390357625665e-01 -1.509895450111603810e-01
2.236173851139086621e-01 -2.994955773965229939e-01 -9.681841252303680090e-02
5.115859271924569907e-01 -1.102741789112730575e-01 -5.404910363587080158e-02
7.955192112398755400e-02 -4.695110265485020196e-01 1.339687172976592247e-02
4.276504524102783256e-01 -2.926656739626896098e-01 7.269880400378251339e-01
5.076554837955571386e-01 -2.405837007495749691e-01 6.981720326803650956e-01
6.192288402486664234e-01 -2.305862908384403998e-02 9.301739767720300645e-01
1.596993224587920923e-01 -3.301814842883259993e-01 6.326593255839293439e-01
2.414047236256323115e-01 -2.038675950693050187e-01 5.493234398759135884e-01
3.371201936688067446e-01 -5.668048988546769279e-02 -5.513673389948321457e-01
6.526770237606969172e-01 4.700880640809318445e-01 -4.195564802721590825e-01
1.750465602057192371e-01 -2.810476639272765920e-01 -1.998624303897063581e-01
1.279080268250643304e-01 -2.829463827820286603e-01 -2.262132264930547809e-01
2.384151086617379567e-01 -5.574107899693973855e-02 -5.681230124974794293e-01
2.224671932202657854e-01 -7.444019922271660761e-02 -5.722335247387628776e-01
5.369710018240778648e-01 -2.187514236824738556e-01 7.551968298687268266e-01
2.221787809234649080e-01 -2.724044194300487831e-01 -1.851924148649569390e-01
3.165307406797525092e-01 -3.259590594182487644e-01 7.128780944336210457e-01
3.264478129783824345e-01 -3.485147712460552327e-01 7.805877327678528710e-01
3.763996191996505924e-01 -2.828079795608429148e-01 1.114746181168357442e+00
5.787497958569957079e-01 -1.340288003314797083e-01 8.306850460711250328e-01
3.435607516710392217e-01 -3.169845660653077268e-01 9.424329700075471106e-01
5.933919275241817948e-01 -1.262346141663776566e-01 6.719553286142365689e-01
6.406061477313895747e-01 -8.830144373541348735e-03 7.148264109756048423e-01
5.643174188542052216e-02 -2.535459153108227115e-01 -4.981112209353686371e-01
1.195754884662243167e-01 -2.090324918840462676e-01 -5.100218723952993916e-01
1.660147274186469235e-01 -1.613904376506921645e-01 -5.257475610808870492e-01
1.614792843642514075e-01 -2.656753747048270498e-01 -2.140232024511970477e-01
2.301247964139449820e-01 -6.598766400254513220e-02 -5.704831550375181193e-01
1.995966063399578772e-01 -1.032237890143370140e-01 -6.075517732986323027e-01
2.146118674504821355e-01 -7.614915158439905518e-02 -5.728963606407926346e-01
1.438275233282302334e-01 -3.696869689058467912e-01 -1.842745795438575085e-01
1.471152693962138325e-01 -1.342777498510320244e-01 -5.473515884962201206e-01
1.032317957938575087e-01 -1.661691343926423592e-01 -5.419121784917289020e-01
5.054388616122642425e-02 -1.956395471358930993e-01 -5.426533544146712185e-01
9.431764415605946306e-02 -1.282626088265532149e-01 -8.118936331716842814e-01
5.863452051099116852e-02 -1.884242660943001302e-01 -7.468063632259726026e-01
5.475614556887867940e-02 -1.979792341501204755e-01 -7.050856049684801619e-01
5.125155694447133120e-02 -1.868399270935857670e-01 -6.616371617432444951e-01
4.521386404763315381e-02 -1.828029747199284571e-01 -6.243836746678395055e-01
1.428836480648716656e-01 -1.329047014913927460e-01 -6.043266091421706232e-01
1.548677499844646199e-01 -1.413147891595374905e-01 -6.218997857055534872e-01
1.666803034008564610e-01 -1.487405077933659225e-01 -6.436422783377030443e-01
1.784700564475743823e-01 -1.351330087165922567e-01 -6.662615463678541738e-01
2.764703864795363120e-01 -1.664320102129602241e-01 -4.039374666664915514e-01
7.198399891103758330e-01 4.989265114215054586e-01 3.920010110269361858e-02
1.763021452864940997e-01 -9.902505829052049569e-02 -5.899031325690848870e-01
1.874654078863892126e-01 -1.049060682960100827e-01 -5.990005942253672222e-01
1.080243903025476099e-01 -2.794765066049367808e-01 -2.600754403301502871e-01
2.031943507548800709e-01 -2.216312140374793183e-01 -2.320008520814869912e-01
1.177266480521091813e-01 -2.827074448035564735e-01 -2.439853743735589386e-01
2.698467662952375168e-01 -1.945726357146081442e-01 1.115048550762422486e-01
3.702968240069524075e-01 -1.703210405690438467e-01 4.841478293607590772e-02
2.343824592924080019e-01 -2.591898490159495472e-01 -1.323270755776286556e-01
5.243359755543403056e-01 -1.655571386615169449e-01 1.041391474222787217e+00
4.852812780335765686e-01 -2.349724895035710803e-01 9.098082012692922937e-01
4.478250864886859084e-01 -2.915680259660711759e-01 7.947335230300833775e-01
2.402453627668271197e-01 -8.708123057677111256e-02 -7.120942735432362891e-01
1.800343250353065028e-01 -3.710265518611809976e-01 7.462457493125613794e-01
1.930756924394700369e-01 -3.604358475611150192e-01 9.462472471134786289e-01
2.141345964893673903e-01 -3.488216273039237980e-01 1.152271566631507982e+00
4.531907767558006617e-01 -1.299638533519580919e-01 3.506223092640689543e-01
5.919410231963972979e-01 -3.066330273213863783e-02 2.579976540640071536e-01
1.963835561797593610e-01 -1.619670944142788949e-01 3.850526576126530598e-01
5.375237702972747167e-01 -1.246151696331522229e-01 5.072703815414718598e-01
1.638064241317703229e-01 -2.522115911716443781e-01 2.223357569616727925e-01
1.825033254310577668e-01 -3.776842533722442052e-01 -1.269116126617398366e-01
6.653218660519106820e-01 4.543400621436723824e-02 1.988241473231703582e-01
5.514794428920158920e-01 -7.752766027182692032e-02 1.862829820516583856e-01
4.738952351099665616e-01 -1.299284735199498497e-01 1.469616128156985280e-01
3.574326568677831939e-01 -1.571245438929601834e-01 1.640409013781753689e-01
2.716104584484697604e-01 -1.747765206729453014e-01 2.068643926215482931e-01
2.078509877722358734e-01 -1.963384657130085309e-01 2.504664436401440875e-01
8.299275281163701057e-02 -3.330678763702879519e-01 3.371322747765996830e-01
6.555960556195923328e-01 5.395767346818487742e-02 4.546195674381116325e-03
5.810073603545669041e-01 -9.683040896602093661e-02 5.213417987143467158e-01
5.373660973912432193e-02 -4.235012967397804862e-01 -2.394174609499661599e-01
2.026296622749622078e-01 -2.374985492879653215e-01 6.501794800208639258e-02
7.315362905778263203e-01 3.992148468023789532e-01 4.367069601681937141e-01
1.607120588585908560e-01 -2.107088501598763375e-01 2.988987111974278910e-01
2.418281825766511739e-01 -1.966540839250169315e-01 -1.277165565332930020e-01
5.063319468630022024e-01 -9.560732652742424953e-02 4.460136283840674398e-01
1.845218276509872357e-01 -3.619284549249263128e-01 -6.033761448219017443e-02
6.962884629811441073e-01 4.993327020034548092e-01 -1.824325055460507550e-01
1.964030376702353975e-01 -1.497937824798721285e-01 4.166204932320088927e-01
1.331591791159660310e-01 -4.289232832687042141e-01 -1.445057310708403389e-02
5.165272921791626004e-01 1.682461263361208492e-01 -6.827719510973939698e-01
5.171289682770427998e-01 2.924721538092286965e-01 -7.638177526169604992e-01
7.158800976490471424e-01 2.779612803754631378e-01 1.667223266073828564e-02
5.936430490552018213e-01 2.307213693314479896e-01 -5.524848323309550224e-01
6.799916391538063376e-01 1.100113686265163371e-01 5.711572669661302282e-01
2.615569856060125375e-01 1.078747712221583832e-02 -9.905275102150514765e-01
5.170769229919480042e-02 -3.363860549690032009e-01 -2.468662545501018601e-01
2.572745505187502557e-01 -2.071729445832345418e-01 -1.438802849438527423e-03
6.421428067498630154e-01 4.527645928049546520e-02 3.832596265445159522e-01
4.008160994176206415e-01 -1.546275106260602827e-01 3.808585819273586637e-01
3.472905387270858735e-01 -1.677392462578009558e-01 3.745579889226766657e-01
2.117977526906656971e-01 -9.078065556884418186e-02 -6.168378153952616127e-01
6.423512918195011245e-01 9.850736454531924813e-02 -1.735032682675849425e-01
1.511990091862468466e-01 4.565897419079300440e-02 -1.101843231711208349e+00
3.415765904710291734e-01 1.537129645515200038e-01 -9.731038818726776007e-01
4.236808653694545956e-01 2.156709393476397008e-01 -8.882041485881752019e-01
2.942163343614895843e-01 -1.703573538264071541e-01 3.827415351001055566e-01
2.444519208078833605e-01 -1.622298084859992717e-01 3.990472750937261726e-01
2.124073380354798146e-01 -1.497413902180046996e-01 4.082356383264619804e-01
6.206018788355375237e-01 -3.553065842005574682e-02 5.449327079184594913e-01
2.541126172940589845e-01 -1.831352845069624535e-01 4.818544462479292800e-01
3.086993019503816438e-01 -1.987320694284631095e-01 5.111964926010672539e-01
3.651117364908037510e-01 -1.982049852077794050e-01 5.176985933853991417e-01
4.196638241879966369e-01 -1.829299610393335940e-01 5.038221108173140950e-01
4.520958387037616322e-01 -1.606092917380428364e-01 4.805943709901371319e-01
7.162663550830906667e-01 2.703426259322680991e-01 6.334227602510158484e-01
4.370950910372414233e-01 -1.378124550636647405e-01 3.975739881623855387e-01
2.227462851654451181e-01 -2.066710118400394147e-01 -3.602372549570413973e-01
1.742457328613363776e-01 -3.065857098336157716e-01 -1.891317795447823025e-01
1.102178933502368785e-01 -2.668807842149383824e-01 -3.389147635641867051e-01
4.327380051426056307e-01 1.221756951674715930e-01 -8.033719618561399045e-01
3.507616573976388707e-01 7.001300852545724873e-02 -8.974476491349387963e-01
1.492535700832262058e-01 -4.182715148841168601e-02 -1.058556276816669639e+00
5.908283801731065710e-01 3.904746131030751299e-01 -6.161702161334388084e-01
2.145671337547271351e-01 -1.628794424226603366e-01 4.419530521116721289e-01
1.232044988086738041e-01 -3.354533201415093036e-01 1.809928926540135818e-01
2.534863491017710357e-01 8.822815331940214723e-02 -1.048345794223307870e+00
6.935182371901502663e-01 2.944255053882262052e-01 -1.839222223023106173e-01
9.875646725063114140e-02 -1.602019681147512642e-01 -6.144148444731794001e-01
1.100430219794325815e-01 -1.674593317537656501e-01 -6.431752990023753558e-01
1.185782157909274770e-01 -1.756006957873600671e-01 -6.785980123102249850e-01
1.268444625588358854e-01 -1.639466943742419747e-01 -7.153659966388983271e-01
1.761039405250633405e-01 -1.133678672269275989e-01 -7.727371874713090394e-01
1.903467761955627280e-01 -1.079527077720136008e-01 -5.529800021369166707e-01
2.014840636532496398e-01 -1.082972448105119223e-01 -5.475650235109253972e-01
2.113887852327515082e-01 -1.097019377223406034e-01 -5.403026033427682506e-01
3.167384157412430623e-01 -1.124952325097243189e-01 -4.685634207866495871e-01
5.573823915976416910e-01 -2.031952105102687728e-02 -2.397434997551711189e-01
1.229048993801789003e-01 -2.887698877459101698e-01 2.863068995716203657e-01
1.542280798503116723e-01 -2.046836497136335364e-01 4.798113649990900509e-01
1.891547790143408847e-01 -1.781037304064816418e-01 4.725804325157560437e-01
1.795153268526082924e-01 -9.955904418197480954e-02 -5.583766966328669312e-01
5.647894519780574107e-01 9.851357194031004627e-02 -4.428486968337131957e-01
9.971883938796774483e-02 -2.845690822114770313e-01 4.769461934245179391e-01
2.134871663740154357e-01 -7.260109445957610430e-02 -8.401483151609083766e-01
8.004120914541315579e-02 -3.844846786311532649e-01 2.244732909988012282e-01
1.661342364149374085e-01 -3.170523447902869330e-01 3.130326090708692582e-02
1.162594223655642744e-01 -1.038540242474996350e-01 -8.914035590053523972e-01
3.517013748611829138e-01 -2.378805849137759915e-02 -6.686304512157748015e-01
2.911374759934030054e-01 -1.733801464521964042e-01 -1.981665341052479268e-01
2.901742390818046191e-01 -4.487222852556023434e-02 -7.663105448572460343e-01
4.250965105302901836e-01 -1.514677618738457798e-01 -1.792136762418159168e-01
3.430480899261486027e-01 -1.505434333177486650e-01 -2.871874328957740308e-01
4.745493633344771700e-01 -8.319923014418982576e-02 -3.187755147772812769e-01
1.384828963773473698e-01 -8.549627623148145505e-02 -9.849716321575306965e-01
2.030276778574305330e-01 -2.656125983319830852e-01 -1.479212233711855833e-02
4.101193902798260793e-01 4.065933136589690994e-02 -7.192731910826645203e-01
3.304755668437431293e-01 1.027324884333911253e-02 -8.233030624498640648e-01
4.022143549507484206e-01 -2.963009583666874683e-02 -5.555413678585742199e-01
6.240409807165291367e-01 1.395717262810979298e-01 -3.235380700365425577e-01
4.833166633305476800e-01 2.920323866679272462e-02 -5.540062666412353121e-01
6.591270531854961368e-01 2.929529346723948047e-01 -3.724416849205180458e-01
3.843582580814254301e-01 -1.048985189165934639e-01 -4.007813944561076092e-01
1.617824568569390942e-01 -2.831168831323935264e-01 1.245469517165875839e-01
1.621671184347303063e-01 -3.854949434117528329e-01 -1.709024388373769354e-01
2.000273175506591949e-01 -3.152740970209968463e-01 -1.829785067550824817e-01
1.369549232120244597e-01 -4.382996915132580940e-01 -1.160321186010011552e-01
2.051207637742828438e-01 -2.363682314039180499e-01 5.695947179536783311e-01
3.084634765509875476e-01 -2.580025620747452564e-01 6.363345908975268639e-01
3.983602874188222898e-01 -2.559615221490640913e-01 6.477812692504869574e-01
4.699086055287881591e-01 -2.287119755363546392e-01 6.263317104658414625e-01
5.164081832399258776e-01 -1.857201500887285528e-01 5.807291384210123697e-01
5.423749926412473332e-01 -6.780127774009739317e-02 4.228159852632977778e-01
7.233637601574011144e-01 2.406767421801326301e-01 2.088295035940964661e-01
4.961005209931675930e-01 -9.862247108740065937e-02 2.835523372711215018e-01
4.337583061661913764e-01 -1.320375631650679837e-01 2.530495451150974739e-01
3.523039361988849483e-01 -1.560193381620149089e-01 2.560418505106220044e-01
2.748616090708122517e-01 -1.696347320490755872e-01 2.811003894530769709e-01
2.157822427936127718e-01 -1.744932411329171429e-01 3.133485914973104247e-01
1.750753673390570420e-01 -1.811462454067095385e-01 3.421231352871519915e-01
7.280260090327070888e-01 4.705757336632336862e-01 2.431746787618923322e-01
1.993420373268550427e-01 -2.812253479907044218e-01 -2.015376207716797485e-01
1.240709132564352807e-01 -3.732833033753784058e-01 8.674036951639352289e-02
1.194027401411739686e-01 -4.337253991303200440e-01 -1.840118474606350918e-01
8.682605222299100145e-02 -4.015504336967835597e-01 -2.222602397267281482e-01
1.193405996064447055e-01 -4.007417343233235507e-01 -1.938725173396826928e-01
1.836369275012908753e-01 -2.567502366327588659e-01 -2.243138913212148200e-01
7.401761961067035434e-02 -4.166381229212952064e-01 -2.330007002791100179e-01
7.204022742082555331e-02 -3.387729499842357384e-01 -2.413520505058002197e-01
1.749036471842121410e-01 -1.590836230503635540e-01 4.130809706663859382e-01
1.432630719828467680e-01 -1.943329561718122600e-01 3.885406143734086437e-01
1.240616994448654614e-01 -2.364295062619066745e-01 3.667681554197231297e-01
4.699958055232525966e-01 -1.375253514907301411e-01 4.632938836700037921e-01
5.079017876473249649e-01 -1.413627233465770128e-01 5.024352310910731312e-01
-3.260202439447514866e-01 -1.548832691733603717e-01 4.835637496374537991e-01
-2.615643325668720598e-01 -1.608897107810149385e-01 4.817089566729751970e-01
-3.252216533877121396e-01 -1.632148432300980223e-01 5.651203180563842965e-01
-3.913465895215183510e-01 -1.488243148618570155e-01 4.855824776452514202e-01
-3.273990035257345887e-01 -1.465542243982301540e-01 4.024210743405312041e-01
3.531029483028589877e-01 -1.612826828555161407e-01 4.532933677622957291e-01
4.162021409823339346e-01 -1.670000637080400196e-01 4.500927354006686310e-01
3.521927080291503143e-01 -1.697562278977164940e-01 5.315166132435003021e-01
2.895024158762040112e-01 -1.555904442665896337e-01 4.569982213007696137e-01
3.542511819316252475e-01 -1.528255179227732685e-01 3.750356703301562789e-01
