-1.472728842077809797e-02 -2.959354323616337767e-01 -4.932877828890753769e-01
2.328367348556614758e-02 -4.920056247818656026e-01 -2.135989405244754780e-01
2.638945391667082974e-02 -3.085275282831654309e-01 -2.771374513426267949e-01
-3.467924219659410112e-02 -4.462639675967302599e-01 1.363081658181540812e-01
2.307364334305313236e-02 -5.274045926719435062e-01 -1.155722406778776357e-01
2.199439130151340654e-02 -5.178168756322587551e-01 2.379671742673750146e-02
2.431343914195605027e-02 -3.806456535689025644e-01 3.786673827063581355e-01
-4.565060755788987734e-01 -1.203976991081146530e-01 4.773102778245078559e-01
2.479659242926854357e-02 -3.643163123530173131e-01 6.483691578941934708e-01
2.377597677027758899e-02 -3.931486047440020393e-01 7.784766058403103095e-01
2.232749378347011204e-02 -3.810629205083430060e-01 1.236085631138291507e+00
-1.362626462763162627e-02 -2.847434404807610564e-01 -5.212968976699312584e-01
-1.207950816074927075e-02 -2.612485351685971402e-01 -5.487424023002352991e-01
-9.810587261936495884e-03 -2.255575609988553776e-01 -5.681471287286438132e-01
-1.821798244849402726e-02 -2.007217268858101367e-01 -6.678699064894564330e-01
-1.931066537353388901e-02 -2.040676335788303986e-01 -7.102418636683160980e-01
-2.115401303163946811e-02 -2.139725527425210272e-01 -7.562437282961818052e-01
-2.090054545442981970e-02 -2.024244645484509775e-01 -7.994382758987823578e-01
1.133620435846000030e-02 -1.369380584758992381e-01 -8.637932970219990292e-01
2.217464366384158669e-02 -4.507178836747826045e-01 -2.556786210161337558e-01
-4.272873182753897381e-02 -3.564450764093085589e-01 -2.352064779838057285e-01
-7.082627528709675158e-01 1.464307090593599536e-01 9.075880629410493228e-01
-2.712085491271676307e-01 -1.812399333455535499e-01 3.732332117880740041e-01
-3.406620391032639805e-01 -1.738304210356637070e-01 3.668241019579140394e-01
-4.053342127607797440e-01 -1.546545094613223092e-01 3.784776677980840054e-01
-4.843723638087407135e-01 -1.062576564218713493e-01 4.515691585162983079e-01
-2.100063950964129456e-01 -1.765920927881168279e-01 3.974019282985258306e-01
-3.692130551228041124e-01 -2.358485503073916023e-01 6.688155712916135087e-01
-2.898933093734172850e-01 -2.351397249381117494e-01 6.539283752616649181e-01
-4.393783946030023202e-01 -2.106095667449113806e-01 6.537279685291648157e-01
-4.838438723738467395e-01 -1.782419334150102674e-01 6.162664352421565184e-01
-5.426693429314886075e-01 -6.315834977186207677e-02 3.952512677097285154e-01
-2.416799952333240076e-01 -2.809000456084470576e-02 -9.620465905038826371e-01
-4.787174863555763160e-01 -1.028954289865203764e-01 5.140629690344219460e-01
-7.306975039624996615e-01 2.266597962332246308e-01 4.927098172079954486e-01
-6.168168631453030404e-01 -4.144372636631043355e-03 4.813592532611284946e-01
-3.173309981164857962e-01 -1.899610288442460382e-01 -4.748563346808365448e-02
-9.081974717793117602e-02 -2.833294666345814727e-01 -4.726411005485477990e-01
-7.898472844843054674e-02 -2.473386078458194026e-01 -5.395753858746942244e-01
-1.552216951962793745e-01 -2.357515419684249602e-01 -4.937617962835139096e-01
-1.906490453127666629e-01 -1.852054524760291532e-01 -5.264002230097173385e-01
-1.315921086198258982e-01 -2.146847384797504477e-01 -5.419179719783080440e-01
-1.665741532057880003e-01 -1.655086106146813618e-01 -5.582845005310040909e-01
-2.995199169002671358e-01 -6.164104970536654626e-02 -6.595339986819934719e-01
-3.440400100817156415e-02 -4.847228552511240185e-01 -2.065351341612281511e-01
-4.456818693929914810e-02 -5.175412337014825281e-01 -1.110481144706684242e-01
-5.740957063397911231e-01 -1.686002594435013213e-01 7.135928761777985407e-01
-1.782191250718527242e-01 -2.333403328860206294e-01 1.914225864812032496e-01
-1.911180469106461000e-01 -3.224118775934705639e-01 -1.425398211735238729e-01
-1.964562337819503179e-01 -3.094534134021458271e-01 -8.465403307842056524e-02
-5.165990087899401395e-01 -1.046792752160173867e-01 -8.025865649489705156e-03
-4.023196243039856013e-02 -4.956590716244260175e-01 1.939798705890227737e-02
-4.194200597677129050e-01 -2.943926171615963705e-01 8.039736913515991290e-01
-5.108903972359384316e-01 -2.382066433095986202e-01 7.776074739286777948e-01
-6.406388326291860835e-01 -4.170567709058797812e-03 1.054199092489759515e+00
-1.215428912157107688e-01 -3.453133812904946032e-01 6.880184303805108037e-01
-2.196371503495645472e-01 -2.121660093553020543e-01 6.063767682516947310e-01
-3.381087833979770085e-01 -6.156872559112869236e-02 -5.587399277017524035e-01
-6.466746237379306095e-01 5.175164131569252035e-01 -3.900379796660876641e-01
-1.400454376882245833e-01 -2.892161971707946089e-01 -1.982206002068194195e-01
-8.649095623414815304e-02 -2.892964250371596879e-01 -2.291693386455346260e-01
-2.398552648388591058e-01 -7.334447886904538194e-02 -5.816692650133827858e-01
-2.279787800940895059e-01 -8.969661520867111548e-02 -5.878455911512128207e-01
-5.445638519819813173e-01 -2.144950706632178239e-01 8.467662814049066178e-01
-1.952106085652655088e-01 -2.794835229772527629e-01 -1.786200768312810050e-01
-2.934402693566497966e-01 -3.317142289919154940e-01 7.838439039884010917e-01
-3.038286499652089745e-01 -3.548594607686300639e-01 8.610545410018897172e-01
-3.679722048558382586e-01 -2.853996678589046931e-01 1.223992402482076525e+00
-5.915463649146777136e-01 -1.248028448878359398e-01 9.375072612200607836e-01
-3.278582979288684474e-01 -3.236657965766313039e-01 1.033684935119221215e+00
-6.109385817112877870e-01 -1.176575623788940206e-01 7.701144592284907553e-01
-6.587541642049512536e-01 7.728182549563034076e-03 8.209364321191672254e-01
-8.661361112504539772e-02 -2.724653360398169299e-01 -5.098056827043497830e-01
-1.436525239385378350e-01 -2.278670213695589974e-01 -5.189755949619709874e-01
-1.796461217055656534e-01 -1.805859158589542268e-01 -5.418738822484904238e-01
-1.243121899422416354e-01 -2.718690214427267327e-01 -2.144320147240531549e-01
-2.334577464679445380e-01 -8.184526044716136650e-02 -5.849495712032026784e-01
-2.214327562308892605e-01 -1.153441346349042829e-01 -6.208423212685703074e-01
-2.212422843054281385e-01 -9.122932068278089002e-02 -5.898615141230285630e-01
-1.091997496494551967e-01 -3.882537346150558566e-01 -1.833655683587779861e-01
-1.569520454224444528e-01 -1.518419030797937830e-01 -5.707038075042903946e-01
-1.202370768078303009e-01 -1.856927928990758092e-01 -5.597619712450323526e-01
-7.115821032042152217e-02 -2.153948655570174786e-01 -5.594932244652655040e-01
-8.245388709652992643e-02 -1.319357577392467062e-01 -8.548157679941648102e-01
-1.016610026672796208e-01 -1.990120580912371206e-01 -7.843508247047989990e-01
-9.842480206838655210e-02 -2.104253879076052325e-01 -7.398970881614665984e-01
-9.051551675374341910e-02 -1.993159903336423344e-01 -6.931271246290071630e-01
-8.109364038744171221e-02 -1.957775970284344469e-01 -6.533263139042027046e-01
-1.721926868854384285e-01 -1.461807564867552145e-01 -6.193573227879505261e-01
-1.876217032331577439e-01 -1.527184226504582076e-01 -6.367771836789253292e-01
-2.035764987186811648e-01 -1.593026546467157800e-01 -6.586559564287743918e-01
-2.151774283477868033e-01 -1.443761664332421368e-01 -6.828809413138277051e-01
-2.622175522336293585e-01 -1.718677060860697714e-01 -4.024536316071380959e-01
-7.233163230209422867e-01 5.494961203776771441e-01 1.123054018841759261e-01
2.616009160052002597e-02 -3.582481837107656109e-01 -2.630042260329672477e-01
-1.951591142082652053e-01 -1.139855603910472359e-01 -6.047464747598898516e-01
-2.083970190053779925e-01 -1.180384443051352150e-01 -6.126087764570729011e-01
-6.401954207263813035e-02 -2.896280263940792521e-01 -2.666852558676334195e-01
-1.707454488962972805e-01 -2.232512989556617033e-01 -2.298473126322991833e-01
-7.490236201308775321e-02 -2.906005250852183863e-01 -2.484466478935804523e-01
-2.487038609387518528e-01 -2.023292309382765941e-01 1.425610692936288837e-01
-3.595372243443055726e-01 -1.724918434644499010e-01 8.666735419742932489e-02
-2.075762162699487656e-01 -2.660581610283099252e-01 -1.211934501385327767e-01
-5.332449928381883808e-01 -1.556955121660508201e-01 1.163112557557351323e+00
-4.862705018210198293e-01 -2.322487157142711922e-01 1.013400776103072776e+00
-4.407673319772520415e-01 -2.925789957593427637e-01 8.822367272831455054e-01
-2.515962220344208911e-01 -8.818008714700342754e-02 -7.386082519747751984e-01
-1.406537998078781215e-01 -3.863017725089938903e-01 8.182262159367219567e-01
-1.635804184699598540e-01 -3.743562489640852586e-01 1.020927115516086392e+00
-1.893562814623403479e-01 -3.595108029558606866e-01 1.243670415935865137e+00
-4.573037468459493216e-01 -1.277733411079980397e-01 4.059183844614521197e-01
-6.184384360698602645e-01 -1.529207429144596730e-02 3.317250203782803331e-01
-1.692938368066786436e-01 -1.716202559757499246e-01 4.211049681686528379e-01
-5.457778988645247686e-01 -1.173970149489839132e-01 5.822537321173619773e-01
-1.310263711030307254e-01 -2.658817425526935896e-01 2.487680458252975457e-01
-1.515030903963089925e-01 -3.933610581734974243e-01 -1.188551777746500449e-01
-6.788347377530459248e-01 6.590189369464583002e-02 2.766135693780381599e-01
-5.760417848472485502e-01 -6.754143528388178996e-02 2.496990877921746455e-01
-4.919200949964952496e-01 -1.256060335203071920e-01 1.989148461982591654e-01
-3.615201017975970821e-01 -1.592362328816505634e-01 2.033635124631530955e-01
-2.646100574300517261e-01 -1.806819645543945585e-01 2.384703868630565493e-01
-1.920897332619544429e-01 -2.046726489283473560e-01 2.788874022245338979e-01
-4.005642449060312082e-02 -3.516842465375172866e-01 3.625453245292361570e-01
-6.660344345424480395e-01 7.292831638557450979e-02 6.806062582356864343e-02
-6.001852039462116650e-01 -8.704780521177302166e-02 6.073919291127851672e-01
-1.366640618327748941e-02 -4.467102479569792228e-01 -2.499705195068133157e-01
-1.731568507118088074e-01 -2.486536921337046957e-01 8.582388444005617512e-02
-7.491782146907592921e-01 4.416412751078133692e-01 5.385455237441725274e-01
-1.355938174236993032e-01 -2.216411967466100919e-01 3.253023395668160900e-01
-2.117307726884192776e-01 -1.998211090159000003e-01 -1.156280552431016018e-01
-5.058015104894608704e-01 -8.974961041425888464e-02 5.143651582248355281e-01
-1.551358562259911311e-01 -3.766357781269163985e-01 -4.868899012301086682e-02
-6.934262201022183270e-01 5.508839754299905689e-01 -1.300975740569434436e-01
-1.654588677728978108e-01 -1.604195927540001954e-01 4.554747116618867997e-01
-1.003972412580545204e-01 -4.502236424006711424e-01 -4.714822845248822780e-03
-5.179841898704109493e-01 1.972503397532107128e-01 -6.874984701891146965e-01
-5.114348051698955899e-01 3.298762553460952152e-01 -7.770446939185899904e-01
-7.187521714155797881e-01 3.131212340852829179e-01 8.539798156414224461e-02
-5.958984450865223437e-01 2.638448989735966421e-01 -5.389311302955128724e-01
-6.974751864659036737e-01 1.341242948146926794e-01 6.738141646205475510e-01
-2.507898873803166562e-01 2.287462818640206841e-02 -1.038572860213467397e+00
-1.899229820122813953e-03 -3.531340268056220033e-01 -2.575564764923388150e-01
-2.343690639699714251e-01 -2.133187140504559931e-01 2.142685611979361360e-02
-6.748936852530089681e-01 6.455569105761715942e-02 4.774226154907900144e-01
-3.943466714614860535e-01 -1.555636280548132744e-01 4.290588162652667625e-01
-3.372598555955101940e-01 -1.718258334776500140e-01 4.168019328441708860e-01
-2.321663411055691073e-01 -1.024471786429218545e-01 -6.299376159226479643e-01
-6.497359395017472394e-01 1.204841996207688393e-01 -1.251725749043288705e-01
-1.225328178749455210e-01 5.432200113633955940e-02 -1.162276877690537891e+00
-3.249937856468583242e-01 1.768210593542643982e-01 -1.017909601797486907e+00
-4.117981576943239297e-01 2.451302340970706872e-01 -9.209189585644175224e-01
2.291064844483420987e-02 -3.916243771277152508e-01 1.003130177587581162e+00
2.016864351653603615e-02 3.360609046225326857e-02 -1.183186955503809479e+00
-2.787733428019179005e-01 -1.763809445115446239e-01 4.230523512104079620e-01
-2.214156122053875797e-01 -1.708035485758198080e-01 4.390316156801395975e-01
-1.833632579865785983e-01 -1.598097361758952228e-01 4.480934129383270514e-01
-6.470342729507623236e-01 -2.231665632823753853e-02 6.453532760320013217e-01
-2.343652917596934504e-01 -1.924030972955104168e-01 5.368905386204452235e-01
-2.976329298738775719e-01 -2.053880637282393673e-01 5.727363057893040121e-01
-3.581124430141655601e-01 -2.021318981828912342e-01 5.814823128828501275e-01
-4.150758741794036144e-01 -1.833810207995331121e-01 5.687852897898064697e-01
-4.488497302015370671e-01 -1.588133951675380073e-01 5.458951316235753914e-01
-7.407660266058850862e-01 3.064580782494639166e-01 7.466492103216118004e-01
-4.316888792415929377e-01 -1.364571442493854869e-01 4.517496123307459532e-01
2.505478264622440498e-02 -2.903419274968288555e-01 -3.479653824466140133e-01
-1.990593545935689379e-01 -2.128450729060386015e-01 -3.599662010829118852e-01
-1.396211850981559088e-01 -3.164401876463828200e-01 -1.863220410169770802e-01
-7.096388773707210107e-02 -2.813725510099548410e-01 -3.479539451699694697e-01
2.465841533221389131e-02 -3.474433271951299362e-01 5.170312054055018480e-01
-4.304157311621843451e-01 1.473740494152507852e-01 -8.253393095900107834e-01
-3.459840180368916052e-01 9.015577499737970069e-02 -9.342057917599808636e-01
-1.306353584725068462e-01 -3.755177943630516602e-02 -1.114205843319199474e+00
-5.841977172972054877e-01 4.331506505155557907e-01 -6.091509042025071707e-01
-1.874896422017072739e-01 -1.741433394072459118e-01 4.865721843795988155e-01
-8.577142702040282951e-02 -3.530863627729913246e-01 2.012465496450194236e-01
1.483074911090210418e-02 -5.606332131021685150e-02 -1.133497474327370469e+00
-2.321415340095797086e-01 1.036529008366915416e-01 -1.103261045804100338e+00
-6.945994570811637736e-01 3.308820097279165928e-01 -1.321606968387573078e-01
-1.335499884073789723e-01 -1.736564886396075869e-01 -6.341456769140243477e-01
-1.486142551247269239e-01 -1.799489920661396791e-01 -6.641567453680605748e-01
-1.606234080319389745e-01 -1.881320788311963144e-01 -7.023517221836692581e-01
-1.680297815064218381e-01 -1.753175931921731046e-01 -7.434503071672411423e-01
-1.780389010795166982e-01 -1.181866095655401128e-01 -8.088393602246266578e-01
-1.936355755878468865e-01 -1.266668839081306341e-01 -5.793271564876236734e-01
-2.045310258236588963e-01 -1.294123243392080735e-01 -5.722533698049099282e-01
-2.139105509013629614e-01 -1.318986453240977297e-01 -5.639448024951236871e-01
-3.079357657608556842e-01 -1.220494397610980830e-01 -4.738082427578417244e-01
-5.666170527579708072e-01 -6.034894125042766788e-03 -2.031361337747837892e-01
-8.434835671391210932e-02 -3.045593127712035164e-01 3.130601874236748072e-01
-1.182907525446256214e-01 -2.143968976969961027e-01 5.242824628913259621e-01
-1.601869572036926925e-01 -1.896723035512398736e-01 5.186518975706720935e-01
-1.825932826796752284e-01 -1.187181817240944015e-01 -5.858446323164581138e-01
-5.710561006806966766e-01 1.222707106281272216e-01 -4.214313004223350090e-01
-6.295729025720062100e-02 -3.005687281260819299e-01 5.145447083259940824e-01
-2.131581111773855897e-01 -6.928085405779271788e-02 -8.791447748536356244e-01
2.275909353031695115e-02 -4.705862563121654407e-01 1.448063440249488520e-01
-3.873235480828540744e-02 -4.048798603785220829e-01 2.429166855453742668e-01
2.373573389195871020e-02 -4.234432414029158931e-01 2.573743419704234148e-01
-1.339730244075961751e-01 -3.308309587929031403e-01 4.730268639797430286e-02
1.293929901785537129e-02 -1.048989943821381221e-01 -1.053840434451360775e+00
1.245154761429253729e-02 -1.197583871154523916e-01 -9.493404601969661627e-01
-1.027588105580360123e-01 -1.037643795065310015e-01 -9.375760443384724141e-01
-3.632948877161654710e-01 -1.462033458526093566e-02 -6.789464867776389134e-01
-2.718115297776773076e-01 -1.733056540615505181e-01 -1.844129829327937342e-01
-2.994254437933154822e-01 -3.716660379487668475e-02 -7.934145631218518790e-01
-4.250907263879479814e-01 -1.469556988644600271e-01 -1.500803622945481308e-01
-3.359959657111124542e-01 -1.485975494088237481e-01 -2.722994145985171421e-01
-4.818120357694368749e-01 -7.309106258849557003e-02 -2.937184579272761331e-01
-1.236122132849265531e-01 -8.442459440975835783e-02 -1.036922455395555165e+00
-1.740959878225329382e-01 -2.752916086318463185e-01 9.356036479321039323e-04
-4.157237706740426475e-01 5.888899434200811633e-02 -7.366522692919585946e-01
-3.319529733585449005e-01 2.533937693790377921e-02 -8.570764528993650710e-01
-4.097075849014086835e-01 -2.469675197335369221e-02 -5.523407572048126823e-01
-6.300621280037113081e-01 1.657520337691426038e-01 -2.887186399095561518e-01
-4.939947782981721769e-01 4.767852948819062409e-02 -5.466044434913235328e-01
-6.592535602795577265e-01 3.278133907624933840e-01 -3.383068429038864622e-01
-3.885964534761051636e-01 -1.031298155411100592e-01 -3.873370086726652950e-01
-1.282138938855679200e-01 -2.980291870345546101e-01 1.453851952628787414e-01
-1.302644482928760894e-01 -4.030800758403598749e-01 -1.676252608571789371e-01
-1.697520091487114691e-01 -3.248586738815600894e-01 -1.777418358165709367e-01
-1.020106649350913941e-01 -4.583870237721896501e-01 -1.113911355389697322e-01
-1.740113279640158606e-01 -2.462892325318724041e-01 6.224263095665532042e-01
-2.880507517758668090e-01 -2.630412841298777060e-01 6.975208963186614319e-01
-3.863206813098809533e-01 -2.578779400007825684e-01 7.146821048036047230e-01
-4.661599415886901188e-01 -2.275027340236108753e-01 6.970077262539273733e-01
-5.199356799875498591e-01 -1.812717026776836660e-01 6.542271090826941027e-01
-5.533124511910549881e-01 -5.808681200936338662e-02 4.978288752972711562e-01
-7.348566124997022442e-01 2.718404978059723032e-01 2.924931195243790638e-01
-5.079978600281878087e-01 -9.288612597639483992e-02 3.450477421622005769e-01
-4.419673723406198906e-01 -1.298077243522580138e-01 3.052138676477597068e-01
-3.524958924907453106e-01 -1.584049459685785699e-01 2.969137152247210976e-01
-2.657732351815892402e-01 -1.757384272773619971e-01 3.147835965431945437e-01
-1.969444883072125618e-01 -1.814152694992335890e-01 3.445517063239943445e-01
-1.491993681549018125e-01 -1.901613857344534031e-01 3.722097750918073045e-01
-7.391596061884360136e-01 5.163022615814061300e-01 3.319616032203555056e-01
-1.693427501304849980e-01 -2.882903426953716819e-01 -1.980533029179983306e-01
-8.651649425804955329e-02 -3.933757968516299330e-01 1.014671233875695799e-01
-8.414348749622033163e-02 -4.539500712738475663e-01 -1.851895727805781822e-01
-4.991664791074865160e-02 -4.196837537246393968e-01 -2.284248636061153581e-01
-8.433684908508942701e-02 -4.192931560631552035e-01 -1.952772562696886705e-01
-1.510051607716640376e-01 -2.613824272529721160e-01 -2.238544749651754096e-01
-3.601755997545047494e-02 -4.367016045662747148e-01 -2.411309045015608277e-01
-2.585111933868525919e-02 -3.538606679800093691e-01 -2.501989268622528684e-01
-1.432650924771822765e-01 -1.685799499906966981e-01 4.507671017462665519e-01
-1.114913759096131940e-01 -2.047801171300219769e-01 4.217577690669996882e-01
-9.316516607972105679e-02 -2.485129584489880195e-01 3.962185255211826407e-01
-4.663549505352122537e-01 -1.339785315162720369e-01 5.284433227911583542e-01
-5.091859311842601432e-01 -1.349316433131736437e-01 5.728943816294504998e-01
8.033427931617326267e-02 -4.458572692126677728e-01 1.313068084970155924e-01
4.880092201786820905e-01 -1.307557428694594015e-01 4.418575256051723299e-01
9.163224370343464598e-02 -3.605383599734290900e-01 -2.412068037319018976e-01
7.179834681768242355e-01 1.257819801607058530e-01 8.320854940509541109e-01
2.977947688363520307e-01 -1.840123328183752571e-01 3.572224522808861158e-01
3.636326032192591651e-01 -1.790867493522859677e-01 3.471529996381875760e-01
4.262710939584737346e-01 -1.623959126096776728e-01 3.505626576954318230e-01
5.092554544521681326e-01 -1.163823006409535621e-01 4.109610709739558443e-01
2.433362922101769965e-01 -1.789054285949581713e-01 3.824859302175712683e-01
3.988360791872478384e-01 -2.443462736582313610e-01 6.397165316128683443e-01
3.210988791067153070e-01 -2.419348603841626755e-01 6.274099758053313103e-01
4.689610544258218106e-01 -2.226753235237433071e-01 6.211014265613128416e-01
5.122497299219306299e-01 -1.926979026911587178e-01 5.782089803417473917e-01
5.580806523144075104e-01 -7.614497152049359840e-02 3.447204503026676248e-01
2.608448599680833757e-01 -3.866439784458280959e-02 -9.724274474285667935e-01
5.116673770542068400e-01 -1.139033854943579116e-01 4.752447421584745646e-01
7.539632873031187899e-01 2.075504792909635965e-01 4.199396697961296221e-01
6.277103061021351849e-01 -2.028803202676132678e-02 4.210482661762676715e-01
3.502886560666591542e-01 -1.987891787156375045e-01 -7.817608728545499819e-02
6.200311922370324580e-02 -2.846294232151533876e-01 -4.812068507588130872e-01
5.569347171028882215e-02 -2.454777745518046395e-01 -5.499383231159294949e-01
1.334891208746979974e-01 -2.321914884566075865e-01 -5.107049931452717351e-01
1.781217976517563972e-01 -1.755501413161015267e-01 -5.433472414413864637e-01
1.129909294765726324e-01 -2.080480848092606805e-01 -5.564203057931287333e-01
1.563232341033748973e-01 -1.560958287092801822e-01 -5.706600085433269909e-01
2.874216883010268786e-01 -6.698432927125708147e-02 -6.925198617717185368e-01
7.889370881896257126e-02 -4.881018954050098113e-01 -2.118093667871675523e-01
8.747987219684691396e-02 -5.212883277439355201e-01 -1.172875299489188894e-01
5.918192373746169466e-01 -1.842511758033174019e-01 6.665471060611314336e-01
2.179533279971712090e-01 -2.354078224483320270e-01 1.732388365984832701e-01
2.324789319567210910e-01 -3.296214352419063465e-01 -1.596231251479933722e-01
2.364096546488660411e-01 -3.166285393468312170e-01 -1.023570113159651962e-01
5.408517424044692046e-01 -1.165825301991684215e-01 -5.714103878129350722e-02
8.410277309161670600e-02 -4.963699024725878317e-01 1.416325495380660326e-02
4.521146498213699516e-01 -3.094079240478232462e-01 7.685761614270321118e-01
5.366964538270417862e-01 -2.543465463536338511e-01 7.381129251543923075e-01
6.546524823963686401e-01 -2.437772128468163046e-02 9.833855695017121867e-01
1.688350914706795436e-01 -3.490698660673948739e-01 6.688512728806541574e-01
2.552145367135455478e-01 -2.155300569313004511e-01 5.811023396817232012e-01
3.368572537310383641e-01 -6.356328665871380235e-02 -6.003337753678088529e-01
6.900141046990491134e-01 4.969799500486815624e-01 -4.435576534280188943e-01
1.850910910430754730e-01 -2.967792883286514138e-01 -2.111081146603835390e-01
1.354063589279515534e-01 -2.985400346085769208e-01 -2.387048687680036196e-01
2.293600510617457289e-01 -6.178688411009425341e-02 -6.183365556497788518e-01
2.134498626450218040e-01 -8.109419642818985197e-02 -6.212835611163114446e-01
5.676889971368781485e-01 -2.312653307361514088e-01 7.983986694456981503e-01
2.348887535808834581e-01 -2.878665752119887733e-01 -1.957395626203758399e-01
3.346382172018149692e-01 -3.446058929071360577e-01 7.536590458949894433e-01
3.451226061327232753e-01 -3.684519281376026356e-01 8.252420813917811238e-01
3.979319583744627131e-01 -2.989863097892201393e-01 1.178516418018708656e+00
6.118577913651848110e-01 -1.416960599160326240e-01 8.782052690684296614e-01
3.632145086218674379e-01 -3.351180041495755990e-01 9.963458469729307154e-01
6.273375416940754068e-01 -1.334559985117819148e-01 7.103952454154529583e-01
6.772527014121616507e-01 -9.335282072011924503e-03 7.557188134837917737e-01
5.946390513070998196e-02 -2.722184654869493903e-01 -5.195213056287241171e-01
1.231092899144348163e-01 -2.227730591007862082e-01 -5.352839473806764170e-01
1.674573135838245963e-01 -1.713358609795738730e-01 -5.567421148645946838e-01
1.708369109326896562e-01 -2.804442186613748111e-01 -2.260441011167106939e-01
2.209242979498304282e-01 -7.241253436588818149e-02 -6.202513154490647551e-01
1.974224852435271238e-01 -1.089917002571392790e-01 -6.503777828865908717e-01
2.059132461851113649e-01 -8.263891781494611677e-02 -6.211142198454779884e-01
1.520553292478052376e-01 -3.906195600237827303e-01 -1.946531109174927110e-01
1.477787689027822982e-01 -1.425173421433376109e-01 -5.805566081722915994e-01
1.053198925688471066e-01 -1.775194240742336005e-01 -5.705559917545602877e-01
5.246883876446145623e-02 -2.109563832130252892e-01 -5.689251507655682660e-01
9.938516245108947045e-02 -1.341086564496120070e-01 -8.613317647009273159e-01
6.135979128537355498e-02 -1.970634518833305204e-01 -7.936077553211222657e-01
5.720907202647773637e-02 -2.069762186278487626e-01 -7.495822807146073075e-01
5.321991398585240729e-02 -1.951181401664718873e-01 -7.038103035921425832e-01
4.650526306059668546e-02 -1.909710726779161316e-01 -6.642551629823172377e-01
1.451677110396396020e-01 -1.390112669485537022e-01 -6.436787777368091490e-01
1.582992953482303955e-01 -1.478240269081159131e-01 -6.621849633924707934e-01
1.715506475168351863e-01 -1.556142960924420393e-01 -6.849868637939922067e-01
1.844836018776969122e-01 -1.412827581954393397e-01 -7.085515889255464828e-01
2.865481767407580538e-01 -1.772305384127508820e-01 -4.311531075120013101e-01
7.610191986698209288e-01 5.274681313362037383e-01 4.144258443576631645e-02
1.741323096472624510e-01 -1.042783851434408438e-01 -6.308385962526166235e-01
1.855205963911178979e-01 -1.105589571487310963e-01 -6.407252881762499630e-01
1.145893849265377240e-01 -2.948752846877129574e-01 -2.740898662802802588e-01
2.150273537155284465e-01 -2.340663187149946700e-01 -2.451650224134740985e-01
1.247438330800109685e-01 -2.982705440221687931e-01 -2.572964502747267512e-01
2.852836365807340790e-01 -2.057033695746810498e-01 1.178836084985893651e-01
3.914800463142102949e-01 -1.800644362237411311e-01 5.118440218950370824e-02
2.477905563060072702e-01 -2.740170790528627665e-01 -1.398969861939227677e-01
5.543311707970950408e-01 -1.750280102581758257e-01 1.100965377311219129e+00
5.130423079092809591e-01 -2.484143398207925291e-01 9.618547482249764080e-01
4.734433952259995415e-01 -3.082474839341245998e-01 8.401970965795566570e-01
2.496593824200870060e-01 -9.116156922534224272e-02 -7.556555931398285519e-01
1.903333794233301735e-01 -3.922515190238028415e-01 7.889355283727175205e-01
2.041207920728286274e-01 -3.810549622588114138e-01 1.000378323843586603e+00
2.263843930499343515e-01 -3.687763382215084595e-01 1.218188482931684469e+00
4.791160354921184528e-01 -1.373985733359747163e-01 3.703413866741457339e-01
6.258036368463582022e-01 -3.241742862860208518e-02 2.727566833250473222e-01
2.076178856644961823e-01 -1.712325937245670060e-01 4.068572735954639752e-01
5.682733873164820260e-01 -1.317439130540429826e-01 5.364795314658059588e-01
1.731771442481143675e-01 -2.666396225720861768e-01 2.350507576957404643e-01
1.929436216036961582e-01 -3.992900814065261095e-01 -1.341717259819009689e-01
7.033823085962214172e-01 4.803310585949227551e-02 2.101980934111299382e-01
5.830274089540876670e-01 -8.196271225182671927e-02 1.969394997204879649e-01
5.010049143317796272e-01 -1.373611695631762331e-01 1.553687054133042755e-01
3.778799708586855211e-01 -1.661130199678956254e-01 1.734115353101214341e-01
2.871482226129880022e-01 -1.847747967894980414e-01 2.186061951400318781e-01
2.197413238359330889e-01 -2.075702157498019451e-01 2.646591954879050634e-01
8.774044120301030536e-02 -3.521213772677885823e-01 3.564182816598989723e-01
6.931001228694118055e-01 5.704437964959629959e-02 4.806266314418883301e-03
6.142445022327074344e-01 -1.023696957029549548e-01 5.512843659824668840e-01
5.681066973560203182e-02 -4.474938616404402492e-01 -2.527963200400056287e-01
2.142213068793310526e-01 -2.510849055326079826e-01 6.873736919049133753e-02
7.733845994600163642e-01 4.220523530217992203e-01 4.616892424718453958e-01
1.699057625296618301e-01 -2.227626732706020629e-01 3.158353921414941423e-01
2.556622200826957347e-01 -2.079038892361625424e-01 -1.350227175208131847e-01
5.352972025613991214e-01 -1.010766449788160770e-01 4.715497914941370050e-01
1.950775943825944769e-01 -3.826329558089336391e-01 -6.378929111423514708e-02
7.361203825253190836e-01 5.278975584809284527e-01 -1.928687503921029389e-01
2.076384816142839429e-01 -1.583628945780536368e-01 4.403545676254790875e-01
1.407766910971449681e-01 -4.534602943181678114e-01 -1.527723303962630341e-02
5.460567457107792233e-01 1.778708243228530606e-01 -7.218475719229093812e-01
5.467118790295524278e-01 3.092033333688650742e-01 -8.075127567512963012e-01
7.568327774202259217e-01 2.938623522727885629e-01 1.762598623893529837e-02
6.276030288984493222e-01 2.439200298133192835e-01 -5.840903127615271195e-01
7.188912816173920195e-01 1.163046861317672542e-01 6.038309282775946585e-01
2.765196302005672457e-01 1.140458611521652510e-02 -1.047493877237335891e+00
5.476882742803121373e-02 -3.550157492490780831e-01 -2.601660311463863118e-01
2.719922138750425766e-01 -2.190244924676244542e-01 -1.521110812347514774e-03
6.788772666385427534e-01 4.786654712366378295e-02 4.051843974776158097e-01
4.237452092231426271e-01 -1.634731412662739913e-01 4.023992272371547108e-01
3.671576620997807350e-01 -1.773349476323937690e-01 3.957121917231484209e-01
2.090761624823334053e-01 -9.615720227886870308e-02 -6.610249551716935734e-01
6.790976783175697307e-01 1.041425821871152513e-01 -1.834287066307264125e-01
1.598485087676131400e-01 4.827094504222984028e-02 -1.164875341661597119e+00
3.611168413773322428e-01 1.625062776141817933e-01 -1.028771320860427441e+00
4.479179783463782538e-01 2.280086240298351274e-01 -9.390148083453293548e-01
3.110472916183331105e-01 -1.801028268194815318e-01 4.043976654728823616e-01
2.584360520404331285e-01 -1.715103366332195733e-01 4.217035064643982478e-01
2.245583249454133346e-01 -1.583075051613137552e-01 4.314554358598744477e-01
6.561040671109310551e-01 -3.756322711597537278e-02 5.761351073666065581e-01
2.686493989087944678e-01 -1.936117325683723855e-01 5.095895988146347255e-01
3.263587727191277210e-01 -2.101007481028595025e-01 5.407313187074231919e-01
3.859983403708533434e-01 -2.095435114706574176e-01 5.476322256168284497e-01
4.436711380663393989e-01 -1.933946633541486770e-01 5.329046344147476688e-01
4.779584603482511795e-01 -1.697971165070565336e-01 5.082522354666462183e-01
7.572411311201909800e-01 2.858078623938791196e-01 6.696583851031125967e-01
4.620995790116755320e-01 -1.456961626275939947e-01 4.201398564933923607e-01
2.337424474691244813e-01 -2.185984787157852494e-01 -3.810692036184166742e-01
1.842136446985264131e-01 -3.238148779097194119e-01 -1.997658341197897092e-01
1.171668504676027511e-01 -2.822995534399334039e-01 -3.560422276865721214e-01
4.574923049254617791e-01 1.291648841911035017e-01 -8.493296471842728401e-01
3.708296317093700001e-01 7.402149752006981220e-02 -9.489676955326702412e-01
1.577917787586684550e-01 -4.421991802329761079e-02 -1.119233676552309209e+00
6.246273438995926242e-01 4.128121249896619105e-01 -6.514188864466921025e-01
2.268416740680196386e-01 -1.721971335677959791e-01 4.672408788174248206e-01
1.302525427515768275e-01 -3.546432828783538938e-01 1.913467829186831226e-01
2.679873043807641242e-01 9.327533778774110829e-02 -1.108317526558485255e+00
7.331916830316969058e-01 3.112684262623357512e-01 -1.944436879744050328e-01
1.015869050954817110e-01 -1.672998873131176234e-01 -6.543086732324545629e-01
1.141058872638025523e-01 -1.748344224273630232e-01 -6.847721423325849877e-01
1.239602464461017628e-01 -1.834009007455483786e-01 -7.218602583636744008e-01
1.331777022930443199e-01 -1.712058882214633204e-01 -7.603813961125784893e-01
1.857181187685148505e-01 -1.185000020674310539e-01 -8.193899132562847409e-01
1.866391615427806516e-01 -1.156562048595219383e-01 -5.953504160893638986e-01
1.971625301290447774e-01 -1.163849070105103245e-01 -5.906692893418870050e-01
2.068808513788487069e-01 -1.181485187641091450e-01 -5.833801541658654166e-01
3.219919150715822020e-01 -1.220104054919404768e-01 -5.069964743487238579e-01
5.894249075456370335e-01 -2.184466102129406506e-02 -2.539571817693586642e-01
1.299358044202194584e-01 -3.052892752512392782e-01 3.026762526177341206e-01
1.630508606296286467e-01 -2.163927948465212969e-01 5.073649680900048642e-01
1.999755786393082047e-01 -1.882923430824617883e-01 4.997368896222330603e-01
1.762078669466035086e-01 -1.064193622603140099e-01 -6.005105239940626838e-01
5.970211749376339583e-01 1.031443128326072767e-01 -4.701888357024099907e-01
1.054233612904764139e-01 -3.008481581836351948e-01 5.042462425042918417e-01
2.256767986383902969e-01 -7.621128464906379296e-02 -8.887240870555501715e-01
8.462005135292066660e-02 -4.064795322003683653e-01 2.373145235371071360e-01
1.756381215002658092e-01 -3.351896602283580551e-01 3.309399726621004012e-02
1.227769552788770258e-01 -1.092589438322750794e-01 -9.430421606172267879e-01
3.602822229833142487e-01 -2.606652853100771550e-02 -7.138589920914184539e-01
3.077923038939156530e-01 -1.832985415013876906e-01 -2.095028607320500447e-01
3.050684419454261498e-01 -4.698271307958085119e-02 -8.108206198601783932e-01
4.494203621599321963e-01 -1.601459419769619696e-01 -1.894840843293539301e-01
3.624626121852407845e-01 -1.598380252500620768e-01 -3.050739926849934669e-01
5.016863096087880169e-01 -8.991874528029575320e-02 -3.406551403460452709e-01
1.463949938671043616e-01 -9.035618135209561030e-02 -1.043349512240611343e+00
2.146420913650644580e-01 -2.808072485512059790e-01 -1.563832039712792499e-02
4.306306788271121455e-01 4.296348365336299935e-02 -7.623041768301364041e-01
3.489859411309519377e-01 1.100010140484680710e-02 -8.728302125701554726e-01
4.123682392586933698e-01 -3.452325938049705112e-02 -5.996428351634843779e-01
6.597414119323177228e-01 1.475525867476217279e-01 -3.420512032495889310e-01
5.066606628070380314e-01 2.876057613607974073e-02 -5.913511187260842572e-01
6.968331148936948161e-01 3.097116200439300471e-01 -3.937476062697459200e-01
4.014106529792338396e-01 -1.137658590935070047e-01 -4.318639212580599462e-01
1.710373937800561128e-01 -2.993128845169985564e-01 1.316717943340240948e-01
1.714440603311204736e-01 -4.074651290740334275e-01 -1.806319034632969389e-01
2.114700922667624439e-01 -3.331558817967166242e-01 -1.933628238344179406e-01
1.447895747574540759e-01 -4.633730899347190402e-01 -1.226698589318795385e-01
2.168549144803217921e-01 -2.498899266159422261e-01 6.023940374228407002e-01
3.261094566778020010e-01 -2.727618721037419203e-01 6.729571168886332444e-01
4.211489098959559918e-01 -2.706040723257460145e-01 6.850400730509695890e-01
4.967902253798484047e-01 -2.417956865163541913e-01 6.623624511569743412e-01
5.459498607204034126e-01 -1.963444681255286373e-01 6.141563010962296509e-01
5.734021289766138008e-01 -7.167992169805270652e-02 4.469525834045654511e-01
7.647445507745536109e-01 2.544449103178443305e-01 2.207758166925447574e-01
5.244804771300515256e-01 -1.042642740791981382e-01 2.995875752045312757e-01
4.585719098253075998e-01 -1.395909119169377322e-01 2.672993230555390509e-01
3.724578562878211319e-01 -1.649445897716672604e-01 2.704039244827817212e-01
2.905853587526845416e-01 -1.793388666974468082e-01 2.968589546126286782e-01
2.281262947074092495e-01 -1.844753119431251642e-01 3.309470354820768234e-01
1.850907392959022513e-01 -1.915089083781407187e-01 3.614070107668857501e-01
7.696735085384442954e-01 4.974955172863362307e-01 2.570857440094097557e-01
2.107612354590189252e-01 -2.970881067006668763e-01 -2.129502691186913599e-01
1.311685213561640251e-01 -3.946373704003760530e-01 9.170244317707332282e-02
1.262333004498919775e-01 -4.584849903216728917e-01 -1.945049816937348131e-01
9.179302857023252660e-02 -4.242302804616332468e-01 -2.346327292339783210e-01
1.261676051000086840e-01 -4.234762446477119413e-01 -2.047982934681755740e-01
1.942960877167169698e-01 -2.710912154131960294e-01 -2.369655644705883080e-01
7.825187599423966134e-02 -4.402249715271461250e-01 -2.460129708062717135e-01
7.624045596869494235e-02 -3.575689687548735396e-01 -2.544206868688248524e-01
1.849091957075875703e-01 -1.681841703249915554e-01 4.366010713282938438e-01
1.514585878649283290e-01 -2.054499789095951545e-01 4.106171627520137646e-01
1.311587804587373562e-01 -2.499547067671293865e-01 3.876426968367415737e-01
4.968824137424223686e-01 -1.453926349904590687e-01 4.898906373097978717e-01
5.369568477517154825e-01 -1.494495277706778813e-01 5.313990428768549101e-01
-3.446705775593288390e-01 -1.637435307523593675e-01 5.105327258821951153e-01
-2.765273974521100797e-01 -1.700935772186074058e-01 5.084827901889318325e-01
-3.438263027830212870e-01 -1.725517213339256006e-01 5.926587085082566375e-01
-4.137339859763846661e-01 -1.573379675373789421e-01 5.123805001547040439e-01
-3.461282105435352641e-01 -1.549380141426357493e-01 4.284096861567373571e-01
3.733025767261024530e-01 -1.705090296771546443e-01 4.792695660148403869e-01
4.400114256037432892e-01 -1.765534793613895426e-01 4.758773520437754589e-01
3.723402651927423257e-01 -1.794673128448867061e-01 5.622787656946859336e-01
3.060637084296575772e-01 -1.644911605463552640e-01 4.832039013388377269e-01
3.745164962766533989e-01 -1.615680636604033271e-01 3.962227503795497929e-01
