-1.906376186415498220e-02 -3.314721147080619268e-01 -5.809865158773774851e-01
2.672317436357118936e-02 -5.647290029961791191e-01 -2.451858100441186572e-01
2.966748060065704795e-02 -3.552715756719129203e-01 -3.199264406300894592e-01
-3.980211441251302329e-02 -5.121867829687327678e-01 1.564438225177480213e-01
2.648211823797913533e-02 -6.053136288334224346e-01 -1.326447529771381806e-01
2.524343738694481698e-02 -5.943095991488922536e-01 2.731200458871507752e-02
2.790505862278758187e-02 -4.368752283596095687e-01 4.346047278773803590e-01
-5.239418712552819102e-01 -1.381830366343799188e-01 5.487192194221690578e-01
2.845958407381610211e-02 -4.181336911694035763e-01 7.441472699361320053e-01
2.728820146400953717e-02 -4.512251351523897114e-01 8.934743947825918298e-01
2.562574629158503869e-02 -4.373541346278035924e-01 1.418682145224659408e+00
-1.778554136050319867e-02 -3.176589336157737975e-01 -6.135010091414940803e-01
-1.566075805831146361e-02 -2.899641153100458446e-01 -6.439526694718629152e-01
-1.234111313894117878e-02 -2.494922110868587062e-01 -6.640385887660813502e-01
-1.910214619082753473e-02 -2.332316670219216626e-01 -7.568741954648299242e-01
-2.019811883413485942e-02 -2.371829360167767575e-01 -8.050412800436079763e-01
-2.238963700087653885e-02 -2.483985233053780384e-01 -8.583253055509088014e-01
-2.210247070636039979e-02 -2.348913304365969346e-01 -9.086138834669625908e-01
1.441721219882063920e-02 -1.591401584810996361e-01 -9.845332660680776726e-01
2.545031691181565137e-02 -5.176843148196117461e-01 -2.939863718043349561e-01
-4.910088087037356441e-02 -4.100962825300795700e-01 -2.709862723626998982e-01
-8.128884409896448560e-01 1.680616837716959466e-01 1.041658399449065797e+00
-3.112719026793309141e-01 -2.080129814325766269e-01 4.355903702164356517e-01
-3.909851714614385187e-01 -1.995089243073571161e-01 4.286523955505567862e-01
-4.652108203562450583e-01 -1.775003169070163977e-01 4.412387679513671834e-01
-5.559246114226885638e-01 -1.219542045968982080e-01 5.207832681892443638e-01
-2.410288701697109737e-01 -2.026785545558444923e-01 4.620512380900261284e-01
-4.237537884848761038e-01 -2.706884692042685892e-01 7.596638619644000556e-01
-3.327168051046971442e-01 -2.698749350362890098e-01 7.427181102526327905e-01
-5.042840622997388778e-01 -2.417211432830570494e-01 7.429046497345854760e-01
-5.553180504015902130e-01 -2.045721122357315735e-01 7.009712348115217928e-01
-6.228333120163647152e-01 -7.248819964705721652e-02 4.561999953916386907e-01
-2.738930932260530415e-01 -3.200503925239800429e-02 -1.098210293741646026e+00
-5.494343865756849965e-01 -1.180953045513237765e-01 5.882529267799863071e-01
-8.386372888075799281e-01 2.601423379221854404e-01 5.654936828904468804e-01
-7.079340205677242537e-01 -4.756586287317041833e-03 5.525591774521219079e-01
-3.642076323948559846e-01 -2.180223708786788173e-01 -5.450028595010492083e-02
-1.064219624621651761e-01 -3.197647274738115719e-01 -5.558589232222814758e-01
-9.239159775230654237e-02 -2.758981755936456004e-01 -6.334104802307254367e-01
-1.826073031542252423e-01 -2.669074348793887275e-01 -5.769977190035033843e-01
-2.306168880948964439e-01 -2.067576736061593756e-01 -6.042538577498079988e-01
-1.549313207815539162e-01 -2.404709849640642716e-01 -6.316005948113891932e-01
-2.013169596507096148e-01 -1.840943829116405972e-01 -6.391558287969929530e-01
-3.475862459170704355e-01 -6.762370390725025437e-02 -7.491085297205826166e-01
-3.948621462076951083e-02 -5.563693266252451863e-01 -2.370755076117956328e-01
-5.115186963025597500e-02 -5.939932389584519079e-01 -1.274523175612898296e-01
-6.589020272684331658e-01 -1.935061550165211308e-01 8.184938563174890547e-01
-2.045459346082398877e-01 -2.678097339593943360e-01 2.196998284447251315e-01
-2.193503054741101632e-01 -3.700585877338928853e-01 -1.635978691758974701e-01
-2.254770577082720884e-01 -3.551663584732125400e-01 -9.715926002555130836e-02
-5.929118271006341701e-01 -1.201426615200447134e-01 -9.211459607866623323e-03
-4.617509167304756357e-02 -5.688786094735638343e-01 2.226348959901469637e-02
-4.813774508434063293e-01 -3.378807577178197796e-01 9.227379498785452938e-01
-5.863599304668811740e-01 -2.733949034145988222e-01 8.924753916445915536e-01
-7.352750088613504431e-01 -4.786650417815868641e-03 1.209927033607650415e+00
-1.394973983217677738e-01 -3.963236172342265995e-01 7.896535953317975753e-01
-2.520822957403106024e-01 -2.435075060445064388e-01 6.897828420923346471e-01
-4.029104405164556368e-01 -6.185661144321741300e-02 -6.289854825536309590e-01
-7.422024165284035746e-01 5.939647482195864470e-01 -4.476550036442179525e-01
-1.607736124123666510e-01 -3.325831038998416922e-01 -2.277846406765524634e-01
-9.955617886574907871e-02 -3.331698685288344564e-01 -2.637220524130532429e-01
-2.919876378913790482e-01 -7.491720881650354436e-02 -6.529187584107747355e-01
-2.762593548578788916e-01 -9.487469800162806610e-02 -6.609920292229594097e-01
-6.250076809243063636e-01 -2.461806199529910089e-01 9.718519286573776839e-01
-2.240474267749159587e-01 -3.209775028767323235e-01 -2.050609389433275531e-01
-3.367877275968584883e-01 -3.807155767634231580e-01 8.996345586571461439e-01
-3.487106961322901100e-01 -4.072798585911097113e-01 9.882508651119987775e-01
-4.223296378643235371e-01 -3.275593557961014035e-01 1.404802485805843659e+00
-6.789305245820091983e-01 -1.432389174790162922e-01 1.075997308767817628e+00
-3.762900414974525987e-01 -3.714782172496682300e-01 1.186382499965557002e+00
-7.011873901523513197e-01 -1.350381225966366117e-01 8.838769787176428139e-01
-7.560663657171824426e-01 8.869800230858093659e-03 9.422064460698607036e-01
-1.015413234131121722e-01 -3.058591029909250025e-01 -5.998784934407064284e-01
-1.691823704845651921e-01 -2.566358574515790192e-01 -6.061508636443075915e-01
-2.170570184785793888e-01 -2.014146302979176184e-01 -6.218598110045818750e-01
-1.428635762835426259e-01 -3.128769381413367690e-01 -2.464464347225585605e-01
-2.837227158083950318e-01 -8.519276139684506255e-02 -6.570881743839978029e-01
-2.590804665277304242e-01 -1.288516129313073133e-01 -7.032863903283947948e-01
-2.672171057682990458e-01 -9.741579863841709486e-02 -6.640323148351772176e-01
-1.253309084646682114e-01 -4.459521773618666529e-01 -2.106834237656729503e-01
-1.893949643230090629e-01 -1.687733399976589777e-01 -6.523169403860600291e-01
-1.417986631847478751e-01 -2.069492348188957109e-01 -6.494882464060456329e-01
-8.287206874925057143e-02 -2.392208081183606616e-01 -6.543898420137024274e-01
-9.137099108926771684e-02 -1.528247304772798465e-01 -9.744304811984099146e-01
-1.132921182431316787e-01 -2.303014783819907763e-01 -8.920845473323488761e-01
-1.096931449227853683e-01 -2.435975849326830200e-01 -8.406101744214353744e-01
-1.006502642520221702e-01 -2.309428869609484458e-01 -7.866928166301523362e-01
-9.024442612033189981e-02 -2.268110471235869063e-01 -7.415557130696805999e-01
-1.966717177246999348e-01 -1.669983922970361689e-01 -7.038257823171196748e-01
-2.132733976818181887e-01 -1.747779302808178947e-01 -7.239465954438095707e-01
-2.302194303634934602e-01 -1.827234922616938206e-01 -7.494191068958109270e-01
-2.422708684865690909e-01 -1.657914273145655315e-01 -7.774077786843616167e-01
-3.081003774182173860e-01 -1.942547091899962108e-01 -4.617663084495449155e-01
-8.301657482049948911e-01 6.306685517670373997e-01 1.288953352817394649e-01
2.987614227564103220e-02 -4.121797457538622922e-01 -3.032762418016652362e-01
-2.289960798461738722e-01 -1.274610925964143604e-01 -6.850255031415004581e-01
-2.441074763716089002e-01 -1.320447388491581275e-01 -6.939261718185045780e-01
-7.406129118427606794e-02 -3.335642217766205953e-01 -3.074312997920356505e-01
-1.963149569221238622e-01 -2.567891355864808656e-01 -2.639195453263396551e-01
-8.640071127046233812e-02 -3.347152574306253570e-01 -2.861503289583373633e-01
-2.854427865465329894e-01 -2.322176232441424126e-01 1.636204165641226282e-01
-4.126486287614108406e-01 -1.979726099514249604e-01 9.946999393989841565e-02
-2.382397015037562849e-01 -3.053606911477331209e-01 -1.390963381750200956e-01
-6.120167821005537689e-01 -1.786950981690305085e-01 1.334929374410464220e+00
-5.581031453683609200e-01 -2.665568613816624577e-01 1.163101925738935449e+00
-5.058781756880392777e-01 -3.357992253087704881e-01 1.012562117275303208e+00
-2.823431178926472107e-01 -1.011788593838458539e-01 -8.425251180567103759e-01
-1.614314003971426548e-01 -4.433668780879420623e-01 9.390958798179696032e-01
-1.877447752369727496e-01 -4.296567430118498621e-01 1.171740067850748801e+00
-2.173282892621075657e-01 -4.126183043638977921e-01 1.427387366365188370e+00
-5.248573757768264514e-01 -1.466482200741128228e-01 4.710115850440956820e-01
-7.097951347958142421e-01 -1.755104539603147273e-02 3.807279622703592104e-01
-1.943021887189479990e-01 -1.969722701876812643e-01 4.879554400761292321e-01
-6.264010687223215967e-01 -1.347390876065819310e-01 6.642781013647458543e-01
-1.503817927777961749e-01 -3.051582118573508140e-01 2.855327707912709290e-01
-1.738833652597928658e-01 -4.514689725367295736e-01 -1.364126507066811822e-01
-7.791132731812862033e-01 7.563702694267027127e-02 3.174753610250333757e-01
-6.611355835546532944e-01 -7.751876144654112899e-02 2.865850298764702764e-01
-5.645873053358618776e-01 -1.441607534837772153e-01 2.282988638831136008e-01
-4.149244199916370945e-01 -1.827588597191285302e-01 2.338875390492793915e-01
-3.036986732399400424e-01 -2.073725886137709473e-01 2.757247022445659113e-01
-2.204655308619258847e-01 -2.349072146264563621e-01 3.229729283740265799e-01
-4.597362253457071279e-02 -4.036355967184150906e-01 4.161010865736938236e-01
-7.644220890425188486e-01 8.370140201551645731e-02 7.811464671345547117e-02
-6.888455065062153437e-01 -9.990664302830709609e-02 6.949941245744986063e-01
-1.568522931966875866e-02 -5.130754744894017172e-01 -2.873883319072689790e-01
-1.987358531155771768e-01 -2.853852067266768877e-01 9.850192183857142680e-02
-8.598479991991405669e-01 5.068812190727660649e-01 6.181003084421217153e-01
-1.556239494546256541e-01 -2.543823830239659856e-01 3.768857199096951049e-01
-2.430079755324616730e-01 -2.293389976055242307e-01 -1.327088143899552986e-01
-5.805193053641932721e-01 -1.030075649780906044e-01 5.886648312413118589e-01
-1.780527689730342367e-01 -4.322730078088521388e-01 -5.588140525936657887e-02
-7.958602322589261036e-01 6.322614229511023254e-01 -1.493157914547393883e-01
-1.899007120261850812e-01 -1.841170273735261986e-01 5.252313880874046603e-01
-1.152280796852652722e-01 -5.167313871642154055e-01 -5.411304809583183939e-03
-5.945016293095291005e-01 2.263884702629233026e-01 -7.890568258029082571e-01
-5.869847591973247347e-01 3.786060947590756953e-01 -8.918309585790593630e-01
-8.249273729439998704e-01 3.593759990624283418e-01 9.801310758419923275e-02
-6.839255008836886418e-01 3.028204862047312318e-01 -6.185428847287113285e-01
-8.005073183038353690e-01 1.539373466539104562e-01 7.733510530871079425e-01
-2.868481890855283378e-01 2.632219306357497235e-02 -1.191030773786948771e+00
-2.345969575365723647e-03 -4.063444861171152667e-01 -2.969532790432305447e-01
-2.689904308175032899e-01 -2.448304900907052328e-01 2.459206524434059959e-02
-7.745900422057374612e-01 7.409195838589188732e-02 5.479482353496147873e-01
-4.526001821702223538e-01 -1.785437319293960989e-01 4.968166519648535839e-01
-3.870804120534812043e-01 -1.972082159215839958e-01 4.836323074816437639e-01
-2.714520079159452592e-01 -1.139394663544599506e-01 -7.136774929028533165e-01
-7.457159546730238731e-01 1.382823142227447288e-01 -1.436632655113225798e-01
-1.406335585044931058e-01 6.234653397969303068e-02 -1.333970246599003318e+00
-3.730022392065377446e-01 2.029413526438355042e-01 -1.168276727382474789e+00
-4.726296294046843371e-01 2.813412542612221401e-01 -1.056958555946565070e+00
2.629504547696584482e-02 -4.494757462346550270e-01 1.151314138252658381e+00
2.314798726683814367e-02 3.857043409954985513e-02 -1.357969194003342039e+00
-3.199541795769222929e-01 -2.024362151236709373e-01 4.903556838263609663e-01
-2.541234747794163251e-01 -1.960349174857598520e-01 5.075440688692247626e-01
-2.104499669300650133e-01 -1.834170818222551347e-01 5.172915646630675823e-01
-7.426151936887679383e-01 -2.561330882652002039e-02 7.406700187444359429e-01
-2.689861013703884751e-01 -2.208251855235143779e-01 6.128078109876939905e-01
-3.415997345217363090e-01 -2.357283116261048583e-01 6.513659696109121988e-01
-4.110133764916650279e-01 -2.319911401836804998e-01 6.607737714252426287e-01
-4.763915353255621099e-01 -2.104703536936942676e-01 6.471159926203000623e-01
-5.151545184935368837e-01 -1.822735597526636830e-01 6.224937727078154737e-01
-8.501931494560102109e-01 3.517285513638244154e-01 8.569454063258614696e-01
-4.954586396317184338e-01 -1.566148082772191863e-01 5.212244160392338621e-01
2.736239106977922386e-02 -3.316738253124000835e-01 -4.037363476212156854e-01
-2.300295969076699976e-01 -2.443059800501488077e-01 -4.164305599215953890e-01
-1.602462462179534697e-01 -3.637284725735994151e-01 -2.141209303599322933e-01
-8.286136089945939087e-02 -3.218868610027389998e-01 -4.034111480202651201e-01
2.830099523859933019e-02 -3.987682020988025933e-01 5.934078684801940007e-01
-4.935486151362242779e-01 1.691754656803614587e-01 -9.469899020295491354e-01
-3.956686147684287391e-01 1.035724137862585881e-01 -1.071041273925829707e+00
-1.498955132353549935e-01 -4.309639061888792533e-02 -1.278691010297201558e+00
-6.704963231773257704e-01 4.971363460579825144e-01 -6.991356341095347204e-01
-2.151859071132293799e-01 -1.998680674730839435e-01 5.586819593635072856e-01
-9.844171715856775418e-02 -4.052448357700533244e-01 2.309750102313494757e-01
1.702157070183543675e-02 -6.434508333500676969e-02 -1.300800886907151011e+00
-2.664338466269318140e-01 1.189646722509887233e-01 -1.266236503180460105e+00
-7.972067816501802184e-01 3.797604244248864447e-01 -1.516836810635577848e-01
-1.496594331626461827e-01 -2.005544740375073687e-01 -7.211506445549042965e-01
-1.663225285976936973e-01 -2.078351402775622248e-01 -7.552154198492155857e-01
-1.797650689198584395e-01 -2.172193757915752421e-01 -7.987993250400693412e-01
-1.878627162173847065e-01 -2.023990059683020704e-01 -8.459585088708383438e-01
-1.988235937375630868e-01 -1.363375716614456667e-01 -9.219620519770996836e-01
-2.384578968134285493e-01 -1.368384312972334982e-01 -6.506766722098120681e-01
-2.526217286025720377e-01 -1.389261563846622138e-01 -6.420569201278256699e-01
-2.646120669149081284e-01 -1.409911674994008823e-01 -6.323676150734058865e-01
-3.689267577055446168e-01 -1.308974451666556904e-01 -5.350443761916463536e-01
-6.503186152138180631e-01 -6.926377263403393769e-03 -2.331437230371071756e-01
-9.680842866757655152e-02 -3.495492935974913173e-01 3.594610303005807417e-01
-1.357648486098077534e-01 -2.460679447217497540e-01 6.001016817940749704e-01
-1.838500265337366102e-01 -2.176909946311567090e-01 5.934178645885541670e-01
-2.240525326544231532e-01 -1.288161659693926042e-01 -6.586449204434456917e-01
-6.554134062793597337e-01 1.403327332789225945e-01 -4.836857951316857474e-01
-7.225744022068025796e-02 -3.449692135104602819e-01 5.903339154480233830e-01
-2.397138949656896223e-01 -7.950839413620736096e-02 -1.005139500522000517e+00
2.612110263204442395e-02 -5.401019984379162864e-01 1.661973613144742679e-01
-4.445395919570671595e-02 -4.646893503252766955e-01 2.788007204994520372e-01
2.724201384439384199e-02 -4.859949431991763547e-01 2.953940846769174122e-01
-1.537637303442935810e-01 -3.797018285010200778e-01 5.429031319292787483e-02
1.484851878644355416e-02 -1.204479760047663106e-01 -1.206253881942272344e+00
1.484147141510293311e-02 -1.382027762763196055e-01 -1.086980348446406452e+00
-1.156212816709764057e-01 -1.195003215588630319e-01 -1.073074272605095913e+00
-4.165067714450314540e-01 -1.555378981810154326e-02 -7.753731265842525033e-01
-3.119639565801648473e-01 -1.989066379302455445e-01 -2.116547588968002991e-01
-3.378338962847777793e-01 -4.230543681129617095e-02 -9.070373844025256815e-01
-4.878857972580803448e-01 -1.686642258967383512e-01 -1.722504695245525852e-01
-3.858268027967781677e-01 -1.705486131865341370e-01 -3.125465549503383400e-01
-5.529860676974180933e-01 -8.388818934357122892e-02 -3.371070106207940675e-01
-1.407489672584405493e-01 -9.686219674122664713e-02 -1.186537916120563807e+00
-1.998137210377819439e-01 -3.159581181576576192e-01 1.073812490730130520e-03
-4.752208795155761223e-01 6.772076741597710114e-02 -8.423507050074805491e-01
-3.770060295024331154e-01 2.935848255047412980e-02 -9.776349549244072179e-01
-4.762163841843474188e-01 -2.428291014695810324e-02 -6.287222516579662468e-01
-7.231358967889462974e-01 1.902371849646145030e-01 -3.313686116196019604e-01
-5.669715961192860476e-01 5.473259503692318173e-02 -6.272383789006603649e-01
-7.566395333655977495e-01 3.762384969093934828e-01 -3.882820619742091139e-01
-4.487819552406544510e-01 -1.152743840126446706e-01 -4.425778175025163463e-01
-1.471538520010788886e-01 -3.420545274135946556e-01 1.668617213679408628e-01
-1.495073175314409752e-01 -4.627407586022842523e-01 -1.924429097012783085e-01
-1.948280430001592123e-01 -3.730951731342551092e-01 -2.041065933672963073e-01
-1.170798408461705131e-01 -5.261006760748614397e-01 -1.278460084092449822e-01
-1.997165550917747723e-01 -2.826714654326085707e-01 7.098976417508007231e-01
-3.306020620000582610e-01 -3.018981564476046486e-01 7.953099472761033795e-01
-4.433885801266441717e-01 -2.959720750005998546e-01 8.153933116847520424e-01
-5.350218215398507837e-01 -2.611097958091077587e-01 7.953490045647315654e-01
-5.967413966169266004e-01 -2.080494437804296659e-01 7.463308374828958591e-01
-6.350486369721570767e-01 -6.666748634755559344e-02 5.709878910110397499e-01
-8.434107874011580464e-01 3.119972038111731294e-01 3.357006596368568019e-01
-5.830401031121574817e-01 -1.066074106374406139e-01 3.995693909791029341e-01
-5.072554879018307261e-01 -1.489831256117801761e-01 3.550971476373043778e-01
-4.045671402887647261e-01 -1.818047737954469056e-01 3.469298187957270407e-01
-3.050336774388879846e-01 -2.016987842328235025e-01 3.678214611598904504e-01
-2.260374379601457484e-01 -2.082142185187234595e-01 4.015656798104614289e-01
-1.712393335445858700e-01 -2.182523248039163200e-01 4.326735400373706852e-01
-8.483494260872168624e-01 5.925712439276020760e-01 3.809994935020664109e-01
-1.943743575904715026e-01 -3.312945877248547610e-01 -2.274728016829363764e-01
-9.929684690072637654e-02 -4.514858884355832380e-01 1.164560037378163937e-01
-9.657329584673968181e-02 -5.210902666581000986e-01 -2.125942457483966930e-01
-5.729041367080023317e-02 -4.821861211703932781e-01 -2.627275428141904179e-01
-9.679522111371996473e-02 -4.815419936695652936e-01 -2.243676017179521143e-01
-1.735508758324511014e-01 -3.006911825324767307e-01 -2.571690056190458762e-01
-4.133813105720418601e-02 -5.016221757827188377e-01 -2.772488422620256188e-01
-2.979624174203429621e-02 -4.071620036409093757e-01 -2.883825004962501382e-01
-1.644284373277364875e-01 -1.934828454193966429e-01 5.200769377261131865e-01
-1.279610579300594075e-01 -2.350305581999552196e-01 4.876107492363419560e-01
-1.069276709838261619e-01 -2.852236836406465414e-01 4.574738875321102682e-01
-5.352456375147482959e-01 -1.537700509717270236e-01 6.039105826874218153e-01
-5.844036780085213323e-01 -1.548639579427368851e-01 6.529254402824045123e-01
9.220138544155198623e-02 -5.117200064595439635e-01 1.507036549926059621e-01
5.600987099372316536e-01 -1.500711869157995704e-01 5.084550106626344324e-01
1.051000549578067211e-01 -4.147147804806756710e-01 -2.778661891689317986e-01
8.240451156534636112e-01 1.443626921548055719e-01 9.550024649703185986e-01
3.417854805903584037e-01 -2.111949241171626745e-01 4.157833731536531019e-01
4.173489834467707382e-01 -2.055417257123566266e-01 4.047937720336967082e-01
4.892405305831211138e-01 -1.863852923075022261e-01 4.084602942878174936e-01
5.844834713629412093e-01 -1.335744771884797011e-01 4.746096459063977591e-01
2.792823121209198067e-01 -2.053336199674959950e-01 4.435187960766096005e-01
4.577527722681322686e-01 -2.804414896174201033e-01 7.285914878651684745e-01
3.685321106927288426e-01 -2.776738585807834170e-01 7.142383219243364501e-01
5.382367191720955901e-01 -2.555692726355429656e-01 7.075206778169458310e-01
5.879200659157994835e-01 -2.211635400360063564e-01 6.588183282466686386e-01
6.405212042669576888e-01 -8.739322559141959879e-02 3.977255413115066141e-01
2.992975591202520214e-01 -4.456424525065716402e-02 -1.111476674030347667e+00
5.872516869662769423e-01 -1.307293727965099794e-01 5.449080950000073642e-01
8.653399302658471015e-01 2.382101626177450804e-01 4.819738184826900529e-01
7.204366600560980771e-01 -2.328501249367243009e-02 4.837587324102092801e-01
4.020338474276083929e-01 -2.281546289378368897e-01 -8.972438280481465078e-02
7.069571852434353154e-02 -3.206510783873817161e-01 -5.642892731305537701e-01
6.429401632131603872e-02 -2.742357339933980676e-01 -6.422814815205613037e-01
1.572765180871877888e-01 -2.640655877063349255e-01 -5.937953602400596331e-01
2.157796633614483817e-01 -2.001908435778567696e-01 -6.237064117979977951e-01
1.339709399563617787e-01 -2.352594648995431914e-01 -6.456364065137538688e-01
1.900845487434401626e-01 -1.779864572701295167e-01 -6.544779628627268586e-01
3.543225678383863375e-01 -7.489160711737119502e-02 -7.775880854872498915e-01
9.054801160413572525e-02 -5.602521044286286056e-01 -2.431335596265689070e-01
1.004025365442638984e-01 -5.982938596279199217e-01 -1.346134274778527651e-01
6.792437061910234775e-01 -2.114690493635968949e-01 7.642738447370476251e-01
2.501497365009714979e-01 -2.701826363324997260e-01 1.988299500864143532e-01
2.668210855296315742e-01 -3.783443730270303895e-01 -1.832093646878689697e-01
2.713324607618152751e-01 -3.634014053106144893e-01 -1.174773518915204207e-01
6.207472126799791212e-01 -1.338042849720424421e-01 -6.558200475862374645e-02
9.652656704623463479e-02 -5.696944453729209101e-01 1.625547165454516163e-02
5.189017371761011077e-01 -3.551141493599039300e-01 8.821114411448469639e-01
6.159780983366438534e-01 -2.919190183281781259e-01 8.471300741137453016e-01
7.513587770189218418e-01 -2.797883845697635152e-02 1.128652825597413312e+00
1.937756768002003582e-01 -4.006350158522082872e-01 7.676550351715967224e-01
2.929152295896098046e-01 -2.473684960208726302e-01 6.617069019377672667e-01
4.137048224223471848e-01 -6.790403498994734832e-02 -6.645783333305814722e-01
7.919440738003373781e-01 5.703946101367041166e-01 -5.090806878133480318e-01
2.123824838994379238e-01 -3.411877895394170856e-01 -2.426012859707904479e-01
1.551114189853295411e-01 -3.436132939955065524e-01 -2.747037463267412161e-01
2.945721372793501658e-01 -6.695154283437487752e-02 -6.842377165815172191e-01
2.749629734271172854e-01 -8.975104932883559705e-02 -6.892846113936741403e-01
6.515489089027992620e-01 -2.654282092274780069e-01 9.163393696370434327e-01
2.695868897953337395e-01 -3.305892863512007729e-01 -2.247316144360502754e-01
3.840715011118129851e-01 -3.955116175538320178e-01 8.649907385094302015e-01
3.961046604700149132e-01 -4.228802266239881646e-01 9.471481399556633818e-01
4.567150933064869633e-01 -3.431530378473595100e-01 1.352608717373083635e+00
7.022423869024558840e-01 -1.626276248081950371e-01 1.007935125710673674e+00
4.168691272576907636e-01 -3.846221629423149935e-01 1.143527622975092584e+00
7.200088303032332604e-01 -1.531703294858501874e-01 8.153359486877160833e-01
7.772975359432097164e-01 -1.071430474080595219e-02 8.673547855357863767e-01
6.815582383076612683e-02 -3.054463659234909478e-01 -6.086539821127954220e-01
1.455090167551298386e-01 -2.526244629949732090e-01 -6.220537506133623218e-01
2.029919675605500462e-01 -1.954280512806314540e-01 -6.393811909876219168e-01
1.958762329137020419e-01 -3.225765253553709577e-01 -2.598008578921140455e-01
2.844160333043135314e-01 -7.943406848595691017e-02 -6.871001475824698446e-01
2.454047361916185110e-01 -1.252822960708708244e-01 -7.324296962382916831e-01
2.652406259788231413e-01 -9.188732654693587687e-02 -6.902208527037050345e-01
1.745171817032342698e-01 -4.486765336689035877e-01 -2.236752090977169871e-01
1.799855076549841115e-01 -1.625387971192300274e-01 -6.651122777540874331e-01
1.258060494206105773e-01 -2.004997939359367543e-01 -6.602829013900799460e-01
6.119705526747842850e-02 -2.350687394853092638e-01 -6.621209903658651363e-01
1.145214427324563466e-01 -1.559878131909728793e-01 -9.821950267378056765e-01
7.129631285013604547e-02 -2.291417838493665649e-01 -9.015453780962072727e-01
6.660245247600693475e-02 -2.407807391700638178e-01 -8.502238526727925461e-01
6.241801965990867451e-02 -2.272840516484389006e-01 -7.970628756180042629e-01
5.517133145212060885e-02 -2.223567984710119738e-01 -7.517998371738858765e-01
1.747808435658770865e-01 -1.616216324283761274e-01 -7.280034051026103015e-01
1.892115917749803700e-01 -1.718450127916284487e-01 -7.493820593922739803e-01
2.033621507570637643e-01 -1.808696298001071234e-01 -7.759747630835605037e-01
2.175554447737242381e-01 -1.643455752914739776e-01 -8.037664338596322011e-01
3.366665090025255935e-01 -2.016190776013051522e-01 -4.897594027089051671e-01
8.734381519602534283e-01 6.053865535291285127e-01 4.756454820759037361e-02
2.168182073057525194e-01 -1.202532874054502710e-01 -7.110334415247150375e-01
2.304661278414379399e-01 -1.273740740971074370e-01 -7.220295348448368955e-01
1.308843543490211259e-01 -3.394012341011318767e-01 -3.159958076813003114e-01
2.464484717563781846e-01 -2.690426214250483117e-01 -2.815578962665925555e-01
1.427075909804984555e-01 -3.433317004967970654e-01 -2.963653798403556028e-01
3.274261841949748231e-01 -2.360901949482334672e-01 1.352975606047572832e-01
4.493100946463126633e-01 -2.066638380265954922e-01 5.874544214803767428e-02
2.843945671165954980e-01 -3.144953130641305883e-01 -1.605627890854872675e-01
6.362178434410878936e-01 -2.008834232939094022e-01 1.263601714926181785e+00
5.888297247703535575e-01 -2.851104969135436207e-01 1.103941437528611402e+00
5.433811984070562318e-01 -3.537822872069633640e-01 9.643123335147478770e-01
2.925441781187290147e-01 -1.058780596590342959e-01 -8.611704942982472133e-01
2.184497256711006585e-01 -4.501955305182749889e-01 9.054783258058414219e-01
2.342738366080392431e-01 -4.373450007731309874e-01 1.148155783673120212e+00
2.598262517473852729e-01 -4.232525590758622336e-01 1.398141202128531546e+00
5.498918100176890533e-01 -1.576953067495696637e-01 4.300545952681544826e-01
7.182483346182166883e-01 -3.720618356004690153e-02 3.130487296965021038e-01
2.382875263668220445e-01 -1.965273418588693310e-01 4.702512655780819451e-01
6.522196261191179900e-01 -1.512053302385705233e-01 6.129175225303429286e-01
1.987591444449923195e-01 -3.060280471055323304e-01 2.698312127541315775e-01
2.214455569328777074e-01 -4.582738404094950369e-01 -1.539917844277591819e-01
8.072870498085418234e-01 5.512863319863237077e-02 2.412488864610646822e-01
6.691531350445911741e-01 -9.407037305236976010e-02 2.260317087871244190e-01
5.750141484759208055e-01 -1.576523776326084203e-01 1.783200186730415915e-01
4.337009946483671996e-01 -1.906514966125638644e-01 1.992277408601961231e-01
3.295662098093474768e-01 -2.120700204656356114e-01 2.522603761175639114e-01
2.522018578979750014e-01 -2.382328145773331407e-01 3.057572266174926057e-01
1.007015972139543303e-01 -4.041373010878719363e-01 4.090689546212478156e-01
7.954859634298614424e-01 6.547106469766361680e-02 5.516254390646346817e-03
7.049816664541888045e-01 -1.174919072877986803e-01 6.309670402830866998e-01
6.520283078749322669e-02 -5.139828075983290390e-01 -2.906604342545433539e-01
2.458664153522533979e-01 -2.881755627937390152e-01 7.889136059132151324e-02
8.876301892088722667e-01 4.843985942626227725e-01 5.298907073804177692e-01
1.950045090724339403e-01 -2.556695258244294777e-01 3.648877822448550745e-01
2.934290454503625245e-01 -2.386157788360461218e-01 -1.549684857756101763e-01
6.143721474726877574e-01 -1.160078459925202310e-01 5.408903420077373347e-01
2.238947635279180393e-01 -4.391560980130337910e-01 -7.321234646935415036e-02
8.448612435231677154e-01 6.058794163272622768e-01 -2.213596256281178398e-01
2.383111647827147461e-01 -1.817565105073568610e-01 5.068699527212530143e-01
1.615724453809970207e-01 -5.204461623949825366e-01 -1.753401062601372962e-02
6.267475114247273993e-01 2.041461823246386587e-01 -8.284565532113532527e-01
6.274730179066985158e-01 3.548793362239806015e-01 -9.267998115868714137e-01
8.686333059774389298e-01 3.372721576009878319e-01 2.022972328183325619e-02
7.203135356951113621e-01 2.799522803611553812e-01 -6.703730526746642937e-01
8.250870327236770052e-01 1.334853964257860515e-01 6.930297756425805034e-01
3.173675450044779467e-01 1.308928963277669610e-02 -1.201735422439886847e+00
6.269010808168096194e-02 -4.084662015368247800e-01 -2.999478466741469784e-01
3.121713316166516705e-01 -2.513791350721947815e-01 -1.745812152666226247e-03
7.791620845006566043e-01 5.493746877015448504e-02 4.650388777881748759e-01
4.863415181808736776e-01 -1.876216508759860346e-01 4.654900877094325651e-01
4.213947695708730734e-01 -2.035311450864041305e-01 4.581997162764750442e-01
2.605079740258542387e-01 -1.101074095112763995e-01 -7.437625872095363633e-01
7.794150557396690715e-01 1.195266891847770463e-01 -2.105250837508925166e-01
1.834615819622200661e-01 5.540160361130797018e-02 -1.336952559755864911e+00
4.144615893076668556e-01 1.865119606041019118e-01 -1.180743038878178552e+00
5.140851267884682940e-01 2.616904166829359113e-01 -1.077727553126158533e+00
3.569956868870418631e-01 -2.067078997415361385e-01 4.676688430240356631e-01
2.966126322287896411e-01 -1.968461133869432444e-01 4.865361027434191854e-01
2.577304339896280272e-01 -1.816929388788355304e-01 4.971678931290992587e-01
7.530247921112049880e-01 -4.311212657942686821e-02 6.608148689495116912e-01
3.083347107645519891e-01 -2.222123623003522397e-01 5.823517125088031321e-01
3.745690040646216801e-01 -2.411371611507093782e-01 6.163031936107561393e-01
4.430186224769849801e-01 -2.404976086465335783e-01 6.238267286583392135e-01
5.092109365809793786e-01 -2.219632272803022666e-01 6.077703475554838697e-01
5.485632360524306250e-01 -1.948798136884435372e-01 5.808936896629428581e-01
8.691019823283996359e-01 3.280278494699686576e-01 7.685813679524997610e-01
5.303616558150503479e-01 -1.672186289854145080e-01 4.848313729750035606e-01
2.704733646133099523e-01 -2.507331420380556342e-01 -4.375386423171105932e-01
2.114259741049608898e-01 -3.721570371566187418e-01 -2.295798488159392914e-01
1.333539144746204164e-01 -3.237525579279094678e-01 -4.123986171807874079e-01
5.250750867873259509e-01 1.482453259228893039e-01 -9.747940410671880329e-01
4.256060034257149738e-01 8.495146406667486438e-02 -1.088856365099816870e+00
1.811010285606320380e-01 -5.075215388207343636e-02 -1.284369145180095373e+00
7.168982778267682932e-01 4.737933852085172148e-01 -7.476475091883489910e-01
2.603510830368731543e-01 -1.976343650451890532e-01 5.361820834774939648e-01
1.494936532848507582e-01 -4.070317465627830700e-01 2.196128307251101752e-01
3.075748105912099462e-01 1.070541183459854384e-01 -1.272039935226921159e+00
8.414999119328117061e-01 3.572494915529711434e-01 -2.231672154678263631e-01
1.205033103742457756e-01 -1.948799470746176432e-01 -7.398266320990511957e-01
1.340578037792856669e-01 -2.037188846368218620e-01 -7.747729257847328910e-01
1.442154546997453934e-01 -2.136071556253527071e-01 -8.179615566321967179e-01
1.541311127966074057e-01 -1.994363820732294457e-01 -8.631812385689627831e-01
2.137907317334795110e-01 -1.378818086970521328e-01 -9.345320947744371054e-01
2.341326383997757166e-01 -1.305021954047562716e-01 -6.688081174652555916e-01
2.479533094526942261e-01 -1.308454185023190108e-01 -6.620319224282704695e-01
2.601585965803785427e-01 -1.324925736498578921e-01 -6.532451017698601703e-01
3.872889017171399217e-01 -1.357587871306478178e-01 -5.662697374804386286e-01
6.762781191375122347e-01 -2.456848985293585974e-02 -2.907801901570405967e-01
1.491301258688810805e-01 -3.503870872834813355e-01 3.475231507184228796e-01
1.871369902793482698e-01 -2.483586789382203897e-01 5.807544733209106802e-01
2.295162857247194932e-01 -2.161071842309270075e-01 5.717555555787474653e-01
2.207526970891326989e-01 -1.204113274430809177e-01 -6.753705170341195441e-01
6.853217868003529389e-01 1.197745956911755449e-01 -5.368629604073111850e-01
1.209966660761503388e-01 -3.452899214157247876e-01 5.785002255933018311e-01
2.590462066642968963e-01 -8.822248914528629804e-02 -1.017834577823496289e+00
9.712025846609928514e-02 -4.665253281853076750e-01 2.723709983057998052e-01
2.015836611285299895e-01 -3.847044041697871286e-01 3.798269437802187509e-02
1.410985154148712839e-01 -1.261424688956289675e-01 -1.080076728097335348e+00
4.295070347980320946e-01 -2.864439286961001363e-02 -8.088768639434409380e-01
3.532598672551090502e-01 -2.103756904238673897e-01 -2.404509529168659121e-01
3.524990898650797178e-01 -5.455618239599380193e-02 -9.283997661939498158e-01
5.158014630226608332e-01 -1.837844975098654743e-01 -2.174495906573379322e-01
4.162921415533720193e-01 -1.825028307357743351e-01 -3.481179913089968991e-01
5.758102822065893633e-01 -1.004832594788496181e-01 -3.859236105727910093e-01
1.680345112912402517e-01 -1.037467337452935290e-01 -1.194166407620663506e+00
2.463493587842127130e-01 -3.222885370833092900e-01 -1.794843929214556821e-02
4.983356307681070518e-01 4.934036325554214120e-02 -8.720933174338414418e-01
4.010863002436284575e-01 1.243204665034769452e-02 -9.978591072720215394e-01
4.911133424736418007e-01 -3.518745603419437540e-02 -6.709129173209982255e-01
7.571973632317048342e-01 1.693541247457832633e-01 -3.925728947577673544e-01
5.874756564040728435e-01 3.594010646272660647e-02 -6.708669816327743618e-01
7.997703989088496002e-01 3.554627041419236022e-01 -4.519126221258873422e-01
4.675433129068196081e-01 -1.265958528374067082e-01 -4.843547544161044272e-01
1.963033066714596764e-01 -3.435278547077045275e-01 1.511225552794575044e-01
1.967700466452297903e-01 -4.677918385910118104e-01 -2.073925725556216015e-01
2.427087869888058247e-01 -3.826225868761978788e-01 -2.220631546150211300e-01
1.661781185288206952e-01 -5.318232917751792854e-01 -1.407908434819553634e-01
2.488890636113492150e-01 -2.868040597115193435e-01 6.882018430376568574e-01
3.742828586654383116e-01 -3.130546849697486422e-01 7.691104844861031964e-01
4.833616894324830326e-01 -3.105781316138185311e-01 7.832524922601926676e-01
5.701768590413092141e-01 -2.775141257302689013e-01 7.572399497462951601e-01
6.265984330540872449e-01 -2.253487818532500242e-01 7.018363560941072166e-01
6.581059935660062976e-01 -8.226859250073426111e-02 5.137315972892806393e-01
8.777138189387558853e-01 2.920319127719315233e-01 2.533891676668669213e-01
6.019575583433578458e-01 -1.196663566785041155e-01 3.465877402882457936e-01
5.263128737866153983e-01 -1.602115010347788804e-01 3.101287415766722511e-01
4.274779167828279824e-01 -1.893104640695320029e-01 3.145623475325627361e-01
3.335110851070268723e-01 -2.058310862283847520e-01 3.454724213797470966e-01
2.618254698581250484e-01 -2.117262952465961412e-01 3.846686818432645261e-01
2.124326344961380286e-01 -2.197989056125004836e-01 4.190465369063054446e-01
8.833708900979431178e-01 5.709863377778141569e-01 2.950628545710700656e-01
2.418695749764174785e-01 -3.413437145552573604e-01 -2.445988363627698003e-01
1.505449416899582449e-01 -4.529338236137032681e-01 1.052488741849995080e-01
1.448806821871436723e-01 -5.262986602248624912e-01 -2.232924693921647386e-01
1.053528391627396310e-01 -4.873762242022263713e-01 -2.698545053539118665e-01
1.448052822168213183e-01 -4.863451803515910221e-01 -2.353220331470229354e-01
2.227450710928160493e-01 -3.117061590556731154e-01 -2.722665955493124290e-01
8.981136622479013454e-02 -5.056616447395838598e-01 -2.828742354927484826e-01
8.737302697953586161e-02 -4.113477179723874499e-01 -2.932154446809398518e-01
2.122242730033465641e-01 -1.930286005588186526e-01 5.027318810498910828e-01
1.738322887444636589e-01 -2.357993730154577250e-01 4.734963593111856106e-01
1.505337618518389764e-01 -2.868784092885543480e-01 4.464849137535971124e-01
5.702826656138366701e-01 -1.668702637682013545e-01 5.608754128642949865e-01
6.162769580615314879e-01 -1.715264471323645346e-01 6.066244275669481212e-01
-3.955858575246109510e-01 -1.879319827223424610e-01 5.849452061256998903e-01
-3.173764596466384091e-01 -1.952200680427074175e-01 5.824635698646223325e-01
-3.946168651501036351e-01 -1.980413330739816402e-01 6.732741760298912581e-01
-4.748514212860861505e-01 -1.805801796317814123e-01 5.866513361836336315e-01
-3.972588143464452770e-01 -1.778257013458732771e-01 4.959905208273664989e-01
4.284474206531969642e-01 -1.956968917920360873e-01 5.494017894894205334e-01
5.050106056358165674e-01 -2.026342370929730130e-01 5.456338829010238811e-01
4.273429549461855714e-01 -2.059785066428005962e-01 6.400744899014050304e-01
3.512759209493818702e-01 -1.887900535657056622e-01 5.536579816838522738e-01
4.298406623095374357e-01 -1.854351522090391668e-01 4.587036120698710917e-01
