-1.879341173773652063e-02 -2.543819603956650743e-01 -4.952839957335695154e-01
2.159195332893117797e-02 -4.563584628135239352e-01 -1.981572572897891127e-01
2.304079339115455705e-02 -2.888057814271552948e-01 -2.612699971738268734e-01
-3.215955503996166531e-02 -4.138397992355270505e-01 1.264044334122061408e-01
2.139718333107748852e-02 -4.890849958661355190e-01 -1.071751147499685475e-01
2.039634642595917688e-02 -4.801938928801652295e-01 2.206771790318332732e-02
2.254689937755579437e-02 -3.529891102370613654e-01 3.511545829112514006e-01
-4.233377471292710803e-01 -1.116499723149206036e-01 4.436696128906034153e-01
2.299494823191024218e-02 -3.378462087681777248e-01 6.012606475455148924e-01
2.204848736999469316e-02 -3.645836354056953832e-01 7.219148881893033831e-01
2.070524670531667666e-02 -3.533760598430886191e-01 1.146275448100816385e+00
-1.816136349678505735e-02 -2.407926404927368813e-01 -5.253485895819303142e-01
-1.704649430756524295e-02 -2.162696168519793738e-01 -5.524136662120628927e-01
-1.482435804860409399e-02 -1.836581131625826813e-01 -5.685227772454772843e-01
-1.736833492159662456e-02 -1.853879333589280032e-01 -5.420404435245020913e-01
-1.842310538973915973e-02 -1.884615933138761856e-01 -5.832222596467442344e-01
-2.011261946068373593e-02 -1.976868555281849904e-01 -6.331888758435233466e-01
-1.987658596349686085e-02 -1.870442355902456888e-01 -6.843670246749102848e-01
1.014362514091898641e-02 -1.264709032753591478e-01 -7.662977214263499981e-01
2.056350220561878328e-02 -4.188600694725930218e-01 -2.383444125988725126e-01
-3.976309230462614364e-02 -3.328465140490434737e-01 -2.205047599814419224e-01
-6.568025579851238804e-01 1.357915037716018458e-01 8.416455036215133578e-01
-2.515033694657806684e-01 -1.680715968020128626e-01 3.544558932327636080e-01
-3.159105823149432335e-01 -1.612004368845513791e-01 3.489950375198295762e-01
-3.758838745945853876e-01 -1.434177881109563180e-01 3.588911271143233606e-01
-4.491793564991277687e-01 -9.853730167299090681e-02 4.216553216407588067e-01
-1.947479758513962489e-01 -1.637614540550489939e-01 3.753926399999918395e-01
-3.423871692577054038e-01 -2.187125194866756384e-01 6.110405447692985881e-01
-2.688305524573042504e-01 -2.180551951902606478e-01 5.973973857963058576e-01
-4.074545108137629379e-01 -1.953073229016709655e-01 5.976925666015253658e-01
-4.486892636276552659e-01 -1.652914223325264165e-01 5.641792711361317547e-01
-5.032406562857083543e-01 -5.856945607106868457e-02 3.694916668415538785e-01
-2.250353002735285823e-01 -2.611057787497344032e-02 -8.838583886046262883e-01
-4.439353450623053088e-01 -9.541936546374242545e-02 4.746938685260677082e-01
-6.776072690121378583e-01 2.101913920433006178e-01 4.569110277025100197e-01
-5.720008455619036702e-01 -3.843256253342475226e-03 4.464923098815016811e-01
-2.942747030618613202e-01 -1.761590443047298948e-01 -4.403547328015900569e-02
-8.917516054703678030e-02 -2.498388412006424253e-01 -4.703363108963763972e-01
-7.910573038833486337e-02 -2.089277485609513096e-01 -5.404956485014564826e-01
-1.485591385942701126e-01 -2.126166019155652787e-01 -4.882381626760169402e-01
-1.799332625883341419e-01 -1.693922114097673182e-01 -5.099103452700447514e-01
-1.273239229703314046e-01 -1.872761625273383079e-01 -5.351331206135134799e-01
-1.579688066053218098e-01 -1.492618291046279300e-01 -5.349679286812616397e-01
-2.769579659669922922e-01 -5.798163467734945842e-02 -5.921154945295638017e-01
-3.190431308735007521e-02 -4.496023340245809408e-01 -1.915997178275886115e-01
-4.132999944982817392e-02 -4.799382782449356233e-01 -1.029797018766501204e-01
-5.323836767129078718e-01 -1.563502827595699973e-01 6.611540554606526454e-01
-1.652702711734847230e-01 -2.163865414345169935e-01 1.775144011998842641e-01
-1.772319969943442208e-01 -2.990314653723668004e-01 -1.321875648691518135e-01
-1.821823276136842196e-01 -2.869694794423077733e-01 -7.850333120622735028e-02
-4.790645124996810167e-01 -9.707359868069578845e-02 -7.442731974646231950e-03
-3.730883274399036248e-02 -4.596460068129037957e-01 1.798859210687910742e-02
-3.889462872487013945e-01 -2.730029543695318139e-01 7.455594338287533374e-01
-4.737706711166446150e-01 -2.208992806985821122e-01 7.211071852153982942e-01
-5.940919839562850413e-01 -3.867546812680590709e-03 9.776042094383439185e-01
-1.127119582835524325e-01 -3.202239722740418681e-01 6.380291257489801859e-01
-2.036789900265141562e-01 -1.967506791754801698e-01 5.551954565623830051e-01
-3.107344553763669026e-01 -5.940560255439183285e-02 -5.195790883902775548e-01
-5.996892330331533572e-01 4.799152526290874632e-01 -3.616990187859095984e-01
-1.299634887706331010e-01 -2.696873869285502101e-01 -1.844705677955431056e-01
-8.087284222407736811e-02 -2.709032901345757582e-01 -2.141326247367089652e-01
-2.209251039892857205e-01 -7.032279410391649443e-02 -5.267610534041864412e-01
-2.107762005963188801e-01 -8.512180772787539262e-02 -5.257804335133346996e-01
-5.049975161310773508e-01 -1.989105180467781175e-01 7.852428458052993498e-01
-1.810272056970042565e-01 -2.596576170988410537e-01 -1.657685978814112393e-01
-2.721198012291966561e-01 -3.076128925865529440e-01 7.268922149495278262e-01
-2.817533940298445616e-01 -3.290764629557181853e-01 7.984929474612036948e-01
-3.412364753575727327e-01 -2.646634051247129804e-01 1.135060876272064423e+00
-5.485664240676860759e-01 -1.157350537408323443e-01 8.693908649056734106e-01
-3.040371216239298180e-01 -3.001492345349313640e-01 9.585805646067613317e-01
-5.665496619908809706e-01 -1.091089254990519619e-01 7.141603094505142302e-01
-6.108911112144690403e-01 7.166672857502297267e-03 7.612896970729989832e-01
-8.580665543767698744e-02 -2.356940887800050011e-01 -5.107207935087295647e-01
-1.382339370174388848e-01 -2.022999733514456722e-01 -5.140472380697043153e-01
-1.700573179851695427e-01 -1.638973431817621895e-01 -5.231710422976216801e-01
-1.157133899057904702e-01 -2.540703305110894039e-01 -1.996324187087218927e-01
-2.154400080027651099e-01 -7.800914296252264846e-02 -5.265083402378321065e-01
-2.050093482264041533e-01 -1.078899176844235752e-01 -5.348667099900670241e-01
-2.048690179377309073e-01 -8.636435847711859681e-02 -5.249468711615455918e-01
-1.012656314487342113e-01 -3.608404890238603446e-01 -1.705753810139233884e-01
-1.490990423088141004e-01 -1.367304237458844551e-01 -5.436692416685802165e-01
-1.165450336011298882e-01 -1.600452313284609351e-01 -5.478172804575591748e-01
-7.169928857534454969e-02 -1.787309404158272386e-01 -5.572147832804936751e-01
-7.731901427958130790e-02 -1.219826719085797401e-01 -7.595868434464012608e-01
-9.516294202036057470e-02 -1.840563983644855628e-01 -6.706904370952497807e-01
-9.213163277401191509e-02 -1.945888513507405826e-01 -6.194281680449507110e-01
-8.478788926765193357e-02 -1.842614991171429573e-01 -5.712459132238270065e-01
-7.594359043278930965e-02 -1.809987534570822176e-01 -5.331381232899419231e-01
-1.599449960426032047e-01 -1.357633796760980838e-01 -5.160414958300192367e-01
-1.745311317104999982e-01 -1.417536085475566421e-01 -5.324888335933122274e-01
-1.896849300685145845e-01 -1.477574883324608013e-01 -5.550892616558515957e-01
-2.007743315413966778e-01 -1.338632099438574197e-01 -5.803088089315642240e-01
-2.451997247775597466e-01 -1.599406701891042948e-01 -3.843924291675484550e-01
-6.707623819928580922e-01 5.095714210637181107e-01 1.041456428786618482e-01
2.391703548019598335e-02 -3.345509141814907994e-01 -2.471732742210078493e-01
-1.806998601921841197e-01 -1.065857908852110569e-01 -5.172752664923757626e-01
-1.929896937453783323e-01 -1.103620255521535892e-01 -5.252215353497914352e-01
-6.071725299089678063e-02 -2.712425667080514136e-01 -2.504259256319655291e-01
-1.591396822211794404e-01 -2.083200051002629949e-01 -2.134215087592543081e-01
-7.046086008375165854e-02 -2.722248887131193396e-01 -2.327091631879230071e-01
-2.306338027564016346e-01 -1.876286108463945945e-01 1.322030243663881721e-01
-3.334143546063795260e-01 -1.599591162457475457e-01 8.037037482825314105e-02
-1.924943663496782031e-01 -2.467271927372521045e-01 -1.123879086350323270e-01
-4.945010505058818340e-01 -1.443831547585225916e-01 1.078604373774633585e+00
-4.509395816370728172e-01 -2.153742378115476308e-01 9.397701733328986951e-01
-4.087425322670870664e-01 -2.713211051244767136e-01 8.181361011874885847e-01
-2.349999095074870037e-01 -8.178036189972520686e-02 -6.497706926208048905e-01
-1.304343269918814274e-01 -3.582342729581862173e-01 7.587764137804858811e-01
-1.516951680034488992e-01 -3.471566744413023820e-01 9.467496720552210920e-01
-1.755982360089943795e-01 -3.333898529148168199e-01 1.153309145745680109e+00
-4.240774620535788797e-01 -1.184897228350054177e-01 3.823501001427802581e-01
-5.735045999814201156e-01 -1.418100339918032526e-02 3.076228999039501977e-01
-1.569934669231433100e-01 -1.591508556252850259e-01 3.958719052788506332e-01
-5.061233540983234303e-01 -1.088673107585903799e-01 5.353446677517190722e-01
-1.215063976682915908e-01 -2.465635922858787077e-01 2.307121639077421293e-01
-1.404953414698000835e-01 -3.647806526219469214e-01 -1.102195237268969036e-01
-6.295126920031455242e-01 6.111366886611992177e-02 2.565156775567299374e-01
-5.341883591369893658e-01 -6.263408006053117205e-02 2.315567194853329347e-01
-4.561786927355829246e-01 -1.164798830418021514e-01 1.844623132637714935e-01
-3.352531622779869602e-01 -1.476666175887930421e-01 1.891453409855854972e-01
-2.453843081238054891e-01 -1.675541683083873190e-01 2.234847578367899490e-01
-1.781330836016965513e-01 -1.898017632874452465e-01 2.619591953677812279e-01
-3.714604779443927973e-02 -3.261319500321004372e-01 3.362038870210345420e-01
-6.176424194840461901e-01 6.762956905107810057e-02 6.311554569731336883e-02
-5.565775916053454786e-01 -8.072317709932058660e-02 5.608093883840525873e-01
-1.267344737586269601e-02 -4.151224091619164502e-01 -2.329432161412838820e-01
-1.605758061103119139e-01 -2.305872790625430324e-01 7.958818053539842841e-02
-6.947452280965333848e-01 4.095529773757131120e-01 4.994164442150591521e-01
-1.257419873766514040e-01 -2.055374285714819393e-01 3.057424198912254143e-01
-1.963470654671794213e-01 -1.853027213545669349e-01 -1.072268782283091054e-01
-4.690515272412473236e-01 -8.322868166726907213e-02 4.750492468112310629e-01
-1.438641616990502803e-01 -3.492705800209480183e-01 -4.515139985281681201e-02
-6.430440020895269448e-01 5.108584388332917392e-01 -1.206450820471125507e-01
-1.534371349531634121e-01 -1.487639981696941560e-01 4.252374212769765571e-01
-9.310268626388305824e-02 -4.175117762376712172e-01 -4.372260421547485496e-03
-4.803490505799880572e-01 1.829187362856366517e-01 -6.375469442670722575e-01
-4.742755240432752206e-01 3.059084604571057353e-01 -7.205870145870519883e-01
-6.665298476159158270e-01 2.903708160028729557e-01 7.919323090927712916e-02
-5.526022954697002998e-01 2.446747479570867134e-01 -4.997740506910349767e-01
-6.467987830011084904e-01 1.243792357640611523e-01 6.248568982844873165e-01
-2.328276383171808406e-01 2.119465804183072108e-02 -9.624218464498516257e-01
-2.144709853750259142e-03 -3.298876429265694687e-01 -2.419587452943223471e-01
-2.173405280795563665e-01 -1.978196318901466189e-01 1.987004713479617254e-02
-6.258579842655360714e-01 5.986527083351654566e-02 4.427345555349657680e-01
-3.656946542775626474e-01 -1.442608529414818319e-01 4.029388396251388782e-01
-3.127555910047697396e-01 -1.593414964977082349e-01 3.925923604433467773e-01
-2.148959352631832909e-01 -9.595887587587034750e-02 -5.473585332257222547e-01
-6.025281230020590462e-01 1.117301858522273816e-01 -1.160779224245799268e-01
-1.136299599141160632e-01 5.037513465509102506e-02 -1.077829411838608031e+00
-3.013807726591041236e-01 1.639737824578167968e-01 -9.439514400848729725e-01
-3.818781691552091129e-01 2.273198162022624369e-01 -8.540078173393659267e-01
2.124603114122314285e-02 -3.631701534835263812e-01 9.302458049404213059e-01
1.870325186388035327e-02 3.116437309852543650e-02 -1.097220227661908298e+00
-2.585185284813653617e-01 -1.635656471633205045e-01 3.978685600743643858e-01
-2.053282343097248552e-01 -1.583934876750079657e-01 4.113572171596256988e-01
-1.700406472003361258e-01 -1.481984518962529696e-01 4.190066196522863606e-01
-6.000227512395077678e-01 -2.069519878021814155e-02 5.984455768847221080e-01
-2.173370299464837951e-01 -1.784236795676510390e-01 4.939634084690651128e-01
-2.760078359187465580e-01 -1.904651982466956661e-01 5.242220981075098596e-01
-3.320930935088387548e-01 -1.874456156825434205e-01 5.316049126241282341e-01
-3.849177368340455097e-01 -1.700571194218926108e-01 5.208869200903349928e-01
-4.162376882764162733e-01 -1.472745019634605357e-01 5.015645213505834921e-01
-6.869442437443266103e-01 2.841917845918894292e-01 6.923999734123382765e-01
-4.003236920059585202e-01 -1.265425875284868495e-01 4.220929316444149704e-01
2.001877314697359314e-02 -2.656517373125394377e-01 -3.327648472775189825e-01
-1.878411037455549604e-01 -1.975621902611882641e-01 -3.416783704607296301e-01
-1.294767388933835139e-01 -2.947021680859976955e-01 -1.734192673362318082e-01
-6.907205523756612675e-02 -2.585048518703587650e-01 -3.320341217106781428e-01
2.286681065806130814e-02 -3.221991628553108611e-01 4.794653070374466086e-01
-3.992607765350409399e-01 1.366581484970271487e-01 -7.654434728425192347e-01
-3.212196086997408107e-01 8.357944404119602155e-02 -8.658379082257704473e-01
-1.211536332857830328e-01 -3.482406608135153042e-02 -1.033061964157902413e+00
-5.417517066011492410e-01 4.016792554716867025e-01 -5.648918716357335112e-01
-1.738672210202073243e-01 -1.614906195689614354e-01 4.514879181283918408e-01
-7.953953873852538659e-02 -3.274321928110959234e-01 1.866246023042258395e-01
1.375319246055385289e-02 -5.198993268590072075e-02 -1.050821166364139359e+00
-2.152748436001124255e-01 9.612180385119867276e-02 -1.023101488920862945e+00
-6.441319952753477018e-01 3.068411482723534256e-01 -1.225583025543495325e-01
-1.247959247659031767e-01 -1.607125100024052178e-01 -5.223552561275273121e-01
-1.389300073021036419e-01 -1.665324412634141271e-01 -5.510751685368333597e-01
-1.501559637223427446e-01 -1.741229819937303580e-01 -5.868819203418969010e-01
-1.571298764345204491e-01 -1.622691753417930816e-01 -6.306410586045789746e-01
-1.665499545100001533e-01 -1.094179441219564342e-01 -7.121390510644800553e-01
-1.804307210593840693e-01 -1.170450302308925494e-01 -5.372871390416136261e-01
-1.901176824769349460e-01 -1.200284237314745983e-01 -5.322482369855305873e-01
-1.985210627970420139e-01 -1.227251693820107098e-01 -5.260698866822945963e-01
-2.844424153090742702e-01 -1.154303582862695604e-01 -4.498450023576245904e-01
-5.254483991158390710e-01 -5.596415151301529015e-03 -1.883768866026942490e-01
-7.821986434691430290e-02 -2.824309691219363261e-01 2.904933061140181350e-01
-1.096961100133551498e-01 -1.988194780265625239e-01 4.843089849040100314e-01
-1.485482652035020334e-01 -1.758912969041602770e-01 4.788317343923366165e-01
-1.704601712349815557e-01 -1.094468129860280275e-01 -5.417764231324592172e-01
-5.295649194592380038e-01 1.133868986882489438e-01 -3.908113973386006523e-01
-5.838300703676081727e-02 -2.787303280926748950e-01 4.769052445244420513e-01
-1.989645200701908589e-01 -6.424888727741207006e-02 -7.929800237652810946e-01
2.110548774101374606e-02 -4.363949052037507381e-01 1.342851516525759292e-01
-3.591818094591214816e-02 -3.754625340600397099e-01 2.252671057411042010e-01
2.201116841553411169e-02 -3.926771568709269689e-01 2.386743132837155223e-01
-1.242389561998377273e-01 -3.067937980856043079e-01 4.386581752493177999e-02
1.199974480140910890e-02 -9.726341701775173543e-02 -9.701465978602282769e-01
1.140243426753062908e-02 -1.108594540199544926e-01 -8.583176478572027701e-01
-9.590052002947410670e-02 -9.611823036177219448e-02 -8.489255338961011477e-01
-3.370182496905761438e-01 -1.387973861960909230e-02 -6.210580143938274622e-01
-2.520625393953935811e-01 -1.607137978659858302e-01 -1.710141023581290831e-01
-2.791976265183880868e-01 -3.455839225826867062e-02 -7.168423315363438020e-01
-3.942049406602410322e-01 -1.362783494309395826e-01 -1.391759844193748985e-01
-3.120380801924284020e-01 -1.378009081607275699e-01 -2.525672242471125317e-01
-4.468050540263811543e-01 -6.778049061507060435e-02 -2.723777774732516477e-01
-1.149256273180243038e-01 -7.829940888780831387e-02 -9.554394412129787462e-01
-1.614467084048658019e-01 -2.552897664155112101e-01 8.676255623087536116e-04
-3.860207039895518499e-01 5.457552047601769984e-02 -6.788851255083990788e-01
-3.088792494573865399e-01 2.342591470046614596e-02 -7.869975815881953274e-01
-3.783704031008132684e-01 -2.396791947339067114e-02 -5.131268792728400641e-01
-5.842837501830056013e-01 1.537090004091221096e-01 -2.677412308665194640e-01
-4.581018143449847035e-01 4.421149356997798596e-02 -5.066466713008466183e-01
-6.113542227051125266e-01 3.039954688184717257e-01 -3.137265074330754522e-01
-3.603385405639302208e-01 -9.644726409585356597e-02 -3.611648973642090921e-01
-1.188982664017290136e-01 -2.763753022519649938e-01 1.348219453385690325e-01
-1.207998338278690048e-01 -3.740636361129098253e-01 -1.555748426306289012e-01
-1.574183498709269824e-01 -3.018273982140825540e-01 -1.650779216755381418e-01
-9.459888353515852333e-02 -4.250820314076453887e-01 -1.032977958604634761e-01
-1.613681996714794176e-01 -2.283946138285732341e-01 5.720355844737738948e-01
-2.671218694319715814e-01 -2.439295128423480397e-01 6.407786340559723515e-01
-3.582518079037141923e-01 -2.391413214289207223e-01 6.571399585562320844e-01
-4.322901929044786762e-01 -2.109730845644784136e-01 6.410280062224085196e-01
-4.821587514228235505e-01 -1.681010578721085780e-01 6.014504638631337219e-01
-5.131104690091078391e-01 -5.386640065579381687e-02 4.612181259220106133e-01
-6.814641895054143195e-01 2.520894026957813949e-01 2.712414599370415180e-01
-4.710882967726361947e-01 -8.613730553431928061e-02 3.240779488047705881e-01
-4.098553813857942485e-01 -1.203762940451047342e-01 2.885771158024024174e-01
-3.268846242848372774e-01 -1.468957294279910619e-01 2.824493373216306336e-01
-2.464629729547661574e-01 -1.629698132566945734e-01 2.994619684828985218e-01
-1.826351070657168951e-01 -1.682341935696354818e-01 3.265807271448007976e-01
-1.383590006063138977e-01 -1.763448438790612138e-01 3.514948939271844708e-01
-6.854545408973209408e-01 4.787893260313117461e-01 3.078422933638215730e-01
-1.570758161491347948e-01 -2.683075458562032001e-01 -1.840389176966237272e-01
-8.023047168053544509e-02 -3.647943204330234002e-01 9.409482770415508734e-02
-7.802988029694565841e-02 -4.211566184159079573e-01 -1.718454398948339734e-01
-4.628985768477281160e-02 -3.903584886352580163e-01 -2.131190485070469931e-01
-7.820919282703495123e-02 -3.895443854515590054e-01 -1.816513158883396040e-01
-1.405850798476090679e-01 -2.439993790701103782e-01 -2.081584632035856086e-01
-3.340063581909435975e-02 -4.059190436794344325e-01 -2.247595376134671197e-01
-2.426442378328247385e-02 -3.305234967829755455e-01 -2.348441920696331675e-01
-1.328558911612444660e-01 -1.563314489291881271e-01 4.211589120092256167e-01
-1.033907558446625213e-01 -1.899014231798734631e-01 3.952140095587814428e-01
-8.639607144132510630e-02 -2.304567706548342754e-01 3.705777370724706588e-01
-4.324710331002767361e-01 -1.242440631789224481e-01 4.870512768294616435e-01
-4.721900463298641659e-01 -1.251279248019052104e-01 5.259600613597715801e-01
7.449743747623929768e-02 -4.134626503061249458e-01 1.217664551152229380e-01
4.525519700625536546e-01 -1.212554324504368924e-01 4.112845067034833768e-01
8.481704188569393066e-02 -3.364590540650616579e-01 -2.260534604038326734e-01
6.658169959919959524e-01 1.166430480539987630e-01 7.716287024297667774e-01
2.761579161595950627e-01 -1.706425622496871020e-01 3.379565690914172471e-01
3.372121758388025858e-01 -1.660748565402128674e-01 3.292739615813286558e-01
3.952995463507723573e-01 -1.505967246985764063e-01 3.321508263758676249e-01
4.722545182507952299e-01 -1.079263203596674686e-01 3.844983043033349812e-01
2.256562250752396359e-01 -1.659067099918507537e-01 3.599292268954443763e-01
3.698578754354819864e-01 -2.265928243753025650e-01 5.867401734477925013e-01
2.977688213993493482e-01 -2.243566169786160303e-01 5.750636778030047136e-01
4.348877854916581298e-01 -2.064964188752198837e-01 5.698173081321914468e-01
4.750312388673746389e-01 -1.786970653092910255e-01 5.306490675963879688e-01
5.175322272931778267e-01 -7.061250979584979270e-02 3.220792277295952966e-01
2.419135845016596731e-01 -3.580577185780602079e-02 -8.924326313525798859e-01
4.744911979692466586e-01 -1.056275155690550582e-01 4.400906222795822331e-01
6.991826320390712723e-01 1.924704993404874331e-01 3.894281440093957380e-01
5.821028044328311335e-01 -1.881396702884714084e-02 3.910481632413896347e-01
3.248377588757199730e-01 -1.843457679384408743e-01 -7.249605515954243851e-02
5.209800155706998531e-02 -2.492831428158037710e-01 -4.796710627496031942e-01
4.523301139085561529e-02 -2.070542754668676100e-01 -5.511640378032707233e-01
1.168732422739646448e-01 -2.086701838229422790e-01 -5.064278233715935329e-01
1.562010545504139425e-01 -1.599464620726020470e-01 -5.313620799190957866e-01
9.734033133282969652e-02 -1.821592866618603201e-01 -5.525122426967919997e-01
1.358506086977415706e-01 -1.408457678512168854e-01 -5.550061434022286466e-01
2.601113918844232265e-01 -6.263887688522604136e-02 -6.230827969079190121e-01
7.316153440398179275e-02 -4.527464332263806401e-01 -1.965015896816298679e-01
8.112385353909526420e-02 -4.834131199503872711e-01 -1.087657763742563982e-01
5.488194704533180257e-01 -1.708640516373909346e-01 6.172670556428305755e-01
2.021175090312740674e-01 -2.183038135593453055e-01 1.606518351544317658e-01
2.155877272493557650e-01 -3.057430903069544570e-01 -1.480403069859527188e-01
2.192328557111672405e-01 -2.936232827875097096e-01 -9.492006968032910830e-02
5.015551170268635062e-01 -1.081120018535574878e-01 -5.298935074561776648e-02
7.799212407585101592e-02 -4.603051908762685329e-01 1.313419267806903087e-02
4.192653888709056420e-01 -2.869272952046656444e-01 7.127337796395853964e-01
4.977017389468251229e-01 -2.358665079909730566e-01 6.844630576644556985e-01
6.070874450002033962e-01 -2.260651520524052660e-02 9.119357793960243264e-01
1.565680526133739203e-01 -3.237075224120367634e-01 6.202545950057218871e-01
2.366714328389697419e-01 -1.998703053934946516e-01 5.328330416097315503e-01
3.048489485585662018e-01 -6.026939581796594836e-02 -5.586373599189743411e-01
6.398798005049346482e-01 4.608709142703718564e-01 -4.113301175368695439e-01
1.715262853256392661e-01 -2.765264314457261952e-01 -1.964802501690179060e-01
1.248819331870834742e-01 -2.790930102470243757e-01 -2.230620042548220883e-01
2.020807438675024936e-01 -5.833709679345329413e-02 -5.655937447663214046e-01
1.871650761315317990e-01 -7.607368327447763812e-02 -5.633205112861419117e-01
5.264424593106329375e-01 -2.144623025636540614e-01 7.403894589690009909e-01
2.178224586405263508e-01 -2.674093691975711895e-01 -1.816956286563070622e-01
3.103244327995537954e-01 -3.195678878222603103e-01 6.989004789650641314e-01
3.200470582529157948e-01 -3.416813434200406396e-01 7.652825280137749431e-01
3.690194452622760357e-01 -2.772628834088475269e-01 1.092889037076289149e+00
5.674020846963765408e-01 -1.314008596838051879e-01 8.143975563365808412e-01
3.368244587099071263e-01 -3.107693599022423592e-01 9.239544198491767002e-01
5.817571239410264106e-01 -1.237594979305569887e-01 6.587801101752182031e-01
6.280456015606417086e-01 -8.657009431471004990e-03 7.008106070827988532e-01
4.912369084271381997e-02 -2.342940309626100892e-01 -5.210474402244743564e-01
1.068798191984304119e-01 -1.976860963905221480e-01 -5.320174653660302289e-01
1.462590502140202475e-01 -1.554047768093803628e-01 -5.439115215786700652e-01
1.579698984475735313e-01 -2.616939987076646323e-01 -2.104630664738761925e-01
1.940808564581264217e-01 -6.811537474059860264e-02 -5.648686095330475165e-01
1.775947894086592482e-01 -1.010228131896117321e-01 -5.598315689512316506e-01
1.803390675633116114e-01 -7.741081692726248242e-02 -5.616025499758539041e-01
1.410074563435686490e-01 -3.630552981413834868e-01 -1.811277902018115227e-01
1.280874032821024688e-01 -1.281607339477323637e-01 -5.622723127322515335e-01
9.029404519150840969e-02 -1.541022905659025222e-01 -5.637694200820591028e-01
4.237512982844057058e-02 -1.754152909840185348e-01 -5.672790700876553238e-01
9.204480105766338349e-02 -1.238221513379156868e-01 -7.635228526484989509e-01
5.667274265826873630e-02 -1.819669177197638654e-01 -6.780118098109246816e-01
5.280523711578468532e-02 -1.910907629733363811e-01 -6.261249787763554231e-01
4.900256200275125706e-02 -1.800645918429238934e-01 -5.771568327526054309e-01
4.265514706776306342e-02 -1.762627952865043202e-01 -5.387593626472452213e-01
1.324774671995596065e-01 -1.283667203046205407e-01 -5.311885401412423935e-01
1.448230060684147502e-01 -1.365106357895501388e-01 -5.489520049123928214e-01
1.573891677440927839e-01 -1.437129694588183126e-01 -5.727537658193331271e-01
1.695529958881211718e-01 -1.304425061352362525e-01 -5.987690272929033775e-01
2.608756903279936812e-01 -1.644872385838633266e-01 -4.113385546424261907e-01
7.057258825711381078e-01 4.891439180063268943e-01 3.843149361813850973e-02
1.564548757865139583e-01 -9.655212411264517403e-02 -5.382465798857777317e-01
1.669260964993149188e-01 -1.023993355986060338e-01 -5.478677759106658218e-01
1.048044907625411970e-01 -2.756808060672237826e-01 -2.574450143694435034e-01
1.986125014875056438e-01 -2.179820043921211203e-01 -2.277598524966545357e-01
1.146105617929717990e-01 -2.789070341439254808e-01 -2.410496688633864126e-01
2.645558043226097777e-01 -1.907575949393794656e-01 1.093185478024085999e-01
3.630363093033519561e-01 -1.669815076883598426e-01 4.746549977691127964e-02
2.297868560313695019e-01 -2.541078402386639512e-01 -1.297325011291646235e-01
5.140551715794524634e-01 -1.623110129547639668e-01 1.020972616645286379e+00
4.757662305740317787e-01 -2.303653173530741394e-01 8.919693214215544952e-01
4.390444531850873355e-01 -2.858511691031923041e-01 7.791509577599694536e-01
2.299447536864292208e-01 -8.421016288554170059e-02 -6.659493224961947622e-01
1.765043410351005704e-01 -3.637517291768694871e-01 7.316138975544123069e-01
1.892900026550005665e-01 -3.533686798155094566e-01 9.276939093436146200e-01
2.099359988088984885e-01 -3.419821828642749528e-01 1.129678651678740708e+00
4.443049368434662805e-01 -1.274156152709834400e-01 3.492149239068981226e-01
5.803346679053212887e-01 -3.006208106539640101e-02 2.529390209907972364e-01
1.925330081740823651e-01 -1.587913597218521544e-01 3.810987959258227420e-01
5.269843894958211594e-01 -1.221718031124551379e-01 4.942533234642493833e-01
1.605946251806385505e-01 -2.472664070722911389e-01 2.180401302480442782e-01
1.789249310408231874e-01 -3.702788912488141904e-01 -1.244232207284325653e-01
6.522767117920784674e-01 4.454317118109710205e-02 1.949257459557214855e-01
5.406664292654781434e-01 -7.600755347952893592e-02 1.826304724785956513e-01
4.646034370187749341e-01 -1.273809291413616762e-01 1.440801012358162714e-01
3.504243735326638132e-01 -1.540437584601098697e-01 1.610424860516529166e-01
2.662849152642814965e-01 -1.713496279319851046e-01 2.042951978876808572e-01
2.037755945875245334e-01 -1.924888018088836139e-01 2.477422484759914667e-01
8.136549040208995720e-02 -3.265373201869650188e-01 3.305220331676026468e-01
6.427415980794459749e-01 5.289970928450227206e-02 4.457055132910993540e-03
5.696153844874576322e-01 -9.493182611691142192e-02 5.092040545215512637e-01
5.268298001458699559e-02 -4.158674622856232128e-01 -2.356303215269559548e-01
1.986566450980573051e-01 -2.328418479678463493e-01 6.374312108500732044e-02
7.171928513430951835e-01 3.913873346206748760e-01 4.281443295012270500e-01
1.575609320037550942e-01 -2.065774220579280340e-01 2.956558000125263375e-01
2.370865889104042112e-01 -1.927982316052199163e-01 -1.252123818375203423e-01
4.964041529777583062e-01 -9.373272659833802034e-02 4.369217081511294065e-01
1.809038559160472404e-01 -3.548320212040027011e-01 -5.915455938249530865e-02
6.826361378849745698e-01 4.895421442944948853e-01 -1.788554997413590586e-01
1.925521076854570524e-01 -1.468567333622631255e-01 4.100523435423181207e-01
1.305482893777578091e-01 -4.205132629741997197e-01 -1.416723782467541742e-02
5.063750145054348728e-01 1.649472768864580496e-01 -6.694065044495497441e-01
5.069894741350062795e-01 2.867375694556623111e-01 -7.488413616132871820e-01
7.018436338232103555e-01 2.725112084420799885e-01 1.634533307868381996e-02
5.820033216610649429e-01 2.261975500981662224e-01 -5.416521057489418478e-01
6.666588504979984453e-01 1.078543429682381344e-01 5.599584118998361948e-01
2.564285637111862748e-01 1.057596420258734987e-02 -9.702418881183970667e-01
5.039892677958908440e-02 -3.315450095336169856e-01 -2.443776027042289523e-01
2.522300955415492929e-01 -2.031108459833650404e-01 -1.410592632596939251e-03
6.295521308705280816e-01 4.438871092020482689e-02 3.757449528852381260e-01
3.929571846373881572e-01 -1.515956852316826531e-01 3.773751448039344147e-01
3.404811147747972555e-01 -1.644503353493920739e-01 3.716180248504205030e-01
1.879600278510125677e-01 -8.923741924777692236e-02 -5.743188565036024817e-01
6.297565281143587823e-01 9.657590434571755589e-02 -1.701013405471465956e-01
1.482344073906183002e-01 4.476372335794714941e-02 -1.080239079403513713e+00
3.348792015204988259e-01 1.506990709210432322e-01 -9.540239584587660859e-01
4.153736346474556917e-01 2.114422181576262605e-01 -8.707888782900365943e-01
2.884475513658489310e-01 -1.670171089414013710e-01 3.790956936330134308e-01
2.396588827630426466e-01 -1.590489226843626036e-01 3.939949465931887884e-01
2.082426072007096118e-01 -1.468053683703126056e-01 4.023907355543483444e-01
6.084335620306304815e-01 -3.483399953556140516e-02 5.337807820943187842e-01
2.491301592371157891e-01 -1.795444991161434245e-01 4.696594013056789585e-01
3.026465473073661760e-01 -1.948354734583739867e-01 4.964704867110864561e-01
3.579528872666505324e-01 -1.943187239272856914e-01 5.024117232027929258e-01
4.114353567301474168e-01 -1.793432014838959587e-01 4.897321987746379168e-01
4.432314675519214431e-01 -1.574601798672452813e-01 4.685080235260735138e-01
7.022223177983488718e-01 2.650419414992999378e-01 6.210030480230803729e-01
4.285248437934034982e-01 -1.351103272260513188e-01 3.926487417220453913e-01
2.125323751560548591e-01 -2.025589840193460223e-01 -3.614394199154796761e-01
1.708292474273279127e-01 -3.014590572673609969e-01 -1.859536260088601456e-01
1.051624955272278117e-01 -2.612145827553868926e-01 -3.395784756814292926e-01
4.242519793749054968e-01 1.197801649022765397e-01 -7.876199437414768134e-01
3.438871205631018335e-01 6.864453111451886136e-02 -8.793680427929370103e-01
1.463271130630769412e-01 -4.100703468291180820e-02 -1.037453264939852904e+00
5.792438407889103358e-01 3.828184731589182599e-01 -6.040887921942654781e-01
2.103600551935932983e-01 -1.596858190644385722e-01 4.331997936836003982e-01
1.207887933066106867e-01 -3.288759918865596932e-01 1.774441137470225693e-01
2.485161704626453749e-01 8.649824052558049980e-02 -1.027790581323958286e+00
6.799202286956469443e-01 2.886526275020183663e-01 -1.803160071992619962e-01
9.318029493520924023e-02 -1.543925210859510844e-01 -5.340724187068019990e-01
1.050031639257310856e-01 -1.613294152558449601e-01 -5.633693914279583881e-01
1.144438333550089754e-01 -1.692587008545193838e-01 -5.996102043389032188e-01
1.231656027767553258e-01 -1.579954610532625370e-01 -6.437397040321161112e-01
1.720570416449829776e-01 -1.093978378918970817e-01 -7.198259388668233338e-01
1.625114391763101962e-01 -1.058525794818789278e-01 -5.625777961842413077e-01
1.719401434287631814e-01 -1.068627495879237166e-01 -5.593332404817961123e-01
1.807924188908017760e-01 -1.087526169491636330e-01 -5.546466526398596830e-01
2.920808364114675926e-01 -1.142049209414369715e-01 -4.826698938137183870e-01
5.466561759560204514e-01 -2.038947163559885756e-02 -2.356869432758797178e-01
1.204950682089626773e-01 -2.831078947716013094e-01 2.808407384622065850e-01
1.512040862082807413e-01 -2.006703594232892296e-01 4.687005458969593086e-01
1.854459676898772003e-01 -1.746116001219451819e-01 4.613448856413996380e-01
1.533177632038143501e-01 -9.726883696958549264e-02 -5.652650200505554556e-01
5.536151983633534890e-01 9.528458427358872662e-02 -4.367563670291145228e-01
9.776362386176398744e-02 -2.789894556210320564e-01 4.673389243594130438e-01
2.092714018479031046e-01 -7.047644124789576026e-02 -8.004873359874242755e-01
7.847181848846461472e-02 -3.769459786436584192e-01 2.200719796069656453e-01
1.628767953890876696e-01 -3.108358096705644558e-01 3.068948860572431186e-02
1.138078944619814181e-01 -1.011254594014286690e-01 -8.522365546825790839e-01
3.299072573679764919e-01 -2.450647775093793210e-02 -6.521928290181808752e-01
2.854290610457782540e-01 -1.699806328160629043e-01 -1.942810267464116780e-01
2.822826046184359616e-01 -4.340301770816300253e-02 -7.315066745823367578e-01
4.167689537129440347e-01 -1.485150710844095612e-01 -1.757234109277716338e-01
3.359667433492856681e-01 -1.484730269357031340e-01 -2.834341718854719860e-01
4.652316303345924720e-01 -8.409861697212542286e-02 -3.172298458548403199e-01
1.357547586649997251e-01 -8.377990051799742710e-02 -9.602656039876452665e-01
1.990468566762743918e-01 -2.604046568898099601e-01 -1.450209179847210955e-02
3.982691006968984704e-01 3.983395485165057426e-02 -7.042319234785492377e-01
3.234860481214120176e-01 1.025150146048975017e-02 -8.015118448309119792e-01
3.777298547236601634e-01 -3.317845272999249417e-02 -5.569401614806994694e-01
6.118071762759866861e-01 1.368306002468405169e-01 -3.172005585731171307e-01
4.682821439598107705e-01 2.590207678176890613e-02 -5.504417931979719292e-01
6.462033623760272683e-01 2.872089171272823038e-01 -3.651391153215187702e-01
3.702992495161633313e-01 -1.065428729231067961e-01 -4.035555968452884112e-01
1.586103424053920685e-01 -2.775657302205832844e-01 1.221049179751546171e-01
1.589874618146838725e-01 -3.781722199893371994e-01 -1.676864404254745367e-01
1.961053252837985372e-01 -3.095322078419888712e-01 -1.796285853513842345e-01
1.342696092442959843e-01 -4.297058253267206918e-01 -1.137570439890281115e-01
2.010989028647520716e-01 -2.317336925466796094e-01 5.549546124447579665e-01
3.024153458033683739e-01 -2.529438327687787424e-01 6.203005715699916323e-01
3.905495244399840304e-01 -2.509428120909827920e-01 6.318222226712628675e-01
4.606949744128860380e-01 -2.242275550563127551e-01 6.108096728490126637e-01
5.062828217342526527e-01 -1.820786825063634706e-01 5.660178475984121160e-01
5.317404925493345313e-01 -6.647187888480057816e-02 4.153497530629668422e-01
7.091805620412436895e-01 2.359577251318505930e-01 2.047349243725310464e-01
4.863733375726932984e-01 -9.668875236497913306e-02 2.809903362336145793e-01
4.252534842083627864e-01 -1.294486652684725958e-01 2.517397684584569140e-01
3.453962131424747062e-01 -1.529602228109471218e-01 2.556240466173917980e-01
2.694723196555823819e-01 -1.663086558139185711e-01 2.807887639392395163e-01
2.115513392454108632e-01 -1.710719027341285337e-01 3.124839984329874643e-01
1.716426150268751671e-01 -1.775944596688638355e-01 3.400589976681751558e-01
7.137513968824116262e-01 4.613490219770559064e-01 2.384066839635873014e-01
1.953888025376177562e-01 -2.763547372477392905e-01 -1.979192005879912841e-01
1.216382197209093519e-01 -3.659642319249719056e-01 8.503962971721576447e-02
1.170615767980368316e-01 -4.253702801093383057e-01 -1.804995446313658325e-01
8.512362922622024319e-02 -3.945099666556297069e-01 -2.188806260715577545e-01
1.170006546703714068e-01 -3.934285410395143012e-01 -1.905427295142685384e-01
1.795959235390673925e-01 -2.527073708832878740e-01 -2.204316480755479923e-01
7.256633517972777003e-02 -4.091763174284112070e-01 -2.293379777859169688e-01
7.040156572024094950e-02 -3.337999537226670199e-01 -2.387304581013358074e-01
1.714742618377408379e-01 -1.559644253976245620e-01 4.067677817050462941e-01
1.404540723555777471e-01 -1.905226148612610415e-01 3.833494701591186882e-01
1.216291865671525196e-01 -2.317937659711735154e-01 3.613014511801111439e-01
4.607804646523622205e-01 -1.348288529741846764e-01 4.526998201406134958e-01
4.979432134492132178e-01 -1.385909843932351948e-01 4.890082589426076876e-01
-3.196278726864232311e-01 -1.518464290487100410e-01 4.722793112376590940e-01
-2.564357666181034667e-01 -1.577351006546217349e-01 4.702294810080256959e-01
-3.188449403206121691e-01 -1.600146435732526240e-01 5.415916606449614479e-01
-3.836733461037688531e-01 -1.459062743704065968e-01 4.735140448266766944e-01
-3.209795985378103289e-01 -1.436806942134339904e-01 4.022432064329142243e-01
3.461795587898301441e-01 -1.581203676143607961e-01 4.436778543813199582e-01
4.080415477275144420e-01 -1.637256461612352498e-01 4.406769544015287643e-01
3.452871658549661049e-01 -1.664277694590451384e-01 5.153445642968853546e-01
2.838260600153782454e-01 -1.525397383596005518e-01 4.470268268880498996e-01
3.473052786766350764e-01 -1.498290247096886185e-01 3.719966905553289127e-01
