-1.786901580011027169e-02 -3.536258776226384182e-01 -5.908686802680840344e-01
2.787093623416403432e-02 -5.889450418454726943e-01 -2.556862850931025388e-01
3.149885970267168878e-02 -3.694814545262954386e-01 -3.320056904770429806e-01
-4.151161750784632121e-02 -5.341852346539675001e-01 1.631630936616896843e-01
2.761952673416132042e-02 -6.313118838862457061e-01 -1.383418535431322760e-01
2.632764446957829019e-02 -6.198352304960530468e-01 2.848505798557718349e-02
2.910358249005517983e-02 -4.556390444577915755e-01 4.532710225581144670e-01
-5.464452046561838472e-01 -1.441180059779875178e-01 5.718973683654136053e-01
2.968192484098880479e-02 -4.360925571710678739e-01 7.761084378317679722e-01
2.846023128095155619e-02 -4.706052805698073271e-01 9.318491712492837920e-01
2.672637356358539829e-02 -4.561385197776537392e-01 1.479614624675881451e+00
-1.634448642051064549e-02 -3.405616483857166754e-01 -6.228805420127190295e-01
-1.389749784454172993e-02 -3.128416772948942048e-01 -6.536303279238082631e-01
-1.033614238188076268e-02 -2.705035021177421006e-01 -6.750142282414599570e-01
-1.929857664047978510e-02 -2.442362633772582337e-01 -8.246819616937073327e-01
-2.038701778288048994e-02 -2.483956049105590091e-01 -8.739026120371971018e-01
-2.269886086499027511e-02 -2.600402397911962815e-01 -9.260454801397863811e-01
-2.240065362146964612e-02 -2.458654753625598710e-01 -9.732676602751828554e-01
1.552209692863953938e-02 -1.666566964136587670e-01 -1.042129389627636016e+00
2.654340948189992666e-02 -5.395724482962043211e-01 -3.061293880193718397e-01
-5.115569706495043389e-02 -4.268147547792657814e-01 -2.816956978007711943e-01
-8.478020461220290294e-01 1.752799427223892259e-01 1.086397687409563773e+00
-3.246410487404083334e-01 -2.169471509076712490e-01 4.511739787590789419e-01
-4.077780069855889700e-01 -2.080778440415012032e-01 4.437572049926472584e-01
-4.851916517547780749e-01 -1.851239656918606258e-01 4.572254016564079038e-01
-5.798016053469177145e-01 -1.271921446743169426e-01 5.420659641100775694e-01
-2.513810739584190213e-01 -2.113836100908330629e-01 4.793243396858200001e-01
-4.419540379883639680e-01 -2.823145544714937838e-01 7.957313229856315395e-01
-3.470070109540897008e-01 -2.814660789643705918e-01 7.779969108836262137e-01
-5.259430916792844357e-01 -2.521030802416619476e-01 7.780112346546732560e-01
-5.791689924951972657e-01 -2.133584961816032965e-01 7.338172785525016728e-01
-6.495840384660613864e-01 -7.560157279956430942e-02 4.746854744856721098e-01
-2.844522431037713739e-01 -3.329869017914997842e-02 -1.148089885106192476e+00
-5.730326249707387021e-01 -1.231675038277068590e-01 6.142748384821894447e-01
-8.746568084295769374e-01 2.713154662463783673e-01 5.897816722742805773e-01
-7.383398273273722445e-01 -4.960881552610985068e-03 5.762514830770795182e-01
-3.798503710813032619e-01 -2.273864442041861889e-01 -5.684107635542479109e-02
-1.090728728340835119e-01 -3.385600752692323745e-01 -5.671565933379827396e-01
-9.390399715041769513e-02 -2.958969743479935577e-01 -6.442843140332583651e-01
-1.891899869209853202e-01 -2.804760743956844493e-01 -5.893409414019743497e-01
-2.415822559006869374e-01 -2.155103268943586725e-01 -6.196985496644091818e-01
-1.598760833317254271e-01 -2.552199099392203907e-01 -6.450605188084557184e-01
-2.104846826584301223e-01 -1.927635697962104544e-01 -6.579124715881854435e-01
-3.637365038395801164e-01 -6.944968114320065888e-02 -7.890035367187482329e-01
-4.118214939049127943e-02 -5.802272912086023915e-01 -2.472303569841398652e-01
-5.334884536271899957e-02 -6.195052826173006455e-01 -1.329264010827617137e-01
-6.872019071055368578e-01 -2.018172554655663919e-01 8.538697794775940153e-01
-2.133311942235104341e-01 -2.793121773828532994e-01 2.291359519604392325e-01
-2.287714136666038067e-01 -3.859350909389471784e-01 -1.706227530052888408e-01
-2.351613102603866690e-01 -3.704207739265115151e-01 -1.013322558124725159e-01
-6.183774240582069481e-01 -1.253027965413811562e-01 -9.607091914542759126e-03
-4.815831409554735543e-02 -5.933119783565552474e-01 2.321970651900687188e-02
-5.020526399479767754e-01 -3.523927556279253803e-01 9.623695977138915225e-01
-6.115441230885028112e-01 -2.851372301862808989e-01 9.308079053728621766e-01
-7.668551126352980418e-01 -4.992237430477337867e-03 1.261893475633018458e+00
-1.454888195751832258e-01 -4.133457393102990540e-01 8.235692625114383603e-01
-2.629092447908190078e-01 -2.539661673861035585e-01 7.220781675566700919e-01
-4.248187303547721339e-01 -6.147204525289626242e-02 -6.526213296357021854e-01
-7.740800528587055140e-01 6.194755714911670541e-01 -4.668818117087323305e-01
-1.676425205466622881e-01 -3.462895953837474838e-01 -2.373141723825782368e-01
-1.035728464824412498e-01 -3.464572055795585026e-01 -2.744206341754455991e-01
-3.089029968385847980e-01 -7.499573711156265476e-02 -6.838762389485810722e-01
-2.916227214425504144e-01 -9.624687396128253636e-02 -6.957574462402020821e-01
-6.518517966432262334e-01 -2.567540916901709380e-01 1.013593024696313627e+00
-2.336702765965015249e-01 -3.345764566104696414e-01 -2.138190724097381867e-01
-3.512527798006201962e-01 -3.970673326066771480e-01 9.382739145153289329e-01
-3.636878405180308249e-01 -4.247725518614331452e-01 1.030696302994787761e+00
-4.404687200170314121e-01 -3.416280489020830924e-01 1.465138833089494774e+00
-7.080906295266933270e-01 -1.493910371946861604e-01 1.122211454851740342e+00
-3.924517203473771865e-01 -3.874332279723537997e-01 1.237337696338309811e+00
-7.313034287489661445e-01 -1.408380177020678303e-01 9.218395456142554067e-01
-7.885394594597747719e-01 9.250760099233520939e-03 9.826742735156872577e-01
-1.037135457002796302e-01 -3.257129762863052447e-01 -6.105000581942148230e-01
-1.749612008731752377e-01 -2.709505336491199179e-01 -6.186185402588328941e-01
-2.270780464896605677e-01 -2.105148278929751537e-01 -6.385539896193148657e-01
-1.488308872011866457e-01 -3.255541970532078722e-01 -2.567275448273034222e-01
-2.998650702845893079e-01 -8.592120167226999228e-02 -6.899074124448221212e-01
-2.714482266057303139e-01 -1.331663437631815938e-01 -7.512447364295606889e-01
-2.817414241955533694e-01 -9.915440772783060130e-02 -7.003950042933673181e-01
-1.307138781667483429e-01 -4.647959580483478348e-01 -2.195249658750897392e-01
-1.978330283809734969e-01 -1.767952244454513711e-01 -6.727627285606350149e-01
-1.462779215527326704e-01 -2.203716107182541739e-01 -6.650198506635716100e-01
-8.393025772505646742e-02 -2.579188352926514716e-01 -6.666015979710278039e-01
-9.416855132374765680e-02 -1.598717428793583473e-01 -1.030855353570682809e+00
-1.169886159495263644e-01 -2.408459621995933109e-01 -9.560479598952933422e-01
-1.132748767362101727e-01 -2.547810905819767324e-01 -9.071213472142645173e-01
-1.038556130297472180e-01 -2.416159536373173600e-01 -8.531639951033027636e-01
-9.314368454643068285e-02 -2.372822195934436440e-01 -8.067869706847670130e-01
-2.047822522898029574e-01 -1.739028684978516370e-01 -7.607406459986094660e-01
-2.217207279857964508e-01 -1.821118878695069387e-01 -7.816116698279524933e-01
-2.389230098666588198e-01 -1.905329382567959584e-01 -8.071387670049410268e-01
-2.510558459498808404e-01 -1.729424933173799861e-01 -8.350369640042516473e-01
-3.219099166555605684e-01 -2.016713080587392293e-01 -4.761589133386106010e-01
-8.658214146725522475e-01 6.577558022131135829e-01 1.344313948512137480e-01
3.129258942118870457e-02 -4.289751289592536043e-01 -3.150258899110018884e-01
-2.400603885705131502e-01 -1.317743708043392914e-01 -7.335356453964041457e-01
-2.557962500034707265e-01 -1.365314250298002574e-01 -7.424746551812888562e-01
-7.671703184913208906e-02 -3.468561297840120350e-01 -3.194220519490369448e-01
-2.044352494018105704e-01 -2.673162929147723244e-01 -2.751481682400784834e-01
-8.972209234757722029e-02 -3.480252730448190057e-01 -2.975397706987423785e-01
-2.977025705892735186e-01 -2.421913834723679049e-01 1.706479211878934032e-01
-4.303719110182675500e-01 -2.064755448959256778e-01 1.037422342350843296e-01
-2.484721103383963348e-01 -3.184759503347187604e-01 -1.450705330492456091e-01
-6.383029379704012740e-01 -1.863700628775588619e-01 1.392264667554805158e+00
-5.820737074504225284e-01 -2.780054938560976296e-01 1.213057226697493274e+00
-5.276056723289812567e-01 -3.502218212826013755e-01 1.056051724831940763e+00
-2.922530396363014482e-01 -1.055150598670254736e-01 -8.945982938117484906e-01
-1.683648882968745708e-01 -4.624095109140342608e-01 9.794301016817925642e-01
-1.958084240942645771e-01 -4.481105247506076417e-01 1.222066377508116641e+00
-2.266625517424009084e-01 -4.303402841861432293e-01 1.488693735563348497e+00
-5.474000301494021947e-01 -1.529467695316512055e-01 4.890218082235870956e-01
-7.402808765182311568e-01 -1.830486215595505950e-02 3.970802500718459971e-01
-2.026474788611383193e-01 -2.054322404819932668e-01 5.069037324467295935e-01
-6.533050305270302616e-01 -1.405261383191508950e-01 6.945339916850516992e-01
-1.568406993969528873e-01 -3.182647745472091394e-01 2.977893610372430722e-01
-1.813516657640780183e-01 -4.708595907837804795e-01 -1.422715826961216679e-01
-8.125762329204286871e-01 7.888563993930419738e-02 3.311109459776189201e-01
-6.895313947622696560e-01 -8.084819751666999510e-02 2.988938733357009436e-01
-5.888363624601766766e-01 -1.503524669315877138e-01 2.381043098805744052e-01
-4.327454476122722937e-01 -1.906083632191539756e-01 2.437241057816510459e-01
-3.167425470167254398e-01 -2.162792531805928231e-01 2.866900226858137835e-01
-2.299345380487469725e-01 -2.449964929587100659e-01 3.355951380606903012e-01
-4.794819225747531943e-02 -4.209717687324301405e-01 4.339726553830698386e-01
-7.972540615808547670e-01 8.729638202955003479e-02 8.146967691285211810e-02
-7.184314604928356829e-01 -1.041976398955666849e-01 7.257626027495525101e-01
-1.635891071510770650e-02 -5.347739133402651390e-01 -2.992899364026446740e-01
-2.072715693977246199e-01 -2.976425177128543265e-01 1.027325866731180204e-01
-8.967785200481777075e-01 5.286517964845729445e-01 6.446477587002239495e-01
-1.623080070035139988e-01 -2.653081209551402253e-01 3.915459838260251235e-01
-2.534451820099351549e-01 -2.391891206975784723e-01 -1.384086647515020974e-01
-6.054526428028905727e-01 -1.074317449750276654e-01 6.146762794724935919e-01
-1.857001456057785216e-01 -4.508391582705961742e-01 -5.828151399528030963e-02
-8.300424748503294481e-01 6.594170873058318172e-01 -1.557289140788711834e-01
-1.980569584921442194e-01 -1.920248642521533711e-01 5.467200010558639356e-01
-1.201771323122117763e-01 -5.389250298601266920e-01 -5.643719838411775935e-03
-6.200355083630957331e-01 2.361118680364990841e-01 -8.229468616970785355e-01
-6.121957882487318869e-01 3.948672482293349439e-01 -9.301351493666136783e-01
-8.603580508938524218e-01 3.748112155287166569e-01 1.022227745269043142e-01
-7.133001403468242074e-01 3.158266401522202838e-01 -6.451093370804912297e-01
-8.348891535072220371e-01 1.605489645158379997e-01 8.065665251429354754e-01
-2.988268882590211506e-01 2.747638553720038734e-02 -1.242310218611418993e+00
-2.297454002530639749e-03 -4.228583726784203023e-01 -3.084946496993357101e-01
-2.805435852386913842e-01 -2.553459736729153384e-01 2.564829565038993786e-02
-8.078587289152245887e-01 7.727421306815368540e-02 5.714826434643278663e-01
-4.720393859358686939e-01 -1.862121954492563791e-01 5.162613121735777355e-01
-4.037055379372529451e-01 -2.056783200986906923e-01 5.021285863321638399e-01
-2.843950484820086944e-01 -1.175757241840786338e-01 -7.601082995121970498e-01
-7.777444976680207844e-01 1.442215483673626175e-01 -1.498336101764023431e-01
-1.466737779028772781e-01 6.502431995325311243e-02 -1.391264345148868209e+00
-3.890226585013725202e-01 2.116576982104865223e-01 -1.218454251397819821e+00
-4.929290990770676117e-01 2.934248805488224310e-01 -1.102354986505581280e+00
2.742441918734016271e-02 -4.687807552977871772e-01 1.200763153063046484e+00
2.414219464670927517e-02 4.022703727774562532e-02 -1.416294048719757726e+00
-3.336962299283885436e-01 -2.111308621661576179e-01 5.093355931369052403e-01
-2.650380925866474557e-01 -2.044546284277986015e-01 5.277603872640885818e-01
-2.194888050719561168e-01 -1.912948559993368214e-01 5.382090391690317333e-01
-7.745105588217664483e-01 -2.671340108578318384e-02 7.724887000843461138e-01
-2.805390698415748396e-01 -2.303096398986648197e-01 6.405960294782704345e-01
-3.562714626987286692e-01 -2.458528561215558295e-01 6.819277767390174994e-01
-4.286664245698093012e-01 -2.419551729514779481e-01 6.920123069208794497e-01
-4.968525790728661740e-01 -2.195100674482517444e-01 6.773720816560491187e-01
-5.372804345896620148e-01 -1.901022195913137924e-01 6.509787215874451860e-01
-8.867089939551981992e-01 3.668353095131331454e-01 8.937512606446249563e-01
-5.167386166018306248e-01 -1.633414232693304324e-01 5.424247972948985641e-01
2.978935352079295495e-02 -3.473186058240753660e-01 -4.171523752902530635e-01
-2.386809344503703079e-01 -2.547151381162660044e-01 -4.312281192198856861e-01
-1.671288316777603811e-01 -3.788626583305723106e-01 -2.230703214327267592e-01
-8.514960426471207544e-02 -3.366555294377497898e-01 -4.170935308044321221e-01
2.951652460620972362e-02 -4.158953192349235106e-01 6.188947704434502040e-01
-5.145915736559723008e-01 1.764522976691049738e-01 -9.875699944354860982e-01
-4.121706201098245259e-01 1.080549345582487164e-01 -1.117025508219640084e+00
-1.563205824576440195e-01 -4.494648520749805476e-02 -1.333678990472535020e+00
-6.992941786882602706e-01 5.184883806152629226e-01 -7.291635496665112015e-01
-2.244281541574346672e-01 -2.084524124267808087e-01 5.825767541780431102e-01
-1.026697945528579070e-01 -4.226501246935721046e-01 2.408953968678542168e-01
1.775264813909525896e-02 -6.710870835227700226e-02 -1.356794874168955722e+00
-2.778771956106005359e-01 1.240742100970017026e-01 -1.320621433568240910e+00
-8.314468586151173568e-01 3.960711531288552134e-01 -1.581985055050071365e-01
-1.548376691436739727e-01 -2.095982882956014537e-01 -7.824674773796331806e-01
-1.720001044582544214e-01 -2.172119039037876398e-01 -8.174820733978522824e-01
-1.859023774317658528e-01 -2.269965443446970710e-01 -8.626953666466379289e-01
-1.942087204170499515e-01 -2.115006489608917128e-01 -9.091452550956211631e-01
-2.054584502659246859e-01 -1.424323282581250183e-01 -9.785273795531002072e-01
-2.518233198213633006e-01 -1.410532503585943953e-01 -6.754905298858557838e-01
-2.671594874823026711e-01 -1.427867635721838391e-01 -6.656551514125332858e-01
-2.800749763686025684e-01 -1.445790055978783961e-01 -6.547774817644655965e-01
-3.886994593145645105e-01 -1.334262867121462359e-01 -5.510496948718737187e-01
-6.782498370112053365e-01 -7.223866386761701452e-03 -2.431572593045212560e-01
-1.009663562275643356e-01 -3.645624557924278530e-01 3.748327945022824625e-01
-1.415959566391580271e-01 -2.566365770512897271e-01 6.265807410027761648e-01
-1.917463957109912798e-01 -2.270408353278396962e-01 6.197056891944727752e-01
-2.362906401746904805e-01 -1.330366581171519291e-01 -6.846599012262635231e-01
-6.835634496450273545e-01 1.463600313937264974e-01 -5.044601277557438923e-01
-7.536090141969836731e-02 -3.597856610031449076e-01 6.157840429057099829e-01
-2.483063938232235035e-01 -8.292095788998066208e-02 -1.058250107932673156e+00
2.724300548725958060e-02 -5.632994102275534765e-01 1.733355508003726619e-01
-4.636325929110540756e-02 -4.846477845560908104e-01 2.907752274247707991e-01
2.841205990042605656e-02 -5.068684538650853888e-01 3.080812775447310248e-01
-1.603678913757720093e-01 -3.960100437982994048e-01 5.662208566774198926e-02
1.548550593583078450e-02 -1.256395729676529349e-01 -1.260798176802709669e+00
1.566903517713321564e-02 -1.443987928093383721e-01 -1.143767452817187724e+00
-1.197870317239838611e-01 -1.247736571147353701e-01 -1.128441572570465734e+00
-4.342387742257480809e-01 -1.579836346921776463e-02 -8.119721145170530896e-01
-3.253628263959491562e-01 -2.074496894299717731e-01 -2.207453429227170805e-01
-3.503330141573981482e-01 -4.400108428887364309e-02 -9.543706348788139060e-01
-5.088405202141963457e-01 -1.759083640662377768e-01 -1.796486370634173824e-01
-4.022211428883393225e-01 -1.778736858981366797e-01 -3.259501086084954924e-01
-5.767368510002199855e-01 -8.749119188405074521e-02 -3.515857760487339778e-01
-1.464061946890638510e-01 -1.010107864857378024e-01 -1.239695133172369790e+00
-2.083957318089676436e-01 -3.295285374421264013e-01 1.119932798754108561e-03
-4.949706048607913633e-01 7.067516635290918559e-02 -8.799019839594084402e-01
-3.918228444721592041e-01 3.071471656165267183e-02 -1.022080743217547383e+00
-4.987364877968931687e-01 -2.392313022260571242e-02 -6.541438827818206736e-01
-7.541946250036133392e-01 1.984078829625646190e-01 -3.456009124815360156e-01
-5.913241402219491238e-01 5.708713171741811032e-02 -6.542716642703525487e-01
-7.891372446915414507e-01 3.923979652079057079e-01 -4.049587987909504250e-01
-4.686760487329373337e-01 -1.191584007342285090e-01 -4.602011658083522416e-01
-1.534741183788614904e-01 -3.567457889713594454e-01 1.740284451562144064e-01
-1.559286653886449159e-01 -4.825103505727310615e-01 -2.006582373353500426e-01
-2.031959186138676543e-01 -3.888969851481718365e-01 -2.127755634374630667e-01
-1.221084267211142715e-01 -5.486967302664993440e-01 -1.333370026210010661e-01
-2.082943925800102569e-01 -2.948122210746637606e-01 7.423237768498984757e-01
-3.448014395118970121e-01 -3.148646995707595764e-01 8.317400262823904100e-01
-4.624321450565425096e-01 -3.086840925859439810e-01 8.525184946073984804e-01
-5.580010394405383600e-01 -2.723244765049952498e-01 8.315090266751372639e-01
-6.223714738047214645e-01 -2.169851793154544684e-01 7.803500202186941515e-01
-6.623240123288440806e-01 -6.953085953022647425e-02 5.956767222753152069e-01
-8.796353290613492248e-01 3.253975015974348572e-01 3.501190255010286911e-01
-6.080817089586130209e-01 -1.111862050346769104e-01 4.151946404886148745e-01
-5.290421401812976931e-01 -1.553819593959898659e-01 3.682732187873767327e-01
-4.219433221525190625e-01 -1.896132992503654080e-01 3.591671238325844229e-01
-3.181348897225358963e-01 -2.103617585762813658e-01 3.807907875933680408e-01
-2.357457588761973089e-01 -2.171570311382022833e-01 4.161665976072095319e-01
-1.785940727351563728e-01 -2.276262746636927847e-01 4.488856844634994125e-01
-8.847860825620394998e-01 6.180222128183721075e-01 3.973634435855182279e-01
-2.027083482894400657e-01 -3.451486479935037543e-01 -2.370965768236332760e-01
-1.035616521664552425e-01 -4.708772332214594680e-01 1.214577982418995616e-01
-1.007211244385955440e-01 -5.433974871139926055e-01 -2.216819044888880263e-01
-5.975104022164418049e-02 -5.024415024965243060e-01 -2.735092201884219421e-01
-1.009525814085125983e-01 -5.019456160316737581e-01 -2.337853133754081991e-01
-1.807902161557767284e-01 -3.129798601100370892e-01 -2.679931020249588514e-01
-4.311360574401609802e-02 -5.227983001713099043e-01 -2.887096309343872846e-01
-3.096249296302505671e-02 -4.237257917816055208e-01 -2.996692599352839270e-01
-1.714906481354169232e-01 -2.017929447199093840e-01 5.412366128386902897e-01
-1.334569924563176468e-01 -2.451251341457603150e-01 5.070175491155115566e-01
-1.115202205812959035e-01 -2.974740572010210471e-01 4.759432334834934331e-01
-5.582344683243860572e-01 -1.603744834745159942e-01 6.309714647664992349e-01
-6.095038494749309699e-01 -1.615153738126295924e-01 6.829579818467492736e-01
9.616144023092265680e-02 -5.336984100669550646e-01 1.571763872581363186e-01
5.841549816319049349e-01 -1.565167529953807035e-01 5.312223218677498693e-01
1.096754127301859949e-01 -4.317029859338725739e-01 -2.888772034697502100e-01
8.594379006021197753e-01 1.505630780572113636e-01 9.960198821613421849e-01
3.564651865716443879e-01 -2.202657582129379232e-01 4.377006721890364105e-01
4.352741462067712952e-01 -2.143697546126241971e-01 4.266367214026338672e-01
5.102534394131961193e-01 -1.943905512950525605e-01 4.302877212818012609e-01
6.095870699584966523e-01 -1.393115086397396230e-01 4.970554184776267981e-01
2.912775034339837310e-01 -2.141527107140939190e-01 4.657441667231787541e-01
4.774132800738120075e-01 -2.924864676703986532e-01 7.559418404511912826e-01
3.843605859699334992e-01 -2.895999667221076379e-01 7.408119269609478863e-01
5.613540171103545973e-01 -2.665459875435627346e-01 7.341722136877661953e-01
6.131712664443735861e-01 -2.306625267568616078e-01 6.837469482459370695e-01
6.680316267026245036e-01 -9.114677046254021642e-02 4.162675097774659605e-01
3.121248793656721254e-01 -4.654330019461039303e-02 -1.162730579082775773e+00
6.124741805806599437e-01 -1.363442068510635208e-01 5.679330386615699666e-01
9.025063298689772751e-01 2.484413027555378850e-01 5.026746216115494104e-01
7.513794558983786231e-01 -2.428510470344000249e-02 5.048954602178807871e-01
4.193012242177767135e-01 -2.379538833277301535e-01 -9.357804936606467505e-02
7.624340828510525747e-02 -3.402045008929586167e-01 -5.749698289745619473e-01
7.024078045894119326e-02 -2.943380297342444996e-01 -6.523640321726293934e-01
1.682671836003302168e-01 -2.780959988340232503e-01 -6.050827720621339001e-01
2.318701049869985598e-01 -2.098854757246384484e-01 -6.372113141381250401e-01
1.442624100704835710e-01 -2.498077841223733664e-01 -6.572274338018018192e-01
2.049893275975588347e-01 -1.872673191716623942e-01 -6.699937619940259381e-01
3.779887639840220359e-01 -7.742178875080243938e-02 -8.164750936725511110e-01
9.443705389242385007e-02 -5.842727200422768163e-01 -2.535443795584910731e-01
1.047148312435569051e-01 -6.239906151910186161e-01 -1.403950827264899837e-01
7.084172623037652272e-01 -2.205516571544183790e-01 7.965831139145960194e-01
2.608936820213828556e-01 -2.817869960488899039e-01 2.073697078388525572e-01
2.782810664463664097e-01 -3.945666723088034900e-01 -1.910724143128585961e-01
2.829862055033484092e-01 -3.790095164975835207e-01 -1.225230092428463147e-01
6.474083410436102248e-01 -1.395511866807781498e-01 -6.839875397613470742e-02
1.006723886334304763e-01 -5.941628544545505264e-01 1.695364653388840848e-02
5.411885965294196410e-01 -3.703663224287938593e-01 9.199981781015136306e-01
6.424343929658800079e-01 -3.044569568971349227e-01 8.835017051297349155e-01
7.836296795571016105e-01 -2.918052952655159071e-02 1.177128535730392667e+00
2.020983532253026738e-01 -4.178423127460371145e-01 8.006258629314775277e-01
3.054959554893443840e-01 -2.579929871032529132e-01 6.864566479434186519e-01
4.410341861673132691e-01 -6.907700764959601170e-02 -6.868551236381958969e-01
8.259581171614840400e-01 5.948930913350691796e-01 -5.309457325336286448e-01
2.215497346575133752e-01 -3.553317946623559820e-01 -2.527444073464701901e-01
1.620405881111068869e-01 -3.574979866736307521e-01 -2.858402535810851131e-01
3.192027420624259371e-01 -6.845873974570551579e-02 -7.118523961913298947e-01
2.985349636287335517e-01 -9.245852803984141999e-02 -7.199020884505180629e-01
6.795329718846443434e-01 -2.768283660272006230e-01 9.556962046674715161e-01
2.811656621638065623e-01 -3.446097137669918986e-01 -2.343145982028200791e-01
4.005673940981799852e-01 -4.124988641970905867e-01 9.021421468898060958e-01
4.131173783405146516e-01 -4.410429565954814279e-01 9.878282068539272487e-01
4.763310327412879630e-01 -3.578914804912172176e-01 1.410703339310986237e+00
7.324037376699563673e-01 -1.696124906149449885e-01 1.051226003714407664e+00
4.347736801668666828e-01 -4.011417068858640356e-01 1.192642199924815571e+00
7.509332508331065803e-01 -1.597490030935470595e-01 8.503546744160148663e-01
8.106825096639052042e-01 -1.117448464066699704e-02 9.046077232882447916e-01
7.397601770887121675e-02 -3.258209744606905822e-01 -6.184964382701907404e-01
1.562040389479883995e-01 -2.671143797320473245e-01 -6.332122052672226609e-01
2.184388796792005039e-01 -2.052408951878793575e-01 -6.535632588314759239e-01
2.044660633180606091e-01 -3.357982508453980497e-01 -2.706313051930320235e-01
3.085925498420323265e-01 -8.157657927657696595e-02 -7.161931096926572593e-01
2.627081656959007194e-01 -1.307288481200776231e-01 -7.817746068727107200e-01
2.880819555065994297e-01 -9.481205469945536146e-02 -7.218807960837845261e-01
1.820127046600933385e-01 -4.676291986566727399e-01 -2.330416669147412634e-01
1.943150408153946351e-01 -1.712310870737623336e-01 -6.818515981685497884e-01
1.358538413426014779e-01 -2.134933600245747520e-01 -6.730544708104844176e-01
6.707861457182170972e-02 -2.534068720806379460e-01 -6.733514721116842239e-01
1.195972492845383539e-01 -1.634017704838285345e-01 -1.040035230958473278e+00
7.465973860149166530e-02 -2.400082899549057514e-01 -9.662722030202219869e-01
6.978845261908117603e-02 -2.522375650984585160e-01 -9.179254571733319601e-01
6.556035952708277881e-02 -2.382002449338617156e-01 -8.655001652178131444e-01
5.816122651340327465e-02 -2.330034986310204337e-01 -8.191531436356025431e-01
1.851085430685437405e-01 -1.692799754928820954e-01 -7.887251510402233379e-01
1.999378598906352833e-01 -1.799800168375045306e-01 -8.107610532186635410e-01
2.143307293045397799e-01 -1.894210958390957211e-01 -8.373026270479071442e-01
2.289091187988235854e-01 -1.721612813034504308e-01 -8.644364816741729740e-01
3.551756646635046977e-01 -2.098225204880840300e-01 -5.041136083283501712e-01
9.109523706493196649e-01 6.313879407018121448e-01 4.960744827933738499e-02
2.322668805310473816e-01 -1.256152611038212630e-01 -7.613611402984017396e-01
2.466704338415313114e-01 -1.330116501826610897e-01 -7.725337118062651776e-01
1.370738637883464062e-01 -3.531103608307588626e-01 -3.282950518275371543e-01
2.573416056085306991e-01 -2.802390208226084312e-01 -2.934920916185403961e-01
1.492533210961201617e-01 -3.571794109369967885e-01 -3.081415118362047512e-01
3.414891575730552020e-01 -2.462302823531117291e-01 1.411085985875073501e-01
4.686079889642309482e-01 -2.155400617150751152e-01 6.126856266682592644e-02
2.966093300747399963e-01 -3.280029047859895908e-01 -1.674589700795978686e-01
6.635434362826302390e-01 -2.095113778383073111e-01 1.317873481007424630e+00
6.141199951988691730e-01 -2.973560090975015946e-01 1.151355792127666700e+00
5.667194520233200805e-01 -3.689772567200468867e-01 1.005729603510165049e+00
3.071825363329516723e-01 -1.108571686284348656e-01 -9.136645300346097898e-01
2.278321539094370074e-01 -4.695314543576440958e-01 9.443686717980046552e-01
2.443359113180989528e-01 -4.561289936233994258e-01 1.197469140390093223e+00
2.709858041522535954e-01 -4.414312807475042622e-01 1.458191446896440979e+00
5.735096947757947206e-01 -1.644683292129986985e-01 4.520341589052370157e-01
7.490971417575131852e-01 -3.880419004212756762e-02 3.264941905798084409e-01
2.485219892820719201e-01 -2.049682024559571492e-01 4.927563166917843240e-01
6.802324964438470900e-01 -1.576996086617695192e-01 6.372716461435419255e-01
2.072958610910731192e-01 -3.191719692691559196e-01 2.814613981686466815e-01
2.309566562956177904e-01 -4.779567281217120822e-01 -1.606057403951937079e-01
8.419600748686457692e-01 5.749640991994145467e-02 2.516105399620969241e-01
6.978933005482379492e-01 -9.811070096674878727e-02 2.357397869264654666e-01
5.997110391107307592e-01 -1.644235562880034252e-01 1.859788704041198670e-01
4.523284772267155418e-01 -1.988399893195402779e-01 2.079244809897660140e-01
3.437210974102238303e-01 -2.211784399997351880e-01 2.640491656221837236e-01
2.630339421500079711e-01 -2.484649276180885824e-01 3.202928824366331195e-01
1.050267365861516367e-01 -4.214950213333110707e-01 4.266384863770111835e-01
8.296521311536046994e-01 6.828305109044710552e-02 5.753178861521449083e-03
7.352606694354419936e-01 -1.225381922629283360e-01 6.568377542728467411e-01
6.800329651846068191e-02 -5.357130638133185130e-01 -3.026766428695413236e-01
2.564263919838225547e-01 -3.005527197329300737e-01 8.227974987339120583e-02
9.257539567112038625e-01 5.052035383586106487e-01 5.526495403422613251e-01
2.033799639140609905e-01 -2.666505466126580792e-01 3.822396357418675894e-01
3.060318397707665339e-01 -2.488643402136634375e-01 -1.616243911219159557e-01
6.407594664202695967e-01 -1.209903896270567714e-01 5.638990505033880662e-01
2.335110564542949296e-01 -4.580178775935617175e-01 -7.635682012358485649e-02
8.811480823569342036e-01 6.319019719853748995e-01 -2.308670342363932093e-01
2.485466429692820833e-01 -1.895629630512856156e-01 5.296672646084179537e-01
1.685119911708696794e-01 -5.427993548999729967e-01 -1.828709677021340962e-02
6.536754709338654656e-01 2.129142725564161509e-01 -8.640307022699911244e-01
6.544230199903164902e-01 3.701214240552239687e-01 -9.666059166154017390e-01
9.059411562561465736e-01 3.517580193927918319e-01 2.109859229063357211e-02
7.512510433390304776e-01 2.919762468485376239e-01 -6.991656137104440560e-01
8.605245680702178213e-01 1.392186026760822704e-01 7.227954508116334331e-01
3.309984992528010039e-01 1.365147526987358501e-02 -1.253795473239827096e+00
6.553468831203634881e-02 -4.251053300303893057e-01 -3.116182604437252035e-01
3.255791082021390892e-01 -2.621758833317049397e-01 -1.820794473237102862e-03
8.126271406887637383e-01 5.729703620265325092e-02 4.850123209519550116e-01
5.072299142621110590e-01 -1.956800115349164315e-01 4.880397678502519376e-01
4.394936990767939200e-01 -2.122728194335476992e-01 4.807057691214553508e-01
2.790512229830597324e-01 -1.147487182073581580e-01 -7.911678902640302269e-01
8.128909770569912041e-01 1.246603665132088312e-01 -2.195671481645435907e-01
1.913412674228638366e-01 5.778110689618651263e-02 -1.394374748826752608e+00
4.322627383238977217e-01 1.945226600022513797e-01 -1.231456020073994573e+00
5.361651124495669940e-01 2.729300350786334484e-01 -1.124016013304443451e+00
3.723286721005654165e-01 -2.155860158831979234e-01 4.902315559337750983e-01
3.093521617837989846e-01 -2.053006652394326892e-01 5.092117247491918519e-01
2.687999709016758443e-01 -1.894966610176755939e-01 5.199071469421450153e-01
7.853672500930883871e-01 -4.496379447559736842e-02 6.888970448772879784e-01
3.215777042645402428e-01 -2.317563959975759147e-01 6.056007376539513931e-01
3.906567642581624256e-01 -2.514940160432581617e-01 6.397553984444233066e-01
4.620462977046257969e-01 -2.508269947223711327e-01 6.473239646646100631e-01
5.310815754932951549e-01 -2.314965606141352605e-01 6.311714888373147758e-01
5.721240584825793007e-01 -2.032499128561811030e-01 6.041339865550243715e-01
9.064299622832439063e-01 3.421166644060953388e-01 8.015919883416127156e-01
5.531407193307535941e-01 -1.744006786847160928e-01 5.074967935408674080e-01
2.846166457645306069e-01 -2.615437259485235977e-01 -4.524705343451955741e-01
2.205067318109550367e-01 -3.876851422990841289e-01 -2.391669837354064576e-01
1.405261785007799191e-01 -3.378811727213446581e-01 -4.263812850048187553e-01
5.476275403781327711e-01 1.546124695223735079e-01 -1.016661529389962570e+00
4.438847127596508013e-01 8.859854392424965086e-02 -1.135873352709660278e+00
1.888793281173790639e-01 -5.293196180024173358e-02 -1.339712068237646214e+00
7.476890999494916201e-01 4.941428349677783327e-01 -7.797590125604889622e-01
2.715331769757064473e-01 -2.061227723515799415e-01 5.591548072791985291e-01
1.559144142618804629e-01 -4.245137834072689742e-01 2.290452143921812844e-01
3.207851663351983795e-01 1.116520980420076525e-01 -1.326674123353729584e+00
8.776423813821128128e-01 3.725933743998444125e-01 -2.327522601633218446e-01
1.270290888731261392e-01 -2.042398371922247158e-01 -8.043485174933451276e-01
1.408847201771105118e-01 -2.135244987218947177e-01 -8.402853808298873517e-01
1.510806889357611538e-01 -2.238569266876412334e-01 -8.845707758038736657e-01
1.611931325588947805e-01 -2.090173296261301772e-01 -9.278844688326590706e-01
2.231933860517254509e-01 -1.444519429017534495e-01 -9.927527787652854485e-01
2.536530320225671709e-01 -1.362959962314169160e-01 -6.892962300210869753e-01
2.686076206424272694e-01 -1.363844435946272582e-01 -6.813918927034456896e-01
2.816441243436496045e-01 -1.378969131512356450e-01 -6.711326336006333548e-01
4.109485753774837491e-01 -1.401433359620673502e-01 -5.811258124270863856e-01
7.052491735374482040e-01 -2.544997389367818774e-02 -3.030302709440001463e-01
1.555352733225587869e-01 -3.654362327652505016e-01 3.625439810640069815e-01
1.951745347378740503e-01 -2.590256984336545276e-01 6.046050005786915982e-01
2.393740233516546967e-01 -2.253890001801417409e-01 5.950485475222806464e-01
2.391588586348123435e-01 -1.258919208210679264e-01 -6.972954891540004141e-01
7.147935897406836325e-01 1.254001797899009230e-01 -5.589602518949225995e-01
1.261934798192202445e-01 -3.601201433313223621e-01 6.031827868871881826e-01
2.701833327758418335e-01 -9.227173156121087905e-02 -1.072527705867367231e+00
1.012915791338065974e-01 -4.865626177704418520e-01 2.840693482943723591e-01
2.102416909280599988e-01 -4.012274803787698740e-01 3.961405348431602802e-02
1.472225049842501021e-01 -1.318170851187563941e-01 -1.136754649313058696e+00
4.534807169472667709e-01 -2.943516764163710275e-02 -8.460814668886937895e-01
3.684323988013171736e-01 -2.194113383855600397e-01 -2.507783351264400995e-01
3.684557935032288789e-01 -5.711800081592763312e-02 -9.776677698347828738e-01
5.379524090257088442e-01 -1.916716792840860162e-01 -2.267802984897170360e-01
4.343120103170738933e-01 -1.900144136819290619e-01 -3.623736051115538093e-01
6.005462295591172950e-01 -1.038602861434415603e-01 -4.007539113865021818e-01
1.752563750716361612e-01 -1.082175091243638421e-01 -1.248255025294091158e+00
2.569300778638651250e-01 -3.361308482234719452e-01 -1.871932434840940795e-02
5.211520683571380097e-01 5.146997940291755946e-02 -9.102335932286891307e-01
4.185020811993973577e-01 1.289935181438685297e-02 -1.043687482544886969e+00
5.183636011034438162e-01 -3.516703138026514019e-02 -6.955295671031331839e-01
7.897183123473432431e-01 1.766295646974532785e-01 -4.094316265635482566e-01
6.147694471145648265e-01 3.849586796621493057e-02 -6.969736110641280291e-01
8.341205833819840265e-01 3.707298509502783279e-01 -4.713222951482209933e-01
4.900588840445172512e-01 -1.306602579901042227e-01 -5.012036226194314104e-01
2.047345449444073484e-01 -3.582823957571972251e-01 1.576132809821175762e-01
2.052213314268027666e-01 -4.877619726980242376e-01 -2.162305340694965494e-01
2.531331433011808629e-01 -3.988295334398850311e-01 -2.314781940988426268e-01
1.733154782443732111e-01 -5.546651326391458525e-01 -1.468378182791365560e-01
2.595788631588940021e-01 -2.991223105147193806e-01 7.155320664473445724e-01
3.903583288976832932e-01 -3.265004016323822533e-01 7.998609656068573770e-01
5.041221016981838332e-01 -3.239174801678676996e-01 8.148025358931634266e-01
5.946659878176463465e-01 -2.894333733365082040e-01 7.876833044852342702e-01
6.535108716681574670e-01 -2.350275249500390906e-01 7.298466038995221616e-01
6.863716837099649304e-01 -8.580203326398438968e-02 5.363252361141248592e-01
9.154116777696148510e-01 3.045747001637182372e-01 2.642722469415261788e-01
6.278116699762747999e-01 -1.248060335566965051e-01 3.633974778500868030e-01
5.489180418821355545e-01 -1.670925941869769726e-01 3.257923710670724837e-01
4.458381178101666897e-01 -1.974413593519219745e-01 3.310264784083849499e-01
3.478354053280447999e-01 -2.146715431794008477e-01 3.636475939590941842e-01
2.730708887954377273e-01 -2.208199517628368636e-01 4.045782475967016900e-01
2.215566283236314327e-01 -2.292392812066501584e-01 4.400248936977626535e-01
9.213117204593324061e-01 5.955102337122806233e-01 3.077358210868526012e-01
2.522809200496655135e-01 -3.556727324661832501e-01 -2.549326065325343560e-01
1.570108555642434345e-01 -4.723873572984702562e-01 1.097693177179374091e-01
1.511033157911277347e-01 -5.488263754654223447e-01 -2.328335740753391114e-01
1.098777496432299383e-01 -5.078797113591877466e-01 -2.809404346532065055e-01
1.510246773877583770e-01 -5.069531545219088109e-01 -2.451860466544275585e-01
2.325390111925402792e-01 -3.245829159386202090e-01 -2.836944821200850786e-01
9.366876955181346887e-02 -5.270151947207604159e-01 -2.945567472848593660e-01
9.124228782287163719e-02 -4.281545045280030770e-01 -3.047209724325516955e-01
2.213393176927820338e-01 -2.013191900165338666e-01 5.254705536542183530e-01
1.812983955094878974e-01 -2.459269696016543882e-01 4.953906475705847079e-01
1.569991955514361548e-01 -2.991998534103494922e-01 4.667682543702258435e-01
5.947763387885283137e-01 -1.740373511614565771e-01 5.839959152303950685e-01
6.427460887330811445e-01 -1.788935178679864624e-01 6.303843583303581077e-01
-4.125762927788696466e-01 -1.960036721518609859e-01 6.105031358619117388e-01
-3.310077967793532139e-01 -2.036047811544627884e-01 6.079706783958838123e-01
-4.115656821263380394e-01 -2.065472196805351324e-01 7.051910831611096775e-01
-4.952463170471208542e-01 -1.883361086971810927e-01 6.124619331791021359e-01
-4.143211031920897014e-01 -1.854633254110162888e-01 5.154347931393159499e-01
4.468492619273365385e-01 -2.041020845111549686e-01 5.725316491560963339e-01
5.267008400932895462e-01 -2.113373891903911339e-01 5.686898084642368900e-01
4.456973593549049539e-01 -2.148252953090654671e-01 6.638753751186423635e-01
3.663632418880462538e-01 -1.968985971871282104e-01 5.767888684480091399e-01
4.483023433926724977e-01 -1.933996026249018563e-01 4.811737670032789627e-01
