-1.824755109104800321e-02 -3.307440721907723979e-01 -5.707939376983826030e-01
2.646630408364636367e-02 -5.592882334941409184e-01 -2.428193862983245577e-01
2.955960740624424821e-02 -3.515227812096743953e-01 -3.163224669726902860e-01
-3.941952587225788784e-02 -5.072635069939173125e-01 1.549400427670375446e-01
2.622756505383103121e-02 -5.994951927761884569e-01 -1.313697364927023381e-01
2.500079073353343728e-02 -5.885969367601195934e-01 2.704947470839930146e-02
2.763682775611608911e-02 -4.326758671357449071e-01 4.304271902623184598e-01
-5.189056022363907061e-01 -1.368547844283275472e-01 5.430601642307635313e-01
2.818602296059929957e-02 -4.141144785999903988e-01 7.369943278891586402e-01
2.702589999288414202e-02 -4.468878387968446830e-01 8.848860805811797903e-01
2.537942478300800331e-02 -4.331501700291491286e-01 1.405045394035961515e+00
-1.694266455830278906e-02 -3.174400184284620341e-01 -6.025600057001021526e-01
-1.482332837362408673e-02 -2.903272336944895393e-01 -6.326071577469785101e-01
-1.158371202725017035e-02 -2.501699705681970087e-01 -6.528025677639230917e-01
-1.896126623146135448e-02 -2.309221682929769592e-01 -7.579727146957795370e-01
-2.005044360171512330e-02 -2.348328292011221397e-01 -8.055075272428120492e-01
-2.221910207583949193e-02 -2.459442158483622354e-01 -8.575093166377389942e-01
-2.193460755927600925e-02 -2.325728458035065671e-01 -9.061438097270588798e-01
1.424536953088961777e-02 -1.575637913402503365e-01 -9.789594489654835918e-01
2.520568167722969655e-02 -5.125979521471231148e-01 -2.910065690452193765e-01
-4.861170418636834301e-02 -4.058694624108718507e-01 -2.680857113464921726e-01
-8.050747404709928112e-01 1.664462300397500094e-01 1.031645701069292542e+00
-3.082798741244086038e-01 -2.060135051712002063e-01 4.283164699421340149e-01
-3.872269177048539568e-01 -1.975911913113777008e-01 4.212665763001204322e-01
-4.607390898640821852e-01 -1.757941365157824620e-01 4.340690424257578339e-01
-5.505809157744683269e-01 -1.207819482531489186e-01 5.147056217486658536e-01
-2.387120363793788780e-01 -2.007303542284728515e-01 4.550692385477581592e-01
-4.196805540410033508e-01 -2.680865394368339150e-01 7.557596477842709604e-01
-3.295186424276073112e-01 -2.672808251762730514e-01 7.389166905381587824e-01
-4.994367493839071415e-01 -2.393976551789076535e-01 7.389234040690002558e-01
-5.499801851796943808e-01 -2.026057105268672665e-01 6.969391724599112159e-01
-6.168464720913053867e-01 -7.179142399894489213e-02 4.507200685002341611e-01
-2.713428546130937091e-01 -3.170294298126274946e-02 -1.088799711575282103e+00
-5.441530766998488033e-01 -1.169601407222448097e-01 5.833456700393309102e-01
-8.305760834956443794e-01 2.576417803816313246e-01 5.600580078223440506e-01
-7.011291699329347260e-01 -4.710864603046930471e-03 5.472081783524018750e-01
-3.607067714862224328e-01 -2.159266816961158408e-01 -5.397641466454872194e-02
-1.047833443152689226e-01 -3.182808636156189142e-01 -5.465718865142887850e-01
-9.081797580804057413e-02 -2.757337723892121506e-01 -6.225159922263092671e-01
-1.801565011891161916e-01 -2.651396173949429613e-01 -5.678357066320063318e-01
-2.274850454320253013e-01 -2.053034464314911212e-01 -5.962211517485109802e-01
-1.527054420279626568e-01 -2.396632872491639699e-01 -6.217190492702209248e-01
-1.985140223226032896e-01 -1.830511092373459103e-01 -6.313330982966396387e-01
-3.441341345828088372e-01 -6.704754511998123334e-02 -7.442931821315457164e-01
-3.910666246264227208e-02 -5.510092226071736654e-01 -2.347879053542027972e-01
-5.066018421549800532e-02 -5.882836175082133412e-01 -1.262272116273385203e-01
-6.525684852316682161e-01 -1.916461222400995812e-01 8.108451366574396246e-01
-2.025797845257134577e-01 -2.652354753629859729e-01 2.175880161400536306e-01
-2.172418518300124335e-01 -3.664959061213122204e-01 -1.620247964773909866e-01
-2.233097120874949493e-01 -3.517524047011164612e-01 -9.622533930264220992e-02
-5.872126004696207602e-01 -1.189878184734100008e-01 -9.122916470187980575e-03
-4.573124424455216053e-02 -5.634103965408248094e-01 2.204948660579680864e-02
-4.767503223868332363e-01 -3.346329577508180275e-01 9.138683465800063743e-01
-5.807236824139159204e-01 -2.707669586796401795e-01 8.838973123592914760e-01
-7.282073493543492759e-01 -4.740639889976819288e-03 1.198296894328509943e+00
-1.381565121205931002e-01 -3.925140489129363974e-01 7.820632343470999004e-01
-2.496592134750847958e-01 -2.411668469450127805e-01 6.857890056693491942e-01
-3.985751710225104993e-01 -6.147031236454814085e-02 -6.234127417725243703e-01
-7.350681689311411304e-01 5.882554016773782202e-01 -4.433520243449999843e-01
-1.592166533958919716e-01 -3.292023048322423318e-01 -2.255143399265482351e-01
-9.851671181281029810e-02 -3.296420268564226319e-01 -2.609871502164721191e-01
-2.884923998885273733e-01 -7.442859311005245448e-02 -6.486727886048968550e-01
-2.729328166234491482e-01 -9.417150747002545064e-02 -6.573032373507943227e-01
-6.189999403853287951e-01 -2.438142661696023339e-01 9.625102286945166341e-01
-2.218938231479994361e-01 -3.178326591695488368e-01 -2.030741676179357302e-01
-3.335504341269261985e-01 -3.770560370903117686e-01 8.909870313174552692e-01
-3.453587959085506753e-01 -4.033649759555102410e-01 9.787515362927026175e-01
-4.182700927360829546e-01 -3.244107678974257336e-01 1.391299149605637275e+00
-6.724044632868126925e-01 -1.418620667977169569e-01 1.065654535632365452e+00
-3.726730412497523126e-01 -3.679074695401081119e-01 1.174978674928981448e+00
-6.944473899286607299e-01 -1.337401001431661740e-01 8.753809174393909487e-01
-7.487988541423500344e-01 8.784541803432993623e-03 9.331497084879458725e-01
-9.989801862535174770e-02 -3.049965745687031049e-01 -5.894955013468510252e-01
-1.668268538926648281e-01 -2.553349824811842472e-01 -5.964501558411567927e-01
-2.140690624027558053e-01 -2.001373855623929110e-01 -6.137766860967415194e-01
-1.414366538178418731e-01 -3.096273731583403244e-01 -2.439808578400193273e-01
-2.803077537818826626e-01 -8.459928703730196231e-02 -6.531178789186724565e-01
-2.563753691174598393e-01 -1.276965707080631729e-01 -7.011629656765312468e-01
-2.640088816170982344e-01 -9.666700217589963007e-02 -6.605534504483223657e-01
-1.241261943426648640e-01 -4.415669529536789817e-01 -2.085923044040897123e-01
-1.867454808039050729e-01 -1.678444386198175708e-01 -6.447100637716898230e-01
-1.397294648938897099e-01 -2.065114578067424045e-01 -6.399596096210995455e-01
-8.143217450302020488e-02 -2.394682693050813604e-01 -6.435672131372300875e-01
-9.056987925939469219e-02 -1.513226478849720724e-01 -9.687789368022037273e-01
-1.122832105083582110e-01 -2.280430371435611114e-01 -8.897015870103812674e-01
-1.087161050902423209e-01 -2.412066842132554179e-01 -8.397690657139609272e-01
-9.975932455400571275e-02 -2.286713610306647659e-01 -7.868727923921472467e-01
-8.944386466622789023e-02 -2.245809107194236542e-01 -7.422644852506663504e-01
-1.948026654643726374e-01 -1.654115209249766849e-01 -7.033642330283669253e-01
-2.112721710068830028e-01 -1.731097499167548737e-01 -7.232552944981245346e-01
-2.280876101647494325e-01 -1.809697446098965656e-01 -7.482289050295340971e-01
-2.400530804813628682e-01 -1.641957198014507568e-01 -7.756581585263981893e-01
-3.045709701294690985e-01 -1.924816283481017853e-01 -4.561940220244773414e-01
-8.221859736009675679e-01 6.246063974275806174e-01 1.276563581528348257e-01
2.963137230383040832e-02 -4.079288975754087332e-01 -2.999549957080578366e-01
-2.265709795035745211e-01 -1.263154254852186797e-01 -6.833387946924980305e-01
-2.415398534369399552e-01 -1.308566191506618237e-01 -6.920932620469613106e-01
-7.318226700953106567e-02 -3.300286542098771481e-01 -3.040900486975380845e-01
-1.943288171435599843e-01 -2.541610797163921243e-01 -2.613487146334219080e-01
-8.544624738351291882e-02 -3.311586561829953368e-01 -2.831131459775234616e-01
-2.826990343453468224e-01 -2.299854855095058159e-01 1.620476529534822241e-01
-4.086821400749083288e-01 -1.960696444188199106e-01 9.851386130253203532e-02
-2.359496779466035976e-01 -3.024254827347654384e-01 -1.377593068090895434e-01
-6.061339135461665251e-01 -1.769774332216189627e-01 1.322097677194427945e+00
-5.527385090707688242e-01 -2.639946457306532324e-01 1.151921881886412535e+00
-5.010155397291171653e-01 -3.325714335864971005e-01 1.002829102215609502e+00
-2.797809726310160894e-01 -1.002069475118678721e-01 -8.382768018204722615e-01
-1.598796787175057466e-01 -4.391051173953539610e-01 9.300690397336595083e-01
-1.859401223797401137e-01 -4.255267677945533400e-01 1.160476991872172903e+00
-2.152392717771772768e-01 -4.086521071635926816e-01 1.413666938268921314e+00
-5.198123066842792461e-01 -1.452385982668972231e-01 4.642914298122400307e-01
-7.029723946346444485e-01 -1.738233954252410562e-02 3.770683035444515330e-01
-1.924345042542505713e-01 -1.950789201877085599e-01 4.812801792182634930e-01
-6.203799345681675348e-01 -1.334439392953360448e-01 6.595969368864964544e-01
-1.489362828738871602e-01 -3.022249497293301168e-01 2.827811789368364082e-01
-1.722119519725510139e-01 -4.471293323512068874e-01 -1.351014161842477579e-01
-7.716242285845469340e-01 7.490998314111085854e-02 3.144237031738275068e-01
-6.547805719791028878e-01 -7.677363069659726147e-02 2.838302981277232018e-01
-5.591603415631252183e-01 -1.427750421307786288e-01 2.261043932612671892e-01
-4.109360557928019020e-01 -1.810021328117596973e-01 2.314329823380396611e-01
-3.007794400626919717e-01 -2.053792679789825382e-01 2.722079912580810390e-01
-2.183463573739334862e-01 -2.326492238220512210e-01 3.186341765488862610e-01
-4.553171181210385887e-02 -3.997557436999794600e-01 4.121014129892655031e-01
-7.570742600263393740e-01 8.289684181344947334e-02 7.736378841724622646e-02
-6.822241397601143120e-01 -9.894631398902109520e-02 6.892208852452599288e-01
-1.553445867895308918e-02 -5.080360402214763038e-01 -2.844853083366410962e-01
-1.968255510860964508e-01 -2.826420079980775935e-01 9.755509561590836043e-02
-8.515829108813330883e-01 5.020089415932855736e-01 6.121589655047623424e-01
-1.541280505424847957e-01 -2.519371917062613875e-01 3.717546267581306463e-01
-2.406721180534908688e-01 -2.271345299883493762e-01 -1.314331816064077119e-01
-5.749391989576002615e-01 -1.020174285261817859e-01 5.837258017114173025e-01
-1.763412782651847532e-01 -4.281178843564836800e-01 -5.534425802475795297e-02
-7.882102114245723712e-01 6.261839575089536147e-01 -1.478805285017471549e-01
-1.880753357294758787e-01 -1.823472453963956852e-01 5.191256737323917125e-01
-1.141204766482434851e-01 -5.117644272416788098e-01 -5.359289642519748931e-03
-5.887871210756316920e-01 2.242123639015674019e-01 -7.814722011261001633e-01
-5.813425051239402563e-01 3.749668319896577451e-01 -8.832584415247937137e-01
-8.169979510002267631e-01 3.559215800546913222e-01 9.707097892708294040e-02
-6.773514265439573023e-01 2.999096938717822347e-01 -6.125972855351378143e-01
-7.928126284388885558e-01 1.524576598177620479e-01 7.659173964868859485e-01
-2.841143116619290199e-01 2.606755782758593543e-02 -1.179701302116300532e+00
-2.275917336219918791e-03 -4.021399039869875125e-01 -2.937129523501691430e-01
-2.664048230479644230e-01 -2.424771141156765175e-01 2.435567968824056684e-02
-7.671444761116283928e-01 7.337976698100712181e-02 5.426812107557685838e-01
-4.482496684959720312e-01 -1.768275219546542321e-01 4.901705825450115572e-01
-3.833596918858526159e-01 -1.953125979482825958e-01 4.767355167859135268e-01
-2.686322005149299752e-01 -1.129303660855830449e-01 -7.110426343192415288e-01
-7.385479340099401213e-01 1.369531079958946629e-01 -1.422823356216870172e-01
-1.392817512285910997e-01 6.174724207243281748e-02 -1.321147768775321474e+00
-3.694168454963717707e-01 2.009906260367364528e-01 -1.157046941805456086e+00
-4.680865873411095279e-01 2.786369281298237688e-01 -1.046798788381487100e+00
2.604229048609500718e-02 -4.451552654720063451e-01 1.140247401757640944e+00
2.292548263890611948e-02 3.819968506085447135e-02 -1.344916031895907693e+00
-3.168786946606139132e-01 -2.004903442275611791e-01 4.835867496321479830e-01
-2.516807721568176115e-01 -1.941505775699805536e-01 5.011020015145619677e-01
-2.084270657140632199e-01 -1.816540279084617460e-01 5.110348597547906824e-01
-7.354769783673389405e-01 -2.536710660831242858e-02 7.335572788214328455e-01
-2.664005352166500806e-01 -2.187025549389831625e-01 6.083675088889295424e-01
-3.383161867577229032e-01 -2.334624282183257460e-01 6.476589139493138525e-01
-4.070626062861544270e-01 -2.297611794646314820e-01 6.572456212040531653e-01
-4.718123328188528198e-01 -2.084472565146826550e-01 6.433281149866836301e-01
-5.102027158532651541e-01 -1.805214976780178393e-01 6.182376634612012367e-01
-8.420208661291970209e-01 3.483476416631900996e-01 8.487082185049681371e-01
-4.906961590325997769e-01 -1.551093849657811941e-01 5.150425027644682796e-01
2.749770572547088898e-02 -3.289309941996556574e-01 -3.986066852391179083e-01
-2.274085456264280936e-01 -2.419381359591421532e-01 -4.114593175184837470e-01
-1.587059165564062013e-01 -3.600769352641723930e-01 -2.119841061576429597e-01
-8.166052841438747878e-02 -3.190930729241203689e-01 -3.983738154388978270e-01
2.802895852356744599e-02 -3.949351357757435732e-01 5.877038737671298474e-01
-4.888151081459457536e-01 1.675485707254711354e-01 -9.378935637732479513e-01
-3.918990358869205437e-01 1.025745145027853189e-01 -1.060855096601893255e+00
-1.484555645703546922e-01 -4.268219778837101241e-02 -1.266424583058146425e+00
-6.640513336757076779e-01 4.923577388971955848e-01 -6.924153559121979384e-01
-2.131174827769573010e-01 -1.979468822972003661e-01 5.532123620371567352e-01
-9.749546911562295692e-02 -4.013495143166168067e-01 2.287548157769883073e-01
1.685795482404132961e-02 -6.372658123105834349e-02 -1.288336864715278196e+00
-2.638728134265571068e-01 1.178211515658296182e-01 -1.254065100165315805e+00
-7.895438174239091111e-01 3.761100648833743954e-01 -1.502256575859144405e-01
-1.483064483048188720e-01 -1.985972433486884459e-01 -7.212598313121385551e-01
-1.648241896639142112e-01 -2.058065394563546313e-01 -7.549255642520864562e-01
-1.781455722267939468e-01 -2.151007525789541130e-01 -7.980638239393802458e-01
-1.861749089079623998e-01 -2.004255103086376444e-01 -8.441941235096912521e-01
-1.970428861418032085e-01 -1.350106872930424418e-01 -9.172906815558223848e-01
-2.352600102611427380e-01 -1.359963343506933597e-01 -6.451342315373795877e-01
-2.492465970832666855e-01 -1.380729649899371525e-01 -6.364674173032933702e-01
-2.610899754681607066e-01 -1.401179819258758785e-01 -6.267232327710057227e-01
-3.647132620612421050e-01 -1.298726574165030567e-01 -5.292753540399635082e-01
-6.440675792231980168e-01 -6.859799339519079275e-03 -2.309026833842395821e-01
-9.587788022925847198e-02 -3.461893325512350739e-01 3.559395061845151975e-01
-1.344598406720571848e-01 -2.437026740027379290e-01 5.950294059947289771e-01
-1.820828110398959865e-01 -2.155984907254737681e-01 5.885045017756607155e-01
-2.210529330301067574e-01 -1.280188597592500366e-01 -6.531599014690190330e-01
-6.491133977980707570e-01 1.389838173534664323e-01 -4.790364782541030042e-01
-7.156288243186309517e-02 -3.416532774156573193e-01 5.847535580913392206e-01
-2.375263459708036873e-01 -7.874429756231604571e-02 -9.979471801603123637e-01
2.587001962619520090e-02 -5.349103939661126184e-01 1.645998289947117055e-01
-4.402665588259679907e-02 -4.602226323421445553e-01 2.761208136087660581e-01
2.698015634098793747e-02 -4.813234301744437893e-01 2.925546779437662170e-01
-1.522857123544223423e-01 -3.760520332466066318e-01 5.376846035245136379e-02
1.470584274613778719e-02 -1.192889412733939558e-01 -1.195550413820723357e+00
1.468579081180802076e-02 -1.368565149798023350e-01 -1.078912333221159869e+00
-1.145646998559395890e-01 -1.183420106449789566e-01 -1.065005453838942628e+00
-4.125139484585118588e-01 -1.543328380611552753e-02 -7.689882266161554014e-01
-3.089652758185543746e-01 -1.969946942715723459e-01 -2.096202768990569343e-01
-3.347242603324320775e-01 -4.190709772959494428e-02 -9.004301323921812816e-01
-4.831961088397811466e-01 -1.670429803691688697e-01 -1.705947520666644124e-01
-3.820618259896342295e-01 -1.689092544257075890e-01 -3.095358019106977387e-01
-5.476706181152906083e-01 -8.308183369188471001e-02 -3.338666481172725131e-01
-1.394226191839493811e-01 -9.593192943969486297e-02 -1.175938877395148907e+00
-1.978930582543304562e-01 -3.129210444495911236e-01 1.063490718648418820e-03
-4.706982006745779046e-01 6.706668123581127627e-02 -8.348441709450198367e-01
-3.734763555570190796e-01 2.906975523075455703e-02 -9.693391279899370438e-01
-4.714971756829022809e-01 -2.414556198564909995e-02 -6.228479043931605119e-01
-7.161849216650821859e-01 1.884085744002728102e-01 -3.281834081378980361e-01
-5.615216398378106710e-01 5.420623216675407585e-02 -6.212396190770652638e-01
-7.493665123504462677e-01 3.726219931694711995e-01 -3.845497912270232632e-01
-4.443303410237502415e-01 -1.142394107106684542e-01 -4.382222643535338413e-01
-1.457393699249127650e-01 -3.387666080589966100e-01 1.652578030421378852e-01
-1.480702133168509960e-01 -4.582593102456526957e-01 -1.905771523306990511e-01
-1.929553038838482948e-01 -3.694380323186166049e-01 -2.021136655269434312e-01
-1.159544381869450080e-01 -5.210436560482207824e-01 -1.266171187375774165e-01
-1.977968262933136323e-01 -2.799543519091711730e-01 7.049862798175245970e-01
-3.274242267977611753e-01 -2.989962308417455361e-01 7.899089708826352307e-01
-4.391266108282714242e-01 -2.931271124702885533e-01 8.096338544437786666e-01
-5.298790490834401901e-01 -2.585999388052919734e-01 7.896792340056917325e-01
-5.910053591422514963e-01 -2.060496170332399846e-01 7.410971651673978755e-01
-6.289443800853971034e-01 -6.602666094825215826e-02 5.656622622158657965e-01
-8.353036979474932622e-01 3.089982034683100842e-01 3.324738164015614839e-01
-5.774357661252320639e-01 -1.055826717707201157e-01 3.942110901772737375e-01
-5.023796128505355618e-01 -1.475510600697410579e-01 3.496338108923742194e-01
-4.006783330250578423e-01 -1.800572178164623338e-01 3.409641863776842197e-01
-3.021016118451904653e-01 -1.997600017191334398e-01 3.614917491315308151e-01
-2.238647058149159097e-01 -2.062128079127985014e-01 3.950916648962461419e-01
-1.695933353954400813e-01 -2.161544252428877488e-01 4.261722886605865401e-01
-8.401948651212056696e-01 5.868752910728924910e-01 3.773372247455333284e-01
-1.925013973538739487e-01 -3.279907442093004111e-01 -2.252397505170963266e-01
-9.834237912260895831e-02 -4.471460856499287484e-01 1.153365983528608085e-01
-9.564500756781307844e-02 -5.160579755426222270e-01 -2.105369618172973079e-01
-5.673972293337464778e-02 -4.774065762851797956e-01 -2.600422351794067222e-01
-9.586479962993244008e-02 -4.768246170293477526e-01 -2.221412656522442353e-01
-1.718143433776473383e-01 -2.976016454123699972e-01 -2.546265980738846579e-01
-4.094077778432342329e-02 -4.966831615332722993e-01 -2.744415879217143583e-01
-2.947371477307571264e-02 -4.029542695024428411e-01 -2.852606775950321527e-01
-1.628479073297152135e-01 -1.916230367010400837e-01 5.139145299699869884e-01
-1.267310618667398248e-01 -2.327713817842218536e-01 4.814063405437687404e-01
-1.058998536892323261e-01 -2.824820375150336460e-01 4.519117288241549790e-01
-5.301007136794879671e-01 -1.522919722262989772e-01 5.992148174684566175e-01
-5.787862339759821673e-01 -1.533753642717228249e-01 6.486144249665568573e-01
9.131512113157114197e-02 -5.068012172650393499e-01 1.492550517869615234e-01
5.547148917407214164e-01 -1.486286626382847809e-01 5.021434163854248123e-01
1.041093134090175232e-01 -4.104662769155229540e-01 -2.749014364327505566e-01
8.161241742020939327e-01 1.429750394515751921e-01 9.458227286416169832e-01
3.385001473855888676e-01 -2.091648621739741198e-01 4.055645376148981907e-01
4.133373136972946504e-01 -2.035660038201274613e-01 3.940710476839945908e-01
4.845378201067500612e-01 -1.845937071628060977e-01 3.979674999772837563e-01
5.788652603353958703e-01 -1.322905236850744348e-01 4.668880805081465635e-01
2.765977760431120869e-01 -2.033598984431950196e-01 4.343870881748939095e-01
4.533527305234970051e-01 -2.777458112163255777e-01 7.276314252149109763e-01
3.649896817452167319e-01 -2.750047833874305070e-01 7.136618999236814531e-01
5.330630442621258069e-01 -2.531126726183097198e-01 7.064471275711632359e-01
5.822688214247602190e-01 -2.190376570976508841e-01 6.576475410669342381e-01
6.343643436036479066e-01 -8.655317885827351621e-02 3.916651675699618362e-01
2.964225163318927603e-01 -4.413142909896239363e-02 -1.101977781629306818e+00
5.816068671119789535e-01 -1.294727671954024606e-01 5.402510491950580640e-01
8.570220520417493049e-01 2.359204229962437172e-01 4.773409575812974648e-01
7.135116307156845750e-01 -2.306119061177985818e-02 4.785580375410389831e-01
3.981693908505947732e-01 -2.259615457882055978e-01 -8.886192784301327752e-02
7.059065595008046090e-02 -3.193689164973556593e-01 -5.548498609589234132e-01
6.431157396183562192e-02 -2.740785352741550440e-01 -6.313461248966578676e-01
1.562653621742984278e-01 -2.623281781346732400e-01 -5.843526275307009410e-01
2.140496709579915446e-01 -1.986223293547880742e-01 -6.149013880295899348e-01
1.332261481273203652e-01 -2.342747323932273806e-01 -6.353504489305974445e-01
1.886494904312321363e-01 -1.767332743714300491e-01 -6.455780252507075101e-01
3.503402485988489357e-01 -7.421873806268797225e-02 -7.729332325606503851e-01
8.967763996448885333e-02 -5.548533688034527067e-01 -2.407863818801196931e-01
9.943744058236930750e-02 -5.925428994646906311e-01 -1.333194875690063563e-01
6.727146345106653769e-01 -2.094363524554214706e-01 7.577188799016836285e-01
2.477452305106307984e-01 -2.675855687655506188e-01 1.969187435717512091e-01
2.642563300856348718e-01 -3.746988389474201764e-01 -1.814464607540671182e-01
2.687243407757559099e-01 -3.599082940717617252e-01 -1.163481277263733737e-01
6.147804248981718622e-01 -1.325181224949243397e-01 -6.495161251229975008e-02
9.559872793700258109e-02 -5.642183904079072221e-01 1.609922018339612904e-02
5.139139152703471325e-01 -3.517006974357308469e-01 8.736323506846712661e-01
6.100571525539830731e-01 -2.891130148596845473e-01 8.390066302505996276e-01
7.441365160423245584e-01 -2.770989787513467029e-02 1.117803915684149274e+00
1.919130533085038337e-01 -3.967840052174114174e-01 7.602761302148923761e-01
2.900996502727493098e-01 -2.449907240558741872e-01 6.609726924080483457e-01
4.091312734091618886e-01 -6.737072695479828788e-02 -6.592261067867366542e-01
7.843316961256547870e-01 5.649118250012241660e-01 -5.041872684536630178e-01
2.103554574206557559e-01 -3.377459003321969799e-01 -2.401813127087387700e-01
1.537054508016045817e-01 -3.400324214517507215e-01 -2.718525488072885965e-01
2.912441499112297105e-01 -6.640169981152899137e-02 -6.797406467263469310e-01
2.719079398910703160e-01 -8.896691467568690337e-02 -6.851658727168898899e-01
6.452860470010812755e-01 -2.628768424820231431e-01 9.075312732933937809e-01
2.669955487030049035e-01 -3.273548032658915030e-01 -2.225493969362581925e-01
3.803797033987303955e-01 -3.917098543900565666e-01 8.566762189045338260e-01
3.922971968195452241e-01 -4.188153890897297060e-01 9.380438993991093710e-01
4.523250260088138575e-01 -3.398545593174635560e-01 1.339607081596833282e+00
6.954922457686012471e-01 -1.610644047004470281e-01 9.982465865280687467e-01
4.128620700138974087e-01 -3.809250721208381485e-01 1.132535730446942779e+00
7.130879133765204436e-01 -1.516980151614474304e-01 8.074987220722400494e-01
7.698259446971191799e-01 -1.061131595305002395e-02 8.590175399854063087e-01
6.811951460699655625e-02 -3.047138141703034098e-01 -5.981720230588798426e-01
1.446411515802329406e-01 -2.512584160717318271e-01 -6.120516211750157698e-01
2.014178549399753271e-01 -1.939662306358957977e-01 -6.303972741573391492e-01
1.940497223638025792e-01 -3.192744156024638347e-01 -2.571992023653471016e-01
2.812276391290932098e-01 -7.875744687511232467e-02 -6.827971937601224894e-01
2.426566100657898684e-01 -1.240735518191290465e-01 -7.305132391248845281e-01
2.623164769745792713e-01 -9.107406763491360246e-02 -6.861953740269499669e-01
1.728396760032785417e-01 -4.442625358697460669e-01 -2.214486818444587612e-01
1.786458937072272768e-01 -1.614367123193861664e-01 -6.563416417923313428e-01
1.251006343128950871e-01 -1.998092605490853213e-01 -6.501245734959633094e-01
6.120041699351780329e-02 -2.352269621692545387e-01 -6.512455925865439088e-01
1.134098728623939012e-01 -1.544395000623379755e-01 -9.766693546206566268e-01
7.059036301001564429e-02 -2.268690251676521719e-01 -8.992589929827987660e-01
6.593996559109482902e-02 -2.383899109495688506e-01 -8.495991651901375619e-01
6.178643670264633014e-02 -2.250202828034795210e-01 -7.976462193718512061e-01
5.459853017105342765e-02 -2.201443547216439534e-01 -7.529865499434773568e-01
1.729076183643264431e-01 -1.600190002790111699e-01 -7.282535699063767964e-01
1.872148054294517916e-01 -1.701415380741866379e-01 -7.493583262869516481e-01
2.012543736556396956e-01 -1.790774319883716714e-01 -7.754030740061761406e-01
2.153266132519303655e-01 -1.627139951889187142e-01 -8.024652951323467676e-01
3.335328293127193255e-01 -1.997577691338335848e-01 -4.841335173506069456e-01
8.650424314691691485e-01 5.995674165002680134e-01 4.710734508320268965e-02
2.143916878757505806e-01 -1.190838832186925655e-01 -7.096243310827587969e-01
2.278884601974126012e-01 -1.261382940167293798e-01 -7.204862238831517551e-01
1.298070133622651334e-01 -3.358625490102298272e-01 -3.125533446529661363e-01
2.441776049575302698e-01 -2.663422724888263593e-01 -2.788009750122829589e-01
1.414683637228353330e-01 -3.397456149433060180e-01 -2.932134448028870244e-01
3.242788763772503913e-01 -2.338208330214359698e-01 1.339970443639522113e-01
4.449912061709158095e-01 -2.046773300914979110e-01 5.818076541971645144e-02
2.816608906801641998e-01 -3.114723002288009024e-01 -1.590194167294649574e-01
6.301023478298830582e-01 -1.989524782470475373e-01 1.251455638198521569e+00
5.831697363957686342e-01 -2.823699387689422302e-01 1.093330060068797849e+00
5.381580733904796077e-01 -3.503816374970554204e-01 9.550431061514537134e-01
2.895901577755051193e-01 -1.048307707725757432e-01 -8.567516055391553031e-01
2.163499286402834620e-01 -4.458681309971022078e-01 8.967746266175939951e-01
2.320219340020897025e-01 -4.331411239715239336e-01 1.137119404029859560e+00
2.573287325114538282e-01 -4.191841425827631529e-01 1.384701895963813101e+00
5.446061032657185663e-01 -1.561794973986112556e-01 4.205426762445736433e-01
7.113443400456098686e-01 -3.684854740677173668e-02 3.100396218063530274e-01
2.359970431043291184e-01 -1.946382686286700636e-01 4.621938034747310464e-01
6.459503171046145908e-01 -1.497519045347864841e-01 6.100467224337986494e-01
1.968486185330406979e-01 -3.030864238890926821e-01 2.671747959544281681e-01
2.193169631728864033e-01 -4.538687900188991264e-01 -1.525115743212082098e-01
7.995271913559962584e-01 5.459872167892926287e-02 2.389299378154545739e-01
6.627210566255770097e-01 -9.316614353495378253e-02 2.238590327596827745e-01
5.694869591057427627e-01 -1.561369809277728393e-01 1.766059580423424702e-01
4.295321450056066581e-01 -1.888189035741516530e-01 1.970982825482379130e-01
3.263983314946030667e-01 -2.100315468629287974e-01 2.483729986151586022e-01
2.497776263693985976e-01 -2.359428572191542006e-01 3.006671308194472925e-01
9.973362660113344047e-02 -4.002526255532161681e-01 4.051368736699474393e-01
7.878395401673223830e-01 6.484173949145249916e-02 5.463231009406294136e-03
6.982051946346277127e-01 -1.163625439978869247e-01 6.267863843216563424e-01
6.457608391717339913e-02 -5.089323756959642786e-01 -2.877177060367785977e-01
2.435030817872956277e-01 -2.854055424183441492e-01 7.813303605228105742e-02
8.790980510702750550e-01 4.797424247222177307e-01 5.247972555144941875e-01
1.931300737171670612e-01 -2.532119621468038595e-01 3.588054325124627741e-01
2.906085271983970264e-01 -2.363221403232633744e-01 -1.534788873551855559e-01
6.084666385180907966e-01 -1.148927476337640030e-01 5.360323034352931781e-01
2.217426273408519277e-01 -4.349348124616780886e-01 -7.250860960510785436e-02
8.367402118983742199e-01 6.000555417697235328e-01 -2.192318578627485692e-01
2.360204543014631229e-01 -1.800094184479708037e-01 5.004232652179780860e-01
1.600193679393540069e-01 -5.154434950620760958e-01 -1.736546884258730050e-02
6.207224227297811758e-01 2.021838747676891757e-01 -8.204937630770920975e-01
6.214415798910604138e-01 3.514681413863023351e-01 -9.178911645901610683e-01
8.602837709475505967e-01 3.340302087080915250e-01 2.003527017851464143e-02
7.133896898588969471e-01 2.772613043699201363e-01 -6.639292480819980469e-01
8.171560760875151708e-01 1.322022994522947803e-01 6.863681906803575927e-01
3.143169235096197056e-01 1.296347185675321423e-02 -1.190325770189656573e+00
6.213589492298615680e-02 -4.042520806731302319e-01 -2.966788710429081322e-01
3.091706575108768007e-01 -2.489628117748667879e-01 -1.729030809658638201e-03
7.716725707164959758e-01 5.440939516672105292e-02 4.605687990063900283e-01
4.816666737849741864e-01 -1.858181815229524858e-01 4.570965377686710962e-01
4.173442106460290013e-01 -2.015747494314390487e-01 4.494631625684906151e-01
2.575726222676173460e-01 -1.090550414184405792e-01 -7.413111949615531771e-01
7.719231103284833750e-01 1.183777665048043604e-01 -2.085014604919728232e-01
1.816981003012116958e-01 5.486906901277482929e-02 -1.324101415142639127e+00
4.104776739608180236e-01 1.847191578899523012e-01 -1.169393421845803083e+00
5.091436034265073296e-01 2.591749785964103658e-01 -1.067368148420421381e+00
3.535641491222905053e-01 -2.047209682734818514e-01 4.593777971819228423e-01
2.937615124915434750e-01 -1.949539760397893673e-01 4.791327356591927877e-01
2.552530603130070963e-01 -1.799464578868994469e-01 4.902647386997667223e-01
7.457865169531601168e-01 -4.269772118840403641e-02 6.549225780527887508e-01
3.053709152817594141e-01 -2.200763978026367695e-01 5.794563373935999184e-01
3.709685468877825798e-01 -2.388192864385831893e-01 6.150051881840266077e-01
4.387602093102205281e-01 -2.381858814836670390e-01 6.228826961325149014e-01
5.043162652353982978e-01 -2.198296575348519521e-01 6.060708828560237293e-01
5.432902999077882100e-01 -1.930065769384678998e-01 5.779297148760471625e-01
8.607479422564145999e-01 3.248747582851372329e-01 7.611935609329201213e-01
5.252636781146047262e-01 -1.656112789209445157e-01 4.773478001771145340e-01
2.681937613986365987e-01 -2.483469433227337708e-01 -4.325018821679997849e-01
2.093936912476610512e-01 -3.684346372538733760e-01 -2.272860864351199384e-01
1.324848075218851284e-01 -3.207116596785144491e-01 -4.072853352662140214e-01
5.200278942818816752e-01 1.468203517845305672e-01 -9.654240587909983518e-01
4.215150398451803504e-01 8.413499685228109648e-02 -1.078471201559615622e+00
1.793602371685563135e-01 -5.026431064170422403e-02 -1.272080469494638599e+00
7.100072603601450538e-01 4.692391557662953794e-01 -7.404609219080553473e-01
2.578485189825975299e-01 -1.957346508128436913e-01 5.311144907346105892e-01
1.480566804146437043e-01 -4.031192488461794454e-01 2.175018536182757867e-01
3.046183194715736953e-01 1.060250853437566532e-01 -1.259812748074981670e+00
8.334111903238414776e-01 3.538155131026239353e-01 -2.210220726667746494e-01
1.192525355441045876e-01 -1.929389239360863595e-01 -7.406936532483232583e-01
1.326959856760505652e-01 -2.016883730466680902e-01 -7.751980949750834071e-01
1.427832522815083438e-01 -2.114802629560865732e-01 -8.177517537301044470e-01
1.526192877542927873e-01 -1.974498246121547673e-01 -8.616281905475906555e-01
2.117206289601418767e-01 -1.365120668854589159e-01 -9.299306199484340674e-01
2.319558531326625372e-01 -1.295035223701453964e-01 -6.620401369626889299e-01
2.455894939539241539e-01 -1.298341869811546201e-01 -6.552879664189221742e-01
2.576407770138944286e-01 -1.314585588363810231e-01 -6.463953314612744805e-01
3.833370864328431438e-01 -1.345612727515885787e-01 -5.603377249341177091e-01
6.697826986947550409e-01 -2.434422845355499465e-02 -2.880014974794806726e-01
1.476966473211609454e-01 -3.470190731408484552e-01 3.440375292510580163e-01
1.853381796132443915e-01 -2.459713890709063211e-01 5.768473238472580089e-01
2.273101139668544102e-01 -2.140299043332649642e-01 5.681970625192336311e-01
2.187265469102641635e-01 -1.194857556078665617e-01 -6.687212398897921517e-01
6.787317438435991335e-01 1.185903318324205147e-01 -5.317683044284033933e-01
1.198336138480692314e-01 -3.419709025909931643e-01 5.731909987789876038e-01
2.565554268465528587e-01 -8.735665945754678141e-02 -1.010574880730593428e+00
9.618671263658262749e-02 -4.620409622932697413e-01 2.697528956198558259e-01
1.996459852088254827e-01 -3.810065228236954038e-01 3.761759465390249191e-02
1.397378695109034452e-01 -1.249123676650603088e-01 -1.072083212545662079e+00
4.250000297467924071e-01 -2.839915394018899253e-02 -8.026275532976612226e-01
3.498642391851247702e-01 -2.083535031734551346e-01 -2.381396742213175433e-01
3.490548330635889762e-01 -5.401680120492657888e-02 -9.216680456949726263e-01
5.108436305499779451e-01 -1.820183483462813889e-01 -2.153600074282726595e-01
4.122925834292989755e-01 -1.807709541334212577e-01 -3.448200658668088003e-01
5.702751071643290537e-01 -9.958167654197835894e-02 -3.823335252388135874e-01
1.664189919471982249e-01 -1.027484756611666272e-01 -1.183597027358381126e+00
2.439813830381701854e-01 -3.191906137000002364e-01 -1.777591364797639906e-02
4.934487342162094947e-01 4.886537522029454905e-02 -8.641266698266192314e-01
3.972180011993606819e-01 1.231711054167496100e-02 -9.892705145221039054e-01
4.859709759630264081e-01 -3.495412453021956578e-02 -6.652482664863876849e-01
7.499190295869291312e-01 1.677261333168678092e-01 -3.887995366580960788e-01
5.816874904022717452e-01 3.552532474560143871e-02 -6.646038272341798780e-01
7.920827925096878275e-01 3.520459028636637733e-01 -4.475687174621778563e-01
4.629031161065761957e-01 -1.254730019132022090e-01 -4.799557336884907599e-01
1.944163869272392819e-01 -3.402257733381710558e-01 1.496699260162459577e-01
1.948786404718867438e-01 -4.632566184680939614e-01 -2.053769240910703342e-01
2.403758053899199831e-01 -3.788725713714904408e-01 -2.198896152473628351e-01
1.645807701283975577e-01 -5.267112644400189225e-01 -1.394375243408969567e-01
2.464966755450861413e-01 -2.840472225895753766e-01 6.850018802065527268e-01
3.706851519945004725e-01 -3.100455198359246545e-01 7.652167500923088284e-01
4.787154879453305867e-01 -3.075927717714292964e-01 7.789282870432527872e-01
5.646961669874395184e-01 -2.748465859316810977e-01 7.531496110174540348e-01
6.205754017813327472e-01 -2.231826692542067114e-01 6.983606059342104544e-01
6.517801032175172260e-01 -8.147780484590039229e-02 5.079828774889161291e-01
8.692769995962144058e-01 2.892248241319319568e-01 2.509535234000976889e-01
5.961713817308478269e-01 -1.185160917391900881e-01 3.403074890408357422e-01
5.212538140589693114e-01 -1.586715053531999597e-01 3.035554691344335421e-01
4.233688850244088364e-01 -1.874907613936205308e-01 3.070113320868121942e-01
3.303052875986942638e-01 -2.038525829256936373e-01 3.370365351787671937e-01
2.593087336044564983e-01 -2.096911256223774611e-01 3.757779936211045335e-01
2.103906753506490368e-01 -2.176861399042162581e-01 4.104503823575489374e-01
8.748796934784941470e-01 5.654978647984147955e-01 2.922266317100461475e-01
2.395519896313083041e-01 -3.379570700074785439e-01 -2.421930286000263388e-01
1.490978635551883924e-01 -4.485801028889051523e-01 1.042371934093013763e-01
1.434880504255576228e-01 -5.212152844258894913e-01 -2.211304281655533943e-01
1.043401595716690888e-01 -4.825548067891600734e-01 -2.671001022641653622e-01
1.434133752198616385e-01 -4.815810151574864140e-01 -2.329827019384138609e-01
2.206762301817531968e-01 -3.085473335775457127e-01 -2.695648567739116208e-01
8.894807541701688081e-02 -5.006850526911190702e-01 -2.800065796856365807e-01
8.657027347167667308e-02 -4.071198679833947232e-01 -2.900507280812890665e-01
2.101843166841030897e-01 -1.911731581632238886e-01 4.961424332309538610e-01
1.721613664183109238e-01 -2.335328065466497627e-01 4.665575173566958167e-01
1.490867911806551538e-01 -2.841208574986444635e-01 4.404967052940411687e-01
5.648009565189697767e-01 -1.652662622831195804e-01 5.569696074817691578e-01
6.103531395594794517e-01 -1.698776891708304593e-01 6.043105978934057987e-01
-3.917833807464341511e-01 -1.861255303768261093e-01 5.797517546720942772e-01
-3.143257524618618959e-01 -1.933435606771216619e-01 5.773490551306357244e-01
-3.908237025850924695e-01 -1.961377069563918774e-01 6.697656208217317442e-01
-4.702870227663229485e-01 -1.788443947785371968e-01 5.816186827417848537e-01
-3.934402566610648577e-01 -1.761163932726224068e-01 4.893870586644391008e-01
4.243290697649775289e-01 -1.938158010693873390e-01 5.448365769630798550e-01
5.001563089916456484e-01 -2.006864627568754056e-01 5.409701529802093400e-01
4.232352204769389559e-01 -2.039985862957642837e-01 6.395784979273138049e-01
3.478993631004714260e-01 -1.869753532143674235e-01 5.493304782318897406e-01
4.257089192108942655e-01 -1.836527000644028185e-01 4.500504062945742678e-01
