-1.487615506364330445e-02 -2.740833890770039138e-01 -4.717519315063580798e-01
2.188887330490570104e-02 -4.625518819450252783e-01 -2.008186050758543895e-01
2.452821309942074604e-02 -2.905732330105483263e-01 -2.613718345881715921e-01
-3.260179452447473092e-02 -4.195306833058287665e-01 1.281426736149364198e-01
2.169142494339484917e-02 -4.958106080888837197e-01 -1.086489262825314495e-01
2.067682511162996506e-02 -4.867972398291439684e-01 2.237118291002991588e-02
2.285695121582618020e-02 -3.578432110464781490e-01 3.559834494529919291e-01
-4.291592414513389353e-01 -1.131853177555242201e-01 4.476087495139806083e-01
2.331116137726775561e-02 -3.424920732095442233e-01 6.095288340455489173e-01
2.235168533640569805e-02 -3.695971773773851221e-01 7.318422415876457698e-01
2.098997320785369811e-02 -3.582354817582881767e-01 1.162038360947345694e+00
-1.398761848141477117e-02 -2.627702886778703339e-01 -4.994240613301598741e-01
-1.278353265821364007e-02 -2.399718341068697025e-01 -5.262126997935439032e-01
-1.088256705845046766e-02 -2.064063845367683780e-01 -5.446110111403452692e-01
-1.799240301730025554e-02 -1.873277849809543982e-01 -6.035590486747341998e-01
-1.909538739334533386e-02 -1.904200274410898786e-01 -6.442552489128672288e-01
-2.079196077313754179e-02 -1.998046611022502306e-01 -6.899621160337771064e-01
-2.055188333857188576e-02 -1.890696688574908246e-01 -7.343250989053835553e-01
9.983291148389255784e-03 -1.277893614028392522e-01 -8.020972449534563564e-01
2.084627952028920289e-02 -4.238921335828592651e-01 -2.406057135577431005e-01
-4.019629275896588472e-02 -3.355428629331013712e-01 -2.215842629210253156e-01
-6.658345245129339007e-01 1.376588295027751929e-01 8.532193227617903553e-01
-2.549618974313458963e-01 -1.703828195859925232e-01 3.419787468365722005e-01
-3.202548007875427039e-01 -1.634171714762619743e-01 3.354388378486028444e-01
-3.810528108790245394e-01 -1.453899860659771115e-01 3.473657243402077932e-01
-4.553562095938065157e-01 -9.989232929831162733e-02 4.214294339082495511e-01
-1.974260366747957185e-01 -1.660134062644132991e-01 3.662738747881292833e-01
-3.470954783449505254e-01 -2.217201267671292664e-01 6.385427021695022631e-01
-2.725273537591987871e-01 -2.210537633295433790e-01 6.243741475302145849e-01
-4.130575881138339733e-01 -1.979930755401740072e-01 6.236726660753885154e-01
-4.548593772503925492e-01 -1.675644137752231311e-01 5.871471875497356052e-01
-5.101609289121566970e-01 -5.937487087327066732e-02 3.684187645010067458e-01
-2.288734940508858340e-01 -2.651961799128262770e-02 -9.036978344841907207e-01
-4.500400855636438324e-01 -9.673151531601734132e-02 4.854215237591572030e-01
-6.869253298179498479e-01 2.130818217383260715e-01 4.631942091554171470e-01
-5.798666682938413697e-01 -3.896105740284322525e-03 4.524093231808590798e-01
-2.983213975147415153e-01 -1.785814809599892972e-01 -4.464102348069838577e-02
-8.633465736654238887e-02 -2.637618937062363722e-01 -4.507896803853879142e-01
-7.570847651341786055e-02 -2.281795906863427759e-01 -5.163647689030189669e-01
-1.458841415862082713e-01 -2.208621260638562733e-01 -4.712261813406607436e-01
-1.758308548298942176e-01 -1.754869294180452788e-01 -5.027140126467470882e-01
-1.241290276773092255e-01 -1.998212705388096588e-01 -5.175645412490108566e-01
-1.539699134285680837e-01 -1.563161987912388695e-01 -5.317040443588332277e-01
-2.798200891370088428e-01 -5.944475047660250505e-02 -6.159756631073318722e-01
-3.234304176863292413e-02 -4.557048938107630676e-01 -1.941765885689609727e-01
-4.189834554879952322e-02 -4.865381101302148070e-01 -1.043958170752687514e-01
-5.397047071954540476e-01 -1.585003208544734921e-01 6.714760831106612038e-01
-1.675429717577520128e-01 -2.193621632184829806e-01 1.799554828499278503e-01
-1.796691882705482302e-01 -3.031067328630331348e-01 -1.340018562609827657e-01
-1.846875929555445162e-01 -2.909157167115065112e-01 -7.958286332917056949e-02
-4.856523288669503668e-01 -9.840850004321052835e-02 -7.545079228754041425e-03
-3.782188123423894932e-02 -4.659667911912583338e-01 1.823595816309707060e-02
-3.942948502298246338e-01 -2.767571321142456853e-01 7.558119332579452676e-01
-4.802856896581535473e-01 -2.239369590465585258e-01 7.310269873836096055e-01
-6.022615911666988620e-01 -3.920731281703450713e-03 9.910476674061319269e-01
-1.142619075371362203e-01 -3.246275059750281522e-01 6.468029309625451528e-01
-2.064798649591285951e-01 -1.994562800094480670e-01 5.776501854590059271e-01
-3.111314147430858101e-01 -6.210005575273685324e-02 -5.305099719943108250e-01
-6.079358103553539339e-01 4.865147747950577806e-01 -3.666728931886490406e-01
-1.316743474512784839e-01 -2.721816677053762179e-01 -1.864740062604826054e-01
-8.144022672278081187e-02 -2.724807114254608198e-01 -2.157572202139518835e-01
-2.185281769859899192e-01 -7.334393824558571584e-02 -5.478788012730538837e-01
-2.084819774891442101e-01 -8.812729034130743766e-02 -5.508763638879055069e-01
-5.119419480716521642e-01 -2.016458197279092091e-01 7.960410484208201298e-01
-1.835165864745306463e-01 -2.628352939087512663e-01 -1.679446874685196767e-01
-2.758618343659069994e-01 -3.118430060591431130e-01 7.368880136487446775e-01
-2.856279027281375393e-01 -3.336017309565372235e-01 8.094733715944492092e-01
-3.459289607719906456e-01 -2.683029022417092735e-01 1.150669572853523892e+00
-5.561099902737299816e-01 -1.173265748437467837e-01 8.813462221069309210e-01
-3.082180631752889366e-01 -3.042767121257368146e-01 9.717624066511914016e-01
-5.743405232188597553e-01 -1.106093279426963727e-01 7.239810263950929858e-01
-6.192917302460880791e-01 7.265227797296176099e-03 7.717585237586600533e-01
-8.259368104116331100e-02 -2.526256176316881152e-01 -4.873488018544097633e-01
-1.352105401372112048e-01 -2.128305611403566444e-01 -4.957265701842703542e-01
-1.659635205372279043e-01 -1.707211275216539426e-01 -5.169252050015246125e-01
-1.169502044715517441e-01 -2.559656883327574572e-01 -2.017394174130930640e-01
-2.130303216181538284e-01 -8.106484185926243757e-02 -5.496134434244905886e-01
-2.061503691689740569e-01 -1.101263819265404648e-01 -5.724026192048498052e-01
-2.027755347347786341e-01 -8.920306723685467176e-02 -5.515130704030299924e-01
-1.026581774772824529e-01 -3.651514850951611546e-01 -1.724854543647678928e-01
-1.452808978381962268e-01 -1.433797563501785499e-01 -5.427788598060996339e-01
-1.134025356974076998e-01 -1.725357962717656013e-01 -5.339353593086424432e-01
-6.850315801737033583e-02 -1.979471459734536976e-01 -5.351771186936146174e-01
-7.907790401514669387e-02 -1.233618163745754531e-01 -7.941652958253347938e-01
-9.719349531819163057e-02 -1.861842941085570247e-01 -7.199532668330643759e-01
-9.409592458462923137e-02 -1.968196325508496936e-01 -6.746995225670793239e-01
-8.664378035290183633e-02 -1.863298421312090114e-01 -6.290798672341730846e-01
-7.759091221548163053e-02 -1.830373117538194316e-01 -5.910203429432595579e-01
-1.623407046163681533e-01 -1.377958380190429377e-01 -5.638227118452276976e-01
-1.773712107993651588e-01 -1.438095772034618247e-01 -5.802562315363312129e-01
-1.930245258890644355e-01 -1.498131548978483552e-01 -6.015228951237853172e-01
-2.045357161785757161e-01 -1.356853042373599716e-01 -6.252237138113070358e-01
-2.445014046267326158e-01 -1.629278509760515026e-01 -3.824488367310977521e-01
-6.799863158960064435e-01 5.165787506829798703e-01 1.055777879615992648e-01
2.452591502822718331e-02 -3.372442835443018594e-01 -2.478912397772813914e-01
-1.814435855822348065e-01 -1.087683463465542455e-01 -5.562236541802475509e-01
-1.939249675511860727e-01 -1.126109924730267359e-01 -5.638996426570848097e-01
-6.044877873774444355e-02 -2.727986717732808764e-01 -2.513202332412337592e-01
-1.606737385820951602e-01 -2.101301156775224610e-01 -2.161321062691417272e-01
-7.061139560022040851e-02 -2.737286797969610830e-01 -2.340168322402877699e-01
-2.338053445863658986e-01 -1.902087703056129786e-01 1.340209999594441648e-01
-3.379992747685880428e-01 -1.621587809184639739e-01 8.147557799071396267e-02
-1.951414368467783989e-01 -2.501200415001125776e-01 -1.139334000175517836e-01
-5.013011411599701539e-01 -1.463686278738512980e-01 1.093436713390616433e+00
-4.571406403234229421e-01 -2.183359389852367327e-01 9.526933596550268835e-01
-4.143633216885745374e-01 -2.750521550571844442e-01 8.293866465387463860e-01
-2.395999821841614807e-01 -8.291078393932206636e-02 -6.836116633886313299e-01
-1.322279839457795592e-01 -3.631605021927349908e-01 7.692106654258825671e-01
-1.537811916694357683e-01 -3.519305709880491961e-01 9.597688363818112078e-01
-1.780129607549531812e-01 -3.379744361440227829e-01 1.169168781908711097e+00
-4.299091285047823563e-01 -1.201191245441252803e-01 3.752829714879586942e-01
-5.813911014689716605e-01 -1.437600884700662024e-02 3.118531509913451960e-01
-1.591523497123403241e-01 -1.613394055683448347e-01 3.901585584590371858e-01
-5.130832679074025515e-01 -1.103643889280501722e-01 5.522849106514855499e-01
-1.231772829340576220e-01 -2.499541913105449431e-01 2.338455795252530889e-01
-1.424273516394334027e-01 -3.697969038597332947e-01 -1.117352001999085409e-01
-6.381693841762792196e-01 6.195406501531419002e-02 2.600431318660710867e-01
-5.415342065619325185e-01 -6.349538920628379490e-02 2.347409527290292841e-01
-4.624517966286728066e-01 -1.180816483326736638e-01 1.869989247258129206e-01
-3.398633686531358777e-01 -1.496972429740356658e-01 1.905863663085223259e-01
-2.487586868612212398e-01 -1.698582757168586033e-01 2.216881133379454138e-01
-1.805826660965054731e-01 -1.924118066742896149e-01 2.586237827639961684e-01
-3.765685862524515565e-02 -3.306167268048577634e-01 3.408271741251022169e-01
-6.261358785778242675e-01 6.855957152523622922e-02 6.398347740718701715e-02
-5.642313227249834418e-01 -8.183323697995743828e-02 5.736208554115883596e-01
-1.284772503230099602e-02 -4.201204193678151344e-01 -2.352184302134520399e-01
-1.627839511431412589e-01 -2.337581811257454512e-01 8.068263433272987450e-02
-7.042989601416295153e-01 4.151849115666670365e-01 5.062841423338686475e-01
-1.274711180070347560e-01 -2.083638596693824785e-01 3.014682749926930749e-01
-1.990471160403280981e-01 -1.878508965351277649e-01 -1.087013981243204891e-01
-4.755016508626554450e-01 -8.437319233077680836e-02 4.856254505058761328e-01
-1.458424979238716057e-01 -3.540735457669637598e-01 -4.577229389724021130e-02
-6.518867689639414875e-01 5.178834667718947848e-01 -1.223041247306193985e-01
-1.555471131348431235e-01 -1.508097140940257985e-01 4.251433571692598834e-01
-9.438298022096540396e-02 -4.232531551986689067e-01 -4.432383473382149261e-03
-4.869545311673552646e-01 1.854341282909744981e-01 -6.463141188015205651e-01
-4.807974850284142398e-01 3.101151355710066726e-01 -7.304961078404195174e-01
-6.756955781695864749e-01 2.943638195573638483e-01 8.028224667364496081e-02
-5.602013606304457882e-01 2.480393657782633265e-01 -5.066466525748598571e-01
-6.556931834373911361e-01 1.260896266273698885e-01 6.334495666920065826e-01
-2.362401394997042381e-01 2.147151660926719177e-02 -9.764763173687940334e-01
-1.860579731609376172e-03 -3.324520246580018878e-01 -2.427379829905017272e-01
-2.203292685326584399e-01 -2.005399323397316358e-01 2.014328802669096766e-02
-6.344644190248495130e-01 6.068850492618621528e-02 4.488227834775664893e-01
-3.707234743341813465e-01 -1.462446442334005281e-01 3.979655337873171383e-01
-3.170564238730309570e-01 -1.615326680230954048e-01 3.853551138442097845e-01
-2.161965241809953031e-01 -9.805472995976848016e-02 -5.824415480906506293e-01
-6.108137390869190497e-01 1.132666360716029774e-01 -1.176741567291985646e-01
-1.151925329918597057e-01 5.106786159593203200e-02 -1.092651094629063513e+00
-3.055252154375033835e-01 1.662286527313304452e-01 -9.569321284475513778e-01
-3.871295354898531271e-01 2.304457929333867117e-01 -8.657516358232030251e-01
2.153819419659401199e-02 -3.681642580744484139e-01 9.430380176914608947e-01
1.896044809849001950e-02 3.159292914905142968e-02 -1.112308561666391693e+00
-2.620735248309917775e-01 -1.658149067502664720e-01 3.917858185088275436e-01
-2.081517886898857084e-01 -1.605716227347927794e-01 4.082259829509489180e-01
-1.723789472194346417e-01 -1.502363907573719681e-01 4.175491593897261988e-01
-6.082739149099796183e-01 -2.097978538064690368e-02 6.067131505352801879e-01
-2.203257222952957894e-01 -1.808772581690611114e-01 5.089075187459610738e-01
-2.798033350457275747e-01 -1.930843648049900829e-01 5.457872089728954546e-01
-3.366598444573890014e-01 -1.900232586987689876e-01 5.547854848106252845e-01
-3.902109015344245035e-01 -1.723956459573954547e-01 5.417222361376925477e-01
-4.219615467212715076e-01 -1.492997352028292979e-01 5.181718425076071721e-01
-6.963907011926716573e-01 2.880998177025232976e-01 7.019214548799218578e-01
-4.058287104358183073e-01 -1.282827275462205263e-01 4.213108129024772386e-01
2.292394433658049430e-02 -2.722448651651044882e-01 -3.290956277588069079e-01
-1.877094778499044381e-01 -2.001531978453009453e-01 -3.399893836991260132e-01
-1.312572276530535598e-01 -2.977295228218197476e-01 -1.752848459495230937e-01
-6.735227851258215881e-02 -2.640421576184508456e-01 -3.289438035318440479e-01
2.318126173007747926e-02 -3.266298582276385698e-01 4.860586348979427096e-01
-4.048468564064256481e-01 1.385307639677788305e-01 -7.760269291901251698e-01
-3.259405584792867683e-01 8.470774319962300070e-02 -8.785126349236002108e-01
-1.228276632008461905e-01 -3.530349842369585184e-02 -1.047432340329066625e+00
-5.492015607786604470e-01 4.072029148214087457e-01 -5.726599358955586361e-01
-1.762581418554659829e-01 -1.637113445840658876e-01 4.571378035359447423e-01
-8.063332018439493820e-02 -3.319348497658274333e-01 1.891909483067305831e-01
1.394231835911203393e-02 -5.270486798280738655e-02 -1.065533049292168410e+00
-2.182351779624517318e-01 9.744361149847885484e-02 -1.037170585166214298e+00
-6.529897235988570969e-01 3.110606422507186108e-01 -1.242436564616952593e-01
-1.272835094470700090e-01 -1.626570833840320085e-01 -5.749086553242046538e-01
-1.417455129708771189e-01 -1.685445491887397618e-01 -6.035899497276010495e-01
-1.531984576973038081e-01 -1.762411056752547500e-01 -6.397343408619656779e-01
-1.603541436700826051e-01 -1.642483625948146508e-01 -6.804209814314696736e-01
-1.700160675570223101e-01 -1.107750193505618735e-01 -7.490844566912998603e-01
-1.761202368985668731e-01 -1.222071024051299276e-01 -5.501066901920539376e-01
-1.855748402291512167e-01 -1.253549385447003117e-01 -5.442001665288467294e-01
-1.938151495230067689e-01 -1.281368863182668072e-01 -5.370013548694186900e-01
-2.831294709770210694e-01 -1.190790791033728979e-01 -4.525784659245866703e-01
-5.326740596971020203e-01 -5.673375524319497140e-03 -1.909673359146275284e-01
-7.929549839858188176e-02 -2.863147954385568128e-01 2.941153913451787227e-01
-1.112045870767072869e-01 -2.015535277783194468e-01 4.948814840774636292e-01
-1.505910144936360162e-01 -1.783100516529921853e-01 4.898610335079718880e-01
-1.665022089765404167e-01 -1.142295878950308485e-01 -5.554830061501907501e-01
-5.368471880325076384e-01 1.149461276005825372e-01 -3.961856082282130820e-01
-5.918585617146356753e-02 -2.825632653475805833e-01 4.839922464314559969e-01
-2.027520448768508621e-01 -6.513383673525899309e-02 -8.198916491306459386e-01
2.139571812533917067e-02 -4.423959539645813677e-01 1.361317698216438499e-01
-3.641210686641783989e-02 -3.806256763146620981e-01 2.283648478770542445e-01
2.231385319340246573e-02 -3.980770245997828360e-01 2.419564235349905557e-01
-1.259474180202199700e-01 -3.110126478473187461e-01 4.446903558270749041e-02
1.216522599957237626e-02 -9.858959893476851311e-02 -9.893814465195371888e-01
1.144186298888097246e-02 -1.122232978559721678e-01 -8.854800598265756273e-01
-9.771328281166535845e-02 -9.735307621857161586e-02 -8.751253337758801987e-01
-3.417496438032513462e-01 -1.433203103796790862e-02 -6.366591358910140830e-01
-2.555287567404019855e-01 -1.629238404811299279e-01 -1.733657887660207952e-01
-2.842783911076782744e-01 -3.510854748149093429e-02 -7.404035872415440922e-01
-3.996258175826192804e-01 -1.381523699802829630e-01 -1.410898515586975766e-01
-3.159572934159169955e-01 -1.396958660516158524e-01 -2.559976504780583917e-01
-4.529492570952645680e-01 -6.871256847474260798e-02 -2.761233581491316924e-01
-1.167455163670583218e-01 -7.938332935498186582e-02 -9.739473812370970096e-01
-1.636668295791972594e-01 -2.588003627083009794e-01 8.795566440960791857e-04
-3.917371257652301764e-01 5.529774192792234061e-02 -6.921841728761236601e-01
-3.139760082063249857e-01 2.368922898383571049e-02 -8.052286958692567165e-01
-3.822966083430879847e-01 -2.516348381907009685e-02 -5.215868287289902039e-01
-5.923184802708195695e-01 1.558227171263304178e-01 -2.714230524518670973e-01
-4.644006961948616286e-01 4.481713442112223583e-02 -5.138149462342100904e-01
-6.197612101764260473e-01 3.081758445002518720e-01 -3.180406917789994625e-01
-3.642409013491927916e-01 -9.843227437672072422e-02 -3.656071244246473229e-01
-1.205332861642119668e-01 -2.801758545621002017e-01 1.366759451820004634e-01
-1.224610028389114674e-01 -3.789866239667792902e-01 -1.576089452091567755e-01
-1.595830754031461740e-01 -3.055101775282133003e-01 -1.671433008042421120e-01
-9.589975232635027103e-02 -4.309275121119613416e-01 -1.047182887602015194e-01
-1.635872412394002717e-01 -2.315353636355775846e-01 5.906512892667211689e-01
-2.707951739193304452e-01 -2.472838895395030046e-01 6.622024034516820201e-01
-3.631782782686287514e-01 -2.424298537044164981e-01 6.778588131859923926e-01
-4.382347960506529638e-01 -2.138742636401213260e-01 6.609464221709802079e-01
-4.887891179629615390e-01 -1.704126857875783441e-01 6.206274640498610218e-01
-5.201664655560396255e-01 -5.460714177703523270e-02 4.684759597976545509e-01
-6.908352884371780078e-01 2.555559894492628326e-01 2.749714215510442594e-01
-4.775664288632695542e-01 -8.732181562935964481e-02 3.200044204477375254e-01
-4.154914740606997503e-01 -1.220316387835486543e-01 2.810221319041429355e-01
-3.313797513958727792e-01 -1.489157540078921427e-01 2.715453954375468548e-01
-2.498521848631698461e-01 -1.652108792825233985e-01 2.878742713441715950e-01
-1.851465987670904978e-01 -1.705476522897345082e-01 3.163780421897880446e-01
-1.402616330597121486e-01 -1.787698355419341523e-01 3.431624957937179921e-01
-6.948805128190991276e-01 4.853733581944226771e-01 3.120755614223928998e-01
-1.592055792389032165e-01 -2.712091615696642921e-01 -1.862625626366640197e-01
-8.133375443411054728e-02 -3.698107596225931326e-01 9.538877019958223735e-02
-7.910290179852604020e-02 -4.267934111282477017e-01 -1.741176360450842897e-01
-4.692640886762527996e-02 -3.947714947655432960e-01 -2.149940289577313979e-01
-7.928468013017180016e-02 -3.943157709608601791e-01 -1.836893977710294668e-01
-1.420672877537081935e-01 -2.460394530496787802e-01 -2.105559349770560473e-01
-3.385994105974594881e-02 -4.107266362766340273e-01 -2.269110285826934081e-01
-2.435963556108016945e-02 -3.331276940185242674e-01 -2.357640638325224636e-01
-1.346828480562843322e-01 -1.584812280322172307e-01 4.204115898094130110e-01
-1.048125239805995645e-01 -1.925128370315578874e-01 3.921196525521524756e-01
-8.758413993452059121e-02 -2.336258780423678960e-01 3.691263755994209084e-01
-4.384181230555773134e-01 -1.259525952275088734e-01 4.999836529110902594e-01
-4.786833290392061291e-01 -1.268486112011362188e-01 5.442384714429771009e-01
7.552188287998004568e-02 -4.191483480438444875e-01 1.234409199974295657e-01
4.587752013761442482e-01 -1.229228665885851030e-01 4.146222439123268266e-01
8.611219533420218231e-02 -3.393550236730488723e-01 -2.272220734598362768e-01
6.749729238250038454e-01 1.182470553662682833e-01 7.822397050999424506e-01
2.799554791027036860e-01 -1.729891394542384386e-01 3.324767014257251629e-01
3.418493214283223613e-01 -1.683586213141862742e-01 3.226826380052978949e-01
4.007354756535622120e-01 -1.526676432115127435e-01 3.260306589885827999e-01
4.787486875404720621e-01 -1.094104603056941238e-01 3.846433354988012532e-01
2.287593181538108422e-01 -1.681881625123499147e-01 3.569548453700154833e-01
3.749439456865296116e-01 -2.297087970223610220e-01 6.046448128393141497e-01
3.018635649340803973e-01 -2.274418386029956607e-01 5.932076068550443670e-01
4.408681092193303397e-01 -2.093360374496588960e-01 5.869748721133071223e-01
4.815635920029594508e-01 -1.811544033523136421e-01 5.463478082155550641e-01
5.246490292866330396e-01 -7.158353366399163031e-02 3.228668023542617949e-01
2.452572330598495887e-01 -3.625801334373039697e-02 -9.125562455910105619e-01
4.810161247766966963e-01 -1.070800436894724372e-01 4.470877228651641833e-01
7.087973846806800982e-01 1.951172416323674053e-01 3.947833332042583465e-01
5.901075434239678730e-01 -1.907268488952577890e-02 3.955293511434228582e-01
3.293047386848954594e-01 -1.868807836525561983e-01 -7.349297698954949942e-02
5.651135903007606376e-02 -2.645784260811525623e-01 -4.598844193762973709e-01
4.988973839880134209e-02 -2.261948936814311972e-01 -5.276513411146421806e-01
1.214237884795645872e-01 -2.168038062543672373e-01 -4.890692576403188330e-01
1.598407083359739411e-01 -1.644978074682118541e-01 -5.207234089453096626e-01
1.018789098243191860e-01 -1.930342751013770786e-01 -5.336242346561090866e-01
1.395586026485295394e-01 -1.457773389582868728e-01 -5.460109294991921658e-01
2.584875855715937365e-01 -6.392400730916567020e-02 -6.507246384981659748e-01
7.416760924614911044e-02 -4.588835843847257623e-01 -1.991369954481945759e-01
8.223942156005391302e-02 -4.900607358364919008e-01 -1.102614617597344748e-01
5.563665164059876656e-01 -1.732136746350983747e-01 6.270434953015723289e-01
2.048969113860013291e-01 -2.213058005537472672e-01 1.628610256944280632e-01
2.185523642055457183e-01 -3.098894767123456795e-01 -1.500638789976854737e-01
2.222476183525519677e-01 -2.976610192878942907e-01 -9.622535177868343781e-02
5.084522110983837884e-01 -1.095986951834241885e-01 -5.371802600025468027e-02
7.906462637585248698e-02 -4.666350399702268725e-01 1.331480947742500094e-02
4.250308824922582329e-01 -2.908729523807789263e-01 7.225348797764241660e-01
5.045458436055989537e-01 -2.391100069379642479e-01 6.939069647109268324e-01
6.154357582277225625e-01 -2.291738338789759202e-02 9.244762033319480210e-01
1.587210853525680143e-01 -3.281589598671448837e-01 6.287839752170258922e-01
2.399260006440159521e-01 -2.026188055116353581e-01 5.493175778543999410e-01
3.035454680262366089e-01 -6.217453446792164939e-02 -5.744529751129923145e-01
6.486790551206773614e-01 4.672085428632030135e-01 -4.169864899250497747e-01
1.739804220440210603e-01 -2.792575028604430964e-01 -1.986009658310690373e-01
1.271604587668040409e-01 -2.810956973633012002e-01 -2.247385068704638167e-01
1.997413073846932008e-01 -5.998407837359125139e-02 -5.882338516413061491e-01
1.852436905377474186e-01 -7.782811776930473324e-02 -5.885511166645092107e-01
5.336817896291660146e-01 -2.174114633345471947e-01 7.505708777438924173e-01
2.208178263222264071e-01 -2.707118107675587915e-01 -1.840487047264850740e-01
3.145918337950759924e-01 -3.239623994316973010e-01 7.085113654329285859e-01
3.244481591352450511e-01 -3.463799464011467211e-01 7.758062479556435687e-01
3.740939859095361308e-01 -2.810756412184928221e-01 1.107917811068529268e+00
5.752046679453040046e-01 -1.332078078327746384e-01 8.255966913948278307e-01
3.414562726391160985e-01 -3.150428792763395602e-01 9.366601033028167933e-01
5.897571093352205196e-01 -1.254613647909678942e-01 6.678392708498397390e-01
6.366821191598358576e-01 -8.776055370806896960e-03 7.104477466897514137e-01
5.375595616069277910e-02 -2.520188889934015242e-01 -4.978718654741758898e-01
1.114765640776338163e-01 -2.073768248293025307e-01 -5.131704424529246467e-01
1.500065041801826871e-01 -1.602779723284466495e-01 -5.332464966954566510e-01
1.605139441195873595e-01 -2.639628415442721865e-01 -2.126680826733420293e-01
1.919288678555974847e-01 -6.983558551180463203e-02 -5.888724493549930550e-01
1.763815172535515563e-01 -1.023714788417967869e-01 -6.011165062423253769e-01
1.786294921738529329e-01 -7.910619784891542716e-02 -5.873921176875562811e-01
1.429465088189026123e-01 -3.673796764605681275e-01 -1.831134693047520023e-01
1.316964156405817377e-01 -1.329260398813966182e-01 -5.549002591021473529e-01
9.444628458859628817e-02 -1.643192424952044928e-01 -5.468480679958565016e-01
4.667429060220287113e-02 -1.937027320890854498e-01 -5.457097812804474479e-01
9.321356002085334769e-02 -1.250839285305249959e-01 -7.994178276318921750e-01
5.726610075784194925e-02 -1.838365315405602607e-01 -7.286449121959797104e-01
5.333048659045654116e-02 -1.930300184409325104e-01 -6.835536437239098095e-01
4.939152346068827887e-02 -1.818281139221990250e-01 -6.384015074003406287e-01
4.285878745644654958e-02 -1.780097614419123009e-01 -6.005420828254848242e-01
1.325577777953889924e-01 -1.296895021624162314e-01 -5.854383475901082656e-01
1.452096625899906013e-01 -1.379222166770215363e-01 -6.030007403468882199e-01
1.581742402302368511e-01 -1.452057796316168770e-01 -6.252370271085329057e-01
1.706439369979170506e-01 -1.317689110678057496e-01 -6.486119332549326044e-01
2.646328142113304471e-01 -1.673503881099718815e-01 -4.114488617745106214e-01
7.154306141859870793e-01 4.958703404920550284e-01 3.895998115180100696e-02
1.553652837041775703e-01 -9.775818113365979112e-02 -5.810968263586774318e-01
1.658171502583818124e-01 -1.037044682680459545e-01 -5.906901760604392759e-01
1.074390934137301468e-01 -2.776477944916646012e-01 -2.583111430206454506e-01
2.019911363057170228e-01 -2.202253239396214368e-01 -2.305583809183422705e-01
1.170615295324735072e-01 -2.808548752744589594e-01 -2.423626828579958925e-01
2.681938217759975429e-01 -1.933807823668209358e-01 1.108218328499715882e-01
3.680285733470037290e-01 -1.692777402012646537e-01 4.811821857005312009e-02
2.329467511428819360e-01 -2.576021833705335329e-01 -1.315165069822511468e-01
5.211241591263288120e-01 -1.645430195422529218e-01 1.035012437878077396e+00
4.823086908878121415e-01 -2.335331671280264643e-01 9.042351782476030220e-01
4.450819369877588305e-01 -2.897820280194480236e-01 7.898653882764821166e-01
2.318267101642581263e-01 -8.510170057337308747e-02 -7.001252400547334220e-01
1.789315260100383664e-01 -3.687538312582576694e-01 7.416746260848605665e-01
1.918930086074648322e-01 -3.582280002448649525e-01 9.404510160804533392e-01
2.128229164847996180e-01 -3.466849228143337736e-01 1.145213335039969138e+00
4.504147597558822436e-01 -1.291677606581424775e-01 3.452637249260342989e-01
5.883150925119611241e-01 -3.047547471517572659e-02 2.564172912006061344e-01
1.951806100510626862e-01 -1.609749660864694398e-01 3.805821890149655995e-01
5.342311721228650834e-01 -1.238518403755229785e-01 5.059665368571546473e-01
1.628030290023706195e-01 -2.506666707968721042e-01 2.209363915319004501e-01
1.813854025607712361e-01 -3.753707510643016776e-01 -1.261342164473727157e-01
6.612464415170185017e-01 4.515570035436226176e-02 1.976062513701360435e-01
5.481013593406849349e-01 -7.705276511968120468e-02 1.851419073633844836e-01
4.709923930921678381e-01 -1.291325975450529628e-01 1.460614000199132456e-01
3.552432055755615492e-01 -1.561620785752109997e-01 1.629080517039780407e-01
2.699467104450216093e-01 -1.737059282922973347e-01 2.047240532913046362e-01
2.065777979698395495e-01 -1.951357957856572345e-01 2.476479759511418799e-01
8.248438127255935948e-02 -3.310276713741726606e-01 3.350671728931143289e-01
6.515802064699085516e-01 5.362715616416107584e-02 4.518348122269639014e-03
5.774484037470035691e-01 -9.623727506960967626e-02 5.192733295336249277e-01
5.340744655945921932e-02 -4.208606905161723089e-01 -2.378880028675613711e-01
2.013884556661479364e-01 -2.360437535505079953e-01 6.461968111748267463e-02
7.270552700388860368e-01 3.967694585490429415e-01 4.340319142311525047e-01
1.597276182424841873e-01 -2.094181545409929401e-01 2.955305095939481652e-01
2.403468657001298914e-01 -1.954494806804690232e-01 -1.269342296407523496e-01
5.032304139894616668e-01 -9.502168450342540762e-02 4.434852448578846529e-01
1.833915404591736631e-01 -3.597114646524892656e-01 -5.996801672713425457e-02
6.920233527687971176e-01 4.962740429563760602e-01 -1.813150164824848809e-01
1.951999722078021637e-01 -1.488762216909634561e-01 4.131284669058061243e-01
1.323435134760620469e-01 -4.262959166339760908e-01 -1.436205613744504297e-02
5.133327600574834060e-01 1.672155358412681370e-01 -6.786167981777877500e-01
5.139612983227600518e-01 2.906806176336929060e-01 -7.591389922033375814e-01
7.114949790126905427e-01 2.762586308985487404e-01 1.657010717976921399e-02
5.900066926230215225e-01 2.293080871634093632e-01 -5.491005902734998889e-01
6.758263550242253892e-01 1.093374948519577061e-01 5.676586479236958027e-01
2.599548200816225174e-01 1.072139849113167877e-02 -9.845199588266525526e-01
5.141140802779674973e-02 -3.342038552718921696e-01 -2.451909986848139766e-01
2.556986170211645870e-01 -2.059039081297498186e-01 -1.429989417090851657e-03
6.382093653840132941e-01 4.499911863919089927e-02 3.809119718836207480e-01
3.983609031451162963e-01 -1.536803408684897232e-01 3.761858295611358316e-01
3.451632129100897228e-01 -1.667117606533972396e-01 3.696772129464678258e-01
1.865133522004898681e-01 -9.051876999946614766e-02 -6.131382881391084227e-01
6.384165733797848574e-01 9.790395824760853016e-02 -1.724404751858277796e-01
1.502728406907701819e-01 4.537929062306031436e-02 -1.095093898539930333e+00
3.394842654049507469e-01 1.527713968396670063e-01 -9.671431407073279862e-01
4.210856111296722437e-01 2.143498484854132191e-01 -8.827634601577323270e-01
2.924141142199237486e-01 -1.693138310220186626e-01 3.781309494475222910e-01
2.429545322407920815e-01 -1.612360709049423524e-01 3.949750455146757711e-01
2.111062383407443510e-01 -1.488241503575373492e-01 4.044667754491123035e-01
6.168003862761312073e-01 -3.531301555984487500e-02 5.418691394067784994e-01
2.525560521967905592e-01 -1.820134905756835564e-01 4.805162065141840855e-01
3.068083664900184138e-01 -1.975147374979423776e-01 5.108270196409635533e-01
3.628752470489315929e-01 -1.969908819280433154e-01 5.175437961993407665e-01
4.170931763064660847e-01 -1.818094248155497916e-01 5.032091623552599202e-01
4.493265287393835572e-01 -1.596254806212294153e-01 4.792145273925162985e-01
7.118788704294664038e-01 2.686866440282166812e-01 6.295427343558104294e-01
4.344176680499813314e-01 -1.369682858138051851e-01 3.934531157308925886e-01
2.173628129612311666e-01 -2.055069154628898220e-01 -3.610928526503896507e-01
1.731783918177940973e-01 -3.046463751668513353e-01 -1.879364873908751787e-01
1.093134880641443429e-01 -2.652760611534534241e-01 -3.366769484189575667e-01
4.300857687959518394e-01 1.214273085619067688e-01 -7.984508172996457320e-01
3.486167308099988871e-01 6.958947257948953913e-02 -8.919974353407306156e-01
1.483393183616542044e-01 -4.157093955836934501e-02 -1.052096201553325061e+00
5.872092649758909877e-01 3.880827630914179260e-01 -6.123958696935699608e-01
2.132528042461020179e-01 -1.618817255133725985e-01 4.392974141833237978e-01
1.224498104948302662e-01 -3.333985031259067977e-01 1.798842219293605993e-01
2.519336202060262209e-01 8.768771225967170180e-02 -1.041924159239052905e+00
6.892700959769175739e-01 2.926220035282063314e-01 -1.827956079889547503e-01
9.362814341974533272e-02 -1.559045970320000751e-01 -5.930493932540642499e-01
1.057870854213603523e-01 -1.628960822481875792e-01 -6.220739256075696888e-01
1.156032527419245115e-01 -1.709223961913973189e-01 -6.573708686212880181e-01
1.245863882816241747e-01 -1.595414276882080595e-01 -6.962434741918079872e-01
1.742870499733583378e-01 -1.105021095989153074e-01 -7.580660926766917829e-01
1.639781487707003271e-01 -1.090803260293240762e-01 -5.690492480312314694e-01
1.730821901903771831e-01 -1.100759362342220299e-01 -5.655848853956153555e-01
1.817565988764319185e-01 -1.119708597721982418e-01 -5.596451704211591327e-01
2.935319458333051079e-01 -1.167272167929115367e-01 -4.871574109978648592e-01
5.542198545021597145e-01 -2.077710533897730513e-02 -2.390754847711948350e-01
1.221520462605831386e-01 -2.870010297757950024e-01 2.844664790630228590e-01
1.532833568032229976e-01 -2.034298614188277676e-01 4.778724234073577493e-01
1.879961127106739571e-01 -1.770127572253931136e-01 4.708422968117795815e-01
1.548862061373498522e-01 -1.001942375036985744e-01 -5.728942552935746280e-01
5.612052314690149091e-01 9.629778164405063123e-02 -4.433556582247427658e-01
9.910801232009409933e-02 -2.828259562468992683e-01 4.741747964366262447e-01
2.121423422220661825e-01 -7.128503195523891445e-02 -8.277453685416998885e-01
7.955091726685314946e-02 -3.821295203648513716e-01 2.230982813918073460e-01
1.651165822873362221e-01 -3.151102428232028241e-01 3.111151302441367630e-02
1.153335275529283749e-01 -1.023575495620138026e-01 -8.793470999646290087e-01
3.310322908792424079e-01 -2.511479794133229110e-02 -6.715523209783196279e-01
2.893541153776892916e-01 -1.723181075522764449e-01 -1.969526663574771297e-01
2.856601129936303107e-01 -4.386490203910974744e-02 -7.556997968046144099e-01
4.225018194625423384e-01 -1.505612982110671738e-01 -1.781452677679143115e-01
3.405814466394507800e-01 -1.507165669418780440e-01 -2.877657802419402722e-01
4.716262229699704212e-01 -8.583461675328205032e-02 -3.226695618623879880e-01
1.376186331911057881e-01 -8.492282707735002156e-02 -9.794817719466455408e-01
2.017840332068910614e-01 -2.639855901796097637e-01 -1.470151309931917033e-02
4.028736210287722219e-01 4.037528020925339883e-02 -7.167484394285084104e-01
3.278176989769750471e-01 1.043361727785840389e-02 -8.191812260851145666e-01
3.791232293356723293e-01 -3.458030879453732886e-02 -5.706831980063766796e-01
6.202208376294323644e-01 1.387111836974199153e-01 -3.215639337994332658e-01
4.734489186307361819e-01 2.563342906083961731e-02 -5.596823946246402004e-01
6.550895749343994545e-01 2.911584539197357713e-01 -3.701602959297294881e-01
3.740338222633997622e-01 -1.088555393949443562e-01 -4.114472238615494715e-01
1.607914595252228074e-01 -2.813826526033312292e-01 1.237840406594106213e-01
1.611737648611531459e-01 -3.831172464611039552e-01 -1.698462202295894230e-01
1.988020515866347759e-01 -3.133123915816378169e-01 -1.818411838232371069e-01
1.361160067676504826e-01 -4.356148897540303988e-01 -1.153213646530087955e-01
2.038642979402914834e-01 -2.349203594209199053e-01 5.681446248894606033e-01
3.065739856374933847e-01 -2.564221691473580478e-01 6.345257998146671685e-01
3.959201342059010531e-01 -2.543936315977662899e-01 6.457265182549627447e-01
4.670301835831915938e-01 -2.273110018962490320e-01 6.243986929713921663e-01
5.132449284494530195e-01 -1.845825225810277526e-01 5.791244354500294511e-01
5.390526783375871878e-01 -6.738596147755104848e-02 4.197420867037660597e-01
7.189328003975918868e-01 2.392024784438762652e-01 2.075503198997334930e-01
4.930616606487358555e-01 -9.801835981604505033e-02 2.800549695420890828e-01
4.311013226318112790e-01 -1.312287679759913117e-01 2.493548539331124081e-01
3.501459008500031334e-01 -1.550636427744030987e-01 2.517705402137829784e-01
2.731779461664883835e-01 -1.685956356594362493e-01 2.763246812982827483e-01
2.144604701428901306e-01 -1.734243839791519970e-01 3.083287574154655042e-01
1.740029443752021121e-01 -1.800366353208198433e-01 3.373001707211961686e-01
7.235664906993354295e-01 4.676932252288175662e-01 2.416851139322082620e-01
1.981240672690953997e-01 -2.794580842660313036e-01 -2.002799990286607268e-01
1.233109177268244955e-01 -3.709967590565074191e-01 8.620904175547068615e-02
1.186713394740166738e-01 -4.310582808893693163e-01 -1.828780500248770868e-01
8.629419983461658616e-02 -3.990329862776973435e-01 -2.208309463811465867e-01
1.186095795807073916e-01 -3.982492520998653918e-01 -1.926522550328394756e-01
1.825425987171017672e-01 -2.551087733625205800e-01 -2.229040805127815439e-01
7.356422518856049753e-02 -4.140369593373893764e-01 -2.315106449851307979e-01
7.161462757686938574e-02 -3.365820340518010934e-01 -2.397272878953740916e-01
1.738322760909899178e-01 -1.581091574066499639e-01 4.095016473344851859e-01
1.423855150163703398e-01 -1.931425709794233336e-01 3.847352426289618044e-01
1.233017603543943436e-01 -2.349812589401854834e-01 3.635086875553131813e-01
4.671168494346869537e-01 -1.366829408918407429e-01 4.613428419856455687e-01
5.047906387248091153e-01 -1.404968069526599528e-01 5.014574127361730582e-01
-3.240232091728019181e-01 -1.539345327685595621e-01 4.811863443343196156e-01
-2.599621220387236531e-01 -1.599041819592739444e-01 4.794179463808335706e-01
-3.232295103767514610e-01 -1.622150718254608548e-01 5.656951125933724622e-01
-3.889493986670424230e-01 -1.479126925402043657e-01 4.834340876878913673e-01
-3.253935231714124021e-01 -1.456565075001685639e-01 3.974551938453088629e-01
3.509400186108051489e-01 -1.602947468860236035e-01 4.509440603619703780e-01
4.136526976175763926e-01 -1.659771059612834276e-01 4.476825937142306366e-01
3.500353540076604486e-01 -1.687163872860881209e-01 5.316379048658832485e-01
2.877290708100425642e-01 -1.546373760655975482e-01 4.547925624271079159e-01
3.520812187423407735e-01 -1.518893862591680910e-01 3.702046206792913852e-01
