-1.578211771927659490e-02 -2.709776412944129298e-01 -4.775736003903245930e-01
2.190093681210363019e-02 -4.628255897870365843e-01 -2.009438213738690415e-01
2.427409706153479257e-02 -2.912372943277404813e-01 -2.623140453717395237e-01
-3.261976219130861138e-02 -4.197618971900390350e-01 1.282132962570425028e-01
2.170337963184742341e-02 -4.960838617532535300e-01 -1.087088050361648406e-01
2.068822062866230299e-02 -4.870655260001503506e-01 2.238351163722478512e-02
2.286954825504670594e-02 -3.580404274171911094e-01 3.561796424435716424e-01
-4.293957618754921102e-01 -1.132476970235854752e-01 4.474887948952747108e-01
2.332400874310288502e-02 -3.426808291830861219e-01 6.098647606770588592e-01
2.236400391092462775e-02 -3.698008716538113139e-01 7.322455782064914986e-01
2.100154130865770907e-02 -3.584329143192314104e-01 1.162678789439772098e+00
-1.478904031888030740e-02 -2.594667517840986704e-01 -5.046696069633934689e-01
-1.317291724212834789e-02 -2.365846232439674512e-01 -5.300877537474334433e-01
-1.060742079157994677e-02 -2.033625574865269292e-01 -5.468228218479085356e-01
-1.614812592873323197e-02 -1.903646641949545137e-01 -6.124579633177369420e-01
-1.708946765677968327e-02 -1.935726105480342629e-01 -6.522915632371890648e-01
-1.886482470495073199e-02 -2.028059335138871211e-01 -6.968027420260992644e-01
-1.862845659509180379e-02 -1.918052127990574063e-01 -7.393053332272447875e-01
1.143190979041941793e-02 -1.298846944173520923e-01 -8.039527753403581389e-01
2.085776842789720253e-02 -4.242921641571729685e-01 -2.409706724563988045e-01
-4.024441847520396354e-02 -3.361577963568828098e-01 -2.221528497369418820e-01
-6.662014826229841757e-01 1.377346967371199382e-01 8.536895533350219445e-01
-2.551024133291731610e-01 -1.704767218322090772e-01 3.392245898420891970e-01
-3.204313012423929408e-01 -1.635072347790601510e-01 3.325108120831479219e-01
-3.812628186424577015e-01 -1.454701141346531057e-01 3.447655993263953333e-01
-4.556071678242986089e-01 -9.994738246695683559e-02 4.206400375017571580e-01
-1.975348431163750362e-01 -1.661049004173341115e-01 3.640538297098802056e-01
-3.472867713705466430e-01 -2.218423222912170312e-01 6.421337014691632650e-01
-2.726775504206675471e-01 -2.211755916040237802e-01 6.279000589774367258e-01
-4.132852345128954497e-01 -1.981021944910971722e-01 6.270284727249826329e-01
-4.551100616641159391e-01 -1.676567627272927963e-01 5.900501835535405526e-01
-5.104420913983346297e-01 -5.940759345884448483e-02 3.675781638559305620e-01
-2.254203287975077852e-01 -2.629364797828910583e-02 -9.003683226650147642e-01
-4.502881139448187131e-01 -9.678482687606654311e-02 4.864013239886590956e-01
-6.873039115999024506e-01 2.131992564758058983e-01 4.634494855229609467e-01
-5.801862473616794524e-01 -3.898253201266542456e-03 4.526208574709124077e-01
-2.984858099208114735e-01 -1.786799016941664209e-01 -4.466562626863457286e-02
-8.734650024378370903e-02 -2.616620309017882451e-01 -4.565606261375665387e-01
-7.607330858153121822e-02 -2.253330939006104872e-01 -5.210047601083336311e-01
-1.491984926798669842e-01 -2.188307722223323259e-01 -4.744035244319872446e-01
-1.865985976895253584e-01 -1.705232125608258653e-01 -4.980466938305378455e-01
-1.267380540110371046e-01 -1.969418031935107893e-01 -5.196057350548338727e-01
-1.630310950822418670e-01 -1.517185286761018603e-01 -5.264624958182925196e-01
-2.838479567067145881e-01 -5.627293371332224570e-02 -6.132456061780446888e-01
-3.236086702797380532e-02 -4.559743600895819204e-01 -1.942968414289681645e-01
-4.192143677812271152e-02 -4.868062534883431103e-01 -1.044533526242895222e-01
-5.400021519989998131e-01 -1.585876743575464209e-01 6.720547841698482072e-01
-1.676353088925879309e-01 -2.194830592097055388e-01 1.800546592498797616e-01
-1.797682084675112091e-01 -3.032822052990642447e-01 -1.340765025664848453e-01
-1.847893789212246007e-01 -2.910760476611015668e-01 -7.962672344162272098e-02
-4.859199840488035438e-01 -9.846273504104488539e-02 -7.549237708840152682e-03
-3.784272601945535414e-02 -4.662235971794531642e-01 1.824600905004677628e-02
-3.945121560133429961e-01 -2.769096599126771308e-01 7.562284801751910646e-01
-4.805503871505073521e-01 -2.240603763225284539e-01 7.314304722221220967e-01
-6.025935126383465956e-01 -3.922892045660508233e-03 9.915938554754828438e-01
-1.143248801408341259e-01 -3.248064163374039803e-01 6.471594002839499149e-01
-2.065936611926060817e-01 -1.995662053690611670e-01 5.804818670036853145e-01
-3.262944863889142288e-01 -5.309724909365820533e-02 -5.186030502447406265e-01
-6.082708590315445418e-01 4.867829037113618473e-01 -3.668749758186984344e-01
-1.317643666951680281e-01 -2.726093055251284092e-01 -1.866987060678786392e-01
-8.160965497830718896e-02 -2.731219626756069552e-01 -2.161779343032986800e-01
-2.351192333186290506e-01 -6.390905641859254138e-02 -5.369388627665085956e-01
-2.228425972325516480e-01 -7.993364760237631206e-02 -5.424407435941129840e-01
-5.122240921221686838e-01 -2.017569517977894078e-01 7.964797666126480769e-01
-1.836177270691622954e-01 -2.630699986686220182e-01 -1.680609013750239689e-01
-2.760138687432891480e-01 -3.120148705628943975e-01 7.372941311191550939e-01
-2.857853194307925504e-01 -3.337855872394340784e-01 8.099194895142787232e-01
-3.461196109004882060e-01 -2.684507707019692102e-01 1.151303735721625809e+00
-5.564164764403344288e-01 -1.173912364624797866e-01 8.818319541200023703e-01
-3.083879298820790815e-01 -3.044444066550880956e-01 9.722979692918094496e-01
-5.746570566895142784e-01 -1.106702875181486689e-01 7.243800305010346108e-01
-6.196330374546125119e-01 7.269231154848843079e-03 7.721838560797060769e-01
-8.342903396041953523e-02 -2.500744081825431175e-01 -4.930878331195139297e-01
-1.382840027468875133e-01 -2.103100203912688371e-01 -4.985630929339668338e-01
-1.757506876319697431e-01 -1.659953022399794920e-01 -5.123694336040734987e-01
-1.170956887221137055e-01 -2.564722228067682352e-01 -2.019965225295696776e-01
-2.286243365012022855e-01 -7.218081694011582727e-02 -5.398273358075630357e-01
-2.111079644803992295e-01 -1.065635598539565188e-01 -5.732268798181413549e-01
-2.157890832046162610e-01 -8.180631716861233582e-02 -5.444046638932271698e-01
-1.027147549742450927e-01 -3.655015868712043203e-01 -1.726801040688295819e-01
-1.534768694424091251e-01 -1.390939478311850608e-01 -5.371399138818202523e-01
-1.159664617593738206e-01 -1.694827007041980471e-01 -5.343768707702214460e-01
-6.838010316308379410e-02 -1.952024690263814144e-01 -5.384170428301978673e-01
-7.577319649078305408e-02 -1.248655422074708143e-01 -7.958368861020428398e-01
-9.377225973002860371e-02 -1.882273119370174441e-01 -7.256124118327373917e-01
-9.079127496776660811e-02 -1.990704299722532711e-01 -6.822182767593827357e-01
-8.337070814510545713e-02 -1.886731562037155252e-01 -6.374563207453491920e-01
-7.473134935025650682e-02 -1.853062149852746643e-01 -6.001775546881585877e-01
-1.614448323179675238e-01 -1.370750988659328873e-01 -5.708455668321996690e-01
-1.753510081940776177e-01 -1.433754772171287328e-01 -5.873435603157115548e-01
-1.896116735679312104e-01 -1.497812064673211263e-01 -6.084364076372736907e-01
-1.998330362346085742e-01 -1.358501616954107816e-01 -6.316916348160146466e-01
-2.510658779830416965e-01 -1.599902600481821202e-01 -3.799391769946315334e-01
-6.803610734133096472e-01 5.168634501917376278e-01 1.056359757149952505e-01
2.447541731043909735e-02 -3.378661946032786023e-01 -2.486408320911333569e-01
-1.864427962915134185e-01 -1.053779245712097162e-01 -5.578609551140287781e-01
-1.988486799478227374e-01 -1.091529791267512040e-01 -5.652707607822482494e-01
-6.073437410625838473e-02 -2.734460385873953014e-01 -2.520416239691557481e-01
-1.609118946291346608e-01 -2.104870382032298093e-01 -2.163024935928141157e-01
-7.083742611115256826e-02 -2.743916084145092693e-01 -2.345784755452344217e-01
-2.339342005771721245e-01 -1.903135991306387498e-01 1.340948630852344392e-01
-3.381855546481996044e-01 -1.622481506906568727e-01 8.152048201626610480e-02
-1.952489841880792609e-01 -2.502578889296698250e-01 -1.139961919677985880e-01
-5.015774207948549002e-01 -1.464492952965785189e-01 1.094039333794085689e+00
-4.573925819984556718e-01 -2.184562693985397375e-01 9.532184097031934922e-01
-4.145916877101656350e-01 -2.752037431999875272e-01 8.298437391639560401e-01
-2.331451782826962082e-01 -8.292843583355284653e-02 -6.871148113342593344e-01
-1.323008581048958909e-01 -3.633606490559920799e-01 7.696345967205564520e-01
-1.538659443420274664e-01 -3.521245287544975122e-01 9.602977859027026497e-01
-1.781110681633830684e-01 -3.381607023344451179e-01 1.169813140155007813e+00
-4.301460622105028886e-01 -1.201853252070540223e-01 3.733996009916059622e-01
-5.817115206901757318e-01 -1.438393261669684321e-02 3.120250210862228757e-01
-1.592400625648741075e-01 -1.614283237622268774e-01 3.884814402891054730e-01
-5.133660409679123848e-01 -1.104252139067507799e-01 5.542137033744461982e-01
-1.232451690247941545e-01 -2.500919473359021761e-01 2.339678063525921781e-01
-1.425058469259542215e-01 -3.700007082104344036e-01 -1.117967798765221732e-01
-6.385210953334627959e-01 6.198821024533519852e-02 2.601864481596665168e-01
-5.418326596484752677e-01 -6.353038271288115324e-02 2.348703243569542631e-01
-4.627066654151846814e-01 -1.181467256960646861e-01 1.871019861055512878e-01
-3.400506758816511654e-01 -1.497797448800485265e-01 1.904946799118706346e-01
-2.488957848046530197e-01 -1.699518888737897859e-01 2.209844043947815917e-01
-1.806821897340145644e-01 -1.925178496479252876e-01 2.575897460108181325e-01
-3.767761226471983554e-02 -3.307989379770828187e-01 3.410150109498557569e-01
-6.264809577681915709e-01 6.859735642503719810e-02 6.401873951615245917e-02
-5.645422847616392570e-01 -8.187833693449900196e-02 5.748018199317234123e-01
-1.285480578528383142e-02 -4.205144057666556634e-01 -2.355602573985232095e-01
-1.628736654623284541e-01 -2.338870111235853422e-01 8.072709976600368764e-02
-7.046871169671007351e-01 4.154137303870508724e-01 5.065631650634352390e-01
-1.275413705379981610e-01 -2.084786942196079629e-01 3.001965437906928824e-01
-1.991568158994133364e-01 -1.879544258767674447e-01 -1.087613065870702556e-01
-4.757637117512132363e-01 -8.441969290899928313e-02 4.865788468721419235e-01
-1.459228753831845471e-01 -3.542686845805729234e-01 -4.579752055196679300e-02
-6.522460401160053989e-01 5.181688853424203378e-01 -1.223715292066813870e-01
-1.556328390510555437e-01 -1.508928291107811126e-01 4.243700097704683483e-01
-9.443499704912269865e-02 -4.234864206305240519e-01 -4.434826666392211597e-03
-4.872229040255638965e-01 1.855363256910060321e-01 -6.466703187262810015e-01
-4.810624645840357871e-01 3.102860478019852097e-01 -7.308987025711872754e-01
-6.760679709536883131e-01 2.945260524240747024e-01 8.032649302437147587e-02
-5.605101016538931447e-01 2.481760680763689941e-01 -5.069258782551866460e-01
-6.560545523999621320e-01 1.261591177837769751e-01 6.337986766393699511e-01
-2.353557528627432116e-01 2.155362759716726931e-02 -9.762460444138720828e-01
-1.933310181296052539e-03 -3.330861240576580840e-01 -2.434543315506454975e-01
-2.204506975198812224e-01 -2.006504549273291360e-01 2.015438959687210901e-02
-6.348140882827928433e-01 6.072195148844137386e-02 4.490701409730237792e-01
-3.709277893411155880e-01 -1.463252433256330975e-01 3.964017439418171529e-01
-3.172311616221268893e-01 -1.616216927287645322e-01 3.834245579442721041e-01
-2.212257512089069178e-01 -9.437235137741908919e-02 -5.822864277802313193e-01
-6.111503738618312420e-01 1.133290597609441924e-01 -1.177390103043123581e-01
-1.152560184865920045e-01 5.109600696850769702e-02 -1.093253282058324505e+00
-3.056934546525258978e-01 1.663202739470276137e-01 -9.574594333993229345e-01
-3.873428922886643644e-01 2.305727958098608421e-01 -8.662287732685576280e-01
2.155006443573798114e-02 -3.683671626330997650e-01 9.435577464384505841e-01
1.897089767709217098e-02 3.161034040958380503e-02 -1.112921582818877653e+00
-2.622179601250860803e-01 -1.659062915051253972e-01 3.900422949679802076e-01
-2.082665063624742352e-01 -1.606601177842941763e-01 4.069606073809533542e-01
-1.724739495816662860e-01 -1.503191898012536387e-01 4.165549442276959557e-01
-6.086091499240715574e-01 -2.099134826196777381e-02 6.070539864874899827e-01
-2.204471493280980021e-01 -1.809769441636517040e-01 5.105703858404032625e-01
-2.799575416830137886e-01 -1.931907784422836616e-01 5.485226926135672310e-01
-3.368453861433540752e-01 -1.901279852836944007e-01 5.577826767444126199e-01
-3.904259565513640839e-01 -1.724906575227204697e-01 5.443394968201179518e-01
-4.221941003152924754e-01 -1.493820180323372215e-01 5.201041587974402081e-01
-6.967744995782436668e-01 2.882585983206690239e-01 7.023083014025993664e-01
-4.060523728190426618e-01 -1.283534273755615462e-01 4.204259991609087255e-01
2.233529578667615631e-02 -2.717227114573877444e-01 -3.311621400819684258e-01
-1.885728890594734197e-01 -2.002398826267918486e-01 -3.415324467205975711e-01
-1.313295668040238007e-01 -2.981280092842564233e-01 -1.755001528219146678e-01
-6.799976437773393168e-02 -2.637344104490488284e-01 -3.308755778936117720e-01
2.319403750495827726e-02 -3.268098721365730319e-01 4.863265140052421831e-01
-4.046094577570630291e-01 1.386390131005285631e-01 -7.761777450666159650e-01
-3.246582973712721643e-01 8.485569012396124156e-02 -8.779839963306999007e-01
-1.228568716985711518e-01 -3.532028998728175412e-02 -1.047949993474075470e+00
-5.495042395364607701e-01 4.074273345631444498e-01 -5.729755431523787523e-01
-1.763552821391777825e-01 -1.638015700130435737e-01 4.572949939576069767e-01
-8.067775922997251492e-02 -3.321177873886835274e-01 1.892952177656550272e-01
1.395000232052650418e-02 -5.273391495774395338e-02 -1.066060480072807959e+00
-2.183554528438272913e-01 9.749731590788236757e-02 -1.037742195894887143e+00
-6.533496026168901238e-01 3.112320771552840037e-01 -1.243121294670666843e-01
-1.236404300307370890e-01 -1.640244056679466822e-01 -5.839896507609014797e-01
-1.374675625546082913e-01 -1.699752707511726357e-01 -6.121145262081542082e-01
-1.485773046163211542e-01 -1.776681991027931062e-01 -6.479447830817552934e-01
-1.553236126728639310e-01 -1.655529911295614554e-01 -6.873371280098745650e-01
-1.644503056224999316e-01 -1.115463898948685084e-01 -7.521339067428788328e-01
-1.916744914162232527e-01 -1.141268550256994696e-01 -5.366604545265184489e-01
-2.028322613820406073e-01 -1.161487188622402078e-01 -5.299150776309794475e-01
-2.123281601072192770e-01 -1.180803992945067826e-01 -5.222110065441611937e-01
-2.985105494685923455e-01 -1.097606894177136361e-01 -4.419544402030882169e-01
-5.329676297344355662e-01 -5.676501868613214805e-03 -1.910725828041904550e-01
-7.933920013701174778e-02 -2.864725907050165166e-01 2.942142947179537948e-01
-1.112658747144014693e-01 -2.016646089837909606e-01 4.958177614727728999e-01
-1.506740089795551019e-01 -1.784083227956690110e-01 4.908847864027817698e-01
-1.803168433573515417e-01 -1.072600349610371290e-01 -5.428705716392272507e-01
-5.371430579855569487e-01 1.150094776904062310e-01 -3.964039560558973441e-01
-5.921847498157750689e-02 -2.827189930516935679e-01 4.843486793914103528e-01
-1.978027743820272577e-01 -6.516282110442667141e-02 -8.217608335145158982e-01
2.140750984234601056e-02 -4.426397694730659915e-01 1.362067938739533746e-01
-3.643217449197154456e-02 -3.808354486735212596e-01 2.284907054736398102e-01
2.232615091767829046e-02 -3.982964148344786959e-01 2.420897717898889967e-01
-1.260168308018960182e-01 -3.111840547198282958e-01 4.449354338615649912e-02
1.216967945723624461e-02 -9.869845828956799738e-02 -9.884266326343471576e-01
1.201310151554621855e-02 -1.130583072989767845e-01 -8.885609776937342108e-01
-9.538942773147221499e-02 -9.782507671557844064e-02 -8.774595807900053002e-01
-3.414715155528773582e-01 -1.308163794317142477e-02 -6.352556732387152350e-01
-2.556695850486149779e-01 -1.630136318968406772e-01 -1.734613350013852751e-01
-2.784599203158153458e-01 -3.476724583774915694e-02 -7.417328659575235239e-01
-3.998460613959821108e-01 -1.382285092171662566e-01 -1.411676097153704013e-01
-3.162164209547767002e-01 -1.397728559479052279e-01 -2.561485070448685786e-01
-4.531988887938519506e-01 -6.875043769500062407e-02 -2.762755366588315886e-01
-1.156570966072341666e-01 -7.939246799119147047e-02 -9.724684345148285614e-01
-1.637570304748390271e-01 -2.589429940806365904e-01 8.800413898278141526e-04
-3.899887943524244505e-01 5.546427668279367562e-02 -6.905346673377247280e-01
-3.100615081058443190e-01 2.398541996551135230e-02 -8.016378400371835244e-01
-3.886494307765515632e-01 -2.100923661738909182e-02 -5.166311135310669433e-01
-5.926449218446129263e-01 1.559085949348165134e-01 -2.715726405051820391e-01
-4.646598528222961599e-01 4.485303660555690214e-02 -5.140469069811003378e-01
-6.201027761271185046e-01 3.083456863581348628e-01 -3.182159719828303590e-01
-3.671323287334195551e-01 -9.531593786140687974e-02 -3.634438314879728238e-01
-1.205997150819994868e-01 -2.803302665042371467e-01 1.367512691430027294e-01
-1.225284941697185048e-01 -3.792460023930733781e-01 -1.577198762958827161e-01
-1.596710256394136551e-01 -3.057855014731237220e-01 -1.672822137627379413e-01
-9.595260508566565150e-02 -4.311650070744354468e-01 -1.047760012408895935e-01
-1.636773982719114118e-01 -2.316629685829353913e-01 5.927998016485986899e-01
-2.709444159330348101e-01 -2.474201738945650542e-01 6.647062593953038112e-01
-3.633784349287271231e-01 -2.425634628785581781e-01 6.802135946641304498e-01
-4.384763182406214987e-01 -2.139921351122129334e-01 6.631937109450329881e-01
-4.890585019079770612e-01 -1.705066044938078340e-01 6.228190886650120106e-01
-5.204531423444680449e-01 -5.463723674749756259e-02 4.688893995980722984e-01
-6.912160250954135776e-01 2.556968327661048868e-01 2.751229636184506222e-01
-4.778296277027820338e-01 -8.736994087256920449e-02 3.187341671805864474e-01
-4.157204618353648184e-01 -1.220988934810534055e-01 2.792227650531483585e-01
-3.315623830900915059e-01 -1.489978252157307947e-01 2.691871481865263926e-01
-2.499898854607828791e-01 -1.653019311426918436e-01 2.853693842642235912e-01
-1.852486377023882524e-01 -1.706416453793892229e-01 3.140605105840936218e-01
-1.403389347643929363e-01 -1.788683600830465459e-01 3.411188003244272071e-01
-6.952634789019728201e-01 4.856408596285397561e-01 3.122475540932387328e-01
-1.593002381071035589e-01 -2.715387942866585025e-01 -1.864354419736057034e-01
-8.137857950657471917e-02 -3.700145716095528114e-01 9.544134015797671455e-02
-7.914649739213801272e-02 -4.270639992779629024e-01 -1.742343846282276287e-01
-4.695227118878098072e-02 -3.952074038945804224e-01 -2.153538890426710539e-01
-7.932837590638255887e-02 -3.946669314387912242e-01 -1.838957783613624497e-01
-1.422487070820737665e-01 -2.464757662439337749e-01 -2.107782932212620697e-01
-3.387860232034017177e-02 -4.111300457360041460e-01 -2.272508348378401988e-01
-2.442758061034813397e-02 -3.337550617523576402e-01 -2.364220465773331781e-01
-1.347570751525963284e-01 -1.585685710127568704e-01 4.195343626291754835e-01
-1.048702885602183499e-01 -1.926189356855577406e-01 3.908893076027881719e-01
-8.763240975123556820e-02 -2.337546351246594933e-01 3.682194435827265688e-01
-4.386597462816576032e-01 -1.260220108624737489e-01 5.013165537406838457e-01
-4.789471434304248820e-01 -1.269185206529822307e-01 5.464116557125551221e-01
7.556350488423003997e-02 -4.193793512135006729e-01 1.235089505945975441e-01
4.590280438987786038e-01 -1.229906124640911536e-01 4.137261965554619447e-01
8.613020605743361424e-02 -3.399377758829656981e-01 -2.277908391506572872e-01
6.753449183361672770e-01 1.183122242849090622e-01 7.826708138629638878e-01
2.801097695903963514e-01 -1.730844781087183537e-01 3.277467972000890906e-01
3.420377231652328431e-01 -1.684514079739548031e-01 3.174660480061814449e-01
4.009563310273256409e-01 -1.527517821796139930e-01 3.210252987615062059e-01
4.790125379524005078e-01 -1.094707591551160042e-01 3.823605440207872852e-01
2.288853931528618268e-01 -1.682808552279965175e-01 3.533073482611052696e-01
3.751505867011039608e-01 -2.298353953030357888e-01 6.097499590270610836e-01
3.020299295174763143e-01 -2.275671875060150118e-01 5.985004372912634540e-01
4.411110826942470364e-01 -2.094514077914478301e-01 5.918207417819678628e-01
4.818289937793536204e-01 -1.812542420885672745e-01 5.507248582289167027e-01
5.249381765283858137e-01 -7.162298474990451413e-02 3.212781196865909239e-01
2.453106058083268370e-01 -3.647119239544541203e-02 -9.107803915761834013e-01
4.812812248301683304e-01 -1.071390581878346598e-01 4.477926992456000010e-01
7.091880207007652537e-01 1.952247756390788069e-01 3.950009082029983243e-01
5.904327664949997612e-01 -1.908319652228112479e-02 3.953125155515033740e-01
3.294862267875540152e-01 -1.869837783406493037e-01 -7.353348120814873212e-02
5.734154810875630170e-02 -2.623018384996236296e-01 -4.639861506421893989e-01
5.176180693883060402e-02 -2.238384158956518155e-01 -5.291344614820445713e-01
1.270186157577194996e-01 -2.161205291549556651e-01 -4.891263701883651338e-01
1.729593318496573384e-01 -1.640004639388426000e-01 -5.147408213042855563e-01
1.077972282930734771e-01 -1.922332859382707704e-01 -5.322462530839446870e-01
1.520444135644600514e-01 -1.456343809487982421e-01 -5.398760036177664423e-01
2.837141171347041246e-01 -6.191959947501009254e-02 -6.388716692339223568e-01
7.420848487622526413e-02 -4.591567789396935328e-01 -1.992620107103924842e-01
8.228474576839139853e-02 -4.903308206020182691e-01 -1.103222292221225365e-01
5.566731439505793189e-01 -1.733091370365492934e-01 6.280140055427688717e-01
2.050098352140536095e-01 -2.214277677322647742e-01 1.629507824913339897e-01
2.186728138962170664e-01 -3.100735287271757512e-01 -1.501493705088197128e-01
2.223701045904855067e-01 -2.978250677429566395e-01 -9.627838477459324529e-02
5.087324318673083212e-01 -1.096590977738093886e-01 -5.374763214255943999e-02
7.910820087491879371e-02 -4.668922142470880443e-01 1.332214691120563524e-02
4.252651276742220876e-01 -2.910332597618786599e-01 7.229330868746852712e-01
5.048239114774003555e-01 -2.392417864612687572e-01 6.943047098736997436e-01
6.157749403133342403e-01 -2.293001452337221219e-02 9.249857021973892923e-01
1.588085605244941023e-01 -3.283398165023531101e-01 6.291305138398830543e-01
2.400582298819226024e-01 -2.027304738183900445e-01 5.540629162458324819e-01
3.316053064021970975e-01 -5.702809062467018714e-02 -5.507325427478396707e-01
6.490365584211716943e-01 4.674660332118955042e-01 -4.172163016404625280e-01
1.740544936666103548e-01 -2.796564041217770580e-01 -1.988432945242393501e-01
1.271022253633035115e-01 -2.816702149697882795e-01 -2.251803774164488348e-01
2.325542762362610427e-01 -5.595110698154601853e-02 -5.658061948509082173e-01
2.167839879138795944e-01 -7.446177836327869115e-02 -5.688889330054659466e-01
5.339759150517455755e-01 -2.175312842461270546e-01 7.509845330216921022e-01
2.209395245659032114e-01 -2.709467028291299706e-01 -1.841834041056538696e-01
3.147652132467513852e-01 -3.241409432371717414e-01 7.089018406583589282e-01
3.246269706550782286e-01 -3.465708450791383788e-01 7.762338142413104380e-01
3.743001584899545708e-01 -2.812305490556287202e-01 1.108528412368210869e+00
5.755216776677957169e-01 -1.332812219974155998e-01 8.260516952806804536e-01
3.416444577569787699e-01 -3.152165073104948867e-01 9.371763201834586443e-01
5.900821392732351622e-01 -1.255305100917998296e-01 6.682073338258884831e-01
6.370330106479581422e-01 -8.780892124494519071e-03 7.108392922657418289e-01
5.508945225761857634e-02 -2.496134005181313287e-01 -5.010188110458417832e-01
1.172916179952813998e-01 -2.065994078260698086e-01 -5.126406859265626448e-01
1.626029391586724659e-01 -1.599963746544973975e-01 -5.275320152228581971e-01
1.605174157856645578e-01 -2.644123610588968720e-01 -2.129428527559560358e-01
2.243206936200822788e-01 -6.610277822950111348e-02 -5.676656011926606293e-01
1.959152216368366117e-01 -1.026230326353106126e-01 -5.979269288175015351e-01
2.090931122254539032e-01 -7.611342294289932808e-02 -5.691819524043688627e-01
1.430252902259689651e-01 -3.677349100736153620e-01 -1.833298675820830836e-01
1.438585094387831442e-01 -1.329294794002328362e-01 -5.485133178377272767e-01
1.009621200441331024e-01 -1.637128510288823890e-01 -5.443829963188995258e-01
4.909706298963707749e-02 -1.916800138369499362e-01 -5.456635852572417900e-01
9.373175535039721118e-02 -1.272752712387853480e-01 -8.018558344481565570e-01
5.819278888997872490e-02 -1.869831245041742585e-01 -7.334777808446734104e-01
5.432684279749022682e-02 -1.964503724184263611e-01 -6.901556542398580296e-01
5.079000364668993794e-02 -1.853583309938580947e-01 -6.458818830228865160e-01
4.472553233619130930e-02 -1.813659256599473857e-01 -6.085292821422058074e-01
1.410127878047387207e-01 -1.318905529090733109e-01 -5.905796579209718900e-01
1.530142683002259085e-01 -1.402394298935752959e-01 -6.081463724433886497e-01
1.649000628998646689e-01 -1.476127450529683971e-01 -6.301880853149707251e-01
1.767095251315873861e-01 -1.340910626536711558e-01 -6.533328273231857608e-01
2.734210454191896567e-01 -1.656814416140886814e-01 -4.041035786999188639e-01
7.158249059452583829e-01 4.961436270764509882e-01 3.898145297479110871e-02
1.729897257441845859e-01 -9.839769088486897963e-02 -5.796917465915061296e-01
1.840254571088616453e-01 -1.042574088528284981e-01 -5.888466726479341107e-01
1.072254550789170507e-01 -2.782178456886149065e-01 -2.590648976591193309e-01
2.019544335241817423e-01 -2.205191414503139824e-01 -2.307616953390922709e-01
1.169260104209363105e-01 -2.814412151273324447e-01 -2.429539266934071240e-01
2.683416301192764197e-01 -1.934873593672690462e-01 1.108829095422093347e-01
3.682314031263977383e-01 -1.693710334105095749e-01 4.814473752979243210e-02
2.330751339413020540e-01 -2.577441543961779269e-01 -1.315889890285643071e-01
5.214113637237089982e-01 -1.646337033281640438e-01 1.035582859197639038e+00
4.825745033068939427e-01 -2.336618731150073569e-01 9.047335217763401438e-01
4.453272328088698773e-01 -2.899417341647644308e-01 7.903007029070773237e-01
2.381159327761929734e-01 -8.643118933844225193e-02 -7.026635101940266193e-01
1.790301396628240782e-01 -3.689570607454808471e-01 7.420833815774647846e-01
1.919987656584707381e-01 -3.584254286825583335e-01 9.409693222282279335e-01
2.129402085330990846e-01 -3.468759895724775610e-01 1.145844490838533680e+00
4.506629946294038458e-01 -1.292389482514340326e-01 3.412073743263754344e-01
5.886393277183290529e-01 -3.049227110674637004e-02 2.565586092024504383e-01
1.952881789816993396e-01 -1.610636834286103825e-01 3.779988508832333172e-01
5.345256003239194920e-01 -1.239200978365039701e-01 5.086305884542867695e-01
1.628927538358446725e-01 -2.508048194875478476e-01 2.210086272960698484e-01
1.814853686064837046e-01 -3.755776273020268174e-01 -1.262037321783481270e-01
6.616108710194299469e-01 4.518058738656108297e-02 1.977151571325549695e-01
5.484034317498722721e-01 -7.709523083153825562e-02 1.852439421319959922e-01
4.712519688156457942e-01 -1.292037657590708322e-01 1.461418997027988387e-01
3.554389890180339462e-01 -1.562481434143050962e-01 1.628285167342480300e-01
2.700954848492200799e-01 -1.738016619870877966e-01 2.036820066528169382e-01
2.066916481766560287e-01 -1.952433400180279000e-01 2.460859431663115215e-01
8.252984048433967268e-02 -3.312101090282588700e-01 3.352518383989616102e-01
6.519393086676916749e-01 5.365671123760952510e-02 4.520837803165258031e-03
5.777666500485835188e-01 -9.629031345089220095e-02 5.210474307215066103e-01
5.343688054543275362e-02 -4.212585207055949965e-01 -2.382437583012618210e-01
2.014994458962373058e-01 -2.361738431846484854e-01 6.465529424955707150e-02
7.274559684376218360e-01 3.969881297324219238e-01 4.342711216886497860e-01
1.598156481399365669e-01 -2.095335701395709682e-01 2.936601685794719141e-01
2.404793268873271495e-01 -1.955571977924546179e-01 -1.270041862790683984e-01
5.035077568950019344e-01 -9.507405333753576882e-02 4.439990322399932632e-01
1.834926121378094299e-01 -3.599097106646329536e-01 -6.000106700083622513e-02
6.924047441990903717e-01 4.965475520313275548e-01 -1.814149437366638917e-01
1.953075518094090912e-01 -1.489582711115505220e-01 4.121128919440476546e-01
1.324164513064008120e-01 -4.265308590079908702e-01 -1.436997172334199616e-02
5.136427639951757218e-01 1.673076925179562968e-01 -6.789667104209883286e-01
5.142445552878589510e-01 2.908408190142885430e-01 -7.595573727462332503e-01
7.118871017446855021e-01 2.764108823793183789e-01 1.657923878859927924e-02
5.903318601126471554e-01 2.294344646028283752e-01 -5.494032133839215071e-01
6.761988198827326713e-01 1.093977530930035913e-01 5.679714956829770012e-01
2.600980877043780892e-01 1.072730737221515296e-02 -9.848485804983972969e-01
5.136671065738439290e-02 -3.348225332555895828e-01 -2.459084944063298361e-01
2.558395389436394218e-01 -2.060173869389697598e-01 -1.430777717774329820e-03
6.385610985758434222e-01 4.502391878235235956e-02 3.811219036082863498e-01
3.985804498324000411e-01 -1.537650379596750549e-01 3.732985518885429399e-01
3.453534410157304557e-01 -1.668036396869412297e-01 3.664601741960261672e-01
2.078231281694289390e-01 -9.030773370025088620e-02 -6.080313953000018312e-01
6.387684207691397553e-01 9.795791597037006859e-02 -1.725355114576652693e-01
1.503556598231245711e-01 4.540429969561334683e-02 -1.095697432259707949e+00
3.396713637001554931e-01 1.528555929889955367e-01 -9.676761575546020122e-01
4.213176819736142997e-01 2.144679820642440560e-01 -8.832499732462475439e-01
2.925752709739755653e-01 -1.694071441218202301e-01 3.753422238765051766e-01
2.430884305784374866e-01 -1.613249321484991061e-01 3.930397279816643663e-01
2.112225842846529034e-01 -1.489061710803062100e-01 4.030123537346441687e-01
6.171403204424945610e-01 -3.533247764624894427e-02 5.425307084004798996e-01
2.526952421729542486e-01 -1.821138027764576950e-01 4.829148381946079538e-01
3.069774562776004245e-01 -1.976235928247704887e-01 5.147613513468710655e-01
3.630752367009228432e-01 -1.970994485449250599e-01 5.218184299668440218e-01
4.173230468194200071e-01 -1.819096245505641973e-01 5.067575340668305506e-01
4.495741638614919045e-01 -1.597134542280763403e-01 4.815472105345458553e-01
7.122712047336517971e-01 2.688347239782021836e-01 6.298896879875917065e-01
4.346570865249496096e-01 -1.370437724721995099e-01 3.914406890830776087e-01
2.205866119583251572e-01 -2.055048414119545197e-01 -3.595986520919728369e-01
1.732738347739993245e-01 -3.050333445663788723e-01 -1.881713606486881407e-01
1.090993470714506919e-01 -2.653149386757220896e-01 -3.383174632958016459e-01
4.303241325902320558e-01 1.214942309884337185e-01 -7.988909479260408730e-01
3.488056147423170827e-01 6.962309934767317576e-02 -8.923554199324260638e-01
1.484210718813473717e-01 -4.159385034603768627e-02 -1.052589961118450379e+00
5.875328907329624428e-01 3.882966468190096609e-01 -6.127333764203496402e-01
2.133703332163312538e-01 -1.619709425933813229e-01 4.396076936662781653e-01
1.225172956572556371e-01 -3.335822474048479869e-01 1.799833606367673422e-01
2.520724671443049791e-01 8.773603955297734625e-02 -1.042498389781649104e+00
6.896499700183229553e-01 2.927832764364072249e-01 -1.828963512342560160e-01
9.769162833482353259e-02 -1.589315936340749691e-01 -5.994445909982504261e-01
1.090222163937049488e-01 -1.661233168324607323e-01 -6.282261996486326883e-01
1.176613031792236724e-01 -1.742118638835700450e-01 -6.637154285747759452e-01
1.259686579395084549e-01 -1.626457789271922860e-01 -7.016374487872071297e-01
1.750377986636797722e-01 -1.124887991378163699e-01 -7.620507232634501360e-01
1.857472109188998965e-01 -1.073029967221468123e-01 -5.529499214207376223e-01
1.966151275875076543e-01 -1.077457129944881242e-01 -5.478749381795691153e-01
2.063463150332918716e-01 -1.092188793941253205e-01 -5.410459457941863004e-01
3.123198702461713050e-01 -1.124191229724314234e-01 -4.694505795138280702e-01
5.543020569737797665e-01 -2.027232403713901190e-02 -2.384972377130991361e-01
1.222193673176691642e-01 -2.871592032432132013e-01 2.845086517736421516e-01
1.533678351065308199e-01 -2.035419767188395845e-01 4.794585622496145838e-01
1.880997220845909146e-01 -1.771103133965659659e-01 4.726315633377743963e-01
1.751802385187571920e-01 -9.890897772421362866e-02 -5.579003717911367177e-01
5.616250417563826147e-01 9.778087455905010161e-02 -4.407444519395984361e-01
9.916263323197668789e-02 -2.829818287265569721e-01 4.746346889916565615e-01
2.122921727480840959e-01 -7.209713174243284617e-02 -8.315791241518577515e-01
7.959475977302890581e-02 -3.823401215298932176e-01 2.232212364514820357e-01
1.652075821780649989e-01 -3.152839079830988545e-01 3.112865926090561258e-02
1.155866684684589973e-01 -1.031769937544257665e-01 -8.827940927232048596e-01
3.476358135879882849e-01 -2.382269270448573312e-02 -6.641162915885168161e-01
2.895135856896138282e-01 -1.724130763842411651e-01 -1.970612119127992667e-01
2.882447495256927339e-01 -4.453871183712106163e-02 -7.587164280922197301e-01
4.227264803823259642e-01 -1.506253396357028207e-01 -1.782174048817977696e-01
3.410823637913540374e-01 -1.498281998267297355e-01 -2.858506234599578755e-01
4.719005972510849078e-01 -8.309254039116006907e-02 -3.176618374283278756e-01
1.377086575887923603e-01 -8.501374759023114236e-02 -9.785115468686798046e-01
2.018952414496869852e-01 -2.641310792608851932e-01 -1.470961616374766301e-02
4.072939640002891659e-01 4.042856774565376649e-02 -7.150427605798095332e-01
3.285602682909319339e-01 1.024132147978953390e-02 -8.176890941320089645e-01
3.976269841018372220e-01 -3.004795196389345099e-02 -5.540861586868182087e-01
6.205605143900239096e-01 1.387925949366068668e-01 -3.217343317960874582e-01
4.798359708850720162e-01 2.865503421443347035e-02 -5.519467656257404098e-01
6.554506112331819345e-01 2.913189170667598304e-01 -3.703643005549168143e-01
3.812894435162194617e-01 -1.048360793610603608e-01 -4.000500203269893307e-01
1.608800757322944031e-01 -2.815377296421430753e-01 1.238522595684151129e-01
1.612625917662860731e-01 -3.833867801778885198e-01 -1.699732408900446468e-01
1.989116163845516261e-01 -3.135939698065712267e-01 -1.820002857292613574e-01
1.361910237136815249e-01 -4.358549680479140154e-01 -1.153849211501015992e-01
2.039766526691689508e-01 -2.350498299243733435e-01 5.711544390814169425e-01
3.067429462519080108e-01 -2.565634898375613315e-01 6.376384863481565635e-01
3.961383357241916037e-01 -2.545338343100365108e-01 6.486128049821797692e-01
4.672875756336104525e-01 -2.274362786918770474e-01 6.272604549779596805e-01
5.135277906051431973e-01 -1.846842506397886330e-01 5.820260211598624611e-01
5.393497637916719878e-01 -6.742309957141270904e-02 4.193333584600369979e-01
7.193290222995424310e-01 2.393343089305474680e-01 2.076647060877829243e-01
4.933333992992096628e-01 -9.807238019309694188e-02 2.778809371077455292e-01
4.313389133856232460e-01 -1.313010914421196829e-01 2.466558032886608520e-01
3.503388750399668572e-01 -1.551491022379711815e-01 2.483344330954946333e-01
2.733285013857539858e-01 -1.686885529437563425e-01 2.724380075800833523e-01
2.145786646880913640e-01 -1.735199625078084618e-01 3.043981028150145041e-01
1.740988417630069951e-01 -1.801358580270703280e-01 3.338789776413002564e-01
7.239652663442557312e-01 4.679509826981209653e-01 2.418183126615781608e-01
1.982221944135152680e-01 -2.797714411909553167e-01 -2.004728859910875904e-01
1.233788774670477456e-01 -3.712012246775079349e-01 8.625655451165056831e-02
1.187367422262731176e-01 -4.313327595422887795e-01 -1.830025296576755223e-01
8.634175873298219339e-02 -3.994591435876182484e-01 -2.211949127267210935e-01
1.186749482955372775e-01 -3.986035148693206076e-01 -1.928751958378697728e-01
1.825341491993331955e-01 -2.554948510619758917e-01 -2.231546930305067789e-01
7.360476827854560422e-02 -4.144403053224298694e-01 -2.318625394281261798e-01
7.159809433313438221e-02 -3.371809366794621954e-01 -2.403820782193387406e-01
1.739280794192218926e-01 -1.581962953297337826e-01 4.083399378554146697e-01
1.424639872456786582e-01 -1.932490166955998789e-01 3.830621007395941247e-01
1.233697150477599536e-01 -2.351107630068918208e-01 3.623694637899861348e-01
4.673742892488310097e-01 -1.367582702894901692e-01 4.627700531581116494e-01
5.050688415093418371e-01 -1.405742382675728153e-01 5.045110060132680374e-01
-3.242017864920502257e-01 -1.540193699512777958e-01 4.818606787753325627e-01
-2.601053936857710136e-01 -1.599923091654200102e-01 4.801438120798243170e-01
-3.234076502686821231e-01 -1.623044726209847965e-01 5.688315384183779688e-01
-3.891637584381049120e-01 -1.479942109357046676e-01 4.842785753021819350e-01
-3.255728557050819871e-01 -1.457367824554930691e-01 3.959241689756058946e-01
3.511334304589886490e-01 -1.603830893422987791e-01 4.517577794438938366e-01
4.138806719964147618e-01 -1.660685801081966395e-01 4.483881287871430699e-01
3.502282672724861823e-01 -1.688093711196589075e-01 5.363974050388411463e-01
2.878876455191389794e-01 -1.547226006028886713e-01 4.558284075243883571e-01
3.522752595345456372e-01 -1.519730963103390065e-01 3.670575121864861901e-01
