-1.384595929507543947e-02 -2.778096063430682272e-01 -4.620384730279177288e-01
2.184711237470846751e-02 -4.616514726707261485e-01 -2.004215961576854277e-01
2.473680646503657529e-02 -2.895379950066541697e-01 -2.601115274378684172e-01
-3.253959482847045004e-02 -4.187302770292203324e-01 1.278981951909637926e-01
2.165004071724847129e-02 -4.948646703100393340e-01 -1.084416395982507331e-01
2.063737660104839750e-02 -4.858684983051040351e-01 2.232850236589181692e-02
2.281334332742784507e-02 -3.571604958993847001e-01 3.553042809639247457e-01
-4.283404652230653475e-01 -1.129693758891568561e-01 4.486347195571872559e-01
2.326668691896503771e-02 -3.418386459013783574e-01 6.083659376855030665e-01
2.230904142513069621e-02 -3.688920372949993087e-01 7.304459882336882259e-01
2.094992725419656671e-02 -3.575520182131579627e-01 1.159821353146073708e+00
-1.264884276413484783e-02 -2.676479021521623869e-01 -4.870800342543337158e-01
-1.074815272980467890e-02 -2.459809514198073033e-01 -5.112311211593535409e-01
-7.997975000497120623e-03 -2.127619442607780742e-01 -5.281312745644960449e-01
-1.522641885438035317e-02 -1.912923199588616452e-01 -6.475673956005798537e-01
-1.608826617501583900e-02 -1.945466108560858220e-01 -6.861620190782546924e-01
-1.789629186196845315e-02 -2.036828044281423777e-01 -7.269527884986644040e-01
-1.766233208593231616e-02 -1.925855294236079041e-01 -7.638449780915810283e-01
1.209029033530311173e-02 -1.305287125399905712e-01 -8.175401300275482175e-01
2.080650771423084300e-02 -4.229246067353518712e-01 -2.399249465493062949e-01
-4.009481953713767144e-02 -3.344923594139775358e-01 -2.207354707458069054e-01
-6.645642047155755350e-01 1.373961955750338804e-01 8.515914987945880643e-01
-2.544754655418068889e-01 -1.700577528300922792e-01 3.564144536185016587e-01
-3.196437991067015427e-01 -1.631053942095206932e-01 3.507600354554818445e-01
-3.803258150389503545e-01 -1.451126021652663634e-01 3.610165871887070499e-01
-4.544874531887219127e-01 -9.970174860770429637e-02 4.258638783151868501e-01
-1.970493752166271872e-01 -1.656966757422781433e-01 3.779932596230375363e-01
-3.464332683791369050e-01 -2.212971155591851313e-01 6.207162495794782409e-01
-2.720074094185906399e-01 -2.206320234504892674e-01 6.068684352531068527e-01
-4.122695316038265112e-01 -1.976153322506043475e-01 6.070384981541319114e-01
-4.539915687324156957e-01 -1.672447241461712808e-01 5.728012470586285598e-01
-5.091876127142469510e-01 -5.926159224321078667e-02 3.730671049053373434e-01
-2.231636903266961680e-01 -2.611458275969789564e-02 -9.003494670462521832e-01
-4.491814715848707062e-01 -9.654696464229425845e-02 4.808432829313882273e-01
-6.856147716932969871e-01 2.126752912166331999e-01 4.623105004445593469e-01
-5.787603632263760289e-01 -3.888672211648193464e-03 4.517400052835136570e-01
-2.977522417210916594e-01 -1.782407722968705754e-01 -4.455585460793174551e-02
-8.533760237529959547e-02 -2.657899781139309026e-01 -4.435759159131232865e-01
-7.346578151338734042e-02 -2.325492867754606618e-01 -5.039318680131419370e-01
-1.480126295284150961e-01 -2.201090187190438696e-01 -4.611539700308466827e-01
-1.886756508103949737e-01 -1.692783241157410079e-01 -4.855931566957908951e-01
-1.250608589720585695e-01 -2.004830011509919907e-01 -5.048517763632226485e-01
-1.643911813168756342e-01 -1.514650718341229996e-01 -5.156775146898898710e-01
-2.849104836878836311e-01 -5.461025010358758203e-02 -6.190652159694647327e-01
-3.228133554834972108e-02 -4.548179942432152290e-01 -1.937934949457349176e-01
-4.181840932460607896e-02 -4.856098629896509200e-01 -1.041966439782569115e-01
-5.386750255718111280e-01 -1.581979242558344823e-01 6.691252437711918688e-01
-1.672233230370914758e-01 -2.189436506775003510e-01 1.796121542908319380e-01
-1.793264044129488088e-01 -3.025204099447404427e-01 -1.337454411590546233e-01
-1.843352346787947293e-01 -2.903606899282803466e-01 -7.943103027892214896e-02
-4.847257716740138722e-01 -9.822075066993771197e-02 -7.530684076895252481e-03
-3.774972214919211644e-02 -4.650777912701520855e-01 1.820116592185046928e-02
-3.935425904178093681e-01 -2.762291179439951283e-01 7.543699490613466896e-01
-4.793693712674738650e-01 -2.235097184305132600e-01 7.296292124445594718e-01
-6.011125596967439311e-01 -3.913251118104473653e-03 9.891568891174379319e-01
-1.140439116869892688e-01 -3.240081617799989155e-01 6.455689208024499859e-01
-2.060859300540479333e-01 -1.990757451289703328e-01 5.636611870873646790e-01
-3.321802640637278037e-01 -4.866793110798133676e-02 -5.122546013230047102e-01
-6.067759532632597264e-01 4.855865736838712032e-01 -3.659733322343519113e-01
-1.314064792298821338e-01 -2.713974529634886612e-01 -1.860018887617194416e-01
-8.116600353494479725e-02 -2.714922428834705692e-01 -2.150575882159713181e-01
-2.412033547094672714e-01 -5.929450981874891113e-02 -5.369948660497838588e-01
-2.277703478801124670e-01 -7.588785823178685608e-02 -5.463025715402365368e-01
-5.109652339365455820e-01 -2.012611075097460733e-01 7.945223126597708019e-01
-1.831664623155096483e-01 -2.622481016907375340e-01 -1.676016991962590019e-01
-2.753355282994155440e-01 -3.112480529143592523e-01 7.354821336624837169e-01
-2.850829643595856333e-01 -3.329652651866416568e-01 8.079290118439496071e-01
-3.452689763596927253e-01 -2.677910175678772653e-01 1.148474255120963683e+00
-5.550490096484455016e-01 -1.171027320340196631e-01 8.796647359222238283e-01
-3.076300259180717589e-01 -3.036961944189219276e-01 9.699084189439595161e-01
-5.732447612686908389e-01 -1.103983007071217270e-01 7.225997711479064112e-01
-6.181102076360258657e-01 7.251367411800160694e-03 7.702861186997488341e-01
-8.113563166521214898e-02 -2.558314862146205959e-01 -4.774297148109400979e-01
-1.368644497368689261e-01 -2.127340630996150950e-01 -4.840733684866180830e-01
-1.773566390168418716e-01 -1.653739152838514248e-01 -5.003901728519076775e-01
-1.166497568205491081e-01 -2.551285961638699029e-01 -2.012152811221202542e-01
-2.341677606133229506e-01 -6.783067122386958470e-02 -5.417242432831993471e-01
-2.125019481976488656e-01 -1.045779962036401944e-01 -5.897075686011226114e-01
-2.200964829184781091e-01 -7.812398375025661479e-02 -5.499168513149144122e-01
-1.024623199324884992e-01 -3.643127794360301874e-01 -1.720613436480953606e-01
-1.545233715014325826e-01 -1.389262772549726965e-01 -5.274011846053695551e-01
-1.144092531211562819e-01 -1.731831572291906429e-01 -5.206731410487052125e-01
-6.567924418506761175e-02 -2.027846099600433272e-01 -5.215454000705277426e-01
-7.399422650710030247e-02 -1.252416347514728190e-01 -8.086793025217132724e-01
-9.188887418875490987e-02 -1.886877505004784239e-01 -7.503000534601691474e-01
-8.897148643000032942e-02 -1.996002705857800041e-01 -7.120489937983164319e-01
-8.158613137058522147e-02 -1.892753087743661577e-01 -6.698031397757751026e-01
-7.316708049147557791e-02 -1.858821089581159658e-01 -6.334278963967796550e-01
-1.605744032566581159e-01 -1.363592452329982496e-01 -5.971545577464842935e-01
-1.739125695887232259e-01 -1.427789143369354863e-01 -6.135052354023105003e-01
-1.874716143702338800e-01 -1.493586261651764224e-01 -6.334772701078176249e-01
-1.970512809112967001e-01 -1.355591411642412258e-01 -6.553146261485967017e-01
-2.519141590718709800e-01 -1.582494955990063068e-01 -3.731694713073997471e-01
-6.786889964461815250e-01 5.155931901724801758e-01 1.053763590738968220e-01
2.454020886337610757e-02 -3.361847703408242793e-01 -2.468333682408792862e-01
-1.878936451027659604e-01 -1.034776389226859106e-01 -5.758338946180310280e-01
-2.002330182837739336e-01 -1.072102557518504334e-01 -5.828429613261500997e-01
-6.009271226134116350e-02 -2.718039280512788425e-01 -2.502845343595071492e-01
-1.602244351568429259e-01 -2.094991331337031915e-01 -2.156708304204215665e-01
-7.029812463658000055e-02 -2.727178010050369528e-01 -2.331574847161205777e-01
-2.333592764612960335e-01 -1.898458783892961188e-01 1.337653057508269572e-01
-3.373544190958586153e-01 -1.618494044861335246e-01 8.132013314936453741e-02
-1.947691340877816257e-01 -2.496428471992219733e-01 -1.137160305369274010e-01
-5.003447282065869306e-01 -1.460893768604912824e-01 1.091350588005041811e+00
-4.562684794723396720e-01 -2.179193843375624995e-01 9.508757560586275082e-01
-4.135727740202552738e-01 -2.745273937463604819e-01 8.278042950253375887e-01
-2.294388937279499552e-01 -8.271128883030881562e-02 -7.018039749181332887e-01
-1.319757113170900165e-01 -3.624676423926344593e-01 7.677431183092106037e-01
-1.534877985138586309e-01 -3.512591363370015651e-01 9.579377337585052166e-01
-1.776733367494259530e-01 -3.373296278599391407e-01 1.166938170254563589e+00
-4.290889215961601888e-01 -1.198899539374172762e-01 3.852843425879915462e-01
-5.802818879947313491e-01 -1.434858066436053847e-02 3.112581784914395522e-01
-1.588487091331985401e-01 -1.610315923903822832e-01 3.991160396514382702e-01
-5.121043762925632237e-01 -1.101538286248971710e-01 5.429021319193469974e-01
-1.229422777858784621e-01 -2.494773134287818217e-01 2.334335323506602222e-01
-1.421556200337386611e-01 -3.690913827269585168e-01 -1.115220253336351580e-01
-6.369518456243687954e-01 6.183586450944763419e-02 2.595470056869453312e-01
-5.405010345075911271e-01 -6.337424919952880376e-02 2.342930995935665617e-01
-4.615695028290067725e-01 -1.178563653247987758e-01 1.866421552402596773e-01
-3.392149565481720197e-01 -1.494116414253641167e-01 1.912314403018507414e-01
-2.482840890815087020e-01 -1.695342097178085261e-01 2.254998386734121396e-01
-1.802381394500839340e-01 -1.920447116705533697e-01 2.641631563533211047e-01
-3.758501456901666704e-02 -3.299859560083070464e-01 3.401769247219558201e-01
-6.249412982833051355e-01 6.842876938476352700e-02 6.386140657313318925e-02
-5.631548477253256468e-01 -8.167711090652940431e-02 5.680921044857678570e-01
-1.282321331016469598e-02 -4.191638724937372107e-01 -2.345671815914256719e-01
-1.624733819728498563e-01 -2.333122029820079990e-01 8.052870382654916948e-02
-7.029552555432814209e-01 4.143927964189679791e-01 5.053182255239139220e-01
-1.272279208178920262e-01 -2.079663303640559013e-01 3.082657428659458243e-01
-1.986673617878761955e-01 -1.874925031144882848e-01 -1.084940105766540597e-01
-4.745944597535590170e-01 -8.421221962090560953e-02 4.811827744103220339e-01
-1.455642506933838010e-01 -3.533980226176681727e-01 -4.568496634043735238e-02
-6.506430595470158451e-01 5.168954170443049723e-01 -1.220707858242222055e-01
-1.552503508463725646e-01 -1.505219901049644204e-01 4.294989206846688279e-01
-9.420291060322354137e-02 -4.224456469626898247e-01 -4.423926724113450525e-03
-4.860254895532876707e-01 1.850803457284882492e-01 -6.450810412271392735e-01
-4.798801902032493460e-01 3.095234789631361449e-01 -7.291024227226914345e-01
-6.744064448514182075e-01 2.938022127640041448e-01 8.012907854271092423e-02
-5.591325742387570630e-01 2.475661396088738309e-01 -5.056800411281161534e-01
-6.544422119103094904e-01 1.258490651319090492e-01 6.322410328963377069e-01
-2.342947075088142317e-01 2.153408869131781533e-02 -9.738659173889395726e-01
-1.788605498482911385e-03 -3.313875033981074081e-01 -2.417189558379915781e-01
-2.199089108890542876e-01 -2.001573300011123546e-01 2.010485733646646608e-02
-6.332539490318787045e-01 6.057272006479938464e-02 4.479664919421070257e-01
-3.700161854336294631e-01 -1.459656297636067745e-01 4.063491046007519647e-01
-3.164515242511313220e-01 -1.612244861272107421e-01 3.956076712975459264e-01
-2.226480704249758358e-01 -9.236304312531619376e-02 -5.966277480607351524e-01
-6.096483913065104954e-01 1.130505394383821693e-01 -1.174496504043088529e-01
-1.149727616375964545e-01 5.097043064284300512e-02 -1.090566468094974262e+00
-3.049421045044160006e-01 1.659115239756167315e-01 -9.551063105835511102e-01
-3.863909461031964643e-01 2.300061358750729035e-01 -8.640999019432482608e-01
2.149710231343085129e-02 -3.674618518030795533e-01 9.412388351465318381e-01
1.892427419686795731e-02 3.153265460526531727e-02 -1.110186431415351116e+00
-2.615735249440831467e-01 -1.654985549376353782e-01 4.010852828302190476e-01
-2.077546639865343325e-01 -1.602652743798420598e-01 4.150888594528728270e-01
-1.720500721292448632e-01 -1.499497605896100982e-01 4.230302500286985401e-01
-6.071134127613531106e-01 -2.093975848674951498e-02 6.055224971553111457e-01
-2.199053714174200036e-01 -1.805321694818799450e-01 5.008484363856484656e-01
-2.792695091433601284e-01 -1.927159866537495880e-01 5.322622090868408540e-01
-3.360175442316644667e-01 -1.896607207128329087e-01 5.399268527234919457e-01
-3.894664333293147429e-01 -1.720667390083328863e-01 5.287996984982342719e-01
-4.211565026948804191e-01 -1.490148920437766589e-01 5.087396943911637326e-01
-6.950620844540476018e-01 2.875501617547175925e-01 7.005822862314095012e-01
-4.050544456204271393e-01 -1.280379819187985324e-01 4.262343947213175221e-01
2.345398224701897988e-02 -2.723669012996101646e-01 -3.266688653723371916e-01
-1.869811335504455996e-01 -1.996603946012862063e-01 -3.377801642721531827e-01
-1.310068070925456407e-01 -2.969378198882187680e-01 -1.748371545178756536e-01
-6.664133787131978903e-02 -2.639709321268153275e-01 -3.266458246084856798e-01
2.313703510226028381e-02 -3.260066938226109379e-01 4.851313025295294068e-01
-4.033960120501927649e-01 1.383134646129949852e-01 -7.741384807811413360e-01
-3.231649981113114412e-01 8.469531652766250363e-02 -8.756694767041369731e-01
-1.225366278696495143e-01 -3.523221701045974041e-02 -1.045434684726224361e+00
-5.481537604773656369e-01 4.064260282149083081e-01 -5.715673802725915742e-01
-1.759218658006783675e-01 -1.633990060758915841e-01 4.567514776932754539e-01
-8.047948300836102464e-02 -3.313015641737364625e-01 1.888299967446273042e-01
1.391571835208234298e-02 -5.260431441468969155e-02 -1.063557235050540450e+00
-2.178188155528146819e-01 9.725770186694057684e-02 -1.035191807738687242e+00
-6.517439098976733902e-01 3.104671802386228530e-01 -1.240066175753294642e-01
-1.215702221237149883e-01 -1.642290725286883468e-01 -6.142209723163052359e-01
-1.350575795092069376e-01 -1.701939274872285579e-01 -6.416826246862488148e-01
-1.459737573231653651e-01 -1.778642058220296918e-01 -6.771353044790335840e-01
-1.525068725373205092e-01 -1.657236613307120354e-01 -7.135041594127191633e-01
-1.613539984790742232e-01 -1.116101418203834933e-01 -7.676801654875077263e-01
-1.964700916059122782e-01 -1.110543105547269621e-01 -5.303012055261486779e-01
-2.084006827782721449e-01 -1.124701603591735932e-01 -5.226085897716085116e-01
-2.184574526081530799e-01 -1.139168199907979462e-01 -5.140792054532743460e-01
-3.038182513741515267e-01 -1.050921755299669413e-01 -4.323678137652792186e-01
-5.316577915724240988e-01 -5.662551888973856376e-03 -1.906029967604832009e-01
-7.914421360070991729e-02 -2.857685465741136577e-01 2.938782678417942718e-01
-1.109924241693783925e-01 -2.011689916403780198e-01 4.905350880301410643e-01
-1.503037077530378074e-01 -1.779698608392933923e-01 4.850615036489786536e-01
-1.843907036413819922e-01 -1.047096679053757806e-01 -5.374727505268870331e-01
-5.358229581585569612e-01 1.147268259763838255e-01 -3.954297411125375916e-01
-5.907293777800356332e-02 -2.820241738815141286e-01 4.826089628863564629e-01
-1.949091756794618102e-01 -6.499938667024794670e-02 -8.299140792479092754e-01
2.135489806673196433e-02 -4.415519239272330809e-01 1.358720508204846467e-01
-3.634263762366599787e-02 -3.798994953880133751e-01 2.279291594640942831e-01
2.227128146060194935e-02 -3.973175489243623293e-01 2.414948042833612307e-01
-1.257071278390307079e-01 -3.104192789106773320e-01 4.438419502756323076e-02
1.213870003956633685e-02 -9.848183041433050677e-02 -9.885365864163981886e-01
1.225231047320204242e-02 -1.131482371408362997e-01 -8.968741792055773265e-01
-9.402394432437712057e-02 -9.778366203125862799e-02 -8.848722532781795325e-01
-3.404104068547423312e-01 -1.245093283500904764e-02 -6.367617039194755080e-01
-2.550412433620304897e-01 -1.626130044214104120e-01 -1.730350309192190128e-01
-2.749332529379976409e-01 -3.451024231223374927e-02 -7.484446079805755492e-01
-3.988633870252941138e-01 -1.378887944458567216e-01 -1.408206717173961786e-01
-3.152733838120550525e-01 -1.394293457410562542e-01 -2.554999196498505265e-01
-4.520850928212538644e-01 -6.858147443733941806e-02 -2.755965531315838768e-01
-1.148244972407043568e-01 -7.918088715737979510e-02 -9.720041941425755505e-01
-1.633545759994697311e-01 -2.583066075601243572e-01 8.778785721776685399e-04
-3.880959823273668619e-01 5.539268674293405109e-02 -6.899350190257140802e-01
-3.073550895970947328e-01 2.406115673242931532e-02 -8.015770260583026108e-01
-3.906155387134474521e-01 -1.897487330226069191e-02 -5.130504955865529126e-01
-5.911884188754904512e-01 1.555254290237217951e-01 -2.709052149647807051e-01
-4.635194187707800118e-01 4.474813175850486657e-02 -5.128702217549256925e-01
-6.185787918638616656e-01 3.075878892992015556e-01 -3.174339143106368333e-01
-3.672222629328252275e-01 -9.357347116856867819e-02 -3.608339326080067799e-01
-1.203033253946542980e-01 -2.796413179442334696e-01 1.364151879698323466e-01
-1.222273642536722410e-01 -3.782153715574420594e-01 -1.572852815468338272e-01
-1.592786130592083460e-01 -3.048252499038319185e-01 -1.667797594465180722e-01
-9.571678891809043410e-02 -4.301053622688559841e-01 -1.045185011864010194e-01
-1.632751395031712960e-01 -2.310936263188921591e-01 5.801771322292643696e-01
-2.702785343372803850e-01 -2.468121062226502627e-01 6.499719418950417049e-01
-3.624853845542440611e-01 -2.419673312137770871e-01 6.664070939996099563e-01
-4.373987049246758629e-01 -2.134662212493392830e-01 6.500303394402389134e-01
-4.878565762120873339e-01 -1.700875620511134168e-01 6.099597698414107594e-01
-5.191740601838472635e-01 -5.450295931191787707e-02 4.667861399941860556e-01
-6.895172706545200647e-01 2.550684241146650155e-01 2.744468157773357064e-01
-4.766552984445179275e-01 -8.715521773295827057e-02 3.268113264422177755e-01
-4.146987740343395235e-01 -1.217988193652941864e-01 2.905062484358709174e-01
-3.307475248543760848e-01 -1.486316434316296842e-01 2.838864425856732487e-01
-2.493755008411416563e-01 -1.648956798704095672e-01 3.009821815443637361e-01
-1.847933647710018334e-01 -1.702222710559285757e-01 3.285514787252904467e-01
-1.399940333442784568e-01 -1.784287675244329852e-01 3.539564298571220569e-01
-6.935547773101473634e-01 4.844473332387841391e-01 3.114801645942746333e-01
-1.588952368663376635e-01 -2.705198121157167401e-01 -1.858401870071340056e-01
-8.117858092680899085e-02 -3.691052120549472848e-01 9.520678280585061215e-02
-7.895198444821791006e-02 -4.259453952452151859e-01 -1.737656068502926865e-01
-4.683687979694951126e-02 -3.938099740932883841e-01 -2.143535215631549584e-01
-7.913341597205345024e-02 -3.934357514450348980e-01 -1.832386095686122651e-01
-1.416978385096909765e-01 -2.452830870737811586e-01 -2.100527718877860661e-01
-3.379534080629211651e-02 -4.097740791910100544e-01 -2.262731888476775532e-01
-2.426113521972392967e-02 -3.320686627068293872e-01 -2.348103698466099676e-01
-1.344258918878193931e-01 -1.581788678600313802e-01 4.252954531321258558e-01
-1.046125574301564054e-01 -1.921455492759316097e-01 3.987881394021761672e-01
-8.741704155977825241e-02 -2.331801523145384802e-01 3.741154622737309365e-01
-4.375816821671364432e-01 -1.257122951689271795e-01 4.936082660591723514e-01
-4.777700677300410481e-01 -1.266066016685213069e-01 5.335952040156445308e-01
7.537779761641336118e-02 -4.183486712098148930e-01 1.232054126207483835e-01
4.578999220095906764e-01 -1.226883468314581282e-01 4.168029612678235685e-01
8.597600584231313015e-02 -3.383299608489830357e-01 -2.263653194198803897e-01
6.736851692309577810e-01 1.180214564075464934e-01 7.807473034027265779e-01
2.794213629306062652e-01 -1.726591002020121668e-01 3.448258692032258876e-01
3.411971204012854697e-01 -1.680374164474548182e-01 3.363223451214335524e-01
3.999709280227540797e-01 -1.523763745517365265e-01 3.391106579893076178e-01
4.778353015363638878e-01 -1.092017203430643707e-01 3.905021971722761887e-01
2.283228771463493290e-01 -1.678672828573379849e-01 3.664325836763306365e-01
3.742286047128038362e-01 -2.292705445410881948e-01 5.908809629149336384e-01
3.012876511769535526e-01 -2.270079111635371072e-01 5.789529451851952446e-01
4.400269940975587990e-01 -2.089366533641499324e-01 5.739041645417403137e-01
4.806448355520892002e-01 -1.808087859106145001e-01 5.345343466441636604e-01
5.236480718054099537e-01 -7.144696260094526852e-02 3.269193040488870272e-01
2.446688137829481080e-01 -3.647346118544828042e-02 -9.117570545523405734e-01
4.800984128172581800e-01 -1.068757498380830673e-01 4.450229118248882898e-01
7.074450977130821716e-01 1.947449850344793454e-01 3.940301414345713793e-01
5.889817001890732540e-01 -1.903629666709479029e-02 3.959237977266333308e-01
3.286764709794601225e-01 -1.865242410725609923e-01 -7.335276221943456965e-02
5.983159996285670329e-02 -2.671265147250959648e-01 -4.497694494009344957e-01
5.508630499363433713e-02 -2.313015563961175469e-01 -5.104287408418632932e-01
1.317202819717910034e-01 -2.181776527473838490e-01 -4.736250714939047035e-01
1.811793891569931925e-01 -1.646169107379507612e-01 -4.992777634402462139e-01
1.128951433183193881e-01 -1.960964648656080556e-01 -5.145074925277290934e-01
1.601477957866331014e-01 -1.468882013599921987e-01 -5.250201117083708180e-01
2.949553750076978065e-01 -6.079718875665673233e-02 -6.411281722991618581e-01
7.402610774858553455e-02 -4.579887343189602555e-01 -1.987425022691473864e-01
8.208252016566094933e-02 -4.891257680153256460e-01 -1.100510985817226145e-01
5.553050463644713108e-01 -1.728832070009317934e-01 6.241957386868083324e-01
2.045059965364872945e-01 -2.208835798226739255e-01 1.625503094765972933e-01
2.181353966486097029e-01 -3.092855933199237795e-01 -1.497749179467098291e-01
2.218236007639243779e-01 -2.970931234041835900e-01 -9.604176641749070931e-02
5.074821548967449747e-01 -1.093895960947910001e-01 -5.361553871295441503e-02
7.891378204973487076e-02 -4.657447651232610175e-01 1.328940733028840387e-02
4.242199825995053852e-01 -2.903180071859563505e-01 7.211563835761359842e-01
5.035832402105948624e-01 -2.386538182538734398e-01 6.925426134608307915e-01
6.142615922767291625e-01 -2.287365944890892150e-02 9.227124341508314842e-01
1.584182675659279171e-01 -3.275328781485606355e-01 6.275843427219036652e-01
2.394682551572645257e-01 -2.022322369717314827e-01 5.365295352371516335e-01
3.442329979921659455e-01 -5.442352533623044664e-02 -5.397742729378969262e-01
6.474414655762568138e-01 4.663171738523690935e-01 -4.161909376160577989e-01
1.736693069458957184e-01 -2.784909315169088462e-01 -1.980952671203502768e-01
1.270402985484774261e-01 -2.801590038943966854e-01 -2.240062746406678018e-01
2.485157831231640246e-01 -5.387943132404758584e-02 -5.594985957283025169e-01
2.323926621434202755e-01 -7.265704614718737631e-02 -5.657516047177961749e-01
5.326635988957375556e-01 -2.169966724580173201e-01 7.491388957709002039e-01
2.203965365782138142e-01 -2.701135548628846861e-01 -1.836658217488634781e-01
3.139916362687469320e-01 -3.233443241675784119e-01 7.071596271679279067e-01
3.238291571090771703e-01 -3.457191015709042414e-01 7.743261173835418454e-01
3.733802665410170252e-01 -2.805393879326539830e-01 1.105804057759813386e+00
5.741072573270149526e-01 -1.329536658361929469e-01 8.240215705894602394e-01
3.408048214945799681e-01 -3.144418212178762273e-01 9.348730859151380690e-01
5.886319346798969399e-01 -1.252220015546341991e-01 6.665651262749023864e-01
6.354674181030161018e-01 -8.759311828884870990e-03 7.090923110606530688e-01
5.803767966410868645e-02 -2.559322488520499039e-01 -4.838226203997397779e-01
1.222588750184014778e-01 -2.096221675107873272e-01 -4.956511136445179155e-01
1.706825436868026624e-01 -1.609767243999862263e-01 -5.120774833462611308e-01
1.602888090056475701e-01 -2.631691042116768298e-01 -2.121119867238075718e-01
2.402270122901791205e-01 -6.414635485709473117e-02 -5.628821749849178824e-01
2.049024673715527933e-01 -1.024636464275827524e-01 -6.139266805667376037e-01
2.242584705776614895e-01 -7.448201177244724580e-02 -5.672502398813131785e-01
1.426737867334133547e-01 -3.665329944983706789e-01 -1.826539176327011682e-01
1.517959469822234564e-01 -1.343108746460470182e-01 -5.343704535807605183e-01
1.062671915877635431e-01 -1.676130782300407629e-01 -5.270170783091560063e-01
5.257235060178240549e-02 -1.991884264387538406e-01 -5.270019532015601804e-01
9.372346019187602351e-02 -1.279720824716137351e-01 -8.158746684435553842e-01
5.847557546990874572e-02 -1.879721958514316560e-01 -7.583899266284657159e-01
5.465330262658751881e-02 -1.975439918948288243e-01 -7.206202579334182179e-01
5.131747516976867957e-02 -1.865344081290576939e-01 -6.796102073323402326e-01
4.549236952699519526e-02 -1.824700205122675167e-01 -6.432854829220054915e-01
1.446534410791697201e-01 -1.325794320763547529e-01 -6.193580097030259024e-01
1.563127187324521439e-01 -1.409608895811883811e-01 -6.366188591925587836e-01
1.676527373919959041e-01 -1.483568685706194434e-01 -6.573800818975394922e-01
1.791158403107174779e-01 -1.348315950751598491e-01 -6.785759571512780530e-01
2.780053009044118895e-01 -1.645735965153033442e-01 -3.953601582587491503e-01
7.140656719377584949e-01 4.949242887520816092e-01 3.888565091877792257e-02
1.811423305519607174e-01 -9.843444517945731942e-02 -5.978928312618050356e-01
1.924007429013500081e-01 -1.042370240951392274e-01 -6.066671561879570795e-01
1.074944822382381537e-01 -2.767201279224787980e-01 -2.572348998001032783e-01
2.017470182292652459e-01 -2.196406082578089003e-01 -2.300457480062725046e-01
1.170290753896397612e-01 -2.799072332354680670e-01 -2.414635554886662427e-01
2.676821452125445200e-01 -1.930118386920409435e-01 1.106104001845479162e-01
3.673264259432499346e-01 -1.689547817833498833e-01 4.802641588059120697e-02
2.325023210948551911e-01 -2.571107141821227238e-01 -1.312655917527935368e-01
5.201299266078147632e-01 -1.642290943137667547e-01 1.033037777895838616e+00
4.813885128917536615e-01 -2.330876182797453344e-01 9.025100261311427285e-01
4.442327824678487525e-01 -2.892291641567921734e-01 7.883584348172725242e-01
2.404616743191816675e-01 -8.682888700620775002e-02 -7.167987731224674253e-01
1.785901495095806590e-01 -3.680503001631379445e-01 7.402596139068671199e-01
1.915269033983859615e-01 -3.575445509734231364e-01 9.386567661577012167e-01
2.124168799183719369e-01 -3.460234961314520574e-01 1.143028427051359985e+00
4.495554309507877599e-01 -1.289213265104620643e-01 3.558271817793179359e-01
5.871926690244599900e-01 -3.041733117625109936e-02 2.559280826218898186e-01
1.948082325550328231e-01 -1.606678482084225312e-01 3.872371098936695510e-01
5.332119332439406723e-01 -1.236155486426320366e-01 4.986980767026338857e-01
1.624924234341734719e-01 -2.501884336032026979e-01 2.206457606746589639e-01
1.810393444046650147e-01 -3.746545958051927250e-01 -1.258935698807282511e-01
6.599848751447936479e-01 4.506954898380290814e-02 1.972292460873581454e-01
5.470556580709302619e-01 -7.690575914542002733e-02 1.847886838266410980e-01
4.700938050206227570e-01 -1.288862304837086470e-01 1.457827336458302758e-01
3.545654508778010028e-01 -1.558641430180905951e-01 1.630446826793200132e-01
2.694316896134404393e-01 -1.733745215065202738e-01 2.073853460077748623e-01
2.061836762221759822e-01 -1.947635037890215748e-01 2.516640078640573486e-01
8.232701252905658129e-02 -3.303961165524580412e-01 3.344279097547354640e-01
6.503370819316440787e-01 5.352484318688653653e-02 4.509728213089327607e-03
5.763467123924292945e-01 -9.605366809203269574e-02 5.143506484260851330e-01
5.330555275759576300e-02 -4.198994526884953227e-01 -2.372197740029814983e-01
2.010042344628702737e-01 -2.355934148520191784e-01 6.449639611791005422e-02
7.256681495617974820e-01 3.960124760192457738e-01 4.332038401111648618e-01
1.594228801308839594e-01 -2.090186137874786576e-01 3.003396612088927720e-01
2.398883172613038017e-01 -1.950765902166207433e-01 -1.266920567600459679e-01
5.022703202514697818e-01 -9.484039632662000230e-02 4.419272943116273611e-01
1.830416548705827706e-01 -3.590251851369908875e-01 -5.985360570276589826e-02
6.907030683244003155e-01 4.953272210081693938e-01 -1.809690926132404565e-01
1.948275577714664031e-01 -1.485921865368712291e-01 4.156257200880273395e-01
1.320910204330742466e-01 -4.254826032317770013e-01 -1.433465504613048482e-02
5.123933072813463552e-01 1.668965118228597500e-01 -6.772866006781315118e-01
5.129807315478349672e-01 2.901260393868551057e-01 -7.576906604403546019e-01
7.101375454097660356e-01 2.757315693081811014e-01 1.653849428243345590e-02
5.888810417974488232e-01 2.288705991808942797e-01 -5.480529826099052038e-01
6.745369722019816106e-01 1.091288944744794043e-01 5.665756370811647624e-01
2.594588623891161960e-01 1.070094350471792292e-02 -9.828458141602306464e-01
5.138301247107329023e-02 -3.331516289497709060e-01 -2.441674869084509425e-01
2.552107795729685047e-01 -2.055110720703069438e-01 -1.427261007289428590e-03
6.369917505535117597e-01 4.491326657059644539e-02 3.801852432359905665e-01
3.976008858688582781e-01 -1.533871401222340336e-01 3.836459270358970608e-01
3.445046894383602121e-01 -1.663936977680798290e-01 3.780116767038741443e-01
2.176185907742132220e-01 -8.996167189511611317e-02 -6.213055094223085550e-01
6.371985632252057385e-01 9.771717071560842571e-02 -1.721114827088235100e-01
1.499861409815978486e-01 4.529271380492080890e-02 -1.093004611475250965e+00
3.388365765763320936e-01 1.524799302323782135e-01 -9.652979659179632410e-01
4.202822382667343870e-01 2.139408987447986576e-01 -8.810792700796595822e-01
2.918562287023586110e-01 -1.689908037478303482e-01 3.853297399518496591e-01
2.424910087363759958e-01 -1.609284548751657717e-01 3.999110121940614437e-01
2.107034769577921796e-01 -1.485402145483172565e-01 4.081276344988696847e-01
6.156236168043498491e-01 -3.524564304205723975e-02 5.398762392719516079e-01
2.520742103258197808e-01 -1.816662341148778670e-01 4.739606411202350600e-01
3.062230187382888325e-01 -1.971379068109225807e-01 5.001995232870867225e-01
3.621829314760274254e-01 -1.966150506846944535e-01 5.060139786033834852e-01
4.162974204546754375e-01 -1.814625576838724830e-01 4.936050445363782124e-01
4.484692761279280848e-01 -1.593209373740249735e-01 4.728338281873407101e-01
7.105207044150361195e-01 2.681740272283527071e-01 6.283416572712297032e-01
4.335888594740819890e-01 -1.367069693475152503e-01 3.985935383463790616e-01
2.230084579938729494e-01 -2.050256225757894624e-01 -3.546064120672136610e-01
1.728479914983426791e-01 -3.038561036407399496e-01 -1.874526408047353376e-01
1.102435607985968735e-01 -2.648723639853580725e-01 -3.339426231118108879e-01
4.292671883142983313e-01 1.211956413673826310e-01 -7.969276083021151758e-01
3.479468341933402709e-01 6.944974342425999647e-02 -8.903954082333724873e-01
1.480563075445457122e-01 -4.149162797933338143e-02 -1.050171087111066548e+00
5.860889512537439394e-01 3.873423535700893372e-01 -6.112275034277003805e-01
2.128459475135314194e-01 -1.615728776642758047e-01 4.382791477070672737e-01
1.222161932630290160e-01 -3.327624250864865685e-01 1.795410278174053853e-01
2.514529658488464658e-01 8.752041590611815691e-02 -1.039936312652402162e+00
6.879550643640897079e-01 2.920637198779155730e-01 -1.824468593567500074e-01
9.935995097240006568e-02 -1.599400372996893083e-01 -6.316782482466714033e-01
1.102654653823026132e-01 -1.672075041534615281e-01 -6.598411163851789496e-01
1.183208217179060745e-01 -1.753036719789394238e-01 -6.945058971583675245e-01
1.262839429179312689e-01 -1.636809378631151057e-01 -7.283379646452631251e-01
1.749190518726369548e-01 -1.131284214683518780e-01 -7.788205609292393472e-01
1.977799153816037214e-01 -1.069753802957538746e-01 -5.410595931230622879e-01
2.094059935052258181e-01 -1.070701641612435140e-01 -5.349350052095803720e-01
2.195664728406032107e-01 -1.082752068636572973e-01 -5.269014486958634169e-01
3.211726111434948239e-01 -1.100882066501226164e-01 -4.563173909536585304e-01
5.528335926879798246e-01 -1.997693382963593167e-02 -2.375733559200774170e-01
1.219189971215854651e-01 -2.864534716715451124e-01 2.842266065860598601e-01
1.529909134474279897e-01 -2.030417454968976299e-01 4.734651456864047980e-01
1.876374422377399820e-01 -1.766750414692854765e-01 4.659014068607243431e-01
1.864946253901283157e-01 -9.879116210806798692e-02 -5.473093750151073467e-01
5.602973455750046572e-01 9.822081256370233937e-02 -4.383029077975040266e-01
9.891892799735013675e-02 -2.822863636030811252e-01 4.727454109289361828e-01
2.117860934138878215e-01 -7.228756278356798792e-02 -8.410197049878347375e-01
7.939914516525470312e-02 -3.814004703126185891e-01 2.226726408562463289e-01
1.648015627807925543e-01 -3.145090562444480264e-01 3.105215667283146158e-02
1.153927792050689766e-01 -1.032863894844973235e-01 -8.913604432443708037e-01
3.545927956271405224e-01 -2.314291777670464748e-02 -6.638804590040965348e-01
2.888020679129227886e-01 -1.719893485357217866e-01 -1.965769080241293043e-01
2.886909455578069439e-01 -4.473827676481335891e-02 -7.666390032830753265e-01
4.216836782620628776e-01 -1.502461500315282472e-01 -1.777670236387051406e-01
3.404279217229785326e-01 -1.489978774840539921e-01 -2.841634759887755601e-01
4.707477127226357694e-01 -8.156144873730318545e-02 -3.144144252093868941e-01
1.373769653787947909e-01 -8.482580131285735736e-02 -9.787082163696501080e-01
2.013990572966060655e-01 -2.634819423375760472e-01 -1.467346399406771126e-02
4.082900786535222371e-01 4.034397258614796922e-02 -7.136822140474495813e-01
3.280200786538381430e-01 1.012194179249337189e-02 -8.183930424684400240e-01
4.053524196792821499e-01 -2.780904265099816766e-02 -5.461777037772261867e-01
6.190343860080027572e-01 1.384538551873084888e-01 -3.209403812051449534e-01
4.815708453654420906e-01 3.001523656253118552e-02 -5.467637943418677260e-01
6.538397550085088827e-01 2.906029655364276154e-01 -3.694540814953554131e-01
3.837681120882203145e-01 -1.026378763323588517e-01 -3.934950007705583230e-01
1.604846917522082528e-01 -2.808458135824096202e-01 1.235478794105603767e-01
1.608662677026546639e-01 -3.823305950549899523e-01 -1.694902917927992025e-01
1.984227648831242696e-01 -3.126107135415635008e-01 -1.814380654273950177e-01
1.358563163314105426e-01 -4.347837970453975465e-01 -1.151013475058290658e-01
2.034753531738158205e-01 -2.344721640024061693e-01 5.599343804756938825e-01
3.059890850518781624e-01 -2.559329512621968394e-01 6.260137417179462149e-01
3.951647735777892301e-01 -2.539082838805133413e-01 6.378076832146846176e-01
4.661391548570923415e-01 -2.268773240750556197e-01 6.165542956249498996e-01
5.122657284087519525e-01 -1.842303647639597086e-01 5.711952391527623796e-01
5.380242406944470979e-01 -6.725739842205072372e-02 4.206326959196171056e-01
7.175611764644778123e-01 2.387461133369950250e-01 2.071543427152977845e-01
4.921209674798158185e-01 -9.783135439894086183e-02 2.856736438276589185e-01
4.302788411823740278e-01 -1.309784017125945610e-01 2.563748004946526660e-01
3.494778711017124673e-01 -1.547678028802327299e-01 2.607371445560694445e-01
2.726567605859255838e-01 -1.682739786022520723e-01 2.864708696127513665e-01
2.140513093515168941e-01 -1.730935143408216803e-01 3.185767213584678181e-01
1.736709709239903643e-01 -1.796931504252820000e-01 3.461887503207642380e-01
7.221860263286830062e-01 4.668009315113459956e-01 2.412240123016198556e-01
1.977566318827503888e-01 -2.787728663802127582e-01 -1.998191597308604239e-01
1.230756576220208010e-01 -3.702889487666609636e-01 8.604456612267222249e-02
1.184449310401446132e-01 -4.302006586574614322e-01 -1.825065370229355666e-01
8.612956248642963941e-02 -3.980748821061445009e-01 -2.201784542596593175e-01
1.183832889761341350e-01 -3.973608363484419925e-01 -1.921732780292765841e-01
1.822983968846942915e-01 -2.543878112398079150e-01 -2.223568912712590440e-01
7.342387486397690399e-02 -4.130798881204902351e-01 -2.308549136605253793e-01
7.153143656934593531e-02 -3.355453918311779304e-01 -2.387711632975640930e-01
1.735006282511609710e-01 -1.578075070935421320e-01 4.123867108499318368e-01
1.421138632291419068e-01 -1.927740817788860250e-01 3.889830003934547920e-01
1.230665177205854527e-01 -2.345329473338471082e-01 3.663550940219842955e-01
4.662256553621798028e-01 -1.364221688240314367e-01 4.573630121987284358e-01
5.038275682947161993e-01 -1.402287585581009632e-01 4.931615838658535145e-01
-3.234050178921425989e-01 -1.536408470594623488e-01 4.781704653899175317e-01
-2.594661504150974074e-01 -1.595991069886243952e-01 4.761362142111266182e-01
-3.226128333631610445e-01 -1.619055879978979484e-01 5.501325826135420316e-01
-3.882073372341979800e-01 -1.476304956659105772e-01 4.795478160142396806e-01
-3.247727175219617402e-01 -1.453786151135775251e-01 4.056702958422265248e-01
3.502704737961190307e-01 -1.599889267717379271e-01 4.485901417927967150e-01
4.128635057212885484e-01 -1.656604446950850351e-01 4.456160377131224148e-01
3.493675351673913854e-01 -1.683944998515711777e-01 5.188204145201733564e-01
2.871801237046143207e-01 -1.543423494291048526e-01 4.518499180112303670e-01
3.514094966763008365e-01 -1.515996024055674685e-01 3.783540510292150438e-01
