-1.655942696293101479e-02 -2.843566432855849646e-01 -5.006560916144984219e-01
2.297589595000015805e-02 -4.855428546910736110e-01 -2.108070865013366157e-01
2.545852035891091325e-02 -3.055452464166336091e-01 -2.752100784723469085e-01
-3.422083121152422192e-02 -4.403649833044119832e-01 1.345063628776069775e-01
2.276864211165140206e-02 -5.204330430202366298e-01 -1.140445367502471441e-01
2.170365626972169809e-02 -5.109720621643421001e-01 2.348215687959982756e-02
2.399204954744538210e-02 -3.756140514356752780e-01 3.736619339806972473e-01
-4.504717049715427635e-01 -1.188062102417945520e-01 4.709259920703463553e-01
2.446881622535271306e-02 -3.595005612280064433e-01 6.397986262004993208e-01
2.346169167516291149e-02 -3.879517311168947380e-01 7.681862360071378681e-01
2.203235560365061907e-02 -3.760258026909014673e-01 1.219746311248063986e+00
-1.545600772434306547e-02 -2.724118689456112574e-01 -5.286148985465122241e-01
-1.359289006787830698e-02 -2.485513930066593491e-01 -5.546825393960719275e-01
-1.067048403872324427e-02 -2.137984132770325840e-01 -5.717553114973155104e-01
-1.624513231896396528e-02 -2.008088291463214214e-01 -6.504099312562339197e-01
-1.717181047707017072e-02 -2.042169967171200695e-01 -6.917631586651844522e-01
-1.906351142882351662e-02 -2.138448134341848217e-01 -7.375654987505539939e-01
-1.881698287781383150e-02 -2.022066797585841402e-01 -7.807846058845293591e-01
1.253439582676510455e-02 -1.370194281455324181e-01 -8.460836703335608000e-01
2.188152594841141774e-02 -4.451219716526095826e-01 -2.528042781603132561e-01
-4.222040789882228196e-02 -3.526686342142856256e-01 -2.330684379899881087e-01
-6.989005117818651858e-01 1.444951002821019959e-01 8.955910205716710593e-01
-2.676235521580883070e-01 -1.788441954021479097e-01 3.676983297343110468e-01
-3.361589643233722224e-01 -1.715326264618856067e-01 3.613391462442238078e-01
-3.999762624716456383e-01 -1.526101935669390564e-01 3.729043279777874975e-01
-4.779696399206161406e-01 -1.048530791051169864e-01 4.453912896546201594e-01
-2.072304048397234366e-01 -1.742577927837614116e-01 3.916539684231479246e-01
-3.643325759202877823e-01 -2.327309629719817030e-01 6.606365994195984026e-01
-2.860613260572395511e-01 -2.320315072807914714e-01 6.459344936790110125e-01
-4.335704279367593728e-01 -2.078256034042661460e-01 6.457020514349178786e-01
-4.774481344019050333e-01 -1.758858248295245286e-01 6.086472978712305082e-01
-5.354960146721738923e-01 -6.232348403329476816e-02 3.898133557383147707e-01
-2.351418352919017463e-01 -2.749395934220606047e-02 -9.437020914328848598e-01
-4.723895120230809930e-01 -1.015352964646389078e-01 5.074133180579860625e-01
-7.210387069022672346e-01 2.236636713502762053e-01 4.861968804304286351e-01
-6.086634085732789412e-01 -4.089590272282388195e-03 4.749886348630679711e-01
-3.131363270041489510e-01 -1.874500102394066614e-01 -4.685793993627662690e-02
-9.167161378429167229e-02 -2.745021511822454130e-01 -4.789588976545201549e-01
-7.955838767859627070e-02 -2.365981291885953519e-01 -5.456432353712554750e-01
-1.573958955062528253e-01 -2.291721398290136325e-01 -4.968467195812843462e-01
-1.993953245117238704e-01 -1.772218871550897412e-01 -5.193613154289404843e-01
-1.335417845868425157e-01 -2.062697244605195546e-01 -5.437109381476030734e-01
-1.740398584517852676e-01 -1.577456142658582028e-01 -5.492406626055061913e-01
-2.992213190945740564e-01 -5.783278936872868203e-02 -6.434569165538872593e-01
-3.394922875578086641e-02 -4.783553352367151401e-01 -2.038338200588695193e-01
-4.397905796232198794e-02 -5.107000638336277598e-01 -1.095802148712202995e-01
-5.665069655946586291e-01 -1.663716002768335089e-01 7.042028082856623961e-01
-1.758633179807017055e-01 -2.302559006701021538e-01 1.888922446935583643e-01
-1.885917341483232534e-01 -3.181683636990432218e-01 -1.406573725576911738e-01
-1.938593576697050791e-01 -3.053628729207034098e-01 -8.353502538864387983e-02
-5.097702938150558971e-01 -1.032955610272455471e-01 -7.919775382291507904e-03
-3.970015269485389908e-02 -4.891071532752848672e-01 1.914157414240962030e-02
-4.138759143199479684e-01 -2.905011593014358295e-01 7.933462857775825938e-01
-5.041371421061977554e-01 -2.350578852891460624e-01 7.673287086618050257e-01
-6.321704850028240230e-01 -4.115438540783996485e-03 1.040264050881026803e+00
-1.199362645145106154e-01 -3.407488222849136550e-01 6.789237908659271348e-01
-2.167338550042131606e-01 -2.093614720244240113e-01 5.988748562624277572e-01
-3.478701620080061341e-01 -5.231322565720254725e-02 -5.395858572521559093e-01
-6.381264914111950404e-01 5.106755679429307859e-01 -3.848822241435244651e-01
-1.382321873010770030e-01 -2.859970108121295818e-01 -1.958655968222208221e-01
-8.561855020881004030e-02 -2.865404270746579884e-01 -2.267964641077505616e-01
-2.526697909725570401e-01 -6.349845346719193429e-02 -5.600423941931029770e-01
-2.389375018510863091e-01 -8.077526331815919336e-02 -5.671310512468632492e-01
-5.373654809678354294e-01 -2.116597464056129141e-01 8.355732177565635688e-01
-1.926301978728633957e-01 -2.759845646278344944e-01 -1.763104199574048181e-01
-2.895614001999251563e-01 -3.273294317229367145e-01 7.734825859950213989e-01
-2.998124609743006985e-01 -3.501687159694749640e-01 8.496725997062062330e-01
-3.631081279550210095e-01 -2.816270841865121666e-01 1.207812938128182356e+00
-5.837269509171689741e-01 -1.231531261673335931e-01 9.251147289758510084e-01
-3.235244706651438928e-01 -3.193873883057408714e-01 1.020021068801910680e+00
-6.028628297824589755e-01 -1.161022942803215940e-01 7.599346252554703973e-01
-6.500463572805619261e-01 7.626025301382739763e-03 8.100847960045431950e-01
-8.746607994571073408e-02 -2.624392760783845202e-01 -5.168916205844062972e-01
-1.458361535042851931e-01 -2.202461423593213286e-01 -5.219136855531578689e-01
-1.876442794922225654e-01 -1.726335397894392942e-01 -5.344921035671705845e-01
-1.228451966677249207e-01 -2.690701779459307996e-01 -2.119149018924826322e-01
-2.454711614788357421e-01 -7.238482203150022054e-02 -5.636919375570359492e-01
-2.232306584571184249e-01 -1.104346582521432696e-01 -6.040899563882082823e-01
-2.310338471668743621e-01 -8.303703269613026128e-02 -5.698363208899437371e-01
-1.077562819830507890e-01 -3.834453283700431925e-01 -1.811583369337186333e-01
-1.637042852806661619e-01 -1.446071112484016430e-01 -5.604725361467042255e-01
-1.222429122755834263e-01 -1.774273935469579677e-01 -5.588697599151291051e-01
-7.132299504512029653e-02 -2.050669127376679168e-01 -5.635125632142294894e-01
-7.823626720256306177e-02 -1.315328996711828680e-01 -8.374044007783525423e-01
-9.707131455171957857e-02 -1.981939653347394303e-01 -7.666467315781180236e-01
-9.398839164171224336e-02 -2.096450422033312444e-01 -7.224247436221489238e-01
-8.621698947932399104e-02 -1.987743170097882595e-01 -6.760824236091498296e-01
-7.731058390925779622e-02 -1.952148828961860483e-01 -6.373365607612844208e-01
-1.689986406087445325e-01 -1.435042573779393704e-01 -6.049066161388898522e-01
-1.831631875540526977e-01 -1.502201633992671370e-01 -6.222160303409307591e-01
-1.975981262179679065e-01 -1.570899270721417551e-01 -6.441336031715485522e-01
-2.078349313584185731e-01 -1.425518591406745861e-01 -6.681939728471302242e-01
-2.655719498890048991e-01 -1.667206248326822959e-01 -3.969142533145838536e-01
-7.137550948293494013e-01 5.422325516870341033e-01 1.108208844264637338e-01
2.567506072521621996e-02 -3.544610437801999359e-01 -2.608608901808008307e-01
-1.973712589151756513e-01 -1.092557841870931412e-01 -5.884310463603295016e-01
-2.103556096103221806e-01 -1.131899779447035070e-01 -5.960666074361509192e-01
-6.372200140224945630e-02 -2.868805652882692181e-01 -2.644278134466756525e-01
-1.688138222966861224e-01 -2.208246516788945346e-01 -2.269205683122537121e-01
-7.431923081464364422e-02 -2.878729409034901376e-01 -2.461035865063023742e-01
-2.454163444112190673e-01 -1.996547220335821438e-01 1.406766134509429000e-01
-3.547846460657309020e-01 -1.702117430103856632e-01 8.552173494324816216e-02
-2.048323495718831766e-01 -2.625412449725477160e-01 -1.195914434184328912e-01
-5.261962412805623046e-01 -1.536374356746905701e-01 1.147737839441123953e+00
-4.798426872082746097e-01 -2.291787131476565875e-01 1.000005031065412497e+00
-4.349410055052693735e-01 -2.887115114326532783e-01 8.705747871678777283e-01
-2.421175786721065926e-01 -8.698827514805734795e-02 -7.241535409403110357e-01
-1.387945536756173825e-01 -3.811954044094199023e-01 8.074104119600598040e-01
-1.614181145665509742e-01 -3.694077839462555080e-01 1.007431882818207614e+00
-1.868532567704442315e-01 -3.547585739310163966e-01 1.227230835819336008e+00
-4.512588321422368320e-01 -1.260843565900854890e-01 4.001256237659115422e-01
-6.102635465761185873e-01 -1.508993621790472028e-02 3.273400804622960125e-01
-1.670560095191945260e-01 -1.693516766869119783e-01 4.151519303288387919e-01
-5.385634798518617039e-01 -1.158451917820634558e-01 5.748890627539291476e-01
-1.292943860871248463e-01 -2.623671585019600183e-01 2.454783186853246590e-01
-1.495004318458137971e-01 -3.881613762097677611e-01 -1.172840780190506915e-01
-6.698614937856910423e-01 6.503076472922436624e-02 2.729571256154136316e-01
-5.684273196713292009e-01 -6.664863129695772215e-02 2.463984157602724379e-01
-4.854176006788668563e-01 -1.239456969118698237e-01 1.962854741141339954e-01
-3.567413126577387850e-01 -1.571313530241182921e-01 2.006351354943859411e-01
-2.611122849940782920e-01 -1.782936021765143542e-01 2.351493866452800674e-01
-1.895505761677123147e-01 -2.019671633217062778e-01 2.749604938527968612e-01
-3.952693469076781763e-02 -3.470354736210014002e-01 3.577529799425751555e-01
-6.572303926461966483e-01 7.196430623897787093e-02 6.716095800552351891e-02
-5.922515966024972656e-01 -8.589715434909858671e-02 5.995397622425076012e-01
-1.348575555203133589e-02 -4.411586863585188478e-01 -2.471277761726958788e-01
-1.708679597938234651e-01 -2.453668387674720064e-01 8.468941123513801239e-02
-7.392751285321172983e-01 4.358033963323200144e-01 5.314266997178032081e-01
-1.338014571678950992e-01 -2.187114107162031473e-01 3.207084981005677848e-01
-2.089319885763709084e-01 -1.971797539683340927e-01 -1.140996152446115686e-01
-4.991155233113420131e-01 -8.856324719238398147e-02 5.077060915712970912e-01
-1.530851776019005461e-01 -3.716571809279073380e-01 -4.804539076225458616e-02
-6.842600971855659076e-01 5.436020612403871244e-01 -1.283778655767042476e-01
-1.632717334020155620e-01 -1.582990705372231410e-01 4.492480779124892187e-01
-9.907013041743981119e-02 -4.442723167562223630e-01 -4.652500353956728896e-03
-5.111371647427269682e-01 1.946429666728232144e-01 -6.784107038196298678e-01
-5.046743537301585647e-01 3.255157535131221191e-01 -7.667732519544536718e-01
-7.092512749123658367e-01 3.089822135931626912e-01 8.426914163737392327e-02
-5.880215026878055085e-01 2.603572425796630840e-01 -5.318072159688078671e-01
-6.882555418878271158e-01 1.323513595885058569e-01 6.649072855945670213e-01
-2.465270555528434326e-01 2.263790422444086903e-02 -1.023929944593674035e+00
-2.030082497737943636e-03 -3.494467428417178390e-01 -2.554190245483334287e-01
-2.312710333707061472e-01 -2.104989395788179340e-01 2.114362332273978656e-02
-6.659725364770228140e-01 6.370235442537661164e-02 4.711117575365967314e-01
-3.891339610712503116e-01 -1.535072948865915388e-01 4.230229199460502354e-01
-3.328017529140379072e-01 -1.695545367423171301e-01 4.108545313031871649e-01
-2.338729773858145289e-01 -9.760271632251696361e-02 -6.129877211651511004e-01
-6.411473408705017363e-01 1.188915664791471982e-01 -1.235179697308584068e-01
-1.209131057305158352e-01 5.360394169351638538e-02 -1.146913206091093596e+00
-3.206976892728764517e-01 1.744837406120851586e-01 -1.004454184487126644e+00
-4.063547631112336411e-01 2.418899524696275227e-01 -9.087457004357695212e-01
2.260780177757867188e-02 -3.864476516537622697e-01 9.898701954698847505e-01
1.990204231200203011e-02 3.316186417954145038e-02 -1.167546881977416184e+00
-2.750883498611667033e-01 -1.740494355915188640e-01 4.170598198947491619e-01
-2.184888080864991200e-01 -1.685457650143392661e-01 4.329237059956505540e-01
-1.809394526668791636e-01 -1.576972754084755568e-01 4.419200813112891257e-01
-6.384813865654173082e-01 -2.202166226412874406e-02 6.368239302644096433e-01
-2.312673110237619678e-01 -1.898597979678684489e-01 5.300760555145125341e-01
-2.936986396203806748e-01 -2.026731213404698861e-01 5.656630056550266961e-01
-3.533786983481985722e-01 -1.994599977406963376e-01 5.743458641223739836e-01
-4.095891527775152863e-01 -1.809569806803378311e-01 5.617405241447332997e-01
-4.429165657510680809e-01 -1.567141046320547071e-01 5.390156397120100529e-01
-7.309741377855447642e-01 3.024071353402694173e-01 7.367795540567816381e-01
-4.259825571929443111e-01 -1.346533720227441888e-01 4.455498749365780498e-01
2.341580928612006784e-02 -2.850419964757857638e-01 -3.474659296844845313e-01
-1.978995218513773247e-01 -2.100484091414995813e-01 -3.582929935260324994e-01
-1.377755886853324618e-01 -3.127671103172545708e-01 -1.841173027191302936e-01
-7.135338606634111791e-02 -2.766673474596864635e-01 -3.471617716862619440e-01
2.433246563589058081e-02 -3.428506132894287850e-01 5.101967773970063069e-01
-4.242960587266513262e-01 1.454557706070557233e-01 -8.141708495235697729e-01
-3.400450126020606589e-01 8.905863242442532690e-02 -9.207446726552201977e-01
-1.288725926759392570e-01 -3.705290852735612650e-02 -1.099376666456411300e+00
-5.764754421233815318e-01 4.274250058990769485e-01 -6.010987828652334386e-01
-1.850112918650749227e-01 -1.718414084910947492e-01 4.801210249374794348e-01
-8.463764894854133858e-02 -3.484190558446581543e-01 1.985863557087943487e-01
1.463470739030416773e-02 -5.532224276523556306e-02 -1.118384137240748810e+00
-2.290729482349050938e-01 1.022827564581517135e-01 -1.088677480802038300e+00
-6.854178256157319460e-01 3.265082166703582311e-01 -1.304137159067016438e-01
-1.283160536205533997e-01 -1.725544942441913920e-01 -6.198937824219323822e-01
-1.425807025842197318e-01 -1.788200109985298436e-01 -6.491381686771893200e-01
-1.541046236135201752e-01 -1.868875774135878576e-01 -6.865829820179820686e-01
-1.610270043512664895e-01 -1.741342587904581851e-01 -7.270842071167955556e-01
-1.703988747952009941e-01 -1.172878700911849092e-01 -7.923598723474463146e-01
-2.065812134411315615e-01 -1.168277656414772325e-01 -5.580588699670215869e-01
-2.189225433096021467e-01 -1.185165296241036115e-01 -5.505875379081532905e-01
-2.293522828339735753e-01 -1.202126827725754632e-01 -5.422301975945199581e-01
-3.187012166377714006e-01 -1.116370566625963512e-01 -4.590893171145202789e-01
-5.591271693331916204e-01 -5.955120421797549524e-03 -2.004509587453210395e-01
-8.323338963732335172e-02 -3.005334654418935214e-01 3.089090586804005278e-01
-1.167271145593652415e-01 -2.115628711484327518e-01 5.174877662478392093e-01
-1.580695101028934957e-01 -1.871651014901770660e-01 5.119500682634436917e-01
-1.940263115324554200e-01 -1.100386090998100030e-01 -5.649690604568461394e-01
-5.635075392629125268e-01 1.206544640339432262e-01 -4.158605691915108205e-01
-6.212508310340739137e-02 -2.965956307336882203e-01 5.077614751567846030e-01
-2.056128804895008821e-01 -6.835860114517383623e-02 -8.639921741633938002e-01
2.245825020665416505e-02 -4.643657654463761997e-01 1.428922036382309635e-01
-3.822036735420297759e-02 -3.995279159911876432e-01 2.397056673668483961e-01
2.342198075130219603e-02 -4.178459151317046594e-01 2.539722138337837665e-01
-1.322020887642126885e-01 -3.264578371182097483e-01 4.667741074019680914e-02
1.276615682213404213e-02 -1.035633086295628669e-01 -1.036846167205889291e+00
1.281466895425837846e-02 -1.188975710549682596e-01 -9.344782781361398172e-01
-9.917942550013036929e-02 -1.027835447826185022e-01 -9.224713263601993507e-01
-3.580568959697494336e-01 -1.325168132146422803e-02 -6.663385041179485935e-01
-2.682185622493680199e-01 -1.710147961718029297e-01 -1.819753017203075141e-01
-2.898859737827764738e-01 -3.633842342112279800e-02 -7.796485522471867657e-01
-4.194716226738908205e-01 -1.450131504576581687e-01 -1.480965102158586788e-01
-3.317394344624564617e-01 -1.466332980385859353e-01 -2.687212472326868662e-01
-4.754431558301490668e-01 -7.212490116515607452e-02 -2.898359115074794490e-01
-1.209014189017129925e-01 -8.327628787816682143e-02 -1.019858346628632839e+00
-1.717946828279768856e-01 -2.716526393377943771e-01 9.232362787879866417e-04
-4.083936660033992139e-01 5.823765971397247554e-02 -7.239627390620566594e-01
-3.237467781866025796e-01 2.526890767139607086e-02 -8.400212084962970227e-01
-4.100295411951730973e-01 -2.047678672503395331e-02 -5.400482002361836065e-01
-6.217335895911340060e-01 1.635610241546098242e-01 -2.849021840776010395e-01
-4.874678615973681017e-01 4.705875117433859500e-02 -5.392745087596606535e-01
-6.505391520388765780e-01 3.234801536696217950e-01 -3.338349005173633088e-01
-3.861202451400959079e-01 -9.880488553843638777e-02 -3.803104721971740654e-01
-1.265190858772919924e-01 -2.940896588166772574e-01 1.434634032739521281e-01
-1.285425348288216085e-01 -3.978617795681681502e-01 -1.654618393304982948e-01
-1.675081254649124496e-01 -3.207971119437604823e-01 -1.754941189153363945e-01
-1.006622268943916099e-01 -4.523277896655315544e-01 -1.099186999622029093e-01
-1.717111420541537203e-01 -2.430336340082077662e-01 6.145711896839254340e-01
-2.842431244891130415e-01 -2.595642469590981882e-01 6.887376870769661430e-01
-3.812140632624565484e-01 -2.544691550038843397e-01 7.056398250909481362e-01
-4.599979604008550549e-01 -2.244954666843004265e-01 6.881790176842583762e-01
-5.130628588951824387e-01 -1.788755447882263150e-01 6.459570606352269539e-01
-5.459984359549656663e-01 -5.731898489316120116e-02 4.912800005955839655e-01
-7.251428378528563812e-01 2.682471473609224777e-01 2.886267669222184473e-01
-5.012828401869589001e-01 -9.165830155431603510e-02 3.401911087559780222e-01
-4.361251830166759103e-01 -1.280918481386814078e-01 3.007800587398595793e-01
-3.478363907521047071e-01 -1.563110545591368528e-01 2.924764974377598303e-01
-2.622600871657265187e-01 -1.734154115347988911e-01 3.100783561319260251e-01
-1.943411581543449396e-01 -1.790172138575786276e-01 3.394880517985907620e-01
-1.472271615841824199e-01 -1.876477186922899110e-01 3.668334499090644130e-01
-7.293889519949028344e-01 5.094774691887804519e-01 3.275735360107275840e-01
-1.671193199953833197e-01 -2.848714003229662062e-01 -1.955880553513813513e-01
-8.537286744138514183e-02 -3.881759200632289852e-01 1.001258676252337054e-01
-8.303122850360181162e-02 -4.480264203716507465e-01 -1.827868398274671291e-01
-4.925681977464249628e-02 -4.146110116417861535e-01 -2.259303878850309477e-01
-8.322203412322781713e-02 -4.140417958258701958e-01 -1.929246535179185429e-01
-1.492333746567631736e-01 -2.585813696637492276e-01 -2.211266679758803200e-01
-3.554145873462728755e-02 -4.313140985382812875e-01 -2.384105710038331161e-01
-2.562798395221720094e-02 -3.501483276036375658e-01 -2.480401458552349281e-01
-1.413713287150940023e-01 -1.663515592865348891e-01 4.445820062991491239e-01
-1.100176161080020087e-01 -2.020732109443522662e-01 4.158871731863766907e-01
-9.193365313850118681e-02 -2.452279653848541408e-01 3.907541884069627436e-01
-4.601903916023744046e-01 -1.322075230766290854e-01 5.216740863520685778e-01
-5.024552067072176609e-01 -1.331480360711917443e-01 5.657042722004945734e-01
7.927237271776949035e-02 -4.399636609030715961e-01 1.295711147722656276e-01
4.815584221457520631e-01 -1.290273351795641621e-01 4.385101072334476324e-01
9.035694499078195108e-02 -3.566332468371294917e-01 -2.389830788914691917e-01
7.084927328532262258e-01 1.241193186439795149e-01 8.210864829610124982e-01
2.938583392985596454e-01 -1.815799476389620137e-01 3.633936592395377030e-01
3.588258897709002415e-01 -1.767194734839682146e-01 3.545243994446021230e-01
4.206363874392087254e-01 -1.602492662138681467e-01 3.574247490864046473e-01
5.025238109749483595e-01 -1.148438897155049654e-01 4.110600372622021936e-01
2.401197274195462916e-01 -1.765405495329636087e-01 3.859532247179546793e-01
3.935640251179812754e-01 -2.411163583281661360e-01 6.206803219265770721e-01
3.168544018877004209e-01 -2.387368205584152747e-01 6.081063415511511749e-01
4.627620464515396215e-01 -2.197318677864867897e-01 6.028645465856068419e-01
5.054785063189433103e-01 -1.901507064493034305e-01 5.615288795771289365e-01
5.507036081412504114e-01 -7.513844084084217445e-02 3.440806072922615311e-01
2.573204506335970976e-01 -3.833377674307031358e-02 -9.552471023030408848e-01
5.049038513400672112e-01 -1.123977423533901177e-01 4.679459487422261699e-01
7.439969491899667275e-01 2.048069527996944084e-01 4.143886558319297420e-01
6.194128554794380292e-01 -2.001985310329347512e-02 4.164466641015053261e-01
3.456583309004970239e-01 -1.961614643405749092e-01 -7.714270982111562369e-02
6.077932735137246689e-02 -2.752193840103054345e-01 -4.860608255822399526e-01
5.536442357709554785e-02 -2.352157141203233270e-01 -5.529697994040245757e-01
1.356695152397684456e-01 -2.268541016065068749e-01 -5.110135361398447928e-01
1.866886569823886233e-01 -1.720162262414246523e-01 -5.360416208597085230e-01
1.156573960442495719e-01 -2.020134767322804281e-01 -5.554957105053557331e-01
1.645323191421207976e-01 -1.529456915062603062e-01 -5.624556530261914933e-01
3.070506311054848059e-01 -6.419362917064629082e-02 -6.670331773260023134e-01
7.785084454382945607e-02 -4.816940079113050110e-01 -2.090427469023918849e-01
8.632351087383385857e-02 -5.143976265437231188e-01 -1.157371523007970360e-01
5.839962163855698662e-01 -1.818156334543390429e-01 6.563507205737653116e-01
2.150722904237419297e-01 -2.322960609176174529e-01 1.709488619419646804e-01
2.294058862539882782e-01 -3.252931511850174484e-01 -1.575191939982866218e-01
2.332846503003494498e-01 -3.124431537550586002e-01 -1.010039967809314709e-01
5.337024402770789155e-01 -1.150414725195462173e-01 -5.638571604105185875e-02
8.299105228637307374e-02 -4.898085879357365613e-01 1.397603506604778306e-02
4.461383277087289656e-01 -3.053179848718997613e-01 7.584166615952971924e-01
5.296020787917496975e-01 -2.509844414321329431e-01 7.283221495418903402e-01
6.459988939577137046e-01 -2.405548368980264806e-02 9.703865834343663455e-01
1.666033281536876132e-01 -3.444556515971063382e-01 6.600099963288679206e-01
2.518409581758201954e-01 -2.126810516055800404e-01 5.635710702162657348e-01
3.583702074761963008e-01 -5.788367836099977959e-02 -5.690096527245472879e-01
6.808930851665557782e-01 4.904105715377471419e-01 -4.376944428165946421e-01
1.825970023390070529e-01 -2.933891449890124736e-01 -2.086065625750160857e-01
1.333373932030497144e-01 -2.955063772677684053e-01 -2.362411971949611722e-01
2.563773453764921495e-01 -5.717199845204166964e-02 -5.858912231127475501e-01
2.393887561754233229e-01 -7.683761928846989664e-02 -5.904303578332658065e-01
5.601849441095485549e-01 -2.282083271409089953e-01 7.878449509709650744e-01
2.317838534132141692e-01 -2.842477705189896398e-01 -1.932245121157285528e-01
3.302147689061489810e-01 -3.400506859065643983e-01 7.436967225489985456e-01
3.405605689073907261e-01 -3.635815099672470296e-01 8.143335375052864755e-01
3.926718555153771995e-01 -2.950341297497628412e-01 1.162938082452943611e+00
6.037698887728397690e-01 -1.398230365656836227e-01 8.665966191813911923e-01
3.584133217982010677e-01 -3.306882137427960000e-01 9.831755510768456219e-01
6.190450184944900069e-01 -1.316918980859608512e-01 7.010048157632202681e-01
6.683003697482916561e-01 -9.211882832219190492e-03 7.457292697745878662e-01
5.863661907125831962e-02 -2.620810315960899750e-01 -5.241966445277124187e-01
1.255690692504271011e-01 -2.169738080749121223e-01 -5.352922759259390872e-01
1.756415683101891778e-01 -1.679333951535921243e-01 -5.495465156370542559e-01
1.683938303853348417e-01 -2.773984299061974523e-01 -2.233988138166689286e-01
2.476009217144733432e-01 -6.793250977587975137e-02 -5.884360320326340599e-01
2.128548174570238372e-01 -1.077332610437845839e-01 -6.287057757848506512e-01
2.309247798386813155e-01 -7.871020935819519893e-02 -5.913567864135161889e-01
1.500453708735574598e-01 -3.857883716673110586e-01 -1.923312372359524680e-01
1.558199065719099163e-01 -1.396781301730409819e-01 -5.715436387495445025e-01
1.086987194558077241e-01 -1.721529806440562638e-01 -5.679503179547873426e-01
5.275910170919180520e-02 -2.015819152754004806e-01 -5.698501961105619795e-01
9.850749731996574776e-02 -1.343185039652610713e-01 -8.441242237844797103e-01
6.138485478419736241e-02 -1.973031942775614334e-01 -7.746782585333709115e-01
5.735610648763628250e-02 -2.073359200906464972e-01 -7.305629032005411805e-01
5.379733809193723570e-02 -1.957429807420724699e-01 -6.848466245949935693e-01
4.761222275487803079e-02 -1.914901116369394640e-01 -6.459570830680247955e-01
1.510785257823348271e-01 -1.391630062496768683e-01 -6.253903739413093632e-01
1.634224616438023081e-01 -1.479635449177031381e-01 -6.437799091985869637e-01
1.754842652228468802e-01 -1.557309270576887061e-01 -6.666637721049757381e-01
1.876231079449164896e-01 -1.415165234442929409e-01 -6.905980111605223293e-01
2.902480494457888582e-01 -1.731725634888955923e-01 -4.205012283539053541e-01
7.509595912960016495e-01 5.204957417923934404e-01 4.089477154391174540e-02
1.880938569125651383e-01 -1.034470207258766372e-01 -6.104363480758021598e-01
1.998845033982137309e-01 -1.095606448818043643e-01 -6.198530337986929428e-01
1.124812258979683288e-01 -2.918844887779378228e-01 -2.717965565609360423e-01
2.118630399745254911e-01 -2.313473581240276244e-01 -2.420901229215152162e-01
1.226598207693620213e-01 -2.952664509241549329e-01 -2.548907836915812464e-01
2.815125866792418385e-01 -2.029842592854664840e-01 1.163253523870778627e-01
3.863052286913579714e-01 -1.776842367050364135e-01 5.050781568849414815e-02
2.445151123858859132e-01 -2.703949572538192347e-01 -1.380477440770992992e-01
5.470036895153675971e-01 -1.727143852330836893e-01 1.086412157829663272e+00
5.062606075359574742e-01 -2.451306503567269868e-01 9.491403694433053762e-01
4.671851369875397175e-01 -3.041728841503544833e-01 8.290908683490645359e-01
2.521147590001276972e-01 -9.115462782974731448e-02 -7.400925029563323321e-01
1.878174388656181915e-01 -3.870665036128110303e-01 7.785069062399800899e-01
2.014226012404886079e-01 -3.760179496382766162e-01 9.871547242540681388e-01
2.233919086111406105e-01 -3.639016318044464571e-01 1.202085738261088999e+00
4.727827928985335326e-01 -1.355823567360535664e-01 3.748614266758126812e-01
6.175313897193657198e-01 -3.198891693898191224e-02 2.691512221913058278e-01
2.048734681554268966e-01 -1.689691387874502349e-01 4.076718815814213137e-01
5.607616094698966158e-01 -1.300024422793124301e-01 5.240996568542197753e-01
1.708879850780168352e-01 -2.631150204095298317e-01 2.320535337290345890e-01
1.903931773021483309e-01 -3.940120260641237770e-01 -1.323981637821499691e-01
6.940845801413595417e-01 4.739817679946460582e-02 2.074195691713508483e-01
5.753206036165814385e-01 -8.087928005197175807e-02 1.943362320707890945e-01
4.943823314332917995e-01 -1.355454473887167666e-01 1.533149522882111260e-01
3.728849271752765482e-01 -1.639172386216730670e-01 1.714946739504568107e-01
2.833525254970339358e-01 -1.823323329048437413e-01 2.182770616763108906e-01
2.168366514630724606e-01 -2.048264283702040389e-01 2.649266442781453845e-01
8.658063552287673104e-02 -3.474668260955792176e-01 3.517069348719277233e-01
6.839383105012100117e-01 5.629033245827695653e-02 4.742733134192676780e-03
6.061250506672430927e-01 -1.010165109188822796e-01 5.406982076639399448e-01
5.605971186184295629e-02 -4.419394146210300356e-01 -2.499433174064696894e-01
2.113896013953180386e-01 -2.477659149321534970e-01 6.782875663320983572e-02
7.631615388156531843e-01 4.164734157848616336e-01 4.555863611004051794e-01
1.676598464416245715e-01 -2.198180628920971547e-01 3.161684386162547655e-01
2.522827237981785653e-01 -2.051556911606587930e-01 -1.332379064054305395e-01
5.282213236670378897e-01 -9.974055337307596858e-02 4.647193263433572197e-01
1.924989419512916355e-01 -3.775750843249425781e-01 -6.294608693475192696e-02
7.263899026096827249e-01 5.209194925120304021e-01 -1.903192957830537324e-01
2.048937918556200111e-01 -1.562695590290671399e-01 4.372901949122490750e-01
1.389158205142503322e-01 -4.474661846709597768e-01 -1.507529007196264231e-02
5.388639491250335478e-01 1.755196212795224753e-01 -7.122832552108215864e-01
5.394851141079142209e-01 3.051160985950200910e-01 -7.968385696920643468e-01
7.468285086688040142e-01 2.899779003324293170e-01 1.739299411092183612e-02
6.193069963300550373e-01 2.406957488295791148e-01 -5.763694573251565423e-01
7.093885462722482327e-01 1.147673003016279336e-01 5.958491226891371451e-01
2.728644281822298900e-01 1.125383357573295565e-02 -1.033182088865049142e+00
5.388601742739840272e-02 -3.512679501996395226e-01 -2.579936392017307956e-01
2.683968579561626377e-01 -2.161292956009416288e-01 -1.501004288843268974e-03
6.699034604989182462e-01 4.723381844711249666e-02 3.998284309755428811e-01
4.181438913605020069e-01 -1.613122554171679823e-01 4.039412725369522228e-01
3.623043523127622567e-01 -1.749908281279755062e-01 3.980658077010139628e-01
2.260107058579884365e-01 -9.464240568597823144e-02 -6.383277820335329089e-01
6.701209586444161204e-01 1.027659640475845626e-01 -1.810040361716659385e-01
1.577355354808638310e-01 4.763286950227769989e-02 -1.149477322009738955e+00
3.563433827751323335e-01 1.603581723476695808e-01 -1.015172405638064657e+00
4.419971303497505222e-01 2.249946695335569569e-01 -9.266023484406817889e-01
3.069356823004085744e-01 -1.777221198308986949e-01 4.056971798961661602e-01
2.550198895844651426e-01 -1.692432103240575358e-01 4.209027086821086616e-01
2.215899785680527923e-01 -1.562149017827981767e-01 4.294710963345984567e-01
6.474312907564865327e-01 -3.706669432153110455e-02 5.677147207376231908e-01
2.650982303194097112e-01 -1.910524567761098247e-01 4.981225631980571444e-01
3.220447670773589621e-01 -2.073235106316436704e-01 5.254847901303820734e-01
3.808959832189395822e-01 -2.067736398868516012e-01 5.315481687835503788e-01
4.378064273470250178e-01 -1.908382569127143880e-01 5.186079872148643410e-01
4.716405192759332010e-01 -1.675526365671901052e-01 4.969475122530344624e-01
7.472314645050903703e-01 2.820298829617460257e-01 6.608064327808549354e-01
4.559912701272350599e-01 -1.437702635248282457e-01 4.195288309276670180e-01
2.327918675025258399e-01 -2.155599257711126038e-01 -3.761387860339255873e-01
1.817785984581602454e-01 -3.200109768202142879e-01 -1.974107790097677784e-01
1.145730832423112189e-01 -2.783345228425617712e-01 -3.548600432251126646e-01
4.514461426814975198e-01 1.274575071431101603e-01 -8.381027782256749159e-01
3.659247500896493088e-01 7.303862265901703288e-02 -9.361472274376378966e-01
1.557059925604973305e-01 -4.363539267335325711e-02 -1.104251758928207483e+00
6.163706457169917385e-01 4.073553306187785994e-01 -6.428080416151842336e-01
2.238431450149645507e-01 -1.699209287655821798e-01 4.609134691579319654e-01
1.285307866620948314e-01 -3.499553956479735106e-01 1.888174465868667218e-01
2.644448877532326048e-01 9.204236939066648415e-02 -1.093667121966605649e+00
7.234999164193165466e-01 3.071538972932553735e-01 -1.918734148975117515e-01
1.039916389684744091e-01 -1.678357250829058955e-01 -6.355735833585578476e-01
1.155650983626972939e-01 -1.754541106427861541e-01 -6.656096753850513359e-01
1.241846119011968119e-01 -1.839613530749673598e-01 -7.027878657500026272e-01
1.326443427136027586e-01 -1.717604801418377569e-01 -7.416985326912175491e-01
1.838747471680235446e-01 -1.187325109982962923e-01 -8.032281786482506902e-01
2.033097262644615322e-01 -1.119968714726796988e-01 -5.735415039261507752e-01
2.153634492006839540e-01 -1.122416836864593426e-01 -5.675712625302496983e-01
2.259601338885925959e-01 -1.136194356233881098e-01 -5.599597307001200619e-01
3.347461305167556134e-01 -1.163003148089914174e-01 -4.852563502565040432e-01
5.814250020297897503e-01 -2.107368486477623898e-02 -2.499369933503974850e-01
1.282182351676257603e-01 -3.012537788408553574e-01 2.989293840552313952e-01
1.608955567387881369e-01 -2.135323853345348910e-01 4.977255218055942620e-01
1.973321817197824513e-01 -1.858033821650278972e-01 4.897393205435682795e-01
1.916661588177026587e-01 -1.033704956263677421e-01 -5.792619147703077509e-01
5.892326265379901340e-01 1.031166962479698190e-01 -4.613061788158558940e-01
1.040298121862433534e-01 -2.968713671174519897e-01 4.971405626081981666e-01
2.227244127317784539e-01 -7.592577609728115573e-02 -8.750822232661414901e-01
8.350149285393576593e-02 -4.011064423932036993e-01 2.341775580899002618e-01
1.733164316595152687e-01 -3.307589226286301587e-01 3.265654078274714961e-02
1.213311038064540381e-01 -1.085274554593045060e-01 -9.285760256554211889e-01
3.708590143781682613e-01 -2.450205917024118191e-02 -6.945190036921569110e-01
3.037237209524235038e-01 -1.808755916429338750e-01 -2.067335264940438622e-01
3.033031561308343615e-01 -4.696850251938063103e-02 -7.981607990562711308e-01
4.434720039301668359e-01 -1.580113479556596312e-01 -1.869550428471238868e-01
3.579461439822398949e-01 -1.568177602131636261e-01 -2.991032787467434728e-01
4.950682169030881097e-01 -8.612453547236736950e-02 -3.313082393652322377e-01
1.444731023397399228e-01 -8.920301009156647587e-02 -1.026450329257753813e+00
2.118048236998044120e-01 -2.770953702266051311e-01 -1.543160522033686782e-02
4.288600580362034176e-01 4.242455759605083532e-02 -7.495516595107871716e-01
3.448977172566906058e-01 1.066969817619852628e-02 -8.576173626228387192e-01
4.240068082161594365e-01 -2.981535504067926723e-02 -5.751533048942468751e-01
6.510185536279080587e-01 1.456067853021201786e-01 -3.375233912925315050e-01
5.056858361099281218e-01 3.118973932134168348e-02 -5.760201674507721137e-01
6.876219576020541346e-01 3.056176629935566380e-01 -3.885428146818620254e-01
4.026577273482144781e-01 -1.084513461245610599e-01 -4.153188365180506825e-01
1.687765191126678888e-01 -2.953563876172762281e-01 1.299312742884928262e-01
1.691778101017977765e-01 -4.022060048663576026e-01 -1.783168783039885685e-01
2.086747539845912880e-01 -3.289888929483516522e-01 -1.909349119083775248e-01
1.428756594759104659e-01 -4.572479470204742213e-01 -1.210483352967157700e-01
2.139883963943547407e-01 -2.465867319622163656e-01 5.884522342691120844e-01
3.217987466447276290e-01 -2.691563423816172307e-01 6.579356119857724394e-01
4.155819114721706065e-01 -2.670270656929151221e-01 6.703744838144316542e-01
4.902233547631706934e-01 -2.385994863741118799e-01 6.480249422705377516e-01
5.387331686129794850e-01 -1.937490693986416712e-01 6.003123928576050705e-01
5.658225563522976120e-01 -7.073241357982273936e-02 4.424635970526020756e-01
7.546356994663259155e-01 2.510815051625761019e-01 2.178574697737768462e-01
5.175475801881823656e-01 -1.028860464836443001e-01 3.007898151536850806e-01
4.525102317841120936e-01 -1.377457156731475285e-01 2.700548934533641976e-01
3.675344853609130436e-01 -1.627642534352924386e-01 2.747555745829575180e-01
2.867442275134965968e-01 -1.769682581911234953e-01 3.018898844152517746e-01
2.251107847696680042e-01 -1.820368068284653473e-01 3.356639876172997639e-01
1.826440990940503273e-01 -1.889774289749401870e-01 3.646271719654765597e-01
7.594995033156326514e-01 4.909193236989954912e-01 2.536874307333961687e-01
2.079512031679691675e-01 -2.935075825901184432e-01 -2.103148183533527504e-01
1.294346573131099354e-01 -3.894208173775308701e-01 9.049026710235991144e-02
1.245646731113874417e-01 -4.525047436887914554e-01 -1.919854260139718383e-01
9.057965336408224655e-02 -4.190711213275212232e-01 -2.320581286418968991e-01
1.244998461619692964e-01 -4.181716222648570458e-01 -2.023451105621275614e-01
1.914905756764716527e-01 -2.680416881600894419e-01 -2.341110984238763404e-01
7.721749584963522040e-02 -4.347867854104827678e-01 -2.432488814123401344e-01
7.511086041521494727e-02 -3.537415577891194207e-01 -2.521944059368312896e-01
1.824649552575722256e-01 -1.659610112733957976e-01 4.339058783861058366e-01
1.494565175755356301e-01 -2.027342180898912272e-01 4.093691013981204385e-01
1.294250451766971177e-01 -2.466506558105826530e-01 3.854886106544039848e-01
4.903143245247769677e-01 -1.434707480977164273e-01 4.808143530078047290e-01
5.298590306736348232e-01 -1.474740144403919873e-01 5.182171421837280523e-01
-3.401145155182991875e-01 -1.615790707331499210e-01 5.038677980167444170e-01
-2.728720927615917446e-01 -1.678451784835710558e-01 5.018556849644473239e-01
-3.392814008714339913e-01 -1.702708293783350424e-01 5.854017444601307130e-01
-4.082650024561234048e-01 -1.552581800876178253e-01 5.057256583213756151e-01
-3.415528806370669024e-01 -1.528899507136467495e-01 4.223891227377623014e-01
3.683680397787252314e-01 -1.682551392427987791e-01 4.716811761696780847e-01
4.341950911547505232e-01 -1.742196897724256344e-01 4.685696845945430677e-01
3.674184486553282447e-01 -1.770950064604885910e-01 5.449433014941142961e-01
3.020179750978848610e-01 -1.623168179089389263e-01 4.750757274466177460e-01
3.695659130139095083e-01 -1.594323602676206431e-01 3.984152228613547786e-01
