-1.563043037763159337e-02 -3.230887577392433929e-01 -5.317823972927953058e-01
2.528549800431711958e-02 -5.343003797522838383e-01 -2.319588304881989860e-01
2.873886540141384893e-02 -3.349016291181201588e-01 -3.007241997278580214e-01
-3.766080596761506305e-02 -4.846317171154657100e-01 1.480273229610296060e-01
2.505741042386502859e-02 -5.727484446876940360e-01 -1.255086172547940082e-01
2.388536919250928980e-02 -5.623364192732682731e-01 2.584265131238655533e-02
2.640379823583782759e-02 -4.133718384100781851e-01 4.112234843258220085e-01
-4.957543950341225525e-01 -1.307489465702144082e-01 5.193159302113736775e-01
2.692849084886955735e-02 -3.956385745854484881e-01 7.041129939464862986e-01
2.582012728997544471e-02 -4.269497365532570754e-01 8.454064894693358312e-01
2.424711031329809807e-02 -4.138249800662274769e-01 1.342358660831064476e+00
-1.420419944151518621e-02 -3.115977007616697048e-01 -5.603686357596959766e-01
-1.195044051078726632e-02 -2.867564818837506913e-01 -5.880918772949044193e-01
-8.736077329768776600e-03 -2.482893811077078183e-01 -6.077122430310650802e-01
-1.746458349311388880e-02 -2.216490134011421809e-01 -7.568125088841002324e-01
-1.844822593181363879e-02 -2.254252058746002430e-01 -8.012597881814840228e-01
-2.054744921813161929e-02 -2.359859363560434797e-01 -8.477518080978962978e-01
-2.027699575081787220e-02 -2.231199565876069713e-01 -8.893548573376293120e-01
1.411625855163489707e-02 -1.512446393832829195e-01 -9.493475524453276471e-01
2.408111883445251955e-02 -4.894184652736346397e-01 -2.775907618745433458e-01
-4.639453563916146051e-02 -3.869611601543874180e-01 -2.552940629488696933e-01
-7.691559682518689378e-01 1.590201565052207222e-01 9.856183633765613905e-01
-2.945258286653040791e-01 -1.968221198322706034e-01 4.130966011052839004e-01
-3.699506143320552276e-01 -1.887755712994187984e-01 4.065863036102002059e-01
-4.401830078143675884e-01 -1.679510019227459239e-01 4.183928398730956122e-01
-5.260165001894878678e-01 -1.153932072215413385e-01 4.930922585798651614e-01
-2.280617913404425767e-01 -1.917746790488261688e-01 4.379674752396278681e-01
-4.009563170632346463e-01 -2.561257377112557965e-01 7.177595677188302048e-01
-3.148170197529376324e-01 -2.553559707553909597e-01 7.017437784137507961e-01
-4.771541538220525069e-01 -2.287168209483703141e-01 7.019745331593796323e-01
-5.254425714608190745e-01 -1.935663654811503598e-01 6.624353781869323221e-01
-5.893255888596993231e-01 -6.858841801200143973e-02 4.319905133270245390e-01
-2.579806372153728988e-01 -3.020406902279526573e-02 -1.042537387084319533e+00
-5.198754420508189256e-01 -1.117419106196578804e-01 5.563779346675821191e-01
-7.935195573695374982e-01 2.461469762864942901e-01 5.350707704489023886e-01
-6.698479761691467083e-01 -4.500686860079722990e-03 5.228442040232985644e-01
-3.446136763838603123e-01 -2.062930155208031469e-01 -5.156823260879739301e-02
-9.839388580459862421e-02 -3.086133195080156266e-01 -5.109211857251185762e-01
-8.453376497355619135e-02 -2.707571852613781527e-01 -5.799924043827784370e-01
-1.711054329785839379e-01 -2.551427723146877380e-01 -5.312498753425187736e-01
-2.187657321802572996e-01 -1.958088069722498936e-01 -5.597959084086236992e-01
-1.444383153936886766e-01 -2.328851283367276981e-01 -5.815554302615324467e-01
-1.905209935062023296e-01 -1.753794909371573230e-01 -5.949740742579046060e-01
-3.300646600800054564e-01 -6.293156231666419131e-02 -7.180157474466093426e-01
-3.736190073214307183e-02 -5.263916116544256063e-01 -2.242881023290250742e-01
-4.839995727513868307e-02 -5.620370789009310197e-01 -1.205955269816568753e-01
-6.234538482916218705e-01 -1.830957441629121885e-01 7.743931367329786042e-01
-1.935415961802172680e-01 -2.534018751454203411e-01 2.078802317226504659e-01
-2.075495087467132960e-01 -3.501288513129225954e-01 -1.547945085717933322e-01
-2.133466486853363708e-01 -3.360588127066677089e-01 -9.193220244171240729e-02
-5.610138457699909154e-01 -1.136791240857840668e-01 -8.715893074329572610e-03
-4.369092381358724575e-02 -5.382735878919819861e-01 2.106573772449721327e-02
-4.554798919853175754e-01 -3.197031575940878501e-01 8.730956986145876897e-01
-5.548144337164928608e-01 -2.586865688420592058e-01 8.444610474618858831e-01
-6.957180504173976487e-01 -4.529134197658782335e-03 1.144834344459940034e+00
-1.319925970950824867e-01 -3.750018577995228863e-01 7.471711308400008633e-01
-2.385205551984992400e-01 -2.304070794268386901e-01 6.518700283664440320e-01
-3.856494930137679411e-01 -5.555629789240068561e-02 -5.919820677222702443e-01
-7.022727714380838648e-01 5.620101248746292022e-01 -4.235716740560080407e-01
-1.520806554497319274e-01 -3.139981168900984887e-01 -2.152260028728236740e-01
-9.388956420340677234e-02 -3.140209878194317739e-01 -2.487814252601087128e-01
-2.803326277776583275e-01 -6.782803122446534605e-02 -6.219130434141990627e-01
-2.645696280364556729e-01 -8.714250772864973182e-02 -6.334321951269479278e-01
-5.913829791956826121e-01 -2.329363828501040956e-01 9.195674012461863001e-01
-2.119939302687112725e-01 -3.034851997025032055e-01 -1.939698989593716671e-01
-3.186689312493351522e-01 -3.602335121379462990e-01 8.512352435401338013e-01
-3.299504576505984943e-01 -3.853686658439270385e-01 9.350841014744952773e-01
-3.996087841248230355e-01 -3.099370353459340865e-01 1.329225711288457568e+00
-6.424048352500522086e-01 -1.355328267809946530e-01 1.018109878465178753e+00
-3.560460656312813832e-01 -3.514931120502751138e-01 1.122556472038338526e+00
-6.634643067897960655e-01 -1.277732253275498664e-01 8.363254034630385192e-01
-7.153908559431454428e-01 8.392616800937141575e-03 8.915168197601257560e-01
-9.347289524241397807e-02 -2.974169951144032265e-01 -5.495797818340055763e-01
-1.581525002826783544e-01 -2.468405639187604139e-01 -5.575409526298686913e-01
-2.055752017147928212e-01 -1.914113922485545238e-01 -5.770238810321715039e-01
-1.349755950244378999e-01 -2.951330691367612946e-01 -2.328239788231714069e-01
-2.720879246987065736e-01 -7.775930396884250806e-02 -6.277486203761744044e-01
-2.462803586813421264e-01 -1.207276809489875591e-01 -6.861394955664255058e-01
-2.555736596827988816e-01 -8.979634062887142942e-02 -6.379361501213445251e-01
-1.185882482652453329e-01 -4.215892170161459340e-01 -1.991005280634482455e-01
-1.790413675645738945e-01 -1.608748496656641214e-01 -6.087647901615931278e-01
-1.321297124173795856e-01 -2.013090949429348075e-01 -6.001049870889580973e-01
-7.550437091034956083e-02 -2.363658904733267896e-01 -6.004431717139531166e-01
-8.535400243019225508e-02 -1.450751829225989109e-01 -9.389390887816220221e-01
-1.060541850343301729e-01 -2.185497678146837153e-01 -8.736937316798583097e-01
-1.026877418501588313e-01 -2.311969747463353819e-01 -8.304227576051435022e-01
-9.414309535134879336e-02 -2.192554176559702306e-01 -7.820061055997857835e-01
-8.443473377937515956e-02 -2.153219874372276355e-01 -7.400616870973597550e-01
-1.857611559804119850e-01 -1.577520209551526165e-01 -6.966810901585080984e-01
-2.011028846086726496e-01 -1.652062210460891745e-01 -7.155828396661325641e-01
-2.166763262380885235e-01 -1.728555098929689393e-01 -7.384834817006877827e-01
-2.276530684753327316e-01 -1.569016660556092901e-01 -7.634869002904851598e-01
-2.917870747849674595e-01 -1.829158464591619238e-01 -4.307473638395302729e-01
-7.855037760074190523e-01 5.967393016313771170e-01 1.219609100198461027e-01
2.842848782985744893e-02 -3.889174722273889273e-01 -2.854316114300816665e-01
-2.177977283174711287e-01 -1.194689207196827363e-01 -6.703680905496152143e-01
-2.320727330942864430e-01 -1.237830429307672508e-01 -6.784057192942491987e-01
-6.944770743962264126e-02 -3.143793105347938432e-01 -2.894381779240079444e-01
-1.853803316665922907e-01 -2.423728490351874099e-01 -2.495931065821250794e-01
-8.128579969992788534e-02 -3.154308899619691076e-01 -2.696767153869382705e-01
-2.700862895767353056e-01 -2.197245794687974207e-01 1.548178224458789387e-01
-3.904486022908426612e-01 -1.873219089069044774e-01 9.411861953037048423e-02
-2.254226767735428849e-01 -2.889326335848174665e-01 -1.316131125418537051e-01
-5.790909759398843448e-01 -1.690815053129957057e-01 1.263111693743006470e+00
-5.280778314889134073e-01 -2.522164056861075920e-01 1.100528374089131844e+00
-4.786625057247917425e-01 -3.177336092590410388e-01 9.580874359472018043e-01
-2.649868041372942518e-01 -9.572632813347614622e-02 -8.155425227448502845e-01
-1.527465748283424185e-01 -4.195142447730826341e-01 8.885735905450431460e-01
-1.776443200567823233e-01 -4.065416993565462711e-01 1.108701793988940310e+00
-2.056362747050649586e-01 -3.904199093113946972e-01 1.350595550984206028e+00
-4.966206464546130128e-01 -1.387587127776052087e-01 4.463397507920341400e-01
-6.716089645704470534e-01 -1.660681716210965497e-02 3.602452313187087807e-01
-1.838489521583486219e-01 -1.863753862836692310e-01 4.623087452384646578e-01
-5.927014043163891799e-01 -1.274902770937288432e-01 6.280215199096539358e-01
-1.422914235201078181e-01 -2.887410474497564827e-01 2.701735620579768238e-01
-1.645286381566263278e-01 -4.271804557639025113e-01 -1.290738063758404275e-01
-7.371978660221456536e-01 7.156783902628238714e-02 3.003955480139886003e-01
-6.255672417923108242e-01 -7.334834131343537234e-02 2.711670815158451209e-01
-5.342131510316927567e-01 -1.364050700439237707e-01 2.160166409570527524e-01
-3.926019585436302251e-01 -1.729266411178609353e-01 2.213675308726470448e-01
-2.873600283768089625e-01 -1.962161794180972141e-01 2.611549940626722854e-01
-2.086047362782306180e-01 -2.222694738965580452e-01 3.059733988436901253e-01
-4.350029397831495226e-02 -3.819204611113768966e-01 3.937153257463290590e-01
-7.232970508656855202e-01 7.919836187227025093e-02 7.391216961715363354e-02
-6.517864024338937412e-01 -9.453178035233633647e-02 6.573278292775794895e-01
-1.484138171501783732e-02 -4.850674649684159068e-01 -2.713979732905152931e-01
-1.880440904576968775e-01 -2.700318074856389305e-01 9.320263254929361807e-02
-8.135891556881813536e-01 4.796115865172789761e-01 5.848472233762196382e-01
-1.472515581353645020e-01 -2.406969004046999316e-01 3.570692605047167678e-01
-2.299344230876793072e-01 -2.170008206125262351e-01 -1.255692302649055181e-01
-5.492880275953959668e-01 -9.746587425966979357e-02 5.567761574925820245e-01
-1.684737326965202175e-01 -4.090172120858104332e-01 -5.287504828566735871e-02
-7.530438577660492072e-01 5.982464781590546288e-01 -1.412827728405133820e-01
-1.796842699010409161e-01 -1.742117408985821569e-01 4.972965994268656598e-01
-1.090289401731728280e-01 -4.889318267787823302e-01 -5.120181785213895331e-03
-5.625181184298688741e-01 2.142090282820940939e-01 -7.466064668324068343e-01
-5.554056473725399456e-01 3.582375178640107016e-01 -8.438514682626752084e-01
-7.805472193721296748e-01 3.400419754811676576e-01 9.274011200209697492e-02
-6.471310875129532292e-01 2.865290848327481932e-01 -5.852659816759242517e-01
-7.574409358719580432e-01 1.456556926453089762e-01 7.317456468093563871e-01
-2.710823616741934172e-01 2.492920696298359107e-02 -1.127149231593917555e+00
-2.040931565964878430e-03 -3.833591592085427990e-01 -2.795246415545293850e-01
-2.545190518566614601e-01 -2.316588884374293222e-01 2.326903988320602745e-02
-7.329179797238616345e-01 7.010589635639641326e-02 5.184692440688853932e-01
-4.282508076068758385e-01 -1.689382824047391818e-01 4.706583846355509859e-01
-3.662559265350906479e-01 -1.865986384056872449e-01 4.582983479293367690e-01
-2.580333702743546898e-01 -1.065806552993538991e-01 -6.937305035652698848e-01
-7.055972852303149523e-01 1.308428841231538131e-01 -1.359343443864265977e-01
-1.330676331533753309e-01 5.899235994779933323e-02 -1.262204165915936649e+00
-3.529350961944475173e-01 1.920233416733425624e-01 -1.105424741663805221e+00
-4.472026933815298477e-01 2.662054190024600864e-01 -1.000095388872104252e+00
2.488040196443171148e-02 -4.252944627678023615e-01 1.089374756150467860e+00
2.190265190341614265e-02 3.649538963916321155e-02 -1.284911997270183903e+00
-3.027410089496584966e-01 -1.915453772022257528e-01 4.646013692076744750e-01
-2.404519211289674052e-01 -1.854884620900343339e-01 4.807151161049774135e-01
-1.991279982842442120e-01 -1.735494516211555371e-01 4.898531769230609623e-01
-7.026633416571237412e-01 -2.423534098388324676e-02 7.008207498596075169e-01
-2.545149553288728050e-01 -2.089450419284544225e-01 5.793976248614702840e-01
-3.232220576796152045e-01 -2.230463968123574947e-01 6.155450733666678609e-01
-3.889013247316475130e-01 -2.195102809391613619e-01 6.243646860113010177e-01
-4.507622130463961874e-01 -1.991472882631983854e-01 6.115608028902421722e-01
-4.874397918474882019e-01 -1.724674497371292414e-01 5.884779986266277518e-01
-8.044537258702066929e-01 3.328059517629387010e-01 8.108427190071898494e-01
-4.688035288467617967e-01 -1.481891098812904151e-01 4.935401488243214008e-01
2.738988351919841024e-02 -3.155065591895986898e-01 -3.773143813206472075e-01
-2.161717643888301232e-01 -2.310662912949117409e-01 -3.903357042516648612e-01
-1.516251805948209963e-01 -3.435757164272394970e-01 -2.023054308107731236e-01
-7.688130162885492558e-02 -3.057001326391033391e-01 -3.773424957788693579e-01
2.677843391245084137e-02 -3.773149267812858643e-01 5.614832006880210447e-01
-4.668447853576300766e-01 1.600845113419204768e-01 -8.959518534396333500e-01
-3.739012410524242824e-01 9.803364458688379468e-02 -1.013465298181319252e+00
-1.418186466460702455e-01 -4.077697613915087782e-02 -1.209982223427317649e+00
-6.344243842794949906e-01 4.703909765771840945e-01 -6.615229328863758695e-01
-2.036091502769210582e-01 -1.891153929716760107e-01 5.286557856658815613e-01
-9.314566484091429954e-02 -3.834431249339853576e-01 2.185488136782629542e-01
1.610582957533364390e-02 -6.088339110165152945e-02 -1.230968445139490441e+00
-2.521000089851421766e-01 1.125645063409523861e-01 -1.198114420785612033e+00
-7.543179643329578354e-01 3.593297419646366286e-01 -1.435232736697806821e-01
-1.403865553415664102e-01 -1.901851308058499779e-01 -7.172124828516772688e-01
-1.559417491344117224e-01 -1.970938917764857301e-01 -7.488820633189861020e-01
-1.685461322609664858e-01 -2.059706775022480674e-01 -7.898594386846897741e-01
-1.760721838821722729e-01 -1.919095190634929615e-01 -8.313734185566907797e-01
-1.862655767699710196e-01 -1.292364068271848465e-01 -8.919981835728578723e-01
-2.282874309530128487e-01 -1.280569065300207754e-01 -6.128929463861507720e-01
-2.422390912730940649e-01 -1.295862553854191246e-01 -6.038035069291844970e-01
-2.539831849178159073e-01 -1.311726842114947500e-01 -5.937661336353632358e-01
-3.526901126833408284e-01 -1.208444072089668864e-01 -4.988129245118166910e-01
-6.153322140342387669e-01 -6.553747037391421948e-03 -2.206008561471672902e-01
-9.160024541141231769e-02 -3.307439395268263471e-01 3.401426326904963826e-01
-1.284608543085130616e-01 -2.328297694180347932e-01 5.676048169146727940e-01
-1.739591044000210474e-01 -2.059794669381609378e-01 5.612517388983160327e-01
-2.141742165935545117e-01 -1.208037800800360606e-01 -6.213819698598417318e-01
-6.201529111403347727e-01 1.327829909966712352e-01 -4.576640499786932548e-01
-6.837007219425678128e-02 -3.264102625345410846e-01 5.585459559542080843e-01
-2.251528709632080183e-01 -7.522865934779998653e-02 -9.625760398972991183e-01
2.471581704655154144e-02 -5.110451257709258677e-01 1.572561364171101150e-01
-4.206238679710594397e-02 -4.396895922774268772e-01 2.638015591216980038e-01
2.577642451171535676e-02 -4.598489685088735790e-01 2.795022191962048819e-01
-1.454914166955056931e-01 -3.592743023780153866e-01 5.136955663983050480e-02
1.404894493678504608e-02 -1.139859463259456085e-01 -1.144647884683894112e+00
1.422883715499514284e-02 -1.310219365044941187e-01 -1.040127243697261505e+00
-1.086189028881911489e-01 -1.132089446707967850e-01 -1.026056526182539841e+00
-3.939457463620485989e-01 -1.430313268459831866e-02 -7.376191671818634887e-01
-2.951806508541032770e-01 -1.882056872437565254e-01 -2.002679738146972976e-01
-3.176934479448250137e-01 -3.991082512663485238e-02 -8.679579515161548464e-01
-4.616380967719457828e-01 -1.595902825498662914e-01 -1.629835903530629793e-01
-3.648577868772804322e-01 -1.613732919486465800e-01 -2.957075407758504859e-01
-5.232360467714158858e-01 -7.937510025471328223e-02 -3.189710372100529323e-01
-1.327976620242552475e-01 -9.163973737753361437e-02 -1.125394918373828546e+00
-1.890639703127255933e-01 -2.989599310856572156e-01 1.016042601150735081e-03
-4.490084552265827256e-01 6.412221913058335776e-02 -7.987648062906456126e-01
-3.553790434677828181e-01 2.787215908632151296e-02 -9.281643436449686924e-01
-4.526162173162564528e-01 -2.160552323917941386e-02 -5.933861375168634211e-01
-6.842320087553943608e-01 1.800026409784216685e-01 -3.135413575425649579e-01
-5.364702267664873681e-01 5.179172677717930329e-02 -5.936059191989437878e-01
-7.159331878245667191e-01 3.559972980266281617e-01 -3.673929290580346674e-01
-4.251884444716964584e-01 -1.080298712783310799e-01 -4.173016306035814971e-01
-1.392371422825089411e-01 -3.236523832316251514e-01 1.578847546560038229e-01
-1.414639940465090007e-01 -4.377198655654868098e-01 -1.820296741673271823e-01
-1.843465160778601231e-01 -3.527563524211017043e-01 -1.930091847066203181e-01
-1.107810786916554879e-01 -4.977970586119795371e-01 -1.209680396817905956e-01
-1.889720317840004604e-01 -2.674640623838842046e-01 6.711233139746086707e-01
-3.128160474199170871e-01 -2.856563793098265691e-01 7.518395591567159641e-01
-4.195347792668080444e-01 -2.800491142984540271e-01 7.708928652543258764e-01
-5.062382566067324952e-01 -2.470623860404486116e-01 7.519582959603239303e-01
-5.646373888058664470e-01 -1.968566205473176733e-01 7.055879462491247978e-01
-6.008837432387248434e-01 -6.308085246174688354e-02 5.402197689545935599e-01
-7.980362471729041118e-01 2.952121094219317676e-01 3.176403502513160948e-01
-5.516732092941811771e-01 -1.008720533064016989e-01 3.785353686007184582e-01
-4.799657201094054138e-01 -1.409680030553889241e-01 3.366179258777128869e-01
-3.828018886981054969e-01 -1.720238839307475232e-01 3.290669422761880458e-01
-2.886232108696145104e-01 -1.908476192538188787e-01 3.488843890841881734e-01
-2.138768811175928430e-01 -1.970125305922698633e-01 3.807583400539338303e-01
-1.620268523377471626e-01 -2.065105981866410811e-01 4.101098363103934386e-01
-8.027091927197704813e-01 5.606915855839500473e-01 3.605021544792597066e-01
-1.838999886954829632e-01 -3.130220028411379030e-01 -2.150598865900822387e-01
-9.395478957641950624e-02 -4.271964616066548093e-01 1.101908062669930688e-01
-9.137776246866263774e-02 -4.929679891534131109e-01 -2.011050735114977561e-01
-5.420825463438444514e-02 -4.557005299344316640e-01 -2.479911359367588108e-01
-9.158774840891781288e-02 -4.553017867892861226e-01 -2.120346562521292499e-01
-1.639568557819142125e-01 -2.837643771329236841e-01 -2.430684619903322741e-01
-3.911418617250844720e-02 -4.741939287567775718e-01 -2.617975984444420590e-01
-2.805726905283005557e-02 -3.841504122261669707e-01 -2.715509361011254619e-01
-1.555823745838796901e-01 -1.830736885955774884e-01 4.924518169481542085e-01
-1.210768987576145705e-01 -2.223861817262162699e-01 4.618401462177630368e-01
-1.011750840107342175e-01 -2.698789741577600765e-01 4.332172033528187693e-01
-5.064500315369713235e-01 -1.454973972803785820e-01 5.710829432044917109e-01
-5.529634254134063731e-01 -1.465324533016454378e-01 6.172000912075366053e-01
8.724105586631669684e-02 -4.841900526510956038e-01 1.425959718857900960e-01
5.299660369557179784e-01 -1.419975278998947266e-01 4.819634642038226335e-01
9.951923263843742706e-02 -3.914166856407677031e-01 -2.618111509552659699e-01
7.797124265194677051e-01 1.365961436585250155e-01 9.036244274106524088e-01
3.233978108211976732e-01 -1.998328776227309422e-01 3.971840491636566828e-01
3.948960832449865954e-01 -1.944838148565353197e-01 3.871549192150445240e-01
4.629199469863198857e-01 -1.763579757612898646e-01 3.904635473323267991e-01
5.530389259761947507e-01 -1.263883223761463892e-01 4.509901783916483442e-01
2.642572416621719045e-01 -1.942869049638418222e-01 4.226072728347187724e-01
4.331261942231967588e-01 -2.653540567289613961e-01 6.857330951032292177e-01
3.487055026722685191e-01 -2.627353210914407100e-01 6.720032862932834306e-01
5.092801964061832720e-01 -2.418199367063222915e-01 6.659873158014306682e-01
5.562906356543084740e-01 -2.092651933533551389e-01 6.202475966187659395e-01
6.060618926430039188e-01 -8.269157052835185429e-02 3.776837063641400594e-01
2.831687869142471836e-01 -4.223028654082960909e-02 -1.055930168407977376e+00
5.556582147313915421e-01 -1.236962813616143686e-01 5.152408392250837910e-01
8.187856271154814181e-01 2.253947270459721874e-01 4.560441757245092820e-01
6.816779878859779984e-01 -2.203230483612966806e-02 4.580666576257119704e-01
3.804048841089935351e-01 -2.158801696308820794e-01 -8.489731216581886120e-02
6.977268394553209907e-02 -3.103037528983088045e-01 -5.178619974305924689e-01
6.443534279463669634e-02 -2.693569497250711819e-01 -5.872199177136006032e-01
1.534060796630325463e-01 -2.530490050077137676e-01 -5.452692997283217213e-01
2.113021501538723257e-01 -1.907382096998363474e-01 -5.750471190212551598e-01
1.316852133360352228e-01 -2.278480251826718872e-01 -5.921700193849792626e-01
1.869333493448335215e-01 -1.703353086187364696e-01 -6.049783737309744058e-01
3.435184817193495110e-01 -7.019163765019853507e-02 -7.429429745009090702e-01
8.567663165916228341e-02 -5.300605713741526337e-01 -2.300151788567583733e-01
9.500099437584536011e-02 -5.661063310741831778e-01 -1.273713793084977342e-01
6.427011680450256392e-01 -2.000922552429695855e-01 7.226773363276750572e-01
2.366919654462223965e-01 -2.556471180721509029e-01 1.881331251186224574e-01
2.524664148757072013e-01 -3.579567965693855047e-01 -1.733459574887801224e-01
2.567350832561227092e-01 -3.438508233989467922e-01 -1.111572021236666430e-01
5.873517192928079389e-01 -1.266057667625652972e-01 -6.205376558915887131e-02
9.133354762442896790e-02 -5.390455327486964876e-01 1.538094750983518000e-02
4.909854144307423951e-01 -3.360094123842205516e-01 8.346548498017813955e-01
5.828391778720121152e-01 -2.762141074610324765e-01 8.015436903782546807e-01
7.109365301577597052e-01 -2.647360682731458859e-02 1.067932596318568628e+00
1.833507659814515023e-01 -3.790813080799282364e-01 7.263560681733860491e-01
2.771567236906802290e-01 -2.340603525378048833e-01 6.226994739596847239e-01
4.008253741090226363e-01 -6.254681444539378354e-02 -6.230457769412836022e-01
7.493383841744005736e-01 5.397080294452516469e-01 -4.816927263434800377e-01
2.010109490675900945e-01 -3.222212727861697434e-01 -2.292182323943986466e-01
1.470866094663699775e-01 -3.240808391099996300e-01 -2.591318982674154503e-01
2.906169337630302163e-01 -6.201221150415492378e-02 -6.468105397207386531e-01
2.718909468429148157e-01 -8.380117161403827231e-02 -6.546612544979528714e-01
6.164963193233119476e-01 -2.511484737329672257e-01 8.670413625924648926e-01
2.550834220204900582e-01 -3.125902390762649308e-01 -2.125583474521144378e-01
3.634088915767574868e-01 -3.742335427775578260e-01 8.184552293645346310e-01
3.747946806599666836e-01 -4.001297518360047434e-01 8.961926482539750438e-01
4.321443412084002844e-01 -3.246917950545913367e-01 1.279839908180298025e+00
6.644625459157471603e-01 -1.538784437278550854e-01 9.537093712614090890e-01
3.944420427726136325e-01 -3.639299284276487079e-01 1.082007138644218713e+00
6.812731748867784098e-01 -1.449299391419108796e-01 7.714718028220124424e-01
7.354798133804529847e-01 -1.013788721962625983e-02 8.206920854655974651e-01
6.778259321069984855e-02 -2.976456616745017936e-01 -5.566997989449957718e-01
1.425020926001440147e-01 -2.433390479300093778e-01 -5.704785276387338566e-01
1.991253731406380512e-01 -1.865944791803491043e-01 -5.898665103973435020e-01
1.855502778612080350e-01 -3.044640128924782640e-01 -2.454309151057594285e-01
2.810129818113978883e-01 -7.392013574095168682e-02 -6.510230315520884048e-01
2.388546822105899192e-01 -1.186064355552934879e-01 -7.141298714894039890e-01
2.623947704126460279e-01 -8.594517899895709467e-02 -6.566241954631659716e-01
1.651283559969435322e-01 -4.241572701799611878e-01 -2.113537385367312282e-01
1.772328774857228062e-01 -1.557963420313602798e-01 -6.159520323240228468e-01
1.240460396427931489e-01 -1.948727723658534305e-01 -6.067422114559708479e-01
6.154883932744098507e-02 -2.321789756972755248e-01 -6.064357628207746043e-01
1.085138688598904499e-01 -1.482939570282326702e-01 -9.474999234570722351e-01
6.775508141853181510e-02 -2.178158816821800237e-01 -8.831154904288665008e-01
6.333737434580255510e-02 -2.289170544953629260e-01 -8.404857138337566980e-01
5.951104216190955531e-02 -2.161846406899692319e-01 -7.936509555238973057e-01
5.280942535829502571e-02 -2.114659101154026111e-01 -7.517932268674467622e-01
1.681348606002267543e-01 -1.536270415219331831e-01 -7.229105347449227281e-01
1.815730237641404177e-01 -1.633371318929506266e-01 -7.428347647020676625e-01
1.946051107480771813e-01 -1.719044360986474729e-01 -7.666171353404909183e-01
2.078153941088566325e-01 -1.562438954033302796e-01 -7.907680059214321489e-01
3.227285642160748758e-01 -1.903523522916675814e-01 -4.560962796240051187e-01
8.264481737016970975e-01 5.728174461177881760e-01 4.500562966122667596e-02
2.111955164693033460e-01 -1.139764262207699774e-01 -6.959898340371748482e-01
2.242700475127353821e-01 -1.206845711844334312e-01 -7.060774219735530544e-01
1.245233963224109952e-01 -3.201017831318209161e-01 -2.974708204200217088e-01
2.335589892851884786e-01 -2.541383664749076177e-01 -2.662202448298603974e-01
1.355289579574119330e-01 -3.237845801351315611e-01 -2.792798575486116208e-01
3.098110282253463410e-01 -2.233888112237214507e-01 1.280187058661763633e-01
4.251377230463360135e-01 -1.955455588056742577e-01 5.558500472884825294e-02
2.690944631588415570e-01 -2.975758232409131399e-01 -1.519246938164320326e-01
6.019900477306450171e-01 -1.900761238052162128e-01 1.195621381139986283e+00
5.571513558980378811e-01 -2.697718767477241819e-01 1.044550652796568002e+00
5.141479085147482309e-01 -3.347492028989240698e-01 9.124334277391987769e-01
2.788322866424302049e-01 -1.006038144959044978e-01 -8.328035272983265180e-01
2.066973791118908998e-01 -4.259755234763618059e-01 8.567646226687397615e-01
2.216701708944979199e-01 -4.138163376025383311e-01 1.086386309565363639e+00
2.458478951880677110e-01 -4.004820532258290822e-01 1.322922797089818303e+00
5.203082566323713465e-01 -1.492114787658616049e-01 4.101761562349082180e-01
6.796073918654776946e-01 -3.520453176110166504e-02 2.962070644116809870e-01
2.254679287134192522e-01 -1.859543945924435615e-01 4.470951355728616239e-01
6.171309527169333009e-01 -1.430706565888143489e-01 5.781133420975663739e-01
1.880661287401041992e-01 -2.895640865518012141e-01 2.553525955927569147e-01
2.095320380622212042e-01 -4.336192294917351475e-01 -1.457072017288962851e-01
7.638559255397181502e-01 5.216277401194352459e-02 2.282699710057867204e-01
6.331534581392239680e-01 -8.900949407131708568e-02 2.138714641108043768e-01
5.440790418806740192e-01 -1.491708591865226197e-01 1.687266007236563059e-01
4.103683748589714853e-01 -1.803946631313613214e-01 1.886394180975983215e-01
3.118359228978584419e-01 -2.006608947838606216e-01 2.395750728435641630e-01
2.386336850481901584e-01 -2.254161603559212690e-01 2.906109351275099062e-01
9.528396592195537140e-02 -3.823951743568942963e-01 3.870615066010938410e-01
7.526897241739227695e-01 6.194879644171386035e-02 5.219487416365936605e-03
6.670544553459767378e-01 -1.111709774136296902e-01 5.958802108023490973e-01
6.169499321055471608e-02 -4.859174159146175676e-01 -2.744629733899004442e-01
2.326390820991974806e-01 -2.726720455728182113e-01 7.464709618678544434e-02
8.398766955024727920e-01 4.583384973845858745e-01 5.013831866046001284e-01
1.845134884763344196e-01 -2.419147963877743557e-01 3.468171133801412065e-01
2.776428968430494360e-01 -2.257785215734797735e-01 -1.466313576561040222e-01
5.813196253363317467e-01 -1.097667559407788929e-01 5.115843960848709404e-01
2.118494801306108899e-01 -4.155299998726769140e-01 -6.927360458800013721e-02
7.994086704067404625e-01 5.732837934584544826e-01 -2.094507297638337207e-01
2.254902954094467615e-01 -1.719782171526140768e-01 4.805547530271414569e-01
1.528800317526302077e-01 -4.924467513310126776e-01 -1.659070007559107496e-02
5.930381204624448621e-01 1.931633501143981135e-01 -7.838786098110155365e-01
5.937156838549473292e-01 3.357872319276999917e-01 -8.769390367870055769e-01
8.219018229629493355e-01 3.191273034139610054e-01 1.914138867738718330e-02
6.815614874754483132e-01 2.648911663737707478e-01 -6.343077455895462791e-01
7.806982896374159431e-01 1.263040350428882297e-01 6.557455705405628166e-01
3.002935323726019234e-01 1.238510062807794687e-02 -1.137617056406365457e+00
5.949958722546538903e-02 -3.854075965594281339e-01 -2.823586155063061431e-01
2.953768693497016429e-01 -2.378552237738540409e-01 -1.651888953369373692e-03
7.372440513481004487e-01 5.198189549081466687e-02 4.400203116174747908e-01
4.601768981510945267e-01 -1.775278196462526381e-01 4.428214265432297569e-01
3.987242106813115861e-01 -1.925814011794257929e-01 4.361735088031351015e-01
2.537222493815114444e-01 -1.040979321864641260e-01 -7.221438003452620435e-01
7.374834130224350304e-01 1.130962883893112947e-01 -1.991990739056237469e-01
1.735915577042490554e-01 5.242106188459988436e-02 -1.265026034020007017e+00
3.921640276235738298e-01 1.764778294477309384e-01 -1.117220407537531379e+00
4.864279321987630134e-01 2.476117701722402309e-01 -1.019747037646741017e+00
3.377897253343298267e-01 -1.955872500505106970e-01 4.448081753191976961e-01
2.806552102769738211e-01 -1.862560165751947494e-01 4.620127871724319935e-01
2.438648300398110758e-01 -1.719180656053376222e-01 4.717076758651741475e-01
7.125129155346598964e-01 -4.079274275514171988e-02 6.249853465960057974e-01
2.917466543318580907e-01 -2.102575901738523712e-01 5.493848010332802456e-01
3.544176180531177778e-01 -2.281642563899410892e-01 5.803443613976089210e-01
4.191847249175428836e-01 -2.275591110824271013e-01 5.872049052700605287e-01
4.818159678756872566e-01 -2.100218583342672307e-01 5.725634594329243043e-01
5.190511584340029572e-01 -1.843955015620502014e-01 5.480552606259057047e-01
8.223452850597667840e-01 3.103803245934777522e-01 7.272325731917010927e-01
5.018288024928208024e-01 -1.582224571067125662e-01 4.604582843678726167e-01
2.586728739155598200e-01 -2.372998918050327477e-01 -4.096016070545753784e-01
2.000514973842115740e-01 -3.515890636043055295e-01 -2.169012690948303179e-01
1.278835287961113676e-01 -3.066026946034610123e-01 -3.857652685078967192e-01
4.968270832302432716e-01 1.402698941782303255e-01 -9.223512591025473384e-01
4.027078167695852251e-01 8.037961759928502481e-02 -1.030578125396395706e+00
1.713579993884262187e-01 -4.802174577917428522e-02 -1.215486217620296294e+00
6.783299665925124344e-01 4.483038365046829732e-01 -7.074249243115859898e-01
2.463444911516460278e-01 -1.870018611915680307e-01 5.072837938926053614e-01
1.414510649208300386e-01 -3.851339019602750824e-01 2.077979104380667241e-01
2.910276359227759180e-01 1.012947276629446725e-01 -1.203605634794566726e+00
7.962281746294253004e-01 3.380298716549154925e-01 -2.111610733279156715e-01
1.153399751775107673e-01 -1.853630180418728290e-01 -7.378608718160890589e-01
1.278905824660259150e-01 -1.937910265361875162e-01 -7.703478936896530627e-01
1.371128136116496199e-01 -2.031663347796803798e-01 -8.103169643303997915e-01
1.462711114981082305e-01 -1.896991065570170498e-01 -8.486741220447955314e-01
2.025043786754694430e-01 -1.310973629550369335e-01 -9.051345843822429238e-01
2.311986400441571332e-01 -1.238190473689485538e-01 -6.242608230230968225e-01
2.447940686268378352e-01 -1.238645748694259807e-01 -6.169748601679581057e-01
2.566338450490617262e-01 -1.252103413887457606e-01 -6.074391674810062369e-01
3.734636181689614531e-01 -1.270463280156175490e-01 -5.259053182232138468e-01
6.398216965073348916e-01 -2.307692961586105262e-02 -2.749030082900243421e-01
1.411070948660020363e-01 -3.315366608662495551e-01 3.289147274276340571e-01
1.770692332379791845e-01 -2.349972647414177995e-01 5.484957191478125882e-01
2.171685708327325548e-01 -2.044808637344630586e-01 5.398221213181877420e-01
2.180026537277786058e-01 -1.143795976545942672e-01 -6.317478671929803724e-01
6.484886062242658511e-01 1.138012283381134582e-01 -5.070410845985624526e-01
1.144871831831534292e-01 -3.267137167195943714e-01 5.472252376922350781e-01
2.451206417082265610e-01 -8.373041649025725341e-02 -9.756736338744707027e-01
9.189529912175975479e-02 -4.414267966186546932e-01 2.577177486625059633e-01
1.907386896414808852e-01 -3.640077451707057765e-01 3.593926890621526593e-02
1.335699326074127335e-01 -1.196071274750383218e-01 -1.033790081661440041e+00
4.118013365141646176e-01 -2.667379747388909372e-02 -7.687344302907757054e-01
3.342548885457596874e-01 -1.990577177695240785e-01 -2.275149653779029446e-01
3.343334055871429733e-01 -5.183480247257710172e-02 -8.892511587230123027e-01
4.880492374661908883e-01 -1.738908720296516996e-01 -2.057424839808597028e-01
3.940396132012948804e-01 -1.723648591159470111e-01 -3.287096615731459615e-01
5.448370972268610224e-01 -9.415987930639890813e-02 -3.634557049481548230e-01
1.589991097934674302e-01 -9.817978885856548654e-02 -1.133285438114734589e+00
2.330960437242973748e-01 -3.049497806796208632e-01 -1.698283196545660734e-02
4.729066665862360352e-01 4.669611627578507118e-02 -8.261081453440408673e-01
3.796931366351263826e-01 1.169807247244426807e-02 -9.477667546452814840e-01
4.707096094096789862e-01 -3.179733994383354689e-02 -6.309978637701290083e-01
7.164603023580702335e-01 1.602446984144485498e-01 -3.714506753588848742e-01
5.578851647994675922e-01 3.499580077030806091e-02 -6.321292079269880126e-01
7.567436619015177612e-01 3.363392192590066720e-01 -4.276002375102117004e-01
4.447812889661348912e-01 -1.184433092855596836e-01 -4.544242622120604480e-01
1.857424122430761937e-01 -3.250464471945391232e-01 1.429923377857058586e-01
1.861840421375915433e-01 -4.424795540042651965e-01 -1.961517556210294888e-01
2.296513305470776478e-01 -3.617663282971634864e-01 -2.099695553107190360e-01
1.572379249281724567e-01 -5.032118041022126675e-01 -1.332164563781024214e-01
2.354991153229191170e-01 -2.713743277951108368e-01 6.491084738027712575e-01
3.541468669506642186e-01 -2.962126992980063100e-01 7.256134609664055546e-01
4.573573807971476057e-01 -2.938693816933313219e-01 7.391730796402056214e-01
5.395019931109024114e-01 -2.625841816864449285e-01 7.145697797408416818e-01
5.928881506717842420e-01 -2.132252739252860074e-01 6.620971407441516021e-01
6.227006402961854370e-01 -7.784263587828132991e-02 4.865844765355034074e-01
8.304938146641505092e-01 2.763209283122303184e-01 2.397571189031422190e-01
5.695729269694638219e-01 -1.132284429166841022e-01 3.297280408588265654e-01
4.979978403284057720e-01 -1.515923046629474857e-01 2.956203096700040778e-01
4.044800914982826789e-01 -1.791257766125209372e-01 3.003818822320216686e-01
3.155685683953457499e-01 -1.947576081062074582e-01 3.299850850589705065e-01
2.477395576403479405e-01 -2.003356615903106874e-01 3.671199053965381598e-01
2.010040005923197093e-01 -2.079739747083420021e-01 3.992696629518424078e-01
8.358465418349503295e-01 5.402679228128892674e-01 2.791888088929816991e-01
2.288848600520954069e-01 -3.225824266994157252e-01 -2.312339289624948391e-01
1.424457952065233401e-01 -4.285664995205129557e-01 9.958660259692875272e-02
1.370862664168001621e-01 -4.978923363535214808e-01 -2.112205051016861068e-01
9.968497634884276870e-02 -4.606415889960262522e-01 -2.547324579290511926e-01
1.370149228790462637e-01 -4.598442370371322863e-01 -2.223707708515600956e-01
2.110336114569159038e-01 -2.943245098840983065e-01 -2.573003266606886941e-01
8.497961696263267584e-02 -4.780207871184403157e-01 -2.670965268286824568e-01
8.281212245044855536e-02 -3.881866778246867433e-01 -2.761372823997650938e-01
2.008068487106429156e-01 -1.826438815913888902e-01 4.767498882219503020e-01
1.644803094996766246e-01 -2.231136351798590489e-01 4.494691023446464317e-01
1.424352168309678257e-01 -2.714446774495404835e-01 4.234922459085634916e-01
5.396021074102774762e-01 -1.578928335416085460e-01 5.298010666819952252e-01
5.831219592839209653e-01 -1.622985195413517712e-01 5.718580463766347322e-01
-3.743037887224232030e-01 -1.778214559925550553e-01 5.533450536284301169e-01
-3.003019674171625297e-01 -1.847174506193982602e-01 5.509801484972502994e-01
-3.733869270345691049e-01 -1.873869348037016103e-01 6.361500039232836912e-01
-4.493049553889871817e-01 -1.708651715390163695e-01 5.549054121765741865e-01
-3.758867423717271450e-01 -1.682588810492080533e-01 4.698661364333933665e-01
4.053974371641033692e-01 -1.851686217938264267e-01 5.194109841725025323e-01
4.778416099537419193e-01 -1.917327458150064334e-01 5.159274034600589420e-01
4.043523904548118608e-01 -1.948970974701502712e-01 6.022125262819759683e-01
3.323776762927677098e-01 -1.786333636013681669e-01 5.232694079681652344e-01
4.067157240053909106e-01 -1.754589521184901635e-01 4.365968655014140776e-01
