-1.643184532496089201e-02 -3.108428926876367626e-01 -5.292598871615736833e-01
2.470341330715086769e-02 -5.220218753655494481e-01 -2.266355537345514648e-01
2.777301238261609129e-02 -3.277649272866622887e-01 -2.947088007401075238e-01
-3.679383554714110716e-02 -4.734752547730529670e-01 1.446196606146763486e-01
2.448057641585554833e-02 -5.595634916002936166e-01 -1.226193462261125910e-01
2.333551615458406836e-02 -5.493911561717723657e-01 2.524773999581725326e-02
2.579596971304098929e-02 -4.038558137964081141e-01 4.017569176856077284e-01
-4.843418831329131535e-01 -1.277390410126439946e-01 5.063548358704133001e-01
2.630858364204957667e-02 -3.865307784947589198e-01 6.879039638224924147e-01
2.522573516165693697e-02 -4.171211419942579823e-01 8.259448130443303171e-01
2.368892981547032761e-02 -4.042985239070269188e-01 1.311456899100093665e+00
-1.531689085663193173e-02 -2.984812284367004409e-01 -5.595594131566743457e-01
-1.370459929809977884e-02 -2.731428227603105441e-01 -5.888554859462087343e-01
-1.124935360414236474e-02 -2.353646035491658850e-01 -6.090857788615005042e-01
-1.931457954414680933e-02 -2.129834469260569740e-01 -6.974654007970633174e-01
-2.047264197660136897e-02 -2.165342494743547341e-01 -7.426619356360220081e-01
-2.242898780867957909e-02 -2.270419253511386515e-01 -7.925018743230598517e-01
-2.216009439318500363e-02 -2.147876857378343551e-01 -8.399014468584997672e-01
1.203853534831211824e-02 -1.453035325322900029e-01 -9.113519201162993966e-01
2.352675954274374703e-02 -4.783410025653629383e-01 -2.714646466493684240e-01
-4.535603829498735529e-02 -3.785419926831870008e-01 -2.499246491727633579e-01
-7.514496166199151617e-01 1.553594336819301702e-01 9.629289401162566264e-01
-2.877456981036274897e-01 -1.922911770761253081e-01 3.955114245800164241e-01
-3.614341678189916252e-01 -1.844298640788828436e-01 3.886837416433435166e-01
-4.300497767916837688e-01 -1.640846866112468661e-01 4.011003050468988640e-01
-5.139073396277709094e-01 -1.127367983950620101e-01 4.789372913748226601e-01
-2.228116958618038268e-01 -1.873599308813496123e-01 4.212387815313332062e-01
-3.917261039048938187e-01 -2.502295962768776860e-01 7.101254340005747068e-01
-3.075697759148141586e-01 -2.494775497378824980e-01 6.943211391920849351e-01
-4.661698286930118229e-01 -2.234516463634825811e-01 6.940808278058758773e-01
-5.133466230229117855e-01 -1.891103718039275350e-01 6.542644747852972564e-01
-5.757590216967685137e-01 -6.700947818317326554e-02 4.191817896393144061e-01
-2.563890939724577933e-01 -2.980096438016316407e-02 -1.019297572542540387e+00
-5.079076516913545447e-01 -1.091695569001632782e-01 5.455245312728469465e-01
-7.752523438399450129e-01 2.404805508862253305e-01 5.227531743003646092e-01
-6.544277437383172469e-01 -4.397079102053533944e-03 5.107043368665942218e-01
-3.366804987409679484e-01 -2.015440480515273691e-01 -5.038110633363501734e-02
-9.714001161179097732e-02 -2.985796942558134326e-01 -5.064879225250105144e-01
-8.468896131313641273e-02 -2.592380028746026355e-01 -5.786555350736493075e-01
-1.655223636711620205e-01 -2.491330192252934062e-01 -5.285261879249474326e-01
-2.032300050460003060e-01 -1.959155560204854929e-01 -5.615138898766796061e-01
-1.405211685977072467e-01 -2.258783362347904777e-01 -5.798990099354277561e-01
-1.776633725517813289e-01 -1.747570396595228281e-01 -5.946431740102702257e-01
-3.178415546786137469e-01 -6.537501741766704733e-02 -6.967031365905596019e-01
-3.650181148304304513e-02 -5.142946389472555779e-01 -2.191399283380750518e-01
-4.728576626855662823e-02 -5.490987067631785123e-01 -1.178193586250916303e-01
-6.091016316804243047e-01 -1.788807893783435077e-01 7.571387783009262407e-01
-1.890861727045791696e-01 -2.475684383774279240e-01 2.030947239521077030e-01
-2.027716161805788175e-01 -3.420782872904113425e-01 -1.512319655397644791e-01
-2.084353030843821841e-01 -3.283225722659608437e-01 -8.981587757403630690e-02
-5.480990289660923054e-01 -1.110621738533051905e-01 -8.515249120302381680e-03
-4.268513731608453154e-02 -5.258822630959585354e-01 2.058079467464551948e-02
-4.449945191069062389e-01 -3.123434324409792850e-01 8.529966028705189274e-01
-5.420423304508901197e-01 -2.527314758057386257e-01 8.250227804614036486e-01
-6.797022760545132769e-01 -4.424871227326446221e-03 1.118479686802342776e+00
-1.289540620859970232e-01 -3.663691291581194776e-01 7.299708810623570798e-01
-2.330296937918170386e-01 -2.251029942539766182e-01 6.437609994704205363e-01
-3.589931354969708721e-01 -6.525343300816099923e-02 -5.924648652519453051e-01
-6.861061041483651479e-01 5.490723714343475059e-01 -4.138208441700790274e-01
-1.485995223145983868e-01 -3.070853607596335522e-01 -2.104100135870869970e-01
-9.186977306663157705e-02 -3.073503723931314546e-01 -2.433974719187401714e-01
-2.550107945288966338e-01 -7.772671116471496777e-02 -6.147376254357981296e-01
-2.424371192206897785e-01 -9.507799307758180163e-02 -6.204054297012788766e-01
-5.777690498874434866e-01 -2.275740718587542233e-01 8.983985038731958639e-01
-2.071137249162013916e-01 -2.966009689638857694e-01 -1.895315092579372696e-01
-3.113330144993113890e-01 -3.519407581338072077e-01 8.316393863073159309e-01
-3.223548345709730256e-01 -3.764972881428896301e-01 9.135579983760324652e-01
-3.904095918426477851e-01 -3.028021311676916127e-01 1.298626276565485682e+00
-6.276163575257527327e-01 -1.324127939297756740e-01 9.946724844226650930e-01
-3.478497087212915062e-01 -3.434015663884544267e-01 1.096714665641371766e+00
-6.481910295922332921e-01 -1.248318223479429889e-01 8.170727781390638711e-01
-6.989222038459601549e-01 8.199413815823980434e-03 8.709936570814535983e-01
-9.274870417670766365e-02 -2.864261812940602780e-01 -5.467985413157867569e-01
-1.532971098262807530e-01 -2.402977065974327697e-01 -5.556229238141199289e-01
-1.915603329518222875e-01 -1.908448813917256182e-01 -5.777735683756701768e-01
-1.319605120374323093e-01 -2.887544528336110083e-01 -2.276301518082823883e-01
-2.482443738076189899e-01 -8.674153459100264474e-02 -6.177797329989944686e-01
-2.351066939325632266e-01 -1.223494675422824862e-01 -6.526315312441823835e-01
-2.352789733574800479e-01 -9.671397231798217753e-02 -6.222022001734650587e-01
-1.158582880102736468e-01 -4.120532587503431543e-01 -1.946303563676041737e-01
-1.674230849247326791e-01 -1.602928104202978599e-01 -6.073816666329956426e-01
-1.284348701782962454e-01 -1.950598403686032434e-01 -5.981816458843232098e-01
-7.634091541854182150e-02 -2.252663483664241184e-01 -5.994622662906401445e-01
-8.745582840089272114e-02 -1.399916821130000599e-01 -9.020593468337470000e-01
-1.078331397030325434e-01 -2.111618920391782339e-01 -8.239723688919884381e-01
-1.044005189422705371e-01 -2.232727110877776866e-01 -7.753982998830277751e-01
-9.600923330428967617e-02 -2.114866653777371930e-01 -7.251000245825434121e-01
-8.601606897300695387e-02 -2.077319575819362996e-01 -6.827303844993624082e-01
-1.826863901284729863e-01 -1.550881137520656594e-01 -6.487397342713441262e-01
-1.990457936536902395e-01 -1.620265978221340220e-01 -6.672680101610453107e-01
-2.159626695044543077e-01 -1.690153754198675529e-01 -6.908168151803462109e-01
-2.282610074276072432e-01 -1.531803064248160595e-01 -7.169084650386929880e-01
-2.788040166461331903e-01 -1.822923595495204996e-01 -4.285351160802308712e-01
-7.674210897379154517e-01 5.830020671257329923e-01 1.191533107677581471e-01
2.770127254954343754e-02 -3.804601362183031021e-01 -2.795577162549052197e-01
-2.072417507007557891e-01 -1.209093849991852432e-01 -6.351946889418096376e-01
-2.212851247464975302e-01 -1.252088605641680230e-01 -6.436216657439537414e-01
-6.813580153406184614e-02 -3.077071998304745648e-01 -2.834378390575633677e-01
-1.812828683758274106e-01 -2.370674261841718700e-01 -2.439056395121323995e-01
-7.962728889652570530e-02 -3.087516806948835679e-01 -2.639605219826803850e-01
-2.638687693186732020e-01 -2.146664107398983390e-01 1.512538403343668403e-01
-3.814602819348564822e-01 -1.830096657151720763e-01 9.195196315637299556e-02
-2.202333350203478091e-01 -2.822812611462381938e-01 -1.285833139046740348e-01
-5.657600146392951501e-01 -1.651891652531034538e-01 1.234034236474258250e+00
-5.159212180589562990e-01 -2.464102590126628911e-01 1.075193661830337710e+00
-4.676434575873145150e-01 -3.104192240848391293e-01 9.360317846872563408e-01
-2.668868428995940789e-01 -9.355671985049385242e-02 -7.785468458562405658e-01
-1.492302729648411486e-01 -4.098568189203675161e-01 8.681181860569040509e-01
-1.735548597572105223e-01 -3.971829079293414111e-01 1.083178925552783944e+00
-2.009024257348901443e-01 -3.814322494820174825e-01 1.319504171959181349e+00
-4.851881930163344236e-01 -1.355644184317892353e-01 4.303286388233460436e-01
-6.561481933137613964e-01 -1.622452089842663092e-02 3.519522075332197630e-01
-1.796166581523870320e-01 -1.820849325118807371e-01 4.464735404779300865e-01
-5.790571242083757397e-01 -1.245553881721054301e-01 6.180220536894078798e-01
-1.390158044219624855e-01 -2.820940854189686320e-01 2.639357819606493738e-01
-1.607411073553652869e-01 -4.173465499343151919e-01 -1.261024629264572150e-01
-7.202272057439955688e-01 6.992031279709531866e-02 2.934802936034976995e-01
-6.111663738151946745e-01 -7.165982569088635845e-02 2.649246808916352336e-01
-5.219152995048048638e-01 -1.332649572710590258e-01 2.110438326081598426e-01
-3.835640668593640612e-01 -1.689457841258459325e-01 2.157316710448549113e-01
-2.807448589883889678e-01 -1.916991857106289388e-01 2.528765907460295281e-01
-2.038025518512824874e-01 -2.171527204365197861e-01 2.957008659613733492e-01
-4.249889564941167208e-02 -3.731284627924331687e-01 3.846518019996261195e-01
-7.066463942425684763e-01 7.737517632620694030e-02 7.221067393819002866e-02
-6.367819563829186791e-01 -9.235561146324722248e-02 6.445691760900231770e-01
-1.449972580777618425e-02 -4.740856561262236646e-01 -2.653914964543291344e-01
-1.837152222887059594e-01 -2.638155414323186676e-01 9.105706085204734457e-02
-7.948599300575196480e-01 4.685706900695336685e-01 5.713837468113327489e-01
-1.438617542798166227e-01 -2.351559384526353824e-01 3.449033681316548972e-01
-2.246412186980233372e-01 -2.120053541625672722e-01 -1.226785647934750534e-01
-5.366431449379405194e-01 -9.522216197329702592e-02 5.458408205687477199e-01
-1.645953838635101363e-01 -3.996014331285557830e-01 -5.165783891527586658e-02
-7.357084149036694498e-01 5.844745477026904723e-01 -1.380303729315702777e-01
-1.755478489449249224e-01 -1.702013002726374680e-01 4.830832724933502575e-01
-1.065190399286839451e-01 -4.776763737805111987e-01 -5.002313112023037966e-03
-5.495686725237263204e-01 2.092778302753721675e-01 -7.294192159001013920e-01
-5.426199340755317735e-01 3.499907126373997812e-01 -8.244255891966147942e-01
-7.625786354931562983e-01 3.322140424566568662e-01 9.060518955467666835e-02
-6.322338091189294573e-01 2.799330450753685362e-01 -5.717928686825644036e-01
-7.400042700921076744e-01 1.423026264043549816e-01 7.149004993199525870e-01
-2.660741908893733410e-01 2.426996599836175883e-02 -1.101762395842285969e+00
-2.075468916379934192e-03 -3.750466377741865642e-01 -2.737521621880700806e-01
-2.486598971270321812e-01 -2.263259860006670010e-01 2.273337516382153978e-02
-7.160458445496828972e-01 6.849202342392113341e-02 5.065338250839666046e-01
-4.183922617473285754e-01 -1.650492394071854108e-01 4.549301646923638032e-01
-3.578245335664362869e-01 -1.823030452593918938e-01 4.418672181241514174e-01
-2.464877895963950571e-01 -1.086652412488923192e-01 -6.628409894492399701e-01
-6.893540859852578251e-01 1.278308156271595886e-01 -1.328050688503065180e-01
-1.300043502813714724e-01 5.763432725551226321e-02 -1.233147600387596299e+00
-3.448105295065397868e-01 1.876028589240759104e-01 -1.079977418640845954e+00
-4.369078657176856950e-01 2.600772365110501916e-01 -9.770726973091541367e-01
2.430764277889507774e-02 -4.155039734318037858e-01 1.064296805705066795e+00
2.139844200024709764e-02 3.565524723083124403e-02 -1.255332686208618043e+00
-2.957717608658683162e-01 -1.871359076769145702e-01 4.485286891040209944e-01
-2.349165987212575857e-01 -1.812184257527995612e-01 4.655588127213197147e-01
-1.945439730631939312e-01 -1.695542572226500511e-01 4.752165527439764503e-01
-6.864876832473711943e-01 -2.367743187124593529e-02 6.847052401195474758e-01
-2.486558949033437216e-01 -2.041350234967609367e-01 5.698533292307406128e-01
-3.157813257023462938e-01 -2.179117582017049415e-01 6.080564575833080632e-01
-3.799486234720035327e-01 -2.144570454686345329e-01 6.173776372270998181e-01
-4.403854434755416491e-01 -1.945628189772712346e-01 6.038456097027093961e-01
-4.762186862328832149e-01 -1.684971635583032423e-01 5.794501031015224513e-01
-7.859348023620569279e-01 3.251445955910567953e-01 7.921767177102339019e-01
-4.580114392437550919e-01 -1.447777231198408288e-01 4.791131957440613043e-01
2.607576386966165005e-02 -3.074792316499310729e-01 -3.707716099421065614e-01
-2.117155194171476129e-01 -2.258494740694603209e-01 -3.831497909545538150e-01
-1.481346937824099541e-01 -3.359329200049003816e-01 -1.977832115468005636e-01
-7.580537420470923049e-02 -2.981474497002700730e-01 -3.706459903294918590e-01
2.616198109068501587e-02 -3.686289501454176332e-01 5.485575791012671232e-01
-4.566571186888914724e-01 1.563605402527965538e-01 -8.756628769582164296e-01
-3.670694168432362403e-01 9.565387077486298129e-02 -9.910501026932641011e-01
-1.386006535564079378e-01 -3.984150778107709012e-02 -1.182114485696860839e+00
-6.198196204921586627e-01 4.595623431405826409e-01 -6.462943470783386601e-01
-1.989219667158543814e-01 -1.847618628878073821e-01 5.162258424981271965e-01
-9.100140546733914704e-02 -3.746160741391157956e-01 2.135177134582213476e-01
1.573506539543223504e-02 -5.948182526079648369e-02 -1.202562942726581596e+00
-2.462965418214473345e-01 1.099732165096163339e-01 -1.170533232957140513e+00
-7.369531909058792962e-01 3.510577949954281074e-01 -1.402192958718189164e-01
-1.416647473170444815e-01 -1.842551510823677852e-01 -6.634209401704600495e-01
-1.576426259257042162e-01 -1.909318072993606563e-01 -6.953682957708844370e-01
-1.703813584375533097e-01 -1.996138035287886581e-01 -7.359346050565811481e-01
-1.782361628547728394e-01 -1.860170539121455136e-01 -7.803204369215706038e-01
-1.888514394037361654e-01 -1.253985907930998955e-01 -8.526266047411477089e-01
-2.062791934363554791e-01 -1.339550396704622948e-01 -6.140302746227455089e-01
-2.178546245432280148e-01 -1.368814392983659367e-01 -6.067135609139642227e-01
-2.278194442326535452e-01 -1.395386445139772391e-01 -5.981029193656297593e-01
-3.272426504986052365e-01 -1.293969345118760605e-01 -5.037603662026497453e-01
-6.011669614692465302e-01 -6.402876082741593144e-03 -2.155225150947934765e-01
-8.949156235911281954e-02 -3.231300501011098447e-01 3.321389650804675853e-01
-1.255036217689315947e-01 -2.274699127207355787e-01 5.563592172434415062e-01
-1.699544795914960105e-01 -2.012377175126722761e-01 5.504000432296818346e-01
-1.945243315585378774e-01 -1.255388814063762570e-01 -6.207515117256932058e-01
-6.058766837385149984e-01 1.297262611775952257e-01 -4.471283967006662863e-01
-6.679615924377291236e-02 -3.188961365012339400e-01 5.459340956356899532e-01
-2.261166721787422063e-01 -7.350525403396757085e-02 -9.294945007221278033e-01
2.414684668740330054e-02 -4.992806136690930430e-01 1.536360204130340357e-01
-4.109408980423268076e-02 -4.295677199249716693e-01 2.577287164738244485e-01
2.518303844301428285e-02 -4.492630173232967650e-01 2.730679395711668178e-01
-1.421421321683418171e-01 -3.510036298579954916e-01 5.018700375925339019e-02
1.372826537398708080e-02 -1.112957101756748557e-01 -1.116968632667546757e+00
1.321513447263383823e-02 -1.270666915839157030e-01 -1.004060336414172028e+00
-1.090063236813663128e-01 -1.100947090046877630e-01 -9.917708068433999102e-01
-3.854434846183902863e-01 -1.550214420163861795e-02 -7.189899962123833532e-01
-2.883854459610688536e-01 -1.838730990366528317e-01 -1.956577057918913454e-01
-3.176371919957459156e-01 -3.943009276346781666e-02 -8.390153889684599520e-01
-4.510109589669468733e-01 -1.559164351424371375e-01 -1.592316273180642838e-01
-3.565552102071141150e-01 -1.576583987810842302e-01 -2.889113138303014416e-01
-5.111908936255531444e-01 -7.754784610348330887e-02 -3.116281658310704472e-01
-1.311406981746376932e-01 -8.957218222189744505e-02 -1.099141746957058352e+00
-1.847116240039543555e-01 -2.920777252884398933e-01 9.926527968566745130e-04
-4.410577414791498896e-01 6.248084246168983391e-02 -7.808446889067814922e-01
-3.521626278405047827e-01 2.688664226434739346e-02 -9.079892291062545695e-01
-4.347372166346277211e-01 -2.617060345130889365e-02 -5.859168161729719770e-01
-6.684806487647847462e-01 1.758588909622993413e-01 -3.063234800808238845e-01
-5.241165129226628139e-01 5.058585097493889515e-02 -5.798954828551217133e-01
-6.994520509786568141e-01 3.478020619734949470e-01 -3.589353617277311059e-01
-4.124110919577783640e-01 -1.093938539231820162e-01 -4.111405783933439473e-01
-1.360318342523498814e-01 -3.162017449468521590e-01 1.542501675484850843e-01
-1.382074227849727777e-01 -4.277007608250165127e-01 -1.778666244247515404e-01
-1.801027679038469387e-01 -3.447573160963570693e-01 -1.886192195293545648e-01
-1.082308433499994393e-01 -4.863375235827334109e-01 -1.181832949994398030e-01
-1.846218019457310788e-01 -2.613069070955447160e-01 6.606765741633626732e-01
-3.056148669567093634e-01 -2.790804278685783402e-01 7.404016407287512536e-01
-4.098768806998691616e-01 -2.736022448770860649e-01 7.585835442608024337e-01
-4.945844010156505988e-01 -2.413748874539081157e-01 7.398154442381548179e-01
-5.516391562452227504e-01 -1.923248835676112378e-01 6.944207891121498832e-01
-5.870511016330297593e-01 -6.162869952178662292e-02 5.282096960974813626e-01
-7.796650572052783446e-01 2.884161803370730581e-01 3.103281101481223381e-01
-5.389734185717713899e-01 -9.854992864065970082e-02 3.658513365583986321e-01
-4.689166713308381418e-01 -1.377228497523130812e-01 3.235057621489030311e-01
-3.739895994792235001e-01 -1.680638088566439592e-01 3.146091961708248341e-01
-2.819789623940962553e-01 -1.864542124623334018e-01 3.335433189164551671e-01
-2.089533293032310723e-01 -1.924772044860496578e-01 3.651545611839019934e-01
-1.582969138860814695e-01 -2.017566218565498559e-01 3.945413570953135718e-01
-7.842304292294457468e-01 5.477841873692668173e-01 3.522032161952672880e-01
-1.796743832940703722e-01 -3.060209058418066341e-01 -2.101889397890024380e-01
-9.179190375037915572e-02 -4.173621873146338146e-01 1.076541579409483473e-01
-8.927420108398198551e-02 -4.816598352423864249e-01 -1.964991686533388293e-01
-5.296035374362961790e-02 -4.454583067617723380e-01 -2.425566694423912928e-01
-8.947935304381005039e-02 -4.449726786869723227e-01 -2.072730511922238339e-01
-1.602997264211001305e-01 -2.775738594718393237e-01 -2.375937744441323218e-01
-3.821375844402669086e-02 -4.634790329134319542e-01 -2.560150345729983457e-01
-2.747335977512746497e-02 -3.758115992516057879e-01 -2.659000296149032216e-01
-1.520007912044025744e-01 -1.788592415411009995e-01 4.780720951689647613e-01
-1.182896478987883748e-01 -2.172667415940914282e-01 4.472388438913967867e-01
-9.884598342797712434e-02 -2.636662264034015379e-01 4.201971417396013209e-01
-4.947913007820261555e-01 -1.421479750771865724e-01 5.608380207793564054e-01
-5.402339332764185542e-01 -1.431592035958040299e-01 6.081325953999114908e-01
8.523272351803790059e-02 -4.730437576435697622e-01 1.393133410345257506e-01
5.177659560999998689e-01 -1.387286744246001291e-01 4.691725604299228358e-01
9.719477164328904628e-02 -3.828559747477719988e-01 -2.562883814744514321e-01
7.617630599857392326e-01 1.334516327257375679e-01 8.828225416025619054e-01
3.159530329194950582e-01 -1.952326257299255019e-01 3.806315070818029334e-01
3.858053796729805640e-01 -1.900067010399446588e-01 3.701074554550252138e-01
4.522633003540192931e-01 -1.722981277449946447e-01 3.736556757571114495e-01
5.403076957788286450e-01 -1.234788005489271256e-01 4.368459590340578735e-01
2.581739089763512851e-01 -1.898143241105820778e-01 4.070814360093870654e-01
4.231554145471889683e-01 -2.592454748166517220e-01 6.771433691515795772e-01
3.406781291600466943e-01 -2.566870237715193070e-01 6.640221666163519387e-01
4.975563138531384766e-01 -2.362531219019459172e-01 6.574758361952000030e-01
5.434845494883973060e-01 -2.044478048771729561e-01 6.121158391862842052e-01
5.921100474714009465e-01 -8.078796913817465342e-02 3.663251180324329503e-01
2.767494460785799859e-01 -4.102347474987233511e-02 -1.030225491255368553e+00
5.428666872085941009e-01 -1.208487316528970013e-01 5.040712845994206326e-01
7.999367761368603169e-01 2.202060287093594582e-01 4.455458127547267111e-01
6.659854227217181233e-01 -2.152511048288213713e-02 4.468660114863318711e-01
3.716477751238613791e-01 -2.109105011219867265e-01 -8.294293440862821054e-02
6.501560831895869530e-02 -2.996883320076508816e-01 -5.157066702143406900e-01
5.821801455022479477e-02 -2.572641582606203237e-01 -5.896632590367487659e-01
1.408510015955553030e-01 -2.453215892393296738e-01 -5.467284104542904366e-01
1.882414256689211030e-01 -1.858029735506627755e-01 -5.802884277982913730e-01
1.190401227886336288e-01 -2.190869795461967140e-01 -5.957144300014993732e-01
1.650649910822872268e-01 -1.650211658747444687e-01 -6.090079958791974057e-01
3.051381753300241861e-01 -7.105306568047187188e-02 -7.313380831967375428e-01
8.370431313156068143e-02 -5.178813843641547621e-01 -2.247374710138942966e-01
9.281402439675634497e-02 -5.530742827344212742e-01 -1.244392265740362769e-01
6.279058685929044259e-01 -1.954860323487821461e-01 7.069833608784108492e-01
2.312431990820034144e-01 -2.497619946990994322e-01 1.838022073276057711e-01
2.466545128667974041e-01 -3.497315335410564607e-01 -1.693586167504261830e-01
2.508249143852712137e-01 -3.359352070098857723e-01 -1.085983091329623118e-01
5.738305915856827255e-01 -1.236912392577913522e-01 -6.062525804627649784e-02
8.923100408737827394e-02 -5.266364373994463222e-01 1.502686968794039735e-02
4.796826868268340149e-01 -3.282743091634223731e-01 8.154406814511219181e-01
5.694219311050972010e-01 -2.698555217979361487e-01 7.831148537683176869e-01
6.945704188480021912e-01 -2.586417217492775755e-02 1.043348255020601023e+00
1.791299404682149543e-01 -3.703546684710339321e-01 7.096349914556014937e-01
2.707764385347566360e-01 -2.286721672071330147e-01 6.150641951454893785e-01
3.575518553110210718e-01 -6.739926822651343130e-02 -6.361254013234622917e-01
7.320882431507698129e-01 5.272836830936711294e-01 -4.706039210253898375e-01
1.963587780443560860e-01 -3.150821117897595336e-01 -2.240925787611358633e-01
1.435547233249996335e-01 -3.170973743618814567e-01 -2.535280970486890606e-01
2.432609631983171372e-01 -6.552311948232025784e-02 -6.538334531442080433e-01
2.262986678895455572e-01 -8.601275926336748867e-02 -6.563407120063278199e-01
6.023042684775603561e-01 -2.453669113824190617e-01 8.470816370693912134e-01
2.492112752099515660e-01 -3.054916835892442784e-01 -2.077029681123456761e-01
3.550430387640162166e-01 -3.656185011287860220e-01 7.996139807107569553e-01
3.661667213390060738e-01 -3.909185666188932373e-01 8.755618492808849851e-01
4.221961642754621380e-01 -3.172172289944548140e-01 1.250377359123632459e+00
6.491662887587139608e-01 -1.503360856812605562e-01 9.317545052205788991e-01
3.853617914373330677e-01 -3.555520810883407989e-01 1.057098798000822626e+00
6.655899287184112723e-01 -1.415935805557285709e-01 7.537121395303785221e-01
7.185487035256912236e-01 -9.904508087020633122e-03 8.017993468707942384e-01
6.225234175431831884e-02 -2.859964127476057882e-01 -5.571838905949557663e-01
1.297937803125720491e-01 -2.349894781319081805e-01 -5.731953701830714287e-01
1.768951999109236173e-01 -1.812472838235685835e-01 -5.945310698598089694e-01
1.811821925576599934e-01 -2.978007632510868419e-01 -2.399601057120417380e-01
2.342653614332692591e-01 -7.679894367444917158e-02 -6.555481595827385988e-01
2.095332227175543682e-01 -1.156390531866071658e-01 -6.834220830259303270e-01
2.182776628480485037e-01 -8.765453348004070833e-02 -6.559949356914893670e-01
1.613270193937399455e-01 -4.145666322695995554e-01 -2.066195583877732389e-01
1.560088075835155408e-01 -1.506078708901557039e-01 -6.192114326347524234e-01
1.109389296544809334e-01 -1.867442312504343782e-01 -6.103860183831719688e-01
5.484179462222155133e-02 -2.207096662554650646e-01 -6.095149491977722711e-01
1.054488386071035233e-01 -1.423023553097082505e-01 -9.086936822118856227e-01
6.510813488025668505e-02 -2.091029642742951999e-01 -8.335674731590074771e-01
6.070487474725139165e-02 -2.196222357617534371e-01 -7.852913682026594344e-01
5.647558351310338898e-02 -2.070419941821186605e-01 -7.357978218739473775e-01
4.935513014350151328e-02 -2.026407338319056173e-01 -6.935991606421314515e-01
1.540838787654519315e-01 -1.475039613723869714e-01 -6.733536023428774442e-01
1.680111163991182543e-01 -1.568549444925890768e-01 -6.930776699165743793e-01
1.820621293667223917e-01 -1.651208906129348897e-01 -7.176563726482676486e-01
1.957785506192539771e-01 -1.499148809636703383e-01 -7.432672095836529991e-01
3.036931844273791370e-01 -1.879765937358837125e-01 -4.588118744925728798e-01
8.074229271026140964e-01 5.596309045832654760e-01 4.396957775876231267e-02
1.848042849195992154e-01 -1.106413429212387278e-01 -6.622572370636552463e-01
1.969000944501873018e-01 -1.173041863858538258e-01 -6.727939475574915562e-01
1.213466052762491865e-01 -3.132070007607059559e-01 -2.913179800104910289e-01
2.280140575317914919e-01 -2.484840269074399810e-01 -2.601784081861471254e-01
1.321815971392831246e-01 -3.168215268784675409e-01 -2.733710183044844033e-01
3.026790247934769695e-01 -2.182462900635968595e-01 1.250716518028944790e-01
4.153508419364158044e-01 -1.910440031171063424e-01 5.430541014381679021e-02
2.628997752365318519e-01 -2.907254802923340264e-01 -1.484273120612016328e-01
5.881319384471908052e-01 -1.857004772213599608e-01 1.168097584319866655e+00
5.443254555254881666e-01 -2.635615944288289825e-01 1.020504575428060612e+00
5.023119688162154262e-01 -3.270431103251176808e-01 8.914287579723918498e-01
2.649299346975739766e-01 -9.673007853227266750e-02 -7.966441902404985953e-01
2.019391029923198744e-01 -4.161693557852750303e-01 8.370414763876681263e-01
2.165672136866199082e-01 -4.042900803971356538e-01 1.061377158236766149e+00
2.401883547829282151e-01 -3.912627578561007624e-01 1.292468458575825707e+00
5.083305026667090942e-01 -1.457765565659379092e-01 3.943296422278059765e-01
6.639624928479292976e-01 -3.439410666443848408e-02 2.893882309697950461e-01
2.202775452381384724e-01 -1.816736322580574381e-01 4.325907236555672775e-01
6.029242922958957251e-01 -1.397770987097960438e-01 5.684018440905065361e-01
1.837367532389286851e-01 -2.828981777529335773e-01 2.493995621960833908e-01
2.047085066885756532e-01 -4.236370998994658521e-01 -1.423529497233069208e-01
7.462715835180375734e-01 5.096196177307860120e-02 2.230150831280646173e-01
6.185779517015888018e-01 -8.696045139900832055e-02 2.089480352010490982e-01
5.315540726562772988e-01 -1.457368720694489639e-01 1.648424325408988089e-01
4.009214914649561479e-01 -1.762418885709671201e-01 1.840415094734457746e-01
3.046573053869607861e-01 -1.960415815255878158e-01 2.323183483932602655e-01
2.331402193362936970e-01 -2.202269686138897953e-01 2.813595099784791387e-01
9.309048179761614250e-02 -3.735922479037405708e-01 3.781511606643213064e-01
7.353624336423649765e-01 6.052270421715083559e-02 5.099331667187928518e-03
6.516985311491438893e-01 -1.086117659607414021e-01 5.844065784685108511e-01
6.027474366217405732e-02 -4.749199469103784210e-01 -2.684001009252212633e-01
2.272836151184947084e-01 -2.663949999300605498e-01 7.292868258330609255e-02
8.205423176755033410e-01 4.477873197905508640e-01 4.898410989290247208e-01
1.802658965149461778e-01 -2.363457978665124415e-01 3.357670599727029526e-01
2.712514197401798555e-01 -2.205809880966107528e-01 -1.432558311229996661e-01
5.679373594219754295e-01 -1.072398708116111266e-01 5.002136903248377564e-01
2.069726000918787889e-01 -4.059642933124152364e-01 -6.767889232335766447e-02
7.810058865760112212e-01 5.600865163769981336e-01 -2.046290701475186324e-01
2.202993970417370662e-01 -1.680191933503785151e-01 4.676172692426590061e-01
1.493606576445820622e-01 -4.811103830273282256e-01 -1.620877427348624278e-02
5.793531822966961897e-01 1.887166340506780671e-01 -7.658625951662898501e-01
5.800480545292145962e-01 3.280572434111377333e-01 -8.567514654932040230e-01
8.029812356113339433e-01 3.117808329119342581e-01 1.870074374824909347e-02
6.658716042083838715e-01 2.587932404268755704e-01 -6.197056668826661507e-01
7.627262280460556099e-01 1.233964531024650535e-01 6.406499788822062058e-01
2.933806264127412078e-01 1.209998952894734969e-02 -1.111185285690709179e+00
5.804684860424658144e-02 -3.770292890167663558e-01 -2.765206638688428864e-01
2.885771474096401334e-01 -2.323796786263478964e-01 -1.613861875578048721e-03
7.202723278608544888e-01 5.078524649107052369e-02 4.298908277394608568e-01
4.495833978626109229e-01 -1.734410412438762705e-01 4.279607011714205989e-01
3.895453817182570333e-01 -1.881480818686398493e-01 4.209739412874555775e-01
2.219127306051016379e-01 -1.020184548819103032e-01 -6.953179606216277620e-01
7.205061793108029633e-01 1.104927562222431936e-01 -1.946134124885396943e-01
1.695953940028402940e-01 5.121430238270135993e-02 -1.235904507689213006e+00
3.831362173261538828e-01 1.724152223401667072e-01 -1.091501439990267386e+00
4.752301200948139126e-01 2.419116244906760471e-01 -9.962719553883871981e-01
3.300136384269833911e-01 -1.910847346088218046e-01 4.300487158340309257e-01
2.741943882257604770e-01 -1.819683107532625854e-01 4.481302353552734097e-01
2.382509407773181209e-01 -1.679604265215353109e-01 4.583192611415705109e-01
6.961105150521689211e-01 -3.985367382212795517e-02 6.111451869611359555e-01
2.850305017408736319e-01 -2.054173562309671297e-01 5.399555377807772061e-01
3.462587488135397962e-01 -2.229118021150746642e-01 5.724930851298069001e-01
4.095348847752333654e-01 -2.223205875524882913e-01 5.797033006857974513e-01
4.707243254764392759e-01 -2.051870510551729865e-01 5.643155950803482312e-01
5.071023434919652573e-01 -1.801506257179106285e-01 5.385582328732403390e-01
8.034144889908745313e-01 3.032352156770343754e-01 7.104913152987935021e-01
4.902764547210480828e-01 -1.545800977189664138e-01 4.464964999421581204e-01
2.475072409351730673e-01 -2.318990393337505562e-01 -4.054284741997138397e-01
1.954462127561349405e-01 -3.437443684704084568e-01 -2.120573640821536987e-01
1.237783063190601718e-01 -2.994225346176162539e-01 -3.792204493255937336e-01
4.853882588176023916e-01 1.370408125863213922e-01 -9.011181734926392295e-01
3.934412275143026605e-01 7.853497867767900154e-02 -1.006728653981756594e+00
1.674132533065417761e-01 -4.691626138869509077e-02 -1.187407262446402711e+00
6.627144745379212054e-01 4.379836617779218066e-01 -6.911396519089834101e-01
2.406735188612803000e-01 -1.826969856568787520e-01 4.957086738963218941e-01
1.381947912941754453e-01 -3.762679286402033085e-01 2.030142995418735552e-01
2.843280354919599517e-01 9.896287327340436146e-02 -1.175898036497812882e+00
7.778986073879465835e-01 3.302482582578121217e-01 -2.063000407549999693e-01
1.078120949317968869e-01 -1.775237422680531196e-01 -6.836495982766157553e-01
1.210880102362259514e-01 -1.855192115865991198e-01 -7.161147624610206819e-01
1.315341534257907785e-01 -1.946084820235927104e-01 -7.557475872079528756e-01
1.413084160261366407e-01 -1.816684940000943271e-01 -7.978259967241019268e-01
1.970474577424354834e-01 -1.257404393338958926e-01 -8.635505498881785869e-01
1.974374492950343729e-01 -1.224155949297891510e-01 -6.324632258603104518e-01
2.086338337257847009e-01 -1.232132265055162490e-01 -6.275864078736637097e-01
2.189690702861355476e-01 -1.251029287306733018e-01 -6.201211735424658755e-01
3.415073834716952916e-01 -1.294077612754952478e-01 -5.389523072853652508e-01
6.253638259874083616e-01 -2.317268690540358334e-02 -2.694369556087550244e-01
1.378587396005030996e-01 -3.239045226023762325e-01 3.211701217282816323e-01
1.729930117220259689e-01 -2.295875112274252672e-01 5.378638565398738969e-01
2.121692426895567252e-01 -1.997736128975269310e-01 5.297020948961397302e-01
1.863742800874241823e-01 -1.126355985635587587e-01 -6.376758351043800843e-01
6.334258481261674234e-01 1.094446125100002609e-01 -4.988370014793712670e-01
1.118516314791211386e-01 -3.191926050205360355e-01 5.349272811069263334e-01
2.394378673582568950e-01 -8.086426885347353100e-02 -9.395426107855557873e-01
8.977982378680060549e-02 -4.312649329611950577e-01 2.517849583469278230e-01
1.863477904636638982e-01 -3.556281064514017487e-01 3.511192900984996812e-02
1.302648319612060845e-01 -1.159269591541003397e-01 -9.973590819025472953e-01
3.823769819321256591e-01 -2.764591328931070846e-02 -7.555692610411286481e-01
3.265601753333768897e-01 -1.944753104407581645e-01 -2.222774581039637098e-01
3.236888884642326047e-01 -4.985251553697345184e-02 -8.573395451118450694e-01
4.768240499293225909e-01 -1.699108178109911549e-01 -2.010378212130450315e-01
3.845544773917657366e-01 -1.695768011566247679e-01 -3.236595364920913376e-01
5.322771276435664944e-01 -9.538015990320891646e-02 -3.613869726271650151e-01
1.553216497642866400e-01 -9.586605795859681756e-02 -1.105814863884435617e+00
2.277300572604854523e-01 -2.979296855757986862e-01 -1.659187954227517303e-02
4.569209983187132451e-01 4.558345362859272942e-02 -8.082898390072044137e-01
3.702699470399659631e-01 1.166931870072439315e-02 -9.247851922463690144e-01
4.376533914914944035e-01 -3.659334234958316889e-02 -6.355611511649534862e-01
6.999696332841747193e-01 1.565497568936389250e-01 -3.629079848382703588e-01
5.376017932556553802e-01 3.053740146179606540e-02 -6.273473488228749062e-01
7.393230477140804169e-01 3.285965219229027845e-01 -4.177566680967537138e-01
4.259197273570780595e-01 -1.206714493819494027e-01 -4.581223698948617695e-01
1.814665298474444910e-01 -3.175637168663527632e-01 1.397005814961738146e-01
1.818979932028881308e-01 -4.323598361919209765e-01 -1.916742331293970203e-01
2.243646430880250620e-01 -3.535620996642765412e-01 -2.052028973535824363e-01
1.536182299591732914e-01 -4.916276189478878678e-01 -1.301497475216990551e-01
2.300778089597912413e-01 -2.651271562588277675e-01 6.382323763029207342e-01
3.459942305356662473e-01 -2.893937361382441509e-01 7.130761439382879985e-01
4.468287871956846402e-01 -2.871043628663265679e-01 7.259728876616238225e-01
5.270823898178633726e-01 -2.565393636705408653e-01 7.019167097308853798e-01
5.792395715701061931e-01 -2.083167224314692589e-01 6.507497003237547872e-01
6.083657629063807804e-01 -7.605065981658398755e-02 4.744178330660653309e-01
8.113754354048339223e-01 2.699598835801921837e-01 2.342377911870592300e-01
5.564610758739263474e-01 -1.106218680374979613e-01 3.186262722492365640e-01
4.865336832045272786e-01 -1.481025746707835822e-01 2.845374901103050469e-01
3.951687593058395009e-01 -1.750022124487315978e-01 2.880759372404733121e-01
3.083040235349585600e-01 -1.902741914332999329e-01 3.162977840128520235e-01
2.420364702279282909e-01 -1.957238353613597326e-01 3.524848188235716329e-01
1.963767888682710350e-01 -2.031863107253784051e-01 3.846386782184318953e-01
8.166049401430086618e-01 5.278306874384668390e-01 2.727617441284699851e-01
2.236032385941368883e-01 -3.153375717416651014e-01 -2.260046112501041815e-01
1.391666223956402604e-01 -4.187006862766367021e-01 9.729407054245764463e-02
1.339304726151810954e-01 -4.864725723669756086e-01 -2.063850383417868972e-01
9.739017878305489262e-02 -4.502718633547759808e-01 -2.491438139968125132e-01
1.338607714410287031e-01 -4.494116218452872680e-01 -2.173844345862767646e-01
2.060515316896320837e-01 -2.878280980525715904e-01 -2.515223995364073151e-01
8.302334405883016188e-02 -4.672156487944714165e-01 -2.612028399462440476e-01
8.084207849247515565e-02 -3.797204219963727923e-01 -2.703746832953795032e-01
1.961841755206314986e-01 -1.784393289071886102e-01 4.636826338250110702e-01
1.606938912480533332e-01 -2.179774487086589829e-01 4.362791929638896171e-01
1.391562875395333521e-01 -2.651958864293426643e-01 4.117231433654056083e-01
5.271801994364437860e-01 -1.542580622517135680e-01 5.193736337724246255e-01
5.696982027487393907e-01 -1.585623271760034925e-01 5.628817368751457551e-01
-3.656871299771822237e-01 -1.737279179359418890e-01 5.417295842877112300e-01
-2.933888672783950824e-01 -1.804651633483800310e-01 5.395632152959337624e-01
-3.647913748998377059e-01 -1.830731946835939539e-01 6.292572517199435111e-01
-4.389617326117161156e-01 -1.669317705985022826e-01 5.437175783789918171e-01
-3.672336432488663149e-01 -1.643854782076132892e-01 4.542468435142068550e-01
3.960649872197379295e-01 -1.809059483387436273e-01 5.083062136326539360e-01
4.668414592438026034e-01 -1.873189629713571946e-01 5.047423919056384101e-01
3.950439980036861698e-01 -1.904104696829449495e-01 5.950849185542610442e-01
3.247261774369150089e-01 -1.745211350291668850e-01 5.124075883725587310e-01
3.973529264445119225e-01 -1.714198000720656978e-01 4.214925701737115560e-01
