-1.626770357065603079e-02 -2.703150507892136956e-01 -4.826879853649239105e-01
2.198458113601187841e-02 -4.646013541025732496e-01 -2.017175657055336191e-01
2.425089412391617794e-02 -2.925678359105263193e-01 -2.636615579780264285e-01
-3.274434398330901969e-02 -4.213650569267264334e-01 1.287029700355422357e-01
2.178626944297305801e-02 -4.979785112641003098e-01 -1.091239868536731938e-01
2.076723333219160361e-02 -4.889257325735409943e-01 2.246899875997411186e-02
2.295689191154377112e-02 -3.594078597667780817e-01 3.575399687453650333e-01
-4.310357153852108492e-01 -1.136802140037023873e-01 4.496210514835053962e-01
2.341308808061635938e-02 -3.439895999685208539e-01 6.121939635791966428e-01
2.244941678632166038e-02 -3.712132196348833513e-01 7.350421794135245657e-01
2.108175065033403295e-02 -3.598018456595620251e-01 1.167119306395712819e+00
-1.532876259210891150e-02 -2.584390909815756920e-01 -5.104214956156181149e-01
-1.380277063478693202e-02 -2.351822371570624626e-01 -5.363195953721369147e-01
-1.131380000196290092e-02 -2.018321638035499299e-01 -5.531633109725146991e-01
-1.653862571092115305e-02 -1.905714494321044672e-01 -6.050951702255231712e-01
-1.751233648615059535e-02 -1.937714306605313186e-01 -6.454189341392345680e-01
-1.928066815093129258e-02 -2.030677686475523824e-01 -6.910786399384909462e-01
-1.904271601674840247e-02 -1.920711095000559865e-01 -7.352369273917495063e-01
1.121964522947302423e-02 -1.300216505285211599e-01 -8.030279974082322747e-01
2.093742867044088435e-02 -4.259846984838693285e-01 -2.419916222586151466e-01
-4.040936900593022213e-02 -3.376278880834323037e-01 -2.231946606167017899e-01
-6.687458474179124313e-01 1.382607347639917272e-01 8.569499748470721379e-01
-2.560767035649444967e-01 -1.711278085990486086e-01 3.439167075808923779e-01
-3.216550963604466462e-01 -1.641317035962863158e-01 3.373738145259448373e-01
-3.827189422306995770e-01 -1.460256953616133335e-01 3.493045140844746044e-01
-4.573472282540125833e-01 -1.003291027241572930e-01 4.234258006183360123e-01
-1.982892705887038809e-01 -1.667392902707204860e-01 3.682397294693350864e-01
-3.486131332263331384e-01 -2.226895851832785822e-01 6.408474152270268176e-01
-2.737189638335077446e-01 -2.220203081101458920e-01 6.266255312475257355e-01
-4.148636585008129707e-01 -1.988587887986880687e-01 6.259465092239266948e-01
-4.568482235399446978e-01 -1.682970794720641816e-01 5.893264156627507910e-01
-5.123915780342541693e-01 -5.963448349022418965e-02 3.701866580331585888e-01
-2.269160182984563678e-01 -2.643673522214927754e-02 -9.034762480268518914e-01
-4.520078597793444897e-01 -9.715446883373331233e-02 4.874368527567470855e-01
-6.899288710479152265e-01 2.140135096659161462e-01 4.652194967429107986e-01
-5.824021017252518639e-01 -3.913141517765709836e-03 4.543931431875370408e-01
-2.996257905518331377e-01 -1.793623181451804993e-01 -4.483621377104284739e-02
-8.807563096774534417e-02 -2.615912072764271512e-01 -4.609686544117078122e-01
-7.695389637123967175e-02 -2.244113404750693042e-01 -5.267145036012390591e-01
-1.497876473713868617e-01 -2.193341299460707661e-01 -4.790856265640867639e-01
-1.860576910785543547e-01 -1.716742339874417766e-01 -5.030581111249057269e-01
-1.274188831726749405e-01 -1.968543122959676706e-01 -5.248779030147795455e-01
-1.626928481301324059e-01 -1.525382998846339933e-01 -5.311793546259473420e-01
-2.842658257209399464e-01 -5.705615889236290844e-02 -6.139224486615613152e-01
-3.248446013001921040e-02 -4.577237554101914463e-01 -1.950446352743536171e-01
-4.208154363869454073e-02 -4.886654698450075829e-01 -1.048522823086451561e-01
-5.420645347774379896e-01 -1.591933543298517661e-01 6.743806874864471945e-01
-1.682755437006131505e-01 -2.203213115755477680e-01 1.807423255068688339e-01
-1.804547813929739397e-01 -3.044441522111744902e-01 -1.345889132763099794e-01
-1.854951287618774314e-01 -2.921877288380930748e-01 -7.993083479103413325e-02
-4.877758155544585916e-01 -9.883878494356664046e-02 -7.578069934797643584e-03
-3.798725550395034428e-02 -4.680042040051204943e-01 1.831569468624193175e-02
-3.960188816318143679e-01 -2.779672366494975733e-01 7.591166771727482221e-01
-4.823857110264627712e-01 -2.249161104334895800e-01 7.342232656488389964e-01
-6.048949451016497614e-01 -3.937874381214106351e-03 9.953809614038590103e-01
-1.147615111117972347e-01 -3.260469209481740571e-01 6.496310393267005212e-01
-2.073826862129711235e-01 -2.003283910447809235e-01 5.797978293204283373e-01
-3.249935987621296318e-01 -5.490268566634486092e-02 -5.225637920598957820e-01
-6.105939744851563988e-01 4.886420302054929610e-01 -3.682761491828554501e-01
-1.322751603530343545e-01 -2.737706990319127009e-01 -1.874645549382958631e-01
-8.197527909641326438e-02 -2.743777575401314950e-01 -2.171342737094200392e-01
-2.333912283439218971e-01 -6.582098039634956543e-02 -5.392925167823222621e-01
-2.214945070465704768e-01 -8.168266940344166838e-02 -5.437105068678137476e-01
-5.141803845968992981e-01 -2.025275043988812307e-01 7.995216918123081440e-01
-1.843190021228294506e-01 -2.641136321811207721e-01 -1.687130066229674541e-01
-2.770680242635941148e-01 -3.132065215466608432e-01 7.401100138207977741e-01
-2.868767941942590993e-01 -3.350603852087852275e-01 8.130127424973374595e-01
-3.474415151228296694e-01 -2.694760411463640870e-01 1.155700808934231327e+00
-5.585415490060675614e-01 -1.178395784987541772e-01 8.851998574309822843e-01
-3.095657288099400439e-01 -3.056071444311376784e-01 9.760113815068437448e-01
-5.768517939009073503e-01 -1.110929608245740385e-01 7.271465915127262036e-01
-6.219995474780768419e-01 7.296993591184590747e-03 7.751329886731689323e-01
-8.422723633257440945e-02 -2.495825121763786125e-01 -4.982880766543271722e-01
-1.389105485689705044e-01 -2.105259500288096941e-01 -5.036548507878765291e-01
-1.753498080873928111e-01 -1.669611546845288508e-01 -5.173014483818451081e-01
-1.175779956671978849e-01 -2.576100256531643762e-01 -2.028311878767842802e-01
-2.270688839719165186e-01 -7.402118144311989334e-02 -5.416607609454402450e-01
-2.111536193159613273e-01 -1.076131508462170455e-01 -5.708881384267306958e-01
-2.146519850499633286e-01 -8.342397268454911086e-02 -5.451891119790591711e-01
-1.031070444141412579e-01 -3.669619843850230878e-01 -1.733827373078557776e-01
-1.532365585681594866e-01 -1.398333202622593363e-01 -5.416511436216996378e-01
-1.165848981003278634e-01 -1.692764132792825560e-01 -5.395250797523468700e-01
-6.928746565565736815e-02 -1.940853981431188424e-01 -5.442133299912980116e-01
-7.665638334790307595e-02 -1.250878132830663403e-01 -7.950838214342137444e-01
-9.474662474615978824e-02 -1.886020759590388007e-01 -7.214233111776739982e-01
-9.173327661037918024e-02 -1.994507975493710894e-01 -6.764881607637432959e-01
-8.427804070644324963e-02 -1.889963820333212252e-01 -6.308992328175145881e-01
-7.553146891084454306e-02 -1.856294561287167022e-01 -5.932276454067947347e-01
-1.622374093350713031e-01 -1.377399030561002324e-01 -5.656696270224116363e-01
-1.763963138957909127e-01 -1.440140984421464099e-01 -5.822542804441710462e-01
-1.909599492377527241e-01 -1.503735608721036843e-01 -6.037072091231008297e-01
-2.014502153821659536e-01 -1.363530276746535985e-01 -6.274199054306723866e-01
-2.512851427521615721e-01 -1.611149116241586410e-01 -3.830148335905675383e-01
-6.829595166893839275e-01 5.188374613591627549e-01 1.060394224302150940e-01
2.454116976918450585e-02 -3.393454269294509107e-01 -2.498559194787166593e-01
-1.863920052960030826e-01 -1.063922810355348025e-01 -5.550503254238383644e-01
-1.988590827977589348e-01 -1.101941157336014249e-01 -5.626002332643234016e-01
-6.107559286147107303e-02 -2.747056438896491870e-01 -2.532566672884651315e-01
-1.615912442642767621e-01 -2.113953582272136145e-01 -2.171508041046705528e-01
-7.118900764941925308e-02 -2.756613427962531504e-01 -2.356617678098112123e-01
-2.348276449176660841e-01 -1.910404471402193383e-01 1.346070001575996877e-01
-3.394771570265255334e-01 -1.628678107986382961e-01 8.183182637382026281e-02
-1.959946814802223658e-01 -2.512136768990070879e-01 -1.144315677800938624e-01
-5.034930513731248336e-01 -1.470086162241266980e-01 1.098217702107246341e+00
-4.591394613036713923e-01 -2.192906002362625117e-01 9.568589516629211200e-01
-4.161751013200039040e-01 -2.762548046789767286e-01 8.330130870833011292e-01
-2.352037361588436848e-01 -8.325013020909279027e-02 -6.854400704303260650e-01
-1.328061431492574551e-01 -3.647484004606875718e-01 7.725739945212707349e-01
-1.544535910257016642e-01 -3.534693670320500636e-01 9.639653655020061773e-01
-1.787913121184665499e-01 -3.394522097965125829e-01 1.174280904709862794e+00
-4.317888812763752138e-01 -1.206443384610021846e-01 3.772383145438235608e-01
-5.839332003961721362e-01 -1.443886824926191026e-02 3.132167108369914299e-01
-1.598482341461456013e-01 -1.620448527772446190e-01 3.921491498064685333e-01
-5.153266947875462245e-01 -1.108469513962579006e-01 5.544553698270523467e-01
-1.237158684714195489e-01 -2.510471015390887128e-01 2.348690538688955054e-01
-1.430501069875833864e-01 -3.714138194097109658e-01 -1.122237553250511333e-01
-6.409597428570150690e-01 6.222495671327910038e-02 2.611801554030194206e-01
-5.439020335239640458e-01 -6.377301855106029538e-02 2.357673439527592507e-01
-4.644738403323369069e-01 -1.185979529348018258e-01 1.878165689684354600e-01
-3.413494015536479020e-01 -1.503517855011016202e-01 1.914492883274860335e-01
-2.498463709517610154e-01 -1.706009711922191752e-01 2.227816719480974206e-01
-1.813722533478326349e-01 -1.932531161578568690e-01 2.599315982732906538e-01
-3.782151105915942946e-02 -3.320623292992916364e-01 3.423174189372778509e-01
-6.288736214521005730e-01 6.885934428196274770e-02 6.426324032137148423e-02
-5.666983915132192129e-01 -8.219104750231792655e-02 5.759988736016559141e-01
-1.290390103708852036e-02 -4.221907946013001012e-01 -2.365518113476202111e-01
-1.634957145439240311e-01 -2.347802752375449109e-01 8.103541334364905424e-02
-7.073784665642092184e-01 4.170002835522660933e-01 5.084978358872159765e-01
-1.280284780896296937e-01 -2.092749185810075518e-01 3.030027354259517969e-01
-1.999174380298976150e-01 -1.886722637031993388e-01 -1.091766892615301243e-01
-4.775807542983389054e-01 -8.474210979681706668e-02 4.876456576366954843e-01
-1.464801858014048996e-01 -3.556217118441018510e-01 -4.597243116996662521e-02
-6.547371061153912652e-01 5.201478822436302885e-01 -1.228388918663058799e-01
-1.562272338804653327e-01 -1.514691208366489850e-01 4.271538563703823344e-01
-9.479566433697524108e-02 -4.251038051123778305e-01 -4.451764381462609312e-03
-4.890837116590212030e-01 1.862449282798352979e-01 -6.491400898628054694e-01
-4.828997441923457146e-01 3.114710960448628385e-01 -7.336901597744327486e-01
-6.786500179606995697e-01 2.956509105859461695e-01 8.063327728466418431e-02
-5.626508086427679523e-01 2.491239058149962160e-01 -5.088619357271578769e-01
-6.585601639157253606e-01 1.266409462188989865e-01 6.362192882440815822e-01
-2.364345550449163669e-01 2.162348188652423592e-02 -9.800140801747986297e-01
-1.971748956370635627e-03 -3.345535228434676212e-01 -2.446364429341459368e-01
-2.212926455017116545e-01 -2.014167815821324703e-01 2.023136352923907144e-02
-6.372385779599873956e-01 6.095386133197348150e-02 4.507852351103805999e-01
-3.723444412599078435e-01 -1.468840904723869578e-01 3.999738618579695149e-01
-3.184427347280701648e-01 -1.622389602608881598e-01 3.873624301870604580e-01
-2.212928544747830295e-01 -9.539540387362352436e-02 -5.805715228688268503e-01
-6.134844867934610146e-01 1.137618873114207008e-01 -1.181886807338633077e-01
-1.156962056724359922e-01 5.129115371578912841e-02 -1.097428648273147456e+00
-3.068609882379884635e-01 1.669554848617247622e-01 -9.611161890567292421e-01
-3.888222369680316426e-01 2.314534015476546469e-01 -8.695370847216941090e-01
2.163236870360428152e-02 -3.697740349752642874e-01 9.471613922756878523e-01
1.904335155994415010e-02 3.173106683445847676e-02 -1.117172066446880274e+00
-2.632194261436145988e-01 -1.665399228289416445e-01 3.937936495945694171e-01
-2.090619203334325160e-01 -1.612737128577093892e-01 4.102351278082799757e-01
-1.731326641849871839e-01 -1.508932906769025195e-01 4.195590551427926251e-01
-6.109335573823697629e-01 -2.107151884543166653e-02 6.093649966749508096e-01
-2.212890837586315163e-01 -1.816681335071678727e-01 5.109247210705464282e-01
-2.810267589269146993e-01 -1.939286150100409389e-01 5.478073636723410633e-01
-3.381318701338470456e-01 -1.908541243946159649e-01 5.568063597734359549e-01
-3.919170761072143239e-01 -1.731494359372128533e-01 5.437420699039906546e-01
-4.238065491517003514e-01 -1.499525396501822927e-01 5.201897909456871805e-01
-6.994356292109045192e-01 2.893595197456965140e-01 7.049905657984079088e-01
-4.076031729737197851e-01 -1.288436363445313593e-01 4.233210052669553192e-01
2.216018690508570269e-02 -2.724693543554306818e-01 -3.332433619790004520e-01
-1.895329591494545884e-01 -2.010279762457188035e-01 -3.434910898430346693e-01
-1.318311422808506606e-01 -2.993681408461056903e-01 -1.762218347456496192e-01
-6.852381617217166709e-02 -2.645453605091210303e-01 -3.328973873252040749e-01
2.328262045474024586e-02 -3.280580283700678668e-01 4.881838981350451467e-01
-4.062364167193366904e-01 1.391628474477452082e-01 -7.791912336298626451e-01
-3.261574919589163568e-01 8.516181367670193347e-02 -8.814350835690432096e-01
-1.233329131531129275e-01 -3.545565854025594515e-02 -1.051940647746558710e+00
-5.516029128030461859e-01 4.089833859884164924e-01 -5.751638583068450217e-01
-1.770288203749497136e-01 -1.644271629589707517e-01 4.591508683373957678e-01
-8.098588470803397277e-02 -3.333862156765854401e-01 1.900181770455370567e-01
1.400328033884277665e-02 -5.293531696632090139e-02 -1.070106087303709375e+00
-2.191893986417398077e-01 9.786967918350952811e-02 -1.041705553495129610e+00
-6.558448833555843294e-01 3.124207391697405578e-01 -1.247869035195832144e-01
-1.247711511242798471e-01 -1.644242634838954942e-01 -5.777509978106661892e-01
-1.387650952937257987e-01 -1.703871882443358521e-01 -6.061657159179336674e-01
-1.499792515121928238e-01 -1.781108931866642320e-01 -6.422249032595022111e-01
-1.568246245046690523e-01 -1.659699607120908027e-01 -6.825796671481386690e-01
-1.660820375887614442e-01 -1.118464395836297892e-01 -7.504800422611387356e-01
-1.901899307058070310e-01 -1.157351337593070517e-01 -5.407711914429464972e-01
-2.010910706939543768e-01 -1.179809560211656505e-01 -5.342906540288085981e-01
-2.104041142912276285e-01 -1.200899545533706814e-01 -5.267983964924055629e-01
-2.972526139257542499e-01 -1.118276953314891325e-01 -4.464075874662867260e-01
-5.350031461799911181e-01 -5.698181462308221298e-03 -1.918023295334365108e-01
-7.964221337392557443e-02 -2.875666903032820798e-01 2.954109000319081746e-01
-1.116908226946814603e-01 -2.024348089080858504e-01 4.969455078958834315e-01
-1.512494649849198403e-01 -1.790897020292550046e-01 4.918895300388607117e-01
-1.790775263382288485e-01 -1.086506561548328254e-01 -5.467114622456930029e-01
-5.391945212774090779e-01 1.154487234558419506e-01 -3.979179068600711688e-01
-5.944464290056687694e-02 -2.837987568642058034e-01 4.860949815415973596e-01
-1.994557561037375581e-01 -6.541291762412895783e-02 -8.222593509340898610e-01
2.148926966397758653e-02 -4.443303046574794135e-01 1.367269958308691691e-01
-3.657131669534083307e-02 -3.822899400451862939e-01 2.293633599515110255e-01
2.241141922446371337e-02 -3.998175933402078885e-01 2.430143639870260830e-01
-1.264981158128485605e-01 -3.123725326416348369e-01 4.466347358193202555e-02
1.221655726047072080e-02 -9.906573920790597010e-02 -9.916497141727685927e-01
1.195879571251179906e-02 -1.133529867699191729e-01 -8.891652555148674697e-01
-9.617540800208555785e-02 -9.812450090619544152e-02 -8.782975451968342284e-01
-3.428583934176212544e-01 -1.335474735427575645e-02 -6.370117917400444085e-01
-2.566460414335068885e-01 -1.636362155399432028e-01 -1.741238206390952337e-01
-2.805830628678448457e-01 -3.496398805456837899e-02 -7.423663271595187796e-01
-4.013731583306829331e-01 -1.387564332186602689e-01 -1.417067587651890670e-01
-3.174609296504846134e-01 -1.403066781371927474e-01 -2.571310237976687230e-01
-4.549297514950391697e-01 -6.901301020177193213e-02 -2.773306915444181397e-01
-1.163032487742595433e-01 -7.970182250847925032e-02 -9.758145852759299022e-01
-1.643824533148209033e-01 -2.599319523090663497e-01 8.834024545938993448e-04
-3.918265847004081537e-01 5.565197780176099618e-02 -6.930132259073421563e-01
-3.119705920825946444e-01 2.402681366924013656e-02 -8.044522137883352020e-01
-3.890446284126903298e-01 -2.182865804270240490e-02 -5.194880052222176081e-01
-5.949083585291086163e-01 1.565040429344472794e-01 -2.726098340326513769e-01
-4.664339174424582124e-01 4.502235358277340005e-02 -5.159913268887187376e-01
-6.224710801822265216e-01 3.095233232642349286e-01 -3.194313062884659993e-01
-3.681296660521199415e-01 -9.624224811975723437e-02 -3.654000921507428168e-01
-1.210603109787917048e-01 -2.814009072633028574e-01 1.372735505664799127e-01
-1.229964564830318130e-01 -3.807162986684987649e-01 -1.583326660455201540e-01
-1.602808431600944161e-01 -3.069996804617796671e-01 -1.679413671531438945e-01
-9.631906844056602190e-02 -4.328117177069094046e-01 -1.051761628463704218e-01
-1.643025169796164808e-01 -2.325477386066079344e-01 5.929596304880861979e-01
-2.719792101375870796e-01 -2.483651240281699868e-01 6.647760787318749420e-01
-3.647662542614439896e-01 -2.434898642024551363e-01 6.805246693535836888e-01
-4.401509523215134667e-01 -2.148094164740426137e-01 6.635530984191673198e-01
-4.909263200791641468e-01 -1.711578053888714590e-01 6.230628740379570152e-01
-5.224408633077676223e-01 -5.484590777457871991e-02 4.705009910651417604e-01
-6.938559257348096976e-01 2.566733932158102860e-01 2.761737158982995877e-01
-4.796545604212050229e-01 -8.770362521205141149e-02 3.216212435788344259e-01
-4.173081864730534551e-01 -1.225652150581981181e-01 2.825448727181825714e-01
-3.328286901711496881e-01 -1.495668795197037382e-01 2.731099920165735440e-01
-2.509446502104068499e-01 -1.659332542860706139e-01 2.895336736079906492e-01
-1.859561415497567316e-01 -1.712933620242435007e-01 3.181362588626340249e-01
-1.408749189287726855e-01 -1.795514962966286987e-01 3.449988469148599912e-01
-6.979188376261122873e-01 4.874956250988182194e-01 3.134400937447707758e-01
-1.599116350870151415e-01 -2.726538859451685393e-01 -1.871778926940772803e-01
-8.168938156594957034e-02 -3.714277357560917259e-01 9.580585037006887628e-02
-7.944877465638780500e-02 -4.287103665324774604e-01 -1.749088258676469720e-01
-4.713159187324464372e-02 -3.968113469366456036e-01 -2.162809078794489526e-01
-7.963134780326329432e-02 -3.962322149083270517e-01 -1.846436529611181765e-01
-1.428366468461140792e-01 -2.475473473411810288e-01 -2.116293449288172979e-01
-3.400799197545043701e-02 -4.127769169786772996e-01 -2.282117609729919783e-01
-2.454448696402802832e-02 -3.352219386310827387e-01 -2.375536868615845121e-01
-1.352717410109426921e-01 -1.591741780253357885e-01 4.224166370413265925e-01
-1.052708107076651828e-01 -1.933545882645122393e-01 3.940517732278222551e-01
-8.796709651504745764e-02 -2.346473936665960658e-01 3.709073953593833295e-01
-4.403350809131518773e-01 -1.265033156571765405e-01 5.020107374255304844e-01
-4.807763441784896341e-01 -1.274032494087670442e-01 5.463363157490636057e-01
7.585209793997024774e-02 -4.209810499259475369e-01 1.239806571366078997e-01
4.607811693799506170e-01 -1.234603397052077833e-01 4.149896936950402404e-01
8.644640187868518622e-02 -3.414074567266701665e-01 -2.288529144932393844e-01
6.779242038518384916e-01 1.187640837690623341e-01 7.856599983729801728e-01
2.811795682249703665e-01 -1.737455244500060725e-01 3.276152702642037284e-01
3.433440377923523412e-01 -1.690947596375048378e-01 3.171597532965863553e-01
4.024876683172891045e-01 -1.533351736416235789e-01 3.207915484126113159e-01
4.808419884560180546e-01 -1.098888512082464158e-01 3.831184717947370144e-01
2.297595550267119702e-01 -1.689235555144275314e-01 3.535743883066309601e-01
3.765833663788686336e-01 -2.307131854366377688e-01 6.134222230647341512e-01
3.031834458931128573e-01 -2.284363148728462689e-01 6.021843529198847023e-01
4.427957794995452945e-01 -2.102513471523367872e-01 5.953542745380496770e-01
4.836692009252775981e-01 -1.819464904916867076e-01 5.539757479815491381e-01
5.269430267887214026e-01 -7.189652795208605063e-02 3.220077684704600873e-01
2.462620046984711486e-01 -3.657622175363040018e-02 -9.135819091368359013e-01
4.831193399302675662e-01 -1.075482449803071283e-01 4.496320235488511230e-01
7.118965602040869811e-01 1.959703804736373789e-01 3.965095004697692938e-01
5.926877544889129767e-01 -1.915607938384441752e-02 3.966998767704739137e-01
3.307446045872419749e-01 -1.876979090582206189e-01 -7.381432134400141287e-02
5.685281693015402371e-02 -2.620680839066265588e-01 -4.688243949615874540e-01
5.098502766104234807e-02 -2.228214305569654052e-01 -5.354634120407664177e-01
1.259238275619931902e-01 -2.163414060738341749e-01 -4.946025171522923647e-01
1.706937841258638344e-01 -1.644043839140255092e-01 -5.206389725240340161e-01
1.065219704396620087e-01 -1.919295663973341615e-01 -5.385073398812607604e-01
1.497771346128719538e-01 -1.457981768080940377e-01 -5.457115314948890461e-01
2.803476373170781799e-01 -6.251779741170297722e-02 -6.410542448841927143e-01
7.449190282309117728e-02 -4.609191845695669310e-01 -2.000296461649250790e-01
8.259900866896076332e-02 -4.922034980282165573e-01 -1.107435730488804809e-01
5.587991967839852636e-01 -1.739710413979431436e-01 6.305884693450160006e-01
2.057928112670022458e-01 -2.222734473525191934e-01 1.635731260992235037e-01
2.195079717633157679e-01 -3.112635099443359366e-01 -1.507240300778676656e-01
2.232193831951155838e-01 -2.989625248594264817e-01 -9.664609269362949007e-02
5.106753889507796851e-01 -1.100779091320800845e-01 -5.395290609451312835e-02
7.941033187664481297e-02 -4.686753746631819317e-01 1.337302671692414818e-02
4.268893054156236433e-01 -2.921447775228056543e-01 7.256941217017027768e-01
5.067519410923209122e-01 -2.401555015982438368e-01 6.969607188674159515e-01
6.181267154453312651e-01 -2.301758945576636017e-02 9.285184174576621707e-01
1.594150841079314818e-01 -3.295938159179543359e-01 6.315332967405257181e-01
2.409750631895272444e-01 -2.035047445066084371e-01 5.574297830651206986e-01
3.278813827248495683e-01 -5.816465139013002328e-02 -5.566386489083674505e-01
6.515153667290822792e-01 4.692513851643502765e-01 -4.188097392077050896e-01
1.747097974612897842e-01 -2.808305774238145647e-01 -1.996602665524570830e-01
1.275320833330305659e-01 -2.829276991488132165e-01 -2.261781180702409910e-01
2.273972624939096243e-01 -5.688587455009858768e-02 -5.705168730632846907e-01
2.117382154631345104e-01 -7.535076321111300324e-02 -5.726526391078504696e-01
5.360152823528330224e-01 -2.183620823693197543e-01 7.538527009030185910e-01
2.217833394819257731e-01 -2.720186202255548413e-01 -1.849012467121683434e-01
3.159673683727051152e-01 -3.253789062649939390e-01 7.116092858098240770e-01
3.258667899247185140e-01 -3.478944726605360804e-01 7.791984158537424987e-01
3.757296902019649498e-01 -2.823046281847507721e-01 1.112762117546263863e+00
5.777197170501316981e-01 -1.337902512594641713e-01 8.292065605799637806e-01
3.429492704200738928e-01 -3.164203860242188471e-01 9.407555953695876383e-01
5.923357881474039521e-01 -1.260099379119841712e-01 6.707593593920965214e-01
6.394659748604036853e-01 -8.814428235759215122e-03 7.135541383254828673e-01
5.444915571935770443e-02 -2.489703304329832223e-01 -5.067811730499139911e-01
1.160858758068214203e-01 -2.065521121270703364e-01 -5.186010028537576533e-01
1.603693864917061229e-01 -1.602833791447231537e-01 -5.334538925618493854e-01
1.610936564621786860e-01 -2.655538872814243168e-01 -2.138243665047143416e-01
2.191752609423763265e-01 -6.702404853060375811e-02 -5.719285035259079608e-01
1.931604780220289030e-01 -1.029803662245903362e-01 -5.960207935858010675e-01
2.041961363898545101e-01 -7.694258832465546150e-02 -5.725595727759834608e-01
1.435715341517593280e-01 -3.692055278473871938e-01 -1.840800569210077342e-01
1.416251909091791605e-01 -1.330116642685332806e-01 -5.542120203596397898e-01
9.957816257296792095e-02 -1.632963697363232491e-01 -5.506523452870228930e-01
4.824194503635022280e-02 -1.905284001699305563e-01 -5.521232097928984173e-01
9.400694939893661228e-02 -1.273849704176140407e-01 -8.007821338058492833e-01
5.825629565737920623e-02 -1.871571968207075276e-01 -7.293053728051162032e-01
5.436284495007009943e-02 -1.966129513375882154e-01 -6.843447413567792514e-01
5.074079920957534628e-02 -1.854579688439247642e-01 -6.390563800412270012e-01
4.456948481830383391e-02 -1.814808093831810076e-01 -6.012952684244110557e-01
1.400648715112717824e-01 -1.320166073212840352e-01 -5.849552149148898872e-01
1.522287688922431270e-01 -1.403775745788623797e-01 -6.026553887204076920e-01
1.643525387319013653e-01 -1.477638450199380560e-01 -6.251016034116697595e-01
1.763254099996507951e-01 -1.342042482288094696e-01 -6.488245448149562167e-01
2.726446745094998070e-01 -1.665920655244672310e-01 -4.080329574596791020e-01
7.185587931213255342e-01 4.980385048437462325e-01 3.913033141350865524e-02
1.704810153194955546e-01 -9.866963514751796172e-02 -5.770700302068288989e-01
1.814627081104931705e-01 -1.045676659218575805e-01 -5.863755837505667534e-01
1.075168017110029045e-01 -2.794610331370128153e-01 -2.603191123257069250e-01
2.026616314737850477e-01 -2.214360361561854007e-01 -2.316760457565522069e-01
1.172859417616738814e-01 -2.827030023382361423e-01 -2.440800343435113040e-01
2.693664837326321670e-01 -1.942263286404976586e-01 1.113063948972517897e-01
3.696377569742050340e-01 -1.700178973186977915e-01 4.832861241059317053e-02
2.339652973240650968e-01 -2.587285340015221258e-01 -1.320915552939022908e-01
5.234027443377398114e-01 -1.652624743677564012e-01 1.039537969832937225e+00
4.844175577118613463e-01 -2.345542773791498559e-01 9.081888896631408192e-01
4.470280319859003537e-01 -2.910490831578718129e-01 7.933190289515750226e-01
2.379326617805952448e-01 -8.653383159210759068e-02 -7.012340514985299089e-01
1.797138937469424380e-01 -3.703661860336819878e-01 7.449175554426339385e-01
1.927320496765244917e-01 -3.597943314336545795e-01 9.445630836938415653e-01
2.137534723641597856e-01 -3.482007825654310773e-01 1.150220714036767067e+00
4.523841722127940335e-01 -1.297325392124895616e-01 3.413149063473174816e-01
5.908874661890810565e-01 -3.060872781574646914e-02 2.575384609591898077e-01
1.960340259670743102e-01 -1.616788198048365877e-01 3.786561336827639623e-01
5.365670669896753786e-01 -1.243933748082502316e-01 5.112446933575818253e-01
1.635148758199882479e-01 -2.517626963007155716e-01 2.218387621433463297e-01
1.821784997308079079e-01 -3.770120379384419573e-01 -1.266857310053079722e-01
6.641377032947587411e-01 4.535314189151923303e-02 1.984702732623646604e-01
5.504979007979871053e-01 -7.738967387362266637e-02 1.859514273612038193e-01
4.730517800593470046e-01 -1.296972223507240896e-01 1.467000473061425003e-01
3.567964859224865282e-01 -1.568448882216132156e-01 1.634027228862080239e-01
2.711270368058649183e-01 -1.744654474057556193e-01 2.041347640856291668e-01
2.074810474301008179e-01 -1.959890157538881350e-01 2.465475913042603773e-01
8.284503945362542421e-02 -3.324750706999409222e-01 3.365322369773332545e-01
6.544292031946040700e-01 5.386163751535034266e-02 4.538103627824576110e-03
5.799732634567061895e-01 -9.665806641448800030e-02 5.234563338591080583e-01
5.364096724312363701e-02 -4.229392395026597695e-01 -2.392509561585019484e-01
2.022690150276618415e-01 -2.370758411953945155e-01 6.490222636354162078e-02
7.302342771088448092e-01 3.985043123045784452e-01 4.359296959165701590e-01
1.604260180046281070e-01 -2.103338232958979481e-01 2.942092809437146239e-01
2.413977684537299551e-01 -1.963040722177394060e-01 -1.274892422100528944e-01
5.054307598363538823e-01 -9.543716131692771276e-02 4.457705984858262305e-01
1.841934093510108061e-01 -3.612842822035050028e-01 -6.023022397596718147e-02
6.950491848089267455e-01 4.984439724737168564e-01 -1.821078058934697541e-01
1.960534727837230096e-01 -1.495271743500083406e-01 4.133368068792950267e-01
1.329221778257216602e-01 -4.281598708458774771e-01 -1.442485382229943998e-02
5.155996698803182454e-01 1.679466760895438060e-01 -6.815641005906094563e-01
5.162085643400550206e-01 2.919516018031745874e-01 -7.624582834907345230e-01
7.146059496111165643e-01 2.774665534941433975e-01 1.664255816197935875e-02
5.925864627236790971e-01 2.303107234970299677e-01 -5.515015008101979976e-01
6.787813666295630100e-01 1.098155661492994095e-01 5.701406979490003524e-01
2.610914574804068522e-01 1.076827725623746845e-02 -9.885172560862973690e-01
5.153126149139279633e-02 -3.362894666838621149e-01 -2.470998900792510111e-01
2.568166444185115416e-01 -2.068042110457051774e-01 -1.436242247011675337e-03
6.409998988802650954e-01 4.519587467988128715e-02 3.825774896968989758e-01
4.001027131280435190e-01 -1.543522992604680344e-01 3.738529932749609097e-01
3.466724190727412669e-01 -1.674406981738337519e-01 3.668966662623546204e-01
2.048010683998568171e-01 -9.069891083079967276e-02 -6.069540715794137231e-01
6.412080128810001556e-01 9.833203820415555019e-02 -1.731944611788508170e-01
1.509298999855240575e-01 4.557770809175380744e-02 -1.099882133202669587e+00
3.409686406984610563e-01 1.534393809265093278e-01 -9.713719180901074779e-01
4.229267835824457311e-01 2.152870807865331082e-01 -8.866232922730995503e-01
2.936926780028549788e-01 -1.700541459444758208e-01 3.759319158261418825e-01
2.440168368653508058e-01 -1.619410662890097274e-01 3.939346681353017576e-01
2.120292881443195943e-01 -1.494748753376918537e-01 4.040793011827532033e-01
6.194973102508664065e-01 -3.546741995966444516e-02 5.447049286694074510e-01
2.536603389114053808e-01 -1.828093340241975784e-01 4.853599514902993128e-01
3.081498683075378775e-01 -1.983783592510636740e-01 5.177557560725593033e-01
3.644618980552850607e-01 -1.978522131530177919e-01 5.249345542425828404e-01
4.189168920691466735e-01 -1.826043759983435599e-01 5.096138880996249343e-01
4.512911829691870769e-01 -1.603234337925383557e-01 4.839687354171255396e-01
7.149915195708841376e-01 2.698614608216135524e-01 6.322953689657988541e-01
4.363171341496799860e-01 -1.375671717127258664e-01 3.923080487653074488e-01
2.205045671391788475e-01 -2.062898681316424898e-01 -3.621029245074090519e-01
1.739356043085631687e-01 -3.062932101146208508e-01 -1.889468908857493690e-01
1.091766986776080833e-01 -2.662817518169943720e-01 -3.404166382715070327e-01
4.319673953940534328e-01 1.219582435736322884e-01 -8.019420669797632240e-01
3.501383533007798587e-01 6.988984280675908378e-02 -8.957126173944653935e-01
1.489879234419796972e-01 -4.175270608452882198e-02 -1.056572745993985984e+00
5.897768034861397002e-01 3.897796347740459799e-01 -6.150735351745802992e-01
2.141852397848070244e-01 -1.625895439848303037e-01 4.413058422221617927e-01
1.229852152010740829e-01 -3.348562687762327572e-01 1.806707552740083877e-01
2.530351853728017297e-01 8.807112227218215350e-02 -1.046479912295357861e+00
6.922838895611452825e-01 2.939014785670566177e-01 -1.835948712005717187e-01
9.735325710054054671e-02 -1.590170106793458160e-01 -5.929074905081288538e-01
1.088752095637090245e-01 -1.662013732851035930e-01 -6.219517738536438634e-01
1.177569962972105228e-01 -1.743105601317648523e-01 -6.577519578266639577e-01
1.262168010383271921e-01 -1.627320184493542821e-01 -6.968799756340749996e-01
1.755902001581632621e-01 -1.125768940889822073e-01 -7.600672184389909436e-01
1.820646574328517453e-01 -1.078349388329779002e-01 -5.586574408367994682e-01
1.926751874144490007e-01 -1.083985117675128479e-01 -5.539230109539794444e-01
2.022688503786727598e-01 -1.099682233535776432e-01 -5.474262092010474534e-01
3.100183580783524295e-01 -1.136175320034149838e-01 -4.752935237924176826e-01
5.564586443457487652e-01 -2.044129855153273279e-02 -2.395340235510271809e-01
1.226861490099540875e-01 -2.882559251604250861e-01 2.855629844733758582e-01
1.539535794053621953e-01 -2.043193467087929815e-01 4.816621333735170429e-01
1.888181148280646537e-01 -1.777867352568877346e-01 4.748673407740781616e-01
1.717293435682168967e-01 -9.933260516850525579e-02 -5.632333120172452468e-01
5.637504077882471432e-01 9.790071721116053172e-02 -4.429341581040314724e-01
9.954135636536637355e-02 -2.840625963642713359e-01 4.765033233817098091e-01
2.130971246305167488e-01 -7.223543367078000266e-02 -8.316721998949174743e-01
7.989874904640895115e-02 -3.838003595664088996e-01 2.240737657092545798e-01
1.658385449827319835e-01 -3.164880441142902123e-01 3.124754617168264484e-02
1.159944983506726729e-01 -1.034357307536706433e-01 -8.832949252144820518e-01
3.460513578731331807e-01 -2.414527653244059879e-02 -6.667521383787983202e-01
2.906192994928642470e-01 -1.730715584999071299e-01 -1.978138304870821207e-01
2.889151720568421955e-01 -4.459360698096428988e-02 -7.590028609741692467e-01
4.243424150002698125e-01 -1.512039680353992610e-01 -1.789026735195104190e-01
3.423207274696092317e-01 -1.505727011665711768e-01 -2.873096509006136112e-01
4.737003232849443246e-01 -8.390456352201752788e-02 -3.197946731543169219e-01
1.382320815756691856e-01 -8.533060924942965919e-02 -9.816816565995341026e-01
2.026663222082970839e-01 -2.651398518872560839e-01 -1.476579560807294612e-02
4.081049687299886930e-01 4.057746908269091457e-02 -7.177951404755038567e-01
3.297154609513483492e-01 1.031555762646838188e-02 -8.202418406284841534e-01
3.959011642683501475e-01 -3.096986944778467796e-02 -5.588247777910676506e-01
6.229309466007071361e-01 1.393217929699119839e-01 -3.229643136392090774e-01
4.805821462781400544e-01 2.823112140622043714e-02 -5.554813228443208351e-01
6.579539161695050487e-01 2.924315251287542550e-01 -3.717788003904919369e-01
3.814798140568555485e-01 -1.059599297029654580e-01 -4.036499881049162575e-01
1.614945108717764644e-01 -2.826129819590925685e-01 1.243252769378379724e-01
1.618784878156517004e-01 -3.848763032269833517e-01 -1.706368762380275905e-01
1.996713020460702259e-01 -3.148388173819343105e-01 -1.827208860537777591e-01
1.367111661257908728e-01 -4.375195906363079090e-01 -1.158256006425638224e-01
2.047556827787919420e-01 -2.359475350900220036e-01 5.740950350739491004e-01
3.079144626383065741e-01 -2.575433602344814887e-01 6.408516624453581834e-01
3.976512720679680202e-01 -2.555059530219114805e-01 6.518024145394399893e-01
4.690722460187145559e-01 -2.283049060901752025e-01 6.303649199543680526e-01
5.154890621809562479e-01 -1.853895989732319005e-01 5.849759633394531200e-01
5.414096549611442377e-01 -6.768060269229894677e-02 4.207546770633656119e-01
7.220762924393553384e-01 2.402483774304610686e-01 2.084578216558218289e-01
4.952175442104415071e-01 -9.844693941883697619e-02 2.782866842295435017e-01
4.329862882031934035e-01 -1.318025581654983514e-01 2.467992430081858424e-01
3.516768935271621932e-01 -1.557416495738683515e-01 2.482763957238839081e-01
2.743724009184274060e-01 -1.693328103142556496e-01 2.723413629136212100e-01
2.153981861308019718e-01 -1.741826720564030317e-01 3.044061720796152892e-01
1.747637621742848812e-01 -1.808238350841968323e-01 3.341385807269659503e-01
7.267302432836413306e-01 4.697381867755441309e-01 2.427418680987150912e-01
1.989744552696303126e-01 -2.809089571905453719e-01 -2.012742680688391628e-01
1.238500875745800200e-01 -3.726189209038583972e-01 8.658598693480920594e-02
1.191902230345047581e-01 -4.329960970747740445e-01 -1.837117155614329533e-01
8.667151622674733324e-02 -4.010740842948343210e-01 -2.221446248615456254e-01
1.191281930996380273e-01 -4.001842376918181565e-01 -1.936623975375558193e-01
1.831840554508278596e-01 -2.565769564949083592e-01 -2.240623022342893012e-01
7.388588050364817972e-02 -4.160990015199408365e-01 -2.328452160896431478e-01
7.184728854963945421e-02 -3.386477451082936518e-01 -2.415265141059776688e-01
1.745923476528821183e-01 -1.588004805425020094e-01 4.095088624039686098e-01
1.430080874363084398e-01 -1.939870756876015956e-01 3.839943363964311573e-01
1.238408901620692004e-01 -2.360087008889094062e-01 3.633762845711350220e-01
4.691592908116272720e-01 -1.372805791366123462e-01 4.648677073681830585e-01
5.069978065640154963e-01 -1.411111211059502546e-01 5.072197498634957169e-01
-3.254399818931703603e-01 -1.546076025999026105e-01 4.832287545042655008e-01
-2.610987913648925574e-01 -1.606033537360460062e-01 4.814447230780904974e-01
-3.246428126950913762e-01 -1.629243478343665730e-01 5.677436480585131839e-01
-3.906500573915887564e-01 -1.485594322238281972e-01 4.854609127590382989e-01
-3.268162875103951537e-01 -1.462933821453434868e-01 3.994563191576017691e-01
3.524744835218919237e-01 -1.609956263853231651e-01 4.536422643969098556e-01
4.154613700864021042e-01 -1.667028312466170836e-01 4.502297921547750992e-01
3.515658633251522724e-01 -1.694540899204033668e-01 5.397035334749505919e-01
2.889871495119396005e-01 -1.553135190385603881e-01 4.577903802429590385e-01
3.536206734849242639e-01 -1.525535138058177476e-01 3.675158924120975890e-01
