-1.417896928936351886e-02 -3.028920212658925415e-01 -4.947541781794870808e-01
2.360418668641628415e-02 -4.987634336728401507e-01 -2.165276943825102940e-01
2.696547826576589646e-02 -3.123739924908317533e-01 -2.803179017138655027e-01
-3.515662197630875507e-02 -4.524070486173079608e-01 1.381845263742094154e-01
2.339126535779839644e-02 -5.346646212170584889e-01 -1.171631595734115017e-01
2.229715678914870325e-02 -5.249449237199454998e-01 2.412429344483046911e-02
2.464812766126955879e-02 -3.858854606333115278e-01 3.838799564738883952e-01
-4.627901451258296106e-01 -1.220550429091284972e-01 4.838743951240891406e-01
2.513793183237467144e-02 -3.693313366131096842e-01 6.572943334794807413e-01
2.410326680991434212e-02 -3.985605221458836667e-01 7.891927855221592125e-01
2.263484461897885547e-02 -3.863084714929478913e-01 1.253101063106386803e+00
-1.304006059841397724e-02 -2.919420591715982116e-01 -5.228100232246912782e-01
-1.151803624744053567e-02 -2.684429057297392784e-01 -5.507283330581471681e-01
-9.362753690982286714e-03 -2.321345555664919846e-01 -5.709426642460075918e-01
-1.878395830151317891e-02 -2.029860873055524539e-01 -6.839848789630558201e-01
-1.991926365052654191e-02 -2.063586734973246184e-01 -7.269051679865370375e-01
-2.177475254001856597e-02 -2.164265401440204073e-01 -7.729676550769655208e-01
-2.151714279433492027e-02 -2.047636513917974188e-01 -8.158905026724418974e-01
1.124693795862252710e-02 -1.384788756853978509e-01 -8.792773548992087740e-01
2.247989042925491177e-02 -4.567899838506437327e-01 -2.590134719302910060e-01
-4.329627036882433000e-02 -3.610099101857286996e-01 -2.380893083886868045e-01
-7.180123983513650998e-01 1.484464122641169226e-01 9.200815363307590644e-01
-2.749418913007106724e-01 -1.837348056084917580e-01 3.783201546939418680e-01
-3.453514486429059005e-01 -1.762232970861634662e-01 3.718198801740344450e-01
-4.109138720884439877e-01 -1.567834180239717767e-01 3.836394128918034774e-01
-4.910400288927716517e-01 -1.077203543761147131e-01 4.577676233532637085e-01
-2.128972543043929910e-01 -1.790229848438498195e-01 4.028305616656648880e-01
-3.742954858726781353e-01 -2.390951416934865570e-01 6.780781529085846415e-01
-2.938838580533715827e-01 -2.383765589339867930e-01 6.629850341160739013e-01
-4.454266917381559665e-01 -2.135087289586796722e-01 6.627789397942018823e-01
-4.905042624683222385e-01 -1.806955364789759599e-01 6.247942534461075059e-01
-5.501394995721078374e-01 -6.402776121481501548e-02 4.006741019157562533e-01
-2.456153065712542993e-01 -2.851757665543372400e-02 -9.769739602367559783e-01
-4.853073087884443026e-01 -1.043118436257834958e-01 5.211516438113612537e-01
-7.407559767371418857e-01 2.297798991173243266e-01 4.994922534059464958e-01
-6.253077031868281566e-01 -4.201422160649398094e-03 4.879847882452372776e-01
-3.216992424142910423e-01 -1.925759520190362117e-01 -4.813930061329108057e-02
-9.132599063243540538e-02 -2.891146238417570125e-01 -4.744780620209585464e-01
-7.935431424451144800e-02 -2.536130551039783576e-01 -5.416633141168065713e-01
-1.562017075196981963e-01 -2.400940383652492294e-01 -4.965944178170103029e-01
-1.908054688937319554e-01 -1.890222748970209476e-01 -5.322013504418148244e-01
-1.323089107197634728e-01 -2.195506455070683760e-01 -5.453945207993147193e-01
-1.666952490987125834e-01 -1.691875023114941534e-01 -5.651447038519639143e-01
-3.029632488339828456e-01 -6.303432147660503748e-02 -6.713968911409082807e-01
-3.487759177698845914e-02 -4.913807846710840366e-01 -2.093676863663724852e-01
-4.518169374959080109e-02 -5.246654874189391471e-01 -1.125767555299450606e-01
-5.819984650066034604e-01 -1.709211393017375791e-01 7.234194974903584985e-01
-1.806724141658138105e-01 -2.365523972119998319e-01 1.940576300971641466e-01
-1.937488971067515831e-01 -3.268433674151953738e-01 -1.445013324495507678e-01
-1.991605672006202532e-01 -3.137132182007746906e-01 -8.581934469145524602e-02
-5.237102922377996350e-01 -1.061202461564274557e-01 -8.136346164183239082e-03
-4.078577845108677380e-02 -5.024821047542813446e-01 1.966501107258911141e-02
-4.251936189073495242e-01 -2.984451014094795518e-01 8.150408531280319835e-01
-5.179230983517308928e-01 -2.414856952065536078e-01 7.883117023974790527e-01
-6.494575958265897953e-01 -4.227978019385847386e-03 1.068710753813689962e+00
-1.232159992468930820e-01 -3.500668192392963896e-01 6.974894010802952238e-01
-2.226605824608154371e-01 -2.150865968997126565e-01 6.147673081142333018e-01
-3.401003962104662826e-01 -6.395246214594479950e-02 -5.686927963702856914e-01
-6.555764730827640108e-01 5.246403264622028217e-01 -3.954070775188553988e-01
-1.419593717411473666e-01 -2.929767190969756463e-01 -2.008522922988102977e-01
-8.758254632871631529e-02 -2.928883683561975815e-01 -2.320840642039934121e-01
-2.400551831089015042e-01 -7.597764500231862783e-02 -5.933182300722510405e-01
-2.283604224185029619e-01 -9.235081781258819289e-02 -5.998309613350629732e-01
-5.520600876328645157e-01 -2.174477190804644522e-01 8.584225078759271099e-01
-1.978977952340676971e-01 -2.832593481268697033e-01 -1.810600801936534943e-01
-2.974796439874669574e-01 -3.362804667622416588e-01 7.946339676263374230e-01
-3.080110266494848759e-01 -3.597443060097993417e-01 8.729074561248602038e-01
-3.730375545857826936e-01 -2.893283589704567227e-01 1.240841364179592787e+00
-5.996893419662843172e-01 -1.265208280623981718e-01 9.504125896382831229e-01
-3.323714565831332735e-01 -3.281212430305937566e-01 1.047914204715834074e+00
-6.193485038169432855e-01 -1.192771866166957295e-01 7.807155291370388994e-01
-6.678222953945409657e-01 7.834565991642894467e-03 8.322370983241125231e-01
-8.703724185399475122e-02 -2.786432450339904054e-01 -5.115042901102819783e-01
-1.444749389137240936e-01 -2.325323560042402704e-01 -5.219549217243795169e-01
-1.798081201724031075e-01 -1.844264649967222169e-01 -5.479888486474924214e-01
-1.259590033600657133e-01 -2.753209252685375752e-01 -2.172677934993889615e-01
-2.337169920245700805e-01 -8.450889127536437284e-02 -5.967823014802844384e-01
-2.235567021021809264e-01 -1.175478756148033987e-01 -6.338455186574876166e-01
-2.217600628326468204e-01 -9.376649524645136458e-02 -6.019127183175472240e-01
-1.107029472146451310e-01 -3.934799355289486655e-01 -1.858105322847822816e-01
-1.571055464211335018e-01 -1.552534708955970455e-01 -5.781290968763230786e-01
-1.208331070882224800e-01 -1.902296181434033340e-01 -5.642343674119958408e-01
-7.153268874628915253e-02 -2.212700885225473701e-01 -5.623306582805183140e-01
-8.415808907146277162e-02 -1.335078680642141080e-01 -8.700318377194431463e-01
-1.036511074848234237e-01 -2.014217235792128413e-01 -8.004239324165842717e-01
-1.003502500367390304e-01 -2.129578403365672834e-01 -7.561037677686197611e-01
-9.232602283237634211e-02 -2.016788058176570697e-01 -7.090512560421506905e-01
-8.270330820632987301e-02 -1.981040451428230931e-01 -6.686771192835445632e-01
-1.747292454354865132e-01 -1.483284471283305983e-01 -6.330547044238938881e-01
-1.905644562293957733e-01 -1.549079455697319752e-01 -6.506706640631039207e-01
-2.069770820905847408e-01 -1.615150139139593932e-01 -6.726296592059375357e-01
-2.189580418044925203e-01 -1.463482753087181898e-01 -6.969719277902477472e-01
-2.643239476555157008e-01 -1.747720122756435401e-01 -4.072867552079180165e-01
-7.332731895807791389e-01 5.570602515490818973e-01 1.138513496017194981e-01
2.657108933751053947e-02 -3.628330367927707911e-01 -2.661373421223798275e-01
-1.969042689607651830e-01 -1.161411659619978609e-01 -6.176621805271533816e-01
-2.103392192038309183e-01 -1.202616900736119820e-01 -6.256133121016054233e-01
-6.470025522767819393e-02 -2.932198120774311967e-01 -2.698929648907670842e-01
-1.729769288453328890e-01 -2.261328056283089527e-01 -2.329705347589645648e-01
-7.578468757543888046e-02 -2.941937342291041091e-01 -2.515227036697182950e-01
-2.521274130935560187e-01 -2.051144095516845844e-01 1.445235040456522846e-01
-3.644864617002925300e-01 -1.748662932222857513e-01 8.786037970893945115e-02
-2.104336226641023710e-01 -2.697206051377563085e-01 -1.228617475974158602e-01
-5.405854178616635863e-01 -1.578387507316181271e-01 1.179123473060130323e+00
-4.929642958700677369e-01 -2.354457532999880698e-01 1.027350825060187489e+00
-4.468347486368173804e-01 -2.966065144621143901e-01 8.943812274229827608e-01
-2.561792902696797825e-01 -8.939870385052528512e-02 -7.520778465467117258e-01
-1.425899805233525885e-01 -3.916194393143497265e-01 8.294895719381685240e-01
-1.658321973206087208e-01 -3.795094787449491136e-01 1.034980768878126511e+00
-1.919628799404626829e-01 -3.644596766061898307e-01 1.260790256843328905e+00
-4.635987967981494151e-01 -1.295322148770889914e-01 4.114699824702523490e-01
-6.269515979983841802e-01 -1.550257788954656490e-02 3.362914066982667372e-01
-1.716242641575322914e-01 -1.739827078288738171e-01 4.268690391370033588e-01
-5.532908465712846890e-01 -1.190130522868351193e-01 5.902968508535690884e-01
-1.328300247070912654e-01 -2.695417581600247914e-01 2.521923679216621084e-01
-1.535886178570728955e-01 -3.987759001194275399e-01 -1.204912881936661684e-01
-6.881792896245695346e-01 6.680907066009211803e-02 2.804213147741800860e-01
-5.839713324076569734e-01 -6.847118242806882193e-02 2.531363398188894998e-01
-4.986916589555745460e-01 -1.273350733640921106e-01 2.016530225785877484e-01
-3.664966346059035374e-01 -1.614282115109615390e-01 2.061595306711013764e-01
-2.682525669294029136e-01 -1.831691560549590925e-01 2.417388055641416233e-01
-1.947339592813754905e-01 -2.074900860426054372e-01 2.827061260192464953e-01
-4.060782428737719219e-02 -3.565253831226091741e-01 3.675359713769643655e-01
-6.752027828541500298e-01 7.393221674227046236e-02 6.899752023935645795e-02
-6.084470996019355482e-01 -8.824606879373053658e-02 6.157679697324014434e-01
-1.385453211100398652e-02 -4.527303331176031342e-01 -2.532428235956973861e-01
-1.755404546781320629e-01 -2.520765536859586042e-01 8.700530036058973238e-02
-7.594910851124554441e-01 4.477207220988601577e-01 5.459589161479989627e-01
-1.374603445619062558e-01 -2.246922157129063180e-01 3.297554783509217824e-01
-2.146453689489666861e-01 -2.025717618837910017e-01 -1.172197418298628335e-01
-5.127641601427601614e-01 -9.098506527537519872e-02 5.214575360948103810e-01
-1.572713908046066145e-01 -3.818203869420577767e-01 -4.935922185270857909e-02
-7.029716321479657637e-01 5.584672112270210320e-01 -1.318884425479578404e-01
-1.677365045621186379e-01 -1.626278610147853243e-01 4.617271805428686537e-01
-1.017792672159468781e-01 -4.564212306297665833e-01 -4.779724788061656682e-03
-5.251145411351307857e-01 1.999656044987960790e-01 -6.969622833368331882e-01
-5.184750003750373537e-01 3.344171923486252140e-01 -7.877411625065837697e-01
-7.286462097949275574e-01 3.174315272951098166e-01 8.657353342889217984e-02
-6.041013310329645947e-01 2.674768749968077231e-01 -5.463498282821461771e-01
-7.070763348700124240e-01 1.359705931262316092e-01 6.830896054058932521e-01
-2.544146243962346343e-01 2.317756458373679274e-02 -1.053099074670309498e+00
-1.868371219821036988e-03 -3.576366917362268083e-01 -2.606387708452606589e-01
-2.375952893729273985e-01 -2.162551692401377679e-01 2.172180907961041019e-02
-6.841839862627736579e-01 6.544433770967295061e-02 4.839946132790280409e-01
-3.997750809430513641e-01 -1.577050511594886295e-01 4.349342583955320141e-01
-3.419024321160142321e-01 -1.741911152237114457e-01 4.225024382911894971e-01
-2.344324078338841932e-01 -1.044925783295720390e-01 -6.428090020763512769e-01
-6.586799296245331448e-01 1.221427344654872904e-01 -1.268956473116777950e-01
-1.242195528178071662e-01 5.506977435592097514e-02 -1.178276289577739888e+00
-3.294675370125550451e-01 1.792551018330241774e-01 -1.031921729166886514e+00
-4.174667969538727874e-01 2.485045944732569012e-01 -9.335959394246771126e-01
2.322602674075294193e-02 -3.970153126569373470e-01 1.016938845829711724e+00
2.044627653240432830e-02 3.406869800334133558e-02 -1.199474206677802357e+00
-2.826108187254883219e-01 -1.788089299894122242e-01 4.288420665583918545e-01
-2.244635258703053804e-01 -1.731547579803209835e-01 4.450493983815762000e-01
-1.858873590384173546e-01 -1.620096094089786831e-01 4.542405287855360019e-01
-6.559410730745378615e-01 -2.262385766568675294e-02 6.542370478622783203e-01
-2.375914652359982782e-01 -1.950516369516730464e-01 5.443050265645736907e-01
-3.017300188959950447e-01 -2.082153489400320190e-01 5.806624070162256235e-01
-3.630420674330050446e-01 -2.049143603970549066e-01 5.895332426221431277e-01
-4.207896330977023425e-01 -1.859053663667418199e-01 5.766549971323620127e-01
-4.550284057364262225e-01 -1.609995531917252087e-01 5.534381362673523874e-01
-7.509630984045285729e-01 3.106766492743862074e-01 7.569272675388614147e-01
-4.376313257607344909e-01 -1.383355555795113823e-01 4.579489142596968598e-01
2.587767137964758213e-02 -2.948730191558244229e-01 -3.512567173538068133e-01
-2.012867735056480534e-01 -2.157594229499641969e-01 -3.637749120368689582e-01
-1.415431512763039024e-01 -3.206098307357474475e-01 -1.887925073598897274e-01
-7.145553013539907017e-02 -2.856061357424857228e-01 -3.513521673298787285e-01
2.499785264784706862e-02 -3.522260850783465180e-01 5.241484382891639093e-01
-4.364189359712744576e-01 1.493973153243515206e-01 -8.367476469841710340e-01
-3.509951956486254687e-01 9.137960789240429094e-02 -9.473215206896306029e-01
-1.324401716224870018e-01 -3.806915413931877268e-02 -1.129576454276790543e+00
-5.922395359739853760e-01 4.391132191597657553e-01 -6.175362178957151116e-01
-1.900705453133046952e-01 -1.765405229596930248e-01 4.932684934226596596e-01
-8.695212020581599699e-02 -3.579468002971242235e-01 2.040168232687498140e-01
1.503490293016465640e-02 -5.683506527813353415e-02 -1.149148268608094270e+00
-2.353370961772847103e-01 1.050797421988196589e-01 -1.118448070711623998e+00
-7.041610194109164667e-01 3.354367902629213916e-01 -1.339799657195768212e-01
-1.360195938190923437e-01 -1.758297775895949489e-01 -6.484646363698365334e-01
-1.514005056449421183e-01 -1.821986752682436261e-01 -6.789032222405841921e-01
-1.636343855679491810e-01 -1.904957447510318147e-01 -7.176471338163548097e-01
-1.712129727003199875e-01 -1.775245546132095953e-01 -7.589430612955760935e-01
-1.814517628226051116e-01 -1.196927690069462535e-01 -8.236807714309684059e-01
-1.931364141596707551e-01 -1.300745356981600764e-01 -5.900254105930877735e-01
-2.038912905484753235e-01 -1.330328347316934723e-01 -5.828504875287849885e-01
-2.131844573316947766e-01 -1.356788492563056892e-01 -5.743567992989810911e-01
-3.092773493376661520e-01 -1.253414778141084263e-01 -4.813220363212162844e-01
-5.744168634428401532e-01 -6.117968239208959602e-03 -2.059324198713414766e-01
-8.550946051540564419e-02 -3.087517474506165094e-01 3.173685500865999209e-01
-1.199190930104268027e-01 -2.173481947067141817e-01 5.315109731017086947e-01
-1.623920231018907145e-01 -1.922832522557693657e-01 5.258044585047920716e-01
-1.822563332562157079e-01 -1.218203889342586166e-01 -5.966410713025509516e-01
-5.789170174216753395e-01 1.239538371992585652e-01 -4.272325454501237907e-01
-6.382393368568262115e-02 -3.047062301051775002e-01 5.216292623522196248e-01
-2.169526784598327929e-01 -7.023572005244971272e-02 -8.934512547689514861e-01
2.307238558538599049e-02 -4.770641476715420382e-01 1.467996881646427276e-01
-3.926552802185767632e-02 -4.104532652834707029e-01 2.462605738915288889e-01
2.406246996515415404e-02 -4.292721819592477672e-01 2.609172482997350606e-01
-1.358172403946942275e-01 -3.353850378392686515e-01 4.795383532831354323e-02
1.311779860089329341e-02 -1.063337209933203908e-01 -1.069439587359889643e+00
1.252691729660705688e-02 -1.212755009179427024e-01 -9.643528611477876211e-01
-1.045775320121737906e-01 -1.051216411802374795e-01 -9.524043326456483882e-01
-3.683751477012791042e-01 -1.503548967870795006e-02 -6.895953329821651323e-01
-2.755531723278110690e-01 -1.756913063918466023e-01 -1.869515340542373671e-01
-3.045629241590046554e-01 -3.773953055668843870e-02 -8.062642460480020645e-01
-4.309423455257430646e-01 -1.489786288568177852e-01 -1.521463050820379692e-01
-3.405535760468332285e-01 -1.506430804213176877e-01 -2.760400065388424196e-01
-4.884444564606269523e-01 -7.409720324058377550e-02 -2.977616619842904377e-01
-1.255097649172661756e-01 -8.559263153409590874e-02 -1.052281595598568487e+00
-1.764925195530933077e-01 -2.790811564755091290e-01 9.484827720149802133e-04
-4.217803478550750107e-01 5.967650641227012498e-02 -7.476692336763219870e-01
-3.372173396762310205e-01 2.564005771861266325e-02 -8.705461369039868558e-01
-4.143032194555456016e-01 -2.574525612165320942e-02 -5.608825001252824016e-01
-6.387352967588952879e-01 1.680337061574666002e-01 -2.926930185865237455e-01
-5.007943551631961476e-01 4.833294729940518231e-02 -5.541660567841182328e-01
-6.683285659442796955e-01 3.323259325006393539e-01 -3.429638318088308324e-01
-3.934142420501940407e-01 -1.050884255929397382e-01 -3.929185594468078691e-01
-1.299788321178532158e-01 -3.021317307651401052e-01 1.473865076238758398e-01
-1.320576135898043901e-01 -4.085885527572461484e-01 -1.699135855438156373e-01
-1.720887435062312676e-01 -3.292455203711361911e-01 -1.801513537543237842e-01
-1.034149006008880933e-01 -4.646969856563600842e-01 -1.129244991096536310e-01
-1.764066943027726708e-01 -2.496795459333487344e-01 6.310258568821516256e-01
-2.920159365872843082e-01 -2.666621991879960518e-01 7.071596179126715676e-01
-3.916386084057918993e-01 -2.614277786475720511e-01 7.245543364209630077e-01
-4.725769021717924900e-01 -2.306344404327935749e-01 7.066349641865392606e-01
-5.270928946397956949e-01 -1.837670122638104253e-01 6.632648720549925159e-01
-5.609291163582339479e-01 -5.888641080859846610e-02 5.046844573016897595e-01
-7.449723378032793164e-01 2.755825391177308958e-01 2.965194573481624296e-01
-5.149907437002418931e-01 -9.416475709831462204e-02 3.497725368837418802e-01
-4.480513082482433518e-01 -1.315946025806014053e-01 3.093815581131038606e-01
-3.573482018507254665e-01 -1.605854814538556496e-01 3.009575850140429054e-01
-2.694317564938759624e-01 -1.781575681347509210e-01 3.190707698655175228e-01
-1.996555428311590497e-01 -1.839125553655009959e-01 3.492516170331247949e-01
-1.512531835497015198e-01 -1.927790669374487287e-01 3.772948924894110601e-01
-7.493345646830844586e-01 5.234094601327088370e-01 3.365312462396778947e-01
-1.716683523219446617e-01 -2.921156037032077712e-01 -2.007237945990338890e-01
-8.770744372391325872e-02 -3.987908416839691661e-01 1.028638778330304149e-01
-8.530177115471715421e-02 -4.601708369649557540e-01 -1.877222885042935108e-01
-5.060377937252169556e-02 -4.252873708045639134e-01 -2.313773831288830074e-01
-8.549779447743199867e-02 -4.249585684163337262e-01 -1.978817745696213048e-01
-1.530018557557886183e-01 -2.647414512233714490e-01 -2.268514444069875680e-01
-3.651336231451995928e-02 -4.425723084009214325e-01 -2.442794930904135242e-01
-2.616363385068479208e-02 -3.583789829724599585e-01 -2.532232833254806081e-01
-1.452372191430375548e-01 -1.709005502775959862e-01 4.569530171640356908e-01
-1.130261190286028783e-01 -2.075990336060882235e-01 4.275385231177315504e-01
-9.444763834967695448e-02 -2.519338827208645881e-01 4.016535247185142321e-01
-4.727745955289890389e-01 -1.358228233118987660e-01 5.357359142842919031e-01
-5.161951693413273645e-01 -1.367890552426564987e-01 5.808129613346701969e-01
8.144012702605363252e-02 -4.519947517953126770e-01 1.331143231120939241e-01
4.947269486892116319e-01 -1.325556711197248827e-01 4.480527047226869897e-01
9.291702427217329863e-02 -3.651867931107757315e-01 -2.441745599340297002e-01
7.278669249125275797e-01 1.275134416972871776e-01 8.435396335267064671e-01
3.018940856651735061e-01 -1.865453687598077614e-01 3.626324526148956284e-01
3.686382158286063415e-01 -1.815519817951103398e-01 3.524726456865190372e-01
4.321389615369817250e-01 -1.646313860536672280e-01 3.559082451873325503e-01
5.162656496371349490e-01 -1.179843701650713506e-01 4.168683334782026240e-01
2.466859566841972384e-01 -1.813681650529308520e-01 3.881365215187075890e-01
4.043262879566702495e-01 -2.477098411096712027e-01 6.480441312533917753e-01
3.255189904605222395e-01 -2.452652333404330420e-01 6.355487179567973488e-01
4.754165739434466076e-01 -2.257405778418464237e-01 6.291977991047728036e-01
5.193011430365181980e-01 -1.953505005137032846e-01 5.857596759330243597e-01
5.657629545214328814e-01 -7.719315130545512105e-02 3.496428599309426843e-01
2.644494442782416854e-01 -3.916379408964032471e-02 -9.873076516953256387e-01
5.187107737455365353e-01 -1.154713313210804504e-01 4.817407789902079518e-01
7.643420270104428482e-01 2.104075314007505249e-01 4.257203816676367047e-01
6.363511006717779139e-01 -2.056730833724595975e-02 4.268878369998492239e-01
3.551105815436255142e-01 -2.015256264674931685e-01 -7.925222592246150555e-02
6.330029989109192678e-02 -2.906640732092520274e-01 -4.833388832544547320e-01
5.680932422857515318e-02 -2.516456081746401008e-01 -5.526787416530267727e-01
1.350008268893398977e-01 -2.362888783826371242e-01 -5.141158553150164678e-01
1.789885837235531962e-01 -1.784011331248838150e-01 -5.490049643595353857e-01
1.142125623067221651e-01 -2.122935867330075776e-01 -5.603385897001764704e-01
1.570284810432149847e-01 -1.587248346124405796e-01 -5.769145582687928986e-01
2.871157828038310988e-01 -6.825312584204629163e-02 -7.066093779027671218e-01
7.997972624469995573e-02 -4.948047680887759370e-01 -2.147129091950881197e-01
8.868408311593378723e-02 -5.284641623730630400e-01 -1.189020607910378224e-01
5.999659706730895437e-01 -1.867874995562566198e-01 6.756598513470999379e-01
2.209535813221294998e-01 -2.386483469611349051e-01 1.756235691478447158e-01
2.356791386018564083e-01 -3.341483200376518248e-01 -1.618182135891954587e-01
2.396639699599940609e-01 -3.209871138943340974e-01 -1.037660140110765461e-01
5.482968787250284137e-01 -1.181873559986930111e-01 -5.792761752360275906e-02
8.526049629284082609e-02 -5.032027205992370966e-01 1.435822088074500957e-02
4.583382688587747111e-01 -3.136671026592412481e-01 7.791560557787029495e-01
5.440843902026166745e-01 -2.578477733291588692e-01 7.482719398212416273e-01
6.636641515690797632e-01 -2.471329405631284004e-02 9.969224418203577187e-01
1.711592039272744614e-01 -3.538750141967459406e-01 6.780583965974749105e-01
2.587277120772291106e-01 -2.184969525317428385e-01 5.886561007929047573e-01
3.367977402729076530e-01 -6.531894228229151445e-02 -6.131547665263883395e-01
6.995125470073872975e-01 5.038211658322300224e-01 -4.496634804724464196e-01
1.876563174439624948e-01 -3.006698650459944666e-01 -2.139085096652648676e-01
1.373723105884281370e-01 -3.023160465010388265e-01 -2.417379727764281672e-01
2.272095848858237677e-01 -6.332860206655127611e-02 -6.322363817827829635e-01
2.113494343431845390e-01 -8.279004244512583321e-02 -6.352333720478697821e-01
5.755035637546646043e-01 -2.344488314602042323e-01 8.093890903425329242e-01
2.381221328112088642e-01 -2.917610998915409759e-01 -1.984075859079958981e-01
3.392447053570721849e-01 -3.493495918701006175e-01 7.640336000576528619e-01
3.498734179513958154e-01 -3.735238815353341124e-01 8.366020148295643111e-01
4.034097213991945097e-01 -3.031020288668098139e-01 1.194739376549190268e+00
6.202803669221355065e-01 -1.436465879433086457e-01 8.902942738596788530e-01
3.682143659178294115e-01 -3.397310968490190319e-01 1.010061122475526929e+00
6.359732049465458559e-01 -1.352930970248511500e-01 7.201742458862323559e-01
6.865754756405744175e-01 -9.463787577168869536e-03 7.661217190219797857e-01
6.069502602991272422e-02 -2.784946002006405408e-01 -5.217224626945147214e-01
1.244743242124569660e-01 -2.270093957910508387e-01 -5.388403867403881442e-01
1.682857175261516236e-01 -1.741562191189089948e-01 -5.625181227305335874e-01
1.732561444581619536e-01 -2.840629933331597634e-01 -2.290304721201055216e-01
2.187601986148046684e-01 -7.405041824884939228e-02 -6.342141489297139501e-01
1.968935139623047004e-01 -1.104588629676283018e-01 -6.648578741389163937e-01
2.039038898180987047e-01 -8.429264892305210477e-02 -6.349474346063019858e-01
1.541484585950170239e-01 -3.958752245072583165e-01 -1.972408215149314969e-01
1.484119003241755053e-01 -1.449393517038097823e-01 -5.872115655185958794e-01
1.063089905519023493e-01 -1.812746336260446789e-01 -5.750925924124401512e-01
5.341586114783225536e-02 -2.165374696517445852e-01 -5.723989168924039639e-01
1.006739011882734625e-01 -1.355939511319685931e-01 -8.767209156260227232e-01
6.205228127075002043e-02 -1.992584766845311162e-01 -8.101141197675811867e-01
5.783221335906829630e-02 -2.092620229721293690e-01 -7.663600399687489073e-01
5.371941618677206209e-02 -1.972209860996205766e-01 -7.205060715567270790e-01
4.683212174552825457e-02 -1.930460614015279130e-01 -6.804931025585494453e-01
1.457411776290475913e-01 -1.405628300985546364e-01 -6.589129551418642095e-01
1.591652734848254536e-01 -1.494779275827728959e-01 -6.776078242214182978e-01
1.727836353912244327e-01 -1.573608596824487282e-01 -7.004683719235398343e-01
1.860080210196854988e-01 -1.428451985789742640e-01 -7.239414578388778665e-01
2.893183761005992949e-01 -1.800049026723153922e-01 -4.373073389728721061e-01
7.714950670685629674e-01 5.347290345276958234e-01 4.201306552403805128e-02
1.736083411127442577e-01 -1.056142854090182936e-01 -6.450798072774066583e-01
1.850486352609819196e-01 -1.119965863591669830e-01 -6.551401672601357973e-01
1.163836791756686084e-01 -2.986028891947993813e-01 -2.773768389149167124e-01
2.181050033139537714e-01 -2.371512892346234747e-01 -2.484792464175920035e-01
1.266200233570249356e-01 -3.020333425056596077e-01 -2.604744539682408710e-01
2.892107304547888447e-01 -2.085349951533901347e-01 1.195063443916635215e-01
3.968689950465016381e-01 -1.825431270905033543e-01 5.188898517757034590e-02
2.512015362955397624e-01 -2.777890822614321742e-01 -1.418227489332988256e-01
5.619618592274804314e-01 -1.774373718153654522e-01 1.116120801017274289e+00
5.201046313172037472e-01 -2.518339065503463203e-01 9.750952363648703880e-01
4.799606167511729637e-01 -3.124906884177716115e-01 8.517628944308555106e-01
2.520487000656292942e-01 -9.219843349177092584e-02 -7.695119366891391977e-01
1.929534282186979866e-01 -3.976510875231027420e-01 7.997956811583115666e-01
2.069306325590338780e-01 -3.863004036935193675e-01 1.014149108717157688e+00
2.295007048503008296e-01 -3.738527573112384594e-01 1.234957550327568043e+00
4.857113441838247780e-01 -1.392899439807080419e-01 3.758651488889266368e-01
6.344181850134944511e-01 -3.286367276807244941e-02 2.765113364591402778e-01
2.104758656619101220e-01 -1.735897091831115624e-01 4.127379555998689220e-01
5.760959984022999691e-01 -1.335574443513354304e-01 5.436253258916150521e-01
1.755610275666747988e-01 -2.703100708352019765e-01 2.382913319382182760e-01
1.955996018888583876e-01 -4.047865397784686792e-01 -1.360186772108256115e-01
7.130647719450262656e-01 4.869430880672198647e-02 2.130915914570272740e-01
5.910531176612243698e-01 -8.309097628071704378e-02 1.996504868305986058e-01
5.079015360712002547e-01 -1.392520253233939798e-01 1.575074440384045538e-01
3.830817067047131985e-01 -1.683996615395444429e-01 1.758156233139914759e-01
2.911009835896942732e-01 -1.873183284874557764e-01 2.217312319922131181e-01
2.227661899553348146e-01 -2.104275395433332640e-01 2.684726881408245891e-01
8.894823900482251577e-02 -3.569685312096191332e-01 3.613245837131802141e-01
7.026410459985825696e-01 5.782962860876961209e-02 4.872427736378415197e-03
6.226999322419475291e-01 -1.037788739486766865e-01 5.587239259218124143e-01
5.759270154295215161e-02 -4.535220023672037470e-01 -2.560976201101254901e-01
2.171701867801232311e-01 -2.545412341401749323e-01 6.968357905498967497e-02
7.840306847358124998e-01 4.278621459400451243e-01 4.680446600449488237e-01
1.722446133911903488e-01 -2.258291300083739017e-01 3.203869139482182771e-01
2.591815580662812923e-01 -2.107658062377724129e-01 -1.368813831393165259e-01
5.426658774358958937e-01 -1.024680233209593894e-01 4.780139372640479500e-01
1.977629500344193492e-01 -3.879001192354047944e-01 -6.466738720036691035e-02
7.462535043525289069e-01 5.351643729848589714e-01 -1.955237000318348350e-01
2.104967451268311418e-01 -1.605428512016753295e-01 4.465409609441353123e-01
1.427145634821278541e-01 -4.597024369285449552e-01 -1.548753273212521986e-02
5.535689262947558476e-01 1.803193188560250348e-01 -7.317883154269502199e-01
5.542376835122162504e-01 3.134596956715327565e-01 -8.186286358050942624e-01
7.672510173147868429e-01 2.979075383754388184e-01 1.786861858154620286e-02
6.362423467354814122e-01 2.472777297722794643e-01 -5.921306529528980178e-01
7.287872349289381546e-01 1.179056875616151245e-01 6.121430119463013853e-01
2.803260824697257902e-01 1.156157678457364613e-02 -1.062083333927160922e+00
5.558080900898143550e-02 -3.595573440903989670e-01 -2.632844102985025803e-01
2.757363436460362749e-01 -2.220394909896099556e-01 -1.542049623284968973e-03
6.882224039447155661e-01 4.852545776513794706e-02 4.107619932545207853e-01
4.295783065407636769e-01 -1.657234433843122190e-01 4.082487739725226827e-01
3.722117991786744184e-01 -1.797760655137059516e-01 4.015023922050133809e-01
2.084054296594242128e-01 -9.752521610619313552e-02 -6.755189478124137281e-01
6.884458497176879632e-01 1.055761646098263284e-01 -1.859537086209175349e-01
1.620489157277944514e-01 4.893542292575392416e-02 -1.180910522904746074e+00
3.660878230732613758e-01 1.647432702961419970e-01 -1.042932951721477153e+00
4.540838277793346478e-01 2.311472943068659802e-01 -9.519408890196272566e-01
3.153290370703194512e-01 -1.825820461549465534e-01 4.102649455825204683e-01
2.619935734214944301e-01 -1.738712753831670454e-01 4.277243731852811148e-01
2.276494998646294565e-01 -1.604866993176528034e-01 4.375628520098282515e-01
6.651357181848425171e-01 -3.808030645512672230e-02 5.840295515509605906e-01
2.723475129028813946e-01 -1.962769097864818235e-01 5.163904422091387669e-01
3.308512895436130918e-01 -2.129929061344175700e-01 5.478085400366579094e-01
3.913118302577389684e-01 -2.124279988184323287e-01 5.547706940444894208e-01
4.497785272922971700e-01 -1.960568524892694064e-01 5.399123951950095535e-01
4.845378343501494101e-01 -1.721344717933921409e-01 5.150412087480988887e-01
7.676649922390632597e-01 2.897421725387445690e-01 6.788766216992794256e-01
4.684606463609641835e-01 -1.477017543768641694e-01 4.261468461056028278e-01
2.368153420482412841e-01 -2.216479951666439074e-01 -3.857522841268350433e-01
1.867494518141517013e-01 -3.280982238892642400e-01 -2.024113505133124935e-01
1.192235816149382899e-01 -2.862708869340653273e-01 -3.596055729891856068e-01
4.637897239359816126e-01 1.309429127252226266e-01 -8.610211455256164825e-01
3.759348676111247123e-01 7.504124947504842158e-02 -9.621298661819297493e-01
1.599638736434867425e-01 -4.482863071099973951e-02 -1.134709001696210251e+00
6.332256997155631950e-01 4.184947208371792016e-01 -6.603860433052819445e-01
2.299642806054638111e-01 -1.745675264738486554e-01 4.736658826260193855e-01
1.320455441618593184e-01 -3.595251523061229193e-01 1.939807817979262161e-01
2.716763042616259227e-01 9.455932632059527165e-02 -1.123574156841321781e+00
7.432844896204366947e-01 3.155532145033586033e-01 -1.971203175387397089e-01
1.023033261637551483e-01 -1.691029128639023327e-01 -6.702188902571277751e-01
1.151365905851740035e-01 -1.767077816947097979e-01 -7.010363428570203226e-01
1.253276125935264274e-01 -1.853823554591398359e-01 -7.383946478533278679e-01
1.347876697956966741e-01 -1.730498733120544586e-01 -7.767013370991380228e-01
1.881633440985917005e-01 -1.198038575541100492e-01 -8.344257963724137639e-01
1.860836382710506776e-01 -1.177692048618098619e-01 -6.056345128697375735e-01
1.964395421482691972e-01 -1.185805004296693888e-01 -6.010859925606868437e-01
2.061006558916860243e-01 -1.204239437049869910e-01 -5.936411955075593383e-01
3.234537305492874992e-01 -1.244397291478513967e-01 -5.161484443756472196e-01
5.975766304813285856e-01 -2.223311932769042598e-02 -2.575737432994802401e-01
1.317244457446040684e-01 -3.094917582853984328e-01 3.068542580312616508e-01
1.652953498110358854e-01 -2.193715665321902542e-01 5.142165097772557480e-01
2.027283578706986500e-01 -1.908842958348633267e-01 5.064626708210595574e-01
1.757470506662981435e-01 -1.083085724386807502e-01 -6.108806278472371787e-01
6.052207292616573753e-01 1.043210644288427025e-01 -4.771466722011687978e-01
1.068745746908248417e-01 -3.049895066787118303e-01 5.111675746887911487e-01
2.287777750082415906e-01 -7.712900629138663700e-02 -9.029267844928172693e-01
8.578489518789544910e-02 -4.120749575109994289e-01 2.405812948906160820e-01
1.780558815907538062e-01 -3.398037393150734609e-01 3.354955531328662754e-02
1.244348245451939450e-01 -1.106332481521802302e-01 -9.579213370628725244e-01
3.624502912703526647e-01 -2.664734707623414578e-02 -7.263281422113889718e-01
3.120292425616577603e-01 -1.858217516934645985e-01 -2.123867884989514287e-01
3.088552843221803457e-01 -4.751902564271398566e-02 -8.237413725793274466e-01
4.556082850668405904e-01 -1.623536623290848802e-01 -1.920968691806173023e-01
3.674078404266869491e-01 -1.622034216911161231e-01 -3.096265012182044529e-01
5.085898549173593075e-01 -9.163069651580557640e-02 -3.462259489871728491e-01
1.484077950856501626e-01 -9.159248679514242486e-02 -1.058823214926034595e+00
2.175967636071070022e-01 -2.846727223610350244e-01 -1.585359035122546612e-02
4.358448868505933049e-01 4.354962502852771644e-02 -7.735142516728172879e-01
3.536944163185391510e-01 1.118518958420645915e-02 -8.861122621752803852e-01
4.149347860795158383e-01 -3.577218813519833507e-02 -6.111577187556149759e-01
6.688234973611120182e-01 1.495828894099371364e-01 -3.467608954411796063e-01
5.125937578815520368e-01 2.864523980171057582e-02 -6.008588241898173976e-01
7.064254248121191182e-01 3.139749804629143881e-01 -3.991677692732698013e-01
4.057540164757180712e-01 -1.160253791544990642e-01 -4.397738108655993017e-01
1.733918221987287289e-01 -3.034330990841587194e-01 1.334843338182252204e-01
1.738040867495262987e-01 -4.130277054520945512e-01 -1.830918429528209934e-01
2.143811001108859582e-01 -3.376553905643966402e-01 -1.959777637590884858e-01
1.467826868015655872e-01 -4.697516878967142873e-01 -1.243584803239663472e-01
2.198400475094057782e-01 -2.533298056491855021e-01 6.104159502677433125e-01
3.305985415231162960e-01 -2.765165966643676754e-01 6.819437225101538935e-01
4.269462676552020497e-01 -2.743290935273177134e-01 6.942163292236225303e-01
5.036288294938540133e-01 -2.451241436640270166e-01 6.712278172366761275e-01
5.534651755813362328e-01 -1.990472630254460640e-01 6.223515868292226472e-01
5.812953401508087481e-01 -7.266663718151677998e-02 4.531693217887129421e-01
7.752717007946481331e-01 2.579474913300954242e-01 2.238149232030486324e-01
5.317002535374371064e-01 -1.056995319752580542e-01 3.039450316339951108e-01
4.648844167726835508e-01 -1.415124613672777976e-01 2.712632599318309801e-01
3.775849535980713156e-01 -1.672151472274485684e-01 2.744846342803235473e-01
2.945854338916760184e-01 -1.818075696810059760e-01 3.013503672060104943e-01
2.312665847892161342e-01 -1.870147210593615661e-01 3.359138685738618513e-01
1.876386201247681740e-01 -1.941451390078841044e-01 3.667436615264492161e-01
7.802685085063032489e-01 5.043438301504075127e-01 2.606246776212590710e-01
2.136712809105905109e-01 -3.010510266358727982e-01 -2.158160622335272283e-01
1.329741317404835588e-01 -4.000697815205764840e-01 9.296477959377336120e-02
1.279709746706781948e-01 -4.647669575316917268e-01 -1.971636216564400801e-01
9.305661257560915445e-02 -4.299061024594945657e-01 -2.376699965810529225e-01
1.279043749863957302e-01 -4.291984967780835269e-01 -2.075246364660925380e-01
1.970573784444453747e-01 -2.746277951038682552e-01 -2.401259646193165675e-01
7.932905822078950564e-02 -4.461456773262182374e-01 -2.492211694296440072e-01
7.733446904506169339e-02 -3.621624726740622080e-01 -2.575074325155795041e-01
1.874545774842046875e-01 -1.704993224764166371e-01 4.427502488260000035e-01
1.535435027226685900e-01 -2.082781164195859347e-01 4.164585682076307194e-01
1.329642567539830456e-01 -2.533954775365336864e-01 3.931131379056014286e-01
5.037222868824340338e-01 -1.473940485066602690e-01 4.965166555069020493e-01
5.443483685999179755e-01 -1.515067867569377391e-01 5.384355939063953933e-01
-3.494151669438556596e-01 -1.659975549376957460e-01 5.175675702923931976e-01
-2.803339566419680295e-01 -1.724350134577035121e-01 5.154903242389567986e-01
-3.485592702380824193e-01 -1.749269953451859649e-01 6.008657888367561206e-01
-4.194292730292623617e-01 -1.595038154488745974e-01 5.194436990880768601e-01
-3.508928650871840915e-01 -1.570708253108135111e-01 4.342767634249056208e-01
3.784413021006125533e-01 -1.728561848590701722e-01 4.858103177113006765e-01
4.460684367758984692e-01 -1.789838398810226217e-01 4.823820739694426596e-01
3.774657437937154469e-01 -1.819377839637823513e-01 5.695710147013244296e-01
3.102768519833869476e-01 -1.667554762872089924e-01 4.897767509834065613e-01
3.796719319542418702e-01 -1.637921412859144610e-01 4.020129953108286802e-01
