-1.187616541174615209e-02 -2.896380741400707559e-01 -4.528318651531339500e-01
2.212961775390943214e-02 -4.675783124875859675e-01 -2.029801338566613045e-01
2.566625594674576752e-02 -2.921342633994497007e-01 -2.616570983648551230e-01
-3.296036487891907535e-02 -4.241448853154855536e-01 1.295520489136814113e-01
2.192999775951750066e-02 -5.012637737220280165e-01 -1.098439011722206482e-01
2.090423886652296656e-02 -4.921512720649164341e-01 2.261723395768036257e-02
2.310834305540186706e-02 -3.617789443057046195e-01 3.598987230222778777e-01
-4.338793430152191877e-01 -1.144301847972764158e-01 4.530936351797159034e-01
2.356754884057998128e-02 -3.462589672065276014e-01 6.162327279034066629e-01
2.259752001668647106e-02 -3.736621864612975630e-01 7.398913976476422238e-01
2.122083111744721071e-02 -3.621755294011313464e-01 1.174819022657547674e+00
-1.060693341878173046e-02 -2.804602055431842933e-01 -4.772915408603813914e-01
-8.836141124004850272e-03 -2.594064125859627534e-01 -5.021080844986977043e-01
-6.496258234727016884e-03 -2.253836426496688139e-01 -5.208444543707542174e-01
-1.641962740296297810e-02 -1.921895894346604960e-01 -6.746667028335019412e-01
-1.737980152628260458e-02 -1.954247060596178143e-01 -7.137197041378741114e-01
-1.916937633375380423e-02 -2.047631229664374497e-01 -7.535214900671147742e-01
-1.893032698901708777e-02 -1.936619540329641842e-01 -7.885989644905463392e-01
1.147119879201459816e-02 -1.311285372405493199e-01 -8.380278278536492653e-01
2.107555701698726747e-02 -4.280144211262373322e-01 -2.424981961686928922e-01
-4.055412994293952633e-02 -3.378382787650968666e-01 -2.225729103508007067e-01
-6.731576956738543061e-01 1.391728681011765445e-01 8.626034428522288966e-01
-2.577660920858190763e-01 -1.722567725048821108e-01 3.502494904110668994e-01
-3.237771184729905660e-01 -1.652145128175353250e-01 3.438985805551615371e-01
-3.852438145784172208e-01 -1.469890556753877808e-01 3.554642165672989851e-01
-4.603644381239849759e-01 -1.009909936033049627e-01 4.276301823250142631e-01
-1.995974240164919977e-01 -1.678393022555697278e-01 3.740138356956979604e-01
-3.509130028251672972e-01 -2.241587122990591763e-01 6.406019070456534514e-01
-2.755247418250567626e-01 -2.234850198730697624e-01 6.263652931335094154e-01
-4.176005958818487240e-01 -2.001706994504367787e-01 6.259161902334354766e-01
-4.598621413773967825e-01 -1.694073684995262563e-01 5.896520575712759227e-01
-5.157719263364352047e-01 -6.002790579398832593e-02 3.740701675526139081e-01
-2.279726943474486012e-01 -2.658154430604495189e-02 -9.169267700501085860e-01
-4.549898447823757519e-01 -9.779541417282221205e-02 4.896688852347936827e-01
-6.944804678887919192e-01 2.154253990002771291e-01 4.682886489373271899e-01
-5.862443232607941201e-01 -3.938956327098126764e-03 4.574430676158783848e-01
-3.016024809889930602e-01 -1.805456067346287719e-01 -4.513200711659045433e-02
-8.430780213662206202e-02 -2.746194998487804240e-01 -4.359564068201042253e-01
-7.239659948764437525e-02 -2.437375936956147626e-01 -4.953005867844589849e-01
-1.464986993883265753e-01 -2.261484103091486453e-01 -4.558913498630540184e-01
-1.835603965090834289e-01 -1.753201298766216554e-01 -4.881646186666445675e-01
-1.234673183911901839e-01 -2.085871736806149124e-01 -5.001756978810869558e-01
-1.598947691052685083e-01 -1.576233800673637053e-01 -5.204027100849923926e-01
-2.864540605959088326e-01 -5.703833542311040339e-02 -6.350192505999338044e-01
-3.269876559352442869e-02 -4.606575362131909435e-01 -1.962692920085310488e-01
-4.235916388205987482e-02 -4.918892923318296528e-01 -1.055440116415113511e-01
-5.456406414278189843e-01 -1.602435842869715243e-01 6.785415775038945441e-01
-1.693856906523434069e-01 -2.217748147232301570e-01 1.819347256935994195e-01
-1.816452771779406283e-01 -3.064131224718562030e-01 -1.354730960762817737e-01
-1.867188767125729787e-01 -2.941153489150764022e-01 -8.045815427336124037e-02
-4.909937688164544567e-01 -9.949084575650464501e-02 -7.628063029756769996e-03
-3.823786399388484636e-02 -4.710917200460585375e-01 1.843652415539613273e-02
-3.986314963029833347e-01 -2.798010413347246095e-01 7.641247196169329570e-01
-4.855681047057666122e-01 -2.263999263754959967e-01 7.390662666024534477e-01
-6.088855563613366773e-01 -3.963853546962796924e-03 1.001947700763918814e+00
-1.155186154356637185e-01 -3.281979167937476016e-01 6.539167834235432020e-01
-2.087508306971783134e-01 -2.016499969524050140e-01 5.801518692399201260e-01
-3.281021688985812368e-01 -5.415313418985214650e-02 -5.259563952845072166e-01
-6.146221833657380396e-01 4.918657054729207445e-01 -3.707057395762026752e-01
-1.330659531348978297e-01 -2.742745497164056356e-01 -1.881293698219279886e-01
-8.193189347939817957e-02 -2.738844037230771522e-01 -2.171510950967104059e-01
-2.346312685937453069e-01 -6.518834277608907823e-02 -5.547994351309144534e-01
-2.221281717731195537e-01 -8.134914616758652517e-02 -5.647674274801079974e-01
-5.175725340087905524e-01 -2.038636182910459060e-01 8.047962941073797394e-01
-1.855349909341130754e-01 -2.654345901353274972e-01 -1.697150808890355300e-01
-2.788958966673547035e-01 -3.152728067447979621e-01 7.449926655580577650e-01
-2.887693769878914574e-01 -3.372708446558624340e-01 8.183763627477554925e-01
-3.497336553259501879e-01 -2.712538277400904918e-01 1.163325195116178046e+00
-5.622263577691694048e-01 -1.186169894402770986e-01 8.910396954834298722e-01
-3.116079949802988414e-01 -3.076232950395756394e-01 9.824503210948900556e-01
-5.806573989610138709e-01 -1.118258629986268043e-01 7.319437209961707769e-01
-6.261030011732785505e-01 7.345136541865106977e-03 7.802467087163705850e-01
-7.999383677665564130e-02 -2.660708374044248314e-01 -4.684414274604808970e-01
-1.352260146759212689e-01 -2.199103216872788369e-01 -4.785718038782648120e-01
-1.725946871916246850e-01 -1.715929959483356582e-01 -5.034271314900345962e-01
-1.179735985331570175e-01 -2.575952654945596332e-01 -2.034848410328898849e-01
-2.279787190039898048e-01 -7.355889953206463938e-02 -5.599022017900417980e-01
-2.123663726213069758e-01 -1.078773232534911836e-01 -6.097115754253684683e-01
-2.150783607874868775e-01 -8.317861541653696900e-02 -5.684496172830686422e-01
-1.037872619225269077e-01 -3.686846682807479736e-01 -1.740594435327638689e-01
-1.504134720886294851e-01 -1.446815140900659935e-01 -5.334012963308762956e-01
-1.127794406701182472e-01 -1.811394104796396898e-01 -5.183936387752366981e-01
-6.485396207711030536e-02 -2.136932280427403519e-01 -5.145557158804026088e-01
-7.675018677434355951e-02 -1.260896698827464468e-01 -8.286617835099736595e-01
-9.494420927857642745e-02 -1.900850341515127051e-01 -7.743575782502356564e-01
-9.192553416833060265e-02 -2.010301673139766321e-01 -7.375673099114741227e-01
-8.442550458432067362e-02 -1.905188747710702679e-01 -6.957247043561481936e-01
-7.567271454018612009e-02 -1.871208056438831424e-01 -6.587569520585927485e-01
-1.631767071461288354e-01 -1.385505908201652148e-01 -6.188480353196484929e-01
-1.772994795655222500e-01 -1.449010335506445701e-01 -6.352849217529460413e-01
-1.917868059740327757e-01 -1.513515171234074697e-01 -6.549118105992064454e-01
-2.021868206016018965e-01 -1.372636570694337199e-01 -6.764588788891297000e-01
-2.505745396692050653e-01 -1.619888663042126919e-01 -3.762005294091281260e-01
-6.874651353249522368e-01 5.222603344249964197e-01 1.067389798523442762e-01
2.500334161060422181e-02 -3.395388174066131248e-01 -2.486290350796047932e-01
-1.873886548932884588e-01 -1.066696983571399082e-01 -5.959792798742604703e-01
-1.999341212589273165e-01 -1.104880387124142632e-01 -6.030422584641746964e-01
-6.029516492344998146e-02 -2.741865892979142849e-01 -2.521933659962006247e-01
-1.619555525702669196e-01 -2.116589949690789174e-01 -2.183428949502989047e-01
-7.078096850537507478e-02 -2.750780026001101719e-01 -2.351869747388196930e-01
-2.363768492075725702e-01 -1.923007786499912886e-01 1.354950253786740555e-01
-3.417167547884293888e-01 -1.639422818698164364e-01 8.237168336429702420e-02
-1.972876970510870631e-01 -2.528709830738041786e-01 -1.151864935485918673e-01
-5.068146943398158522e-01 -1.479784610606981465e-01 1.105462860895737087e+00
-4.621684948885648181e-01 -2.207373035779465753e-01 9.631715537268057403e-01
-4.189206905479811449e-01 -2.780773121127416703e-01 8.385086535517337625e-01
-2.359450925248180730e-01 -8.379589791079168626e-02 -7.198745725855951738e-01
-1.336822914697198827e-01 -3.671547175999169133e-01 7.776708175422661906e-01
-1.554725518294536313e-01 -3.558012741631230713e-01 9.703248499796254256e-01
-1.799708336685339194e-01 -3.416916429766194696e-01 1.182027867448298686e+00
-4.346374776903188519e-01 -1.214402529571946693e-01 3.826136860945031359e-01
-5.877855228916336605e-01 -1.453412060269662978e-02 3.152830632558865642e-01
-1.609027844745790636e-01 -1.631138946320390137e-01 3.973493697579921768e-01
-5.187264066338582724e-01 -1.115782287434575332e-01 5.558698435484236144e-01
-1.245320464569060204e-01 -2.527033087833818747e-01 2.364277223653747373e-01
-1.439938367579621792e-01 -3.738641096324052948e-01 -1.129641194275891880e-01
-6.451882807007585097e-01 6.263546331743145845e-02 2.629032124022525063e-01
-5.474902625159960845e-01 -6.419374358688746673e-02 2.373227476225424626e-01
-4.675380658678121026e-01 -1.193803688761904264e-01 1.890556245015137804e-01
-3.436013508819706352e-01 -1.513436858847854449e-01 1.929840006179655287e-01
-2.514946530312773265e-01 -1.717264594477687645e-01 2.253919978879415642e-01
-1.825688018762436637e-01 -1.945280450815553563e-01 2.632713143978917536e-01
-3.807102702736726157e-02 -3.342530099802104582e-01 3.445757618837384517e-01
-6.330224247691216277e-01 6.931362295770880644e-02 6.468720130103924881e-02
-5.704370125751609955e-01 -8.273327990782856911e-02 5.786044971350895461e-01
-1.298903038557300098e-02 -4.242140887702964824e-01 -2.371170733508628781e-01
-1.645743280199548630e-01 -2.363291670203286621e-01 8.157002365681537137e-02
-7.120451818283894951e-01 4.197513166701849485e-01 5.118525112375297281e-01
-1.288731072113678822e-01 -2.106555464953623336e-01 3.069874769830351346e-01
-2.012363327994279305e-01 -1.899169718397470952e-01 -1.098969475599917700e-01
-4.807314487303985251e-01 -8.530116835517961849e-02 4.899156929869726840e-01
-1.474465444782523948e-01 -3.579678184184191259e-01 -4.627571851166487060e-02
-6.590565359419372493e-01 5.235794004145004621e-01 -1.236492861182899583e-01
-1.572578957559557788e-01 -1.524683925019198194e-01 4.313634951807598927e-01
-9.542105003169129573e-02 -4.279082987603321508e-01 -4.481131695001128006e-03
-4.923102933695825412e-01 1.874736228058380139e-01 -6.534225950692019724e-01
-4.860855290498304893e-01 3.135259322986768682e-01 -7.385304584683248796e-01
-6.831272059831676735e-01 2.976013705394524034e-01 8.116522721040315969e-02
-5.663627270021855953e-01 2.507674179412441307e-01 -5.122189982828676547e-01
-6.629048152086234325e-01 1.274764215192152328e-01 6.404165523737563870e-01
-2.378695440403958972e-01 2.177478528209877626e-02 -9.871476709586012310e-01
-1.648414875246165647e-03 -3.346457405434057897e-01 -2.435177370864008706e-01
-2.227525567308866750e-01 -2.027455678168009201e-01 2.036483336125455290e-02
-6.414425665449584590e-01 6.135598783158802139e-02 4.537591542173255443e-01
-3.748008709784996784e-01 -1.478531137880132740e-01 4.050751284458149470e-01
-3.205435642573329913e-01 -1.633092826810370046e-01 3.928774238356541604e-01
-2.226237802908748731e-01 -9.556508566000779248e-02 -6.160685501627327643e-01
-6.175317649538527576e-01 1.145123987740472860e-01 -1.189683929175539556e-01
-1.164594763606741218e-01 5.162952879209755513e-02 -1.104668601517865056e+00
-3.088853930604559817e-01 1.680569241626302113e-01 -9.674568517453382421e-01
-3.913873739549187936e-01 2.329803527050586798e-01 -8.752735923733204748e-01
2.177508170661639555e-02 -3.722135072166203873e-01 9.534100176275905891e-01
1.916898430621304106e-02 3.194040479499585250e-02 -1.124542270915395825e+00
-2.649559366141402417e-01 -1.676386195474551533e-01 3.990976659305558449e-01
-2.104411430563371543e-01 -1.623376673503582612e-01 4.149997867157054765e-01
-1.742748545185501541e-01 -1.518887634770352268e-01 4.240178270372526592e-01
-6.149640065583023008e-01 -2.121052995717716272e-02 6.133761746628157985e-01
-2.227489714902848861e-01 -1.828666340153481673e-01 5.123862537726096011e-01
-2.828807478840527079e-01 -1.952080003328998670e-01 5.480589579182739701e-01
-3.403625927727813583e-01 -1.921132266964856727e-01 5.567627403327306546e-01
-3.945026303583152871e-01 -1.742917369173332676e-01 5.441270112865694841e-01
-4.266024845462169091e-01 -1.509418061302421066e-01 5.213473668060241151e-01
-7.040499440104540652e-01 2.912684741529430466e-01 7.096415276102570058e-01
-4.102922114997067382e-01 -1.296936432260553940e-01 4.276563808742737671e-01
2.512677830883109156e-02 -2.774199077621636311e-01 -3.265993346006715869e-01
-1.879225530067876182e-01 -2.022003183995802755e-01 -3.388688740112273390e-01
-1.327008583282792420e-01 -3.002436456836227729e-01 -1.768276126174682661e-01
-6.611287612727599627e-02 -2.684167301006427087e-01 -3.268826914823936836e-01
2.343622049404308488e-02 -3.302222918879656466e-01 4.914045435983135923e-01
-4.088597843217182115e-01 1.400848567742782880e-01 -7.842976504814489491e-01
-3.281293717379121233e-01 8.573610237775876330e-02 -8.877700052511313666e-01
-1.241418302094552256e-01 -3.568923674604799340e-02 -1.059048715099070614e+00
-5.552419460145704422e-01 4.116815300518886223e-01 -5.789583277229164437e-01
-1.781967144193588315e-01 -1.655119213839104653e-01 4.623108254385124294e-01
-8.152016456275698597e-02 -3.355856302970529059e-01 1.912717570213356977e-01
1.409566274118430676e-02 -5.328454169307969557e-02 -1.077446340745624287e+00
-2.206354343365441451e-01 9.851534105220818849e-02 -1.048577890493015197e+00
-6.601716214070771915e-01 3.144818329900223031e-01 -1.256101510427939938e-01
-1.251374815464671164e-01 -1.656661854990936766e-01 -6.371678780645551043e-01
-1.391446627786428192e-01 -1.716758491939606446e-01 -6.650613340307038879e-01
-1.503898029408989867e-01 -1.794495407688981026e-01 -7.010583109738068863e-01
-1.572294884856040020e-01 -1.672142593853769288e-01 -7.369558049095080721e-01
-1.664814741886851412e-01 -1.126716976777469292e-01 -7.877618479975371235e-01
-1.892094007093417241e-01 -1.176452208580239661e-01 -5.456219990799644481e-01
-2.003765556512347723e-01 -1.196390133374874154e-01 -5.378728862186648030e-01
-2.098833267104048272e-01 -1.215082515240422656e-01 -5.290682642258380808e-01
-2.987049714998327721e-01 -1.115401333466297940e-01 -4.414154358033589021e-01
-5.385326674570372063e-01 -5.735775343432287197e-03 -1.930676873316269082e-01
-8.016762876383758119e-02 -2.894638244776177594e-01 2.974470535559092799e-01
-1.124276690814109830e-01 -2.037703112698148467e-01 4.993075780389734097e-01
-1.522472875372128387e-01 -1.802711921164168452e-01 4.940936161759062473e-01
-1.779597344924471469e-01 -1.106013417532127063e-01 -5.528567134784652115e-01
-5.427516938826613124e-01 1.162103596009522316e-01 -4.005430497752266450e-01
-5.983681093438506654e-02 -2.856710332384729822e-01 4.891779764534190944e-01
-2.001489883088126975e-01 -6.584360914989879909e-02 -8.466939373941310132e-01
2.163103861440104914e-02 -4.472616393150840031e-01 1.376290182063347745e-01
-3.681258488474765944e-02 -3.848119821808716479e-01 2.308765152757440153e-01
2.255927177741847908e-02 -4.024552688617586416e-01 2.446175776773459876e-01
-1.273326488328048178e-01 -3.144333158504731829e-01 4.495812825344787378e-02
1.229687536259024827e-02 -9.972600310898543929e-02 -1.004457365984821937e+00
1.210718949007049891e-02 -1.141959165576130059e-01 -9.137196800510911654e-01
-9.651738539987651799e-02 -9.882331352449449935e-02 -9.015482225743458589e-01
-3.450629110850484960e-01 -1.328805630597547187e-02 -6.487356217184603313e-01
-2.583391859885940667e-01 -1.647157559287565909e-01 -1.752725498272773574e-01
-2.816990494655033372e-01 -3.515028337537022540e-02 -7.634322845435608240e-01
-4.040210962212886781e-01 -1.396718367763199464e-01 -1.426416262023885717e-01
-3.191565989971382744e-01 -1.412323089663435616e-01 -2.587815411342686556e-01
-4.579310127940198760e-01 -6.946830264189934878e-02 -2.791602968160374898e-01
-1.169287090568276732e-01 -8.022337507119653432e-02 -9.877243302822321658e-01
-1.654669167814198372e-01 -2.616467746662983762e-01 8.892304348253180814e-04
-3.941698984042245613e-01 5.603586122108363682e-02 -7.014273018158859729e-01
-3.135258655097152292e-01 2.422015426266424867e-02 -8.168549507350548744e-01
-3.923658916896519688e-01 -2.145989535881074814e-02 -5.226334184610508249e-01
-5.988330863074656785e-01 1.575365309738633590e-01 -2.744082948761442098e-01
-4.695114693561849850e-01 4.532075021119074537e-02 -5.196092646724694841e-01
-6.265776446716806447e-01 3.115653170933754823e-01 -3.215386576192942880e-01
-3.703187572131610428e-01 -9.648712493319436256e-02 -3.663462934111826330e-01
-1.218589697277286804e-01 -2.832573645508114635e-01 1.381791786713364445e-01
-1.238078883657371398e-01 -3.829910381104789097e-01 -1.592643197346642059e-01
-1.613382474955188661e-01 -3.085233563563241077e-01 -1.688298061273124651e-01
-9.695450433262309264e-02 -4.356670619745249828e-01 -1.058700325912901030e-01
-1.653864530904457508e-01 -2.340819019049015237e-01 5.943538836114864443e-01
-2.737735106308627486e-01 -2.500036377378420660e-01 6.662078231124721750e-01
-3.671726891857182706e-01 -2.450962148614818648e-01 6.822781052270061597e-01
-4.430547149674403107e-01 -2.162265565625980657e-01 6.653301491555296820e-01
-4.941650578409013672e-01 -1.722869671894439458e-01 6.246190000100975137e-01
-5.258875087269754278e-01 -5.520773889986888006e-02 4.733905652753965798e-01
-6.984334301300109127e-01 2.583667182160001019e-01 2.779956957899153425e-01
-4.828189361612857944e-01 -8.828222332585738963e-02 3.257408823929494601e-01
-4.200612508872700879e-01 -1.233738019561677057e-01 2.871077756564758832e-01
-3.350244266858939390e-01 -1.505536017238168489e-01 2.783752713895165654e-01
-2.526001778548122578e-01 -1.670279486925500545e-01 2.951222581403989964e-01
-1.871829308927420721e-01 -1.724234181186760917e-01 3.236764786829051110e-01
-1.418042985545028556e-01 -1.807360329316547443e-01 3.503585016262634744e-01
-7.025231458524116013e-01 4.907117298891147117e-01 3.155079198647676164e-01
-1.609341600706935271e-01 -2.736075608245049917e-01 -1.880833406704047195e-01
-8.222830252819889052e-02 -3.738781177876678852e-01 9.643790602368797205e-02
-7.997291389292718322e-02 -4.313727381706061736e-01 -1.759652250536169193e-01
-4.744252828086288620e-02 -3.984050335256859587e-01 -2.165755703697462564e-01
-8.015669151086254884e-02 -3.982184276628662478e-01 -1.853685879789902236e-01
-1.432952585414965507e-01 -2.477699234716360943e-01 -2.125268179382050482e-01
-3.423234847903477290e-02 -4.146696216963526860e-01 -2.287100057806543407e-01
-2.445067914798782285e-02 -3.353518884739545292e-01 -2.366439989009758160e-01
-1.361641553668025140e-01 -1.602242814725923503e-01 4.267348793209678193e-01
-1.059653033291142743e-01 -1.946301866197123198e-01 3.986490190781317167e-01
-8.854743280100522973e-02 -2.361954088034472210e-01 3.748878153190947082e-01
-4.432400582917145893e-01 -1.273378829815313973e-01 5.038623633259090573e-01
-4.839481205472729308e-01 -1.282437537735801603e-01 5.473535866098758751e-01
7.635250919081852661e-02 -4.237583449447826500e-01 1.247985856934097221e-01
4.638210336368265296e-01 -1.242748319170241811e-01 4.194406854075425350e-01
8.715483501702064872e-02 -3.418035871853881691e-01 -2.282822282589089813e-01
6.823966035354741555e-01 1.195475938541988581e-01 7.908431671754730941e-01
2.830345652951872237e-01 -1.748917579436152780e-01 3.372616317403490660e-01
3.456091461293550604e-01 -1.702103111183493611e-01 3.274703657010405999e-01
4.051429588500976009e-01 -1.543467560253009296e-01 3.308071292618260939e-01
4.840141978930475042e-01 -1.106138096336669041e-01 3.894467053886751517e-01
2.312753241279998651e-01 -1.700379775279045047e-01 3.617635544580944940e-01
3.790677611225373722e-01 -2.322352458258298280e-01 6.101992250526216965e-01
3.051836068842556093e-01 -2.299433542978489009e-01 5.985916821326699999e-01
4.457169905920198572e-01 -2.116384167585631804e-01 5.923922427157184423e-01
4.868600620405940660e-01 -1.831468273757958232e-01 5.514208553042160288e-01
5.304193738684003234e-01 -7.237084538167748438e-02 3.268235094994503820e-01
2.478765811570736166e-01 -3.684128973893067982e-02 -9.278535363203518349e-01
4.863065735041475213e-01 -1.082577619647908801e-01 4.518997040766300488e-01
7.165930822231386665e-01 1.972632357259685998e-01 3.991253518501798880e-01
5.965978325044344333e-01 -1.928245489073520183e-02 3.999794221368136449e-01
3.329265919783331862e-01 -1.889361891849979658e-01 -7.430128712659125889e-02
6.178964207796828340e-02 -2.766295725976704034e-01 -4.428304496246965316e-01
5.665303371146872963e-02 -2.422167619877755862e-01 -5.035035277588937319e-01
1.321625781114342535e-01 -2.235596229264743828e-01 -4.696846636483273385e-01
1.782745671322666370e-01 -1.679929593548620814e-01 -5.010620004192511967e-01
1.130506201476082079e-01 -2.025375076170323196e-01 -5.108497240927060146e-01
1.573965377991524417e-01 -1.501392464429129325e-01 -5.277628519933582618e-01
2.852955025462555749e-01 -6.267931894401516935e-02 -6.628882423253131817e-01
7.498334059847443223e-02 -4.638647755856886157e-01 -2.012776745903636644e-01
8.314393062061958828e-02 -4.954506615847886764e-01 -1.114741720969979061e-01
5.624857053002954022e-01 -1.751187626713379131e-01 6.337965222344558169e-01
2.071504670326108632e-01 -2.237398291249529381e-01 1.646522502745529359e-01
2.209561091478372818e-01 -3.132547594361964616e-01 -1.517053108889331869e-01
2.246920054928752963e-01 -3.009348396019939087e-01 -9.728368232091957890e-02
5.140444152150831503e-01 -1.108041148099130485e-01 -5.430884034919015307e-02
7.993421749858395375e-02 -4.717673185493299615e-01 1.346125445654555025e-02
4.297055783612426794e-01 -2.940721142414903788e-01 7.304816689553250697e-01
5.100950835972585251e-01 -2.417398548095153754e-01 7.015353732918716556e-01
6.222046193037523709e-01 -2.316943732503009765e-02 9.346440514276308509e-01
1.604667768601302225e-01 -3.317682113292175217e-01 6.356996464600073171e-01
2.425648232102632917e-01 -2.048473054445103803e-01 5.543390943938376614e-01
3.338218200323478380e-01 -5.791103285551331414e-02 -5.609814841116177453e-01
6.558135421054549496e-01 4.723471291053842336e-01 -4.215727096614721447e-01
1.759647109107968233e-01 -2.815340881273749596e-01 -2.003541980177098170e-01
1.289753150596162357e-01 -2.828260449164247681e-01 -2.261785840435299177e-01
2.348572237237399607e-01 -5.676095189774126720e-02 -5.831927430603235374e-01
2.193557253502155802e-01 -7.542846536563516113e-02 -5.893759454406323206e-01
5.395514808918406846e-01 -2.198026600954987586e-01 7.588260306905694197e-01
2.232464879160706017e-01 -2.734112121710167709e-01 -1.859650403177978140e-01
3.180518674218910657e-01 -3.275254950859461389e-01 7.163039274560972780e-01
3.280165974104021220e-01 -3.501896011138722620e-01 7.843389414888404243e-01
3.782084530755193130e-01 -2.841670474974241634e-01 1.120103228712082899e+00
5.815310479704389746e-01 -1.346728919352308540e-01 8.346770146422711756e-01
3.452117743988594722e-01 -3.185078737202030608e-01 9.469619455827881227e-01
5.962435441715503437e-01 -1.268412484719096955e-01 6.751844911836685226e-01
6.436846580220489944e-01 -8.872578525583471598e-03 7.182615957143347885e-01
5.985361276385520873e-02 -2.664465476771383234e-01 -4.761101827686360366e-01
1.225538410751038088e-01 -2.156471446447381091e-01 -4.914971282528937113e-01
1.679769567862194612e-01 -1.643679913260238379e-01 -5.138264507756019617e-01
1.625550875668115569e-01 -2.658796443104082807e-01 -2.144959359134028243e-01
2.267733331237580252e-01 -6.700226641378084769e-02 -5.866440622335866717e-01
1.972680986274686077e-01 -1.036837538593586988e-01 -6.374821031343056443e-01
2.117274890960756106e-01 -7.707669066937537783e-02 -5.904828483609887435e-01
1.445187038799842505e-01 -3.709247014277000098e-01 -1.847527956321401710e-01
1.490838339579614036e-01 -1.373335467999813875e-01 -5.379861731988622164e-01
1.059449989320446067e-01 -1.734772830901269436e-01 -5.247710186406100430e-01
5.372470556808860154e-02 -2.093552805582293286e-01 -5.217038194060209522e-01
9.468456136853758975e-02 -1.284864571827233348e-01 -8.361335497128433714e-01
5.875074444766821558e-02 -1.887665462591344434e-01 -7.834568519505032969e-01
5.484044543360286350e-02 -1.983177376062746078e-01 -7.475273645587092730e-01
5.124424252695065907e-02 -1.871034385862365979e-01 -7.074554629812002116e-01
4.509026462434304744e-02 -1.830788875452372955e-01 -6.708686163667649804e-01
1.420200733592170694e-01 -1.331495319519177267e-01 -6.448068618216945547e-01
1.541833464101304563e-01 -1.415793905367887517e-01 -6.621072866594139850e-01
1.662535059030332829e-01 -1.490249373426822121e-01 -6.824394657737612446e-01
1.782232956190719919e-01 -1.353663622620339679e-01 -7.027664983688491906e-01
2.777773409256228399e-01 -1.677463355257862165e-01 -4.015672157316170221e-01
7.232992672049619598e-01 5.013241630911516866e-01 3.938848192774016543e-02
1.742288062724328124e-01 -9.939262401118233170e-02 -6.212098487959065718e-01
1.853041044278491700e-01 -1.053185140711398460e-01 -6.302306427156255664e-01
1.095059541378910622e-01 -2.793485456544164691e-01 -2.591686684958918740e-01
2.046929621185885062e-01 -2.220880131562465443e-01 -2.328468072600630157e-01
1.189979896469222781e-01 -2.825437893485316376e-01 -2.435435080548094822e-01
2.711435475544915485e-01 -1.955076780388964042e-01 1.120407051379787994e-01
3.720763301627094677e-01 -1.711395389209008078e-01 4.864744672585777363e-02
2.355088125368109131e-01 -2.604354171708223586e-01 -1.329629893373407423e-01
5.268557354758197642e-01 -1.663527435068130611e-01 1.046396006853878680e+00
4.876133558845011651e-01 -2.361016782094869371e-01 9.141804057285416452e-01
4.499771640827785468e-01 -2.929691913647213264e-01 7.985527110563677144e-01
2.402603463628750768e-01 -8.726249900561328099e-02 -7.355490683343202107e-01
1.808995017499787639e-01 -3.728095648123638806e-01 7.498319234801918975e-01
1.940035410218727552e-01 -3.621679656023935046e-01 9.507945526584892226e-01
2.151636461811525236e-01 -3.504979318056249404e-01 1.157808946951804474e+00
4.553686398231709398e-01 -1.305884103615568836e-01 3.500362493179092760e-01
5.947856673476075162e-01 -3.081065684908047830e-02 2.592374929819049045e-01
1.973273011012788014e-01 -1.627454468679171984e-01 3.854093924421748141e-01
5.401069057607637003e-01 -1.252140242908018619e-01 5.109837027936990905e-01
1.645936157067365846e-01 -2.534236244647918856e-01 2.233777253758933157e-01
1.833803672256279493e-01 -3.794992607129385465e-01 -1.275215017596932343e-01
6.685191507150298751e-01 4.565234273263529818e-02 1.997796208004911089e-01
5.541296440273659751e-01 -7.790022881617003625e-02 1.871781930202881250e-01
4.761725959550768272e-01 -1.305528605074885995e-01 1.476678490361705842e-01
3.591503427131062520e-01 -1.578796248846156824e-01 1.647386783597264981e-01
2.729157153435922689e-01 -1.756164303730983201e-01 2.072408995327509607e-01
2.088498408226577285e-01 -1.972819939468386519e-01 2.507617559249415429e-01
8.339158451889668033e-02 -3.346684743172871346e-01 3.387523991042985516e-01
6.587466017248521100e-01 5.421697428854085204e-02 4.568044710199006646e-03
5.837994614671373483e-01 -9.729574059717419066e-02 5.246428916591385772e-01
5.399484821100423992e-02 -4.249513551892185603e-01 -2.397755938158144251e-01
2.036034236144612930e-01 -2.386398772795695622e-01 6.533040100602775790e-02
7.350517766631687877e-01 4.011333164355807002e-01 4.388056026848807800e-01
1.614843800871355317e-01 -2.117214370135106494e-01 2.992477808475494938e-01
2.429903171444664500e-01 -1.975991289003223295e-01 -1.283303138863369497e-01
5.087651862479618536e-01 -9.606677909374662649e-02 4.483010554897088884e-01
1.854085696020074114e-01 -3.636677458713439837e-01 -6.062757278895172797e-02
6.996345613695932331e-01 5.017323056710498719e-01 -1.833092070071015711e-01
1.973468762124125364e-01 -1.505136346112856682e-01 4.179577417342226209e-01
1.337990916498308924e-01 -4.309845259622408498e-01 -1.452001603746116629e-02
5.190045156833112960e-01 1.690546534367794174e-01 -6.860575497253026400e-01
5.196140940537412600e-01 2.938776641035358295e-01 -7.674883711708828660e-01
7.193203460064744315e-01 2.792970624903726717e-01 1.675235518187880718e-02
5.964958724974470661e-01 2.318301287654265797e-01 -5.551398649868033441e-01
6.832594211851066301e-01 1.105400429528642509e-01 5.739020434185058139e-01
2.628139293219499684e-01 1.083931747341851728e-02 -9.960423636534483371e-01
5.221378737492963357e-02 -3.364700016712163233e-01 -2.459983965189193045e-01
2.585109144751398524e-01 -2.081685392151379488e-01 -1.445716493327063763e-03
6.452287016412137088e-01 4.549404077938246083e-02 3.851014214378210565e-01
4.027422696410704051e-01 -1.553705918224663751e-01 3.810339163704708487e-01
3.489594853975260813e-01 -1.685453374849625319e-01 3.745286135445554110e-01
2.091939319437194356e-01 -9.126517006124340581e-02 -6.447099969331442360e-01
6.454381886110593936e-01 9.898075220063977386e-02 -1.743370591993708973e-01
1.519256143044863949e-01 4.587839600278324770e-02 -1.107138272571381865e+00
3.432180780723225189e-01 1.544516507861984911e-01 -9.777802502229256953e-01
4.257169149899807103e-01 2.167073721207704862e-01 -8.924725210059519798e-01
2.956302265263078821e-01 -1.711760266860125612e-01 3.829780359287831559e-01
2.456266640669724777e-01 -1.630094234438707879e-01 3.998135567742908125e-01
2.134280871779434541e-01 -1.504609905720697138e-01 4.093004649250360782e-01
6.235842561935498463e-01 -3.570140459751186546e-02 5.477455494271304959e-01
2.553337861980673473e-01 -1.840153632572741893e-01 4.853111748655438706e-01
3.101827937669042190e-01 -1.996871004143288275e-01 5.156065571256119862e-01
3.668663250816374122e-01 -1.991574832266993500e-01 5.223199247099188369e-01
4.216805694314748609e-01 -1.838090530828985492e-01 5.079925781321005251e-01
4.542684399139473861e-01 -1.613811191067653916e-01 4.840101533824716640e-01
7.197084596473148910e-01 2.716417901049560935e-01 6.364667610591195901e-01
4.391956043409616650e-01 -1.384747294776661197e-01 3.982924018801178301e-01
2.252906757857738029e-01 -2.077966404668370737e-01 -3.577336189790101262e-01
1.750830917964898148e-01 -3.072863042644884413e-01 -1.895775457962438348e-01
1.129226741991594812e-01 -2.685418769039625286e-01 -3.344425163746637675e-01
4.348173334571334148e-01 1.227628224527364115e-01 -8.072326473441790995e-01
3.524478855635217456e-01 7.035033851418884265e-02 -9.021935843083835893e-01
1.499708261586572833e-01 -4.202815692169084572e-02 -1.063946920720947542e+00
5.936676773837523680e-01 3.923510804865617541e-01 -6.191312966005591001e-01
2.155982620566336827e-01 -1.636621792749536342e-01 4.441133613967488403e-01
1.237965729228252126e-01 -3.370653816269454373e-01 1.818626758812660060e-01
2.547045083982669711e-01 8.865214298244469826e-02 -1.053383746679922739e+00
6.968510229236474229e-01 2.958403971724838377e-01 -1.848060827773367887e-01
9.848906646645749774e-02 -1.604278945566250947e-01 -6.586815396395874211e-01
1.099843012310714740e-01 -1.676838135056268886e-01 -6.870431295691186158e-01
1.187792103079200468e-01 -1.758536101209577096e-01 -7.214758137161522145e-01
1.272110809627641503e-01 -1.641766807223515590e-01 -7.537337721370389598e-01
1.768291453135079350e-01 -1.135565008310530366e-01 -7.991239047622041847e-01
1.902494293021501914e-01 -1.099268133869510666e-01 -5.549223904060097690e-01
2.010436188923442336e-01 -1.102602861863020145e-01 -5.493702115734923064e-01
2.107363611589571639e-01 -1.116626564137057215e-01 -5.411353939175553851e-01
3.158621793239466125e-01 -1.138793274718410131e-01 -4.694185606709518899e-01
5.601022480592543484e-01 -2.051264202774420731e-02 -2.410269300717937380e-01
1.234955337330558012e-01 -2.901576063530549865e-01 2.876215004620735205e-01
1.549692415338346785e-01 -2.056672817380912899e-01 4.828245555035518555e-01
1.900637851732502048e-01 -1.789596294152608347e-01 4.756695746559735927e-01
1.795758240544140794e-01 -1.013358683789198078e-01 -5.612241122667769311e-01
5.674831763400270956e-01 9.872251373006533937e-02 -4.455049860340316581e-01
1.001980503264134348e-01 -2.859366133397590048e-01 4.793444100584039469e-01
2.145070174898668636e-01 -7.280705819165383952e-02 -8.571615831946651776e-01
8.042585685275031870e-02 -3.863323662375842682e-01 2.255520245369747601e-01
1.669326145732573097e-01 -3.185759781640392641e-01 3.145369286044068236e-02
1.167830591983338440e-01 -1.042119865773163678e-01 -9.079814575359844708e-01
3.503544843022282640e-01 -2.414390347692599303e-02 -6.803228011103189532e-01
2.925365723321069478e-01 -1.742133457072133906e-01 -1.991188473427460415e-01
2.911198021220566812e-01 -4.496771928479912500e-02 -7.812852454520863299e-01
4.271408780026695884e-01 -1.521991608032087773e-01 -1.800797258499594045e-01
3.446866645210865387e-01 -1.514465514402465462e-01 -2.889536023463781245e-01
4.768271953250179385e-01 -8.411494262551653944e-02 -3.212664833185148172e-01
1.391457702525499829e-01 -8.589897952914006540e-02 -9.945553483072988588e-01
2.040033519089302916e-01 -2.668890317851889682e-01 -1.486320522930863891e-02
4.113138028529855217e-01 4.084898472983505141e-02 -7.250404793930459446e-01
3.319597851348372597e-01 1.035924377316096469e-02 -8.326282827135869091e-01
4.007636697975853202e-01 -3.061425784983155124e-02 -5.634013515903079083e-01
6.270402813443198831e-01 1.402415370026652286e-01 -3.250941334186386311e-01
4.845062904516271862e-01 2.878735227041897063e-02 -5.581563419414998783e-01
6.622945679264478080e-01 2.943607609944830505e-01 -3.742314984647037157e-01
3.849874337422848902e-01 -1.061571050507297831e-01 -4.047987785533055383e-01
1.625599220124733790e-01 -2.844774355424336543e-01 1.251454827277051207e-01
1.629464321279813499e-01 -3.871415304673782587e-01 -1.716058678243168600e-01
2.009885730079684907e-01 -3.164050427770321305e-01 -1.836501253442048565e-01
1.376130766530392624e-01 -4.404059936701991140e-01 -1.165897249749411335e-01
2.061064964032050528e-01 -2.375041275162778631e-01 5.737741276797611034e-01
3.099458350800425865e-01 -2.592424245786819625e-01 6.408701638531839606e-01
4.002746559408100202e-01 -2.571915761888812213e-01 6.522474880081485793e-01
4.721668081434720055e-01 -2.298110785855199678e-01 6.306880214011760799e-01
5.188898451969874426e-01 -1.866126507230975451e-01 5.849009413592100026e-01
5.449814412402115282e-01 -6.812710497728810544e-02 4.245055940315745069e-01
7.268399721597691432e-01 2.418333433619161421e-01 2.098330590206004820e-01
4.984845920241551820e-01 -9.909641329542974442e-02 2.836698108861361867e-01
4.358427841468044406e-01 -1.326720856378802438e-01 2.527487189827921088e-01
3.539969753569837119e-01 -1.567691079539136334e-01 2.553605287286701553e-01
2.761824897633067266e-01 -1.704499322623667656e-01 2.802912983322618512e-01
2.168192104489094219e-01 -1.753317894989928072e-01 3.126615202895373091e-01
1.759167131829939279e-01 -1.820167655891549718e-01 3.418382550283376453e-01
7.315246260357000097e-01 4.728371422428219173e-01 2.443432840799139028e-01
2.003390261690262963e-01 -2.820147606950267338e-01 -2.022151010038419072e-01
1.246671510299628277e-01 -3.750771614187985992e-01 8.715720806019677802e-02
1.199765444444252094e-01 -4.356795188217497117e-01 -1.848125723967089795e-01
8.724330531400856237e-02 -4.027526517119474070e-01 -2.224737996508251714e-01
1.199141052858437029e-01 -4.021921395505338448e-01 -1.943923232003078039e-01
1.849040860378209084e-01 -2.571181844026166341e-01 -2.249411889689019728e-01
7.437332023026085870e-02 -4.180224780221478142e-01 -2.333292180364902046e-01
7.258396352751009251e-02 -3.389427449761112099e-01 -2.406682555827108771e-01
1.757441678061843759e-01 -1.598481186337578908e-01 4.143241350085493657e-01
1.439515399954197361e-01 -1.952668466870808861e-01 3.893996423262109929e-01
1.246578929403076297e-01 -2.375656968380045475e-01 3.678143384073361277e-01
4.722544271880522171e-01 -1.381862461938017095e-01 4.661475713328035453e-01
5.103425710919635705e-01 -1.420420590040307740e-01 5.063349647839568979e-01
-3.275869736420880529e-01 -1.556275794483860941e-01 4.858516687542659418e-01
-2.628213115895182139e-01 -1.616628857373505479e-01 4.839833600398283364e-01
-3.267845453615790818e-01 -1.639991918915205960e-01 5.675881995534365343e-01
-3.932272528703214531e-01 -1.495395080994258996e-01 4.878652800246506271e-01
-3.289723590189261859e-01 -1.472585084416275503e-01 4.045085331055693345e-01
3.547998272102218520e-01 -1.620577462866651386e-01 4.557739778674685382e-01
4.182022506886581281e-01 -1.678026027040933066e-01 4.525010645956072386e-01
3.538852126668320941e-01 -1.705720119739968788e-01 5.364594919443480547e-01
2.908936547358398905e-01 -1.563381529570216921e-01 4.596142835317378328e-01
3.559535788145098967e-01 -1.535599394253871486e-01 3.750458259918322823e-01
