-2.023806722962228494e-02 -3.618437989807894994e-01 -6.277832708390085337e-01
2.902713585959704190e-02 -6.134082312121027503e-01 -2.663174633859555773e-01
3.235878113131275546e-02 -3.856502709600734824e-01 -3.471110592573348197e-01
-4.323368799053277367e-02 -5.563454076395337733e-01 1.699317614305496105e-01
2.876529687250099082e-02 -6.575012647361774265e-01 -1.440808348070957146e-01
2.741982208494474563e-02 -6.455485131539656640e-01 2.966673288554178695e-02
3.031091728824947262e-02 -4.745408024794324775e-01 4.720745480537555938e-01
-5.691139709880692621e-01 -1.500966061631383852e-01 5.960908099056019260e-01
3.091325162868439891e-02 -4.541834475171644403e-01 8.083045677922870986e-01
2.964087725819136362e-02 -4.901278988467863140e-01 9.705060593317804685e-01
2.783509208110408056e-02 -4.750609980640495000e-01 1.540995048371101683e+00
-1.884087216862782160e-02 -3.470755354851527974e-01 -6.629305445872623048e-01
-1.657640445462701950e-02 -3.171795738706737477e-01 -6.961196104374248739e-01
-1.308136730639532404e-02 -2.731308355368029517e-01 -7.183186431971052555e-01
-2.100714507239382495e-02 -2.529315938977154676e-01 -8.257566831997636969e-01
-2.222019209554705610e-02 -2.572076569834362836e-01 -8.780930547904235439e-01
-2.458981789456142833e-02 -2.694119871172130365e-01 -9.356920572361303590e-01
-2.427735858118888757e-02 -2.547764240389167600e-01 -9.898958568116242862e-01
1.545933269305539703e-02 -1.725787115036009622e-01 -1.071424761396833514e+00
2.764453790625004403e-02 -5.622339088647745342e-01 -3.192167637888275178e-01
-5.332120077936104707e-02 -4.452386035746612181e-01 -2.941268945606648200e-01
-8.829723181190661796e-01 1.825512665996663619e-01 1.131465875600332627e+00
-3.381084778859616558e-01 -2.259469998008252767e-01 4.736531329516102673e-01
-4.246942947979311933e-01 -2.167097580655012456e-01 4.661463868240363628e-01
-5.053193719472003353e-01 -1.928036596208084763e-01 4.797624352692384520e-01
-6.038541306476584714e-01 -1.324685913926801906e-01 5.658594077376440934e-01
-2.618093818239939918e-01 -2.201526607160543270e-01 5.023054589405235859e-01
-4.602880863636168440e-01 -2.940261087369049897e-01 8.245997985604111014e-01
-3.614022710457096554e-01 -2.931424350198873485e-01 8.062029409192552620e-01
-5.477613471009759039e-01 -2.625613398601034931e-01 8.064348612808297512e-01
-6.031952744456587912e-01 -2.222094731023475100e-01 7.609608112849955974e-01
-6.765314224954894762e-01 -7.873783241521957466e-02 4.957118271651954622e-01
-2.980052364859401282e-01 -3.479786899838850645e-02 -1.194020923210682872e+00
-5.968043454750511234e-01 -1.282769927586112635e-01 6.388467047973533930e-01
-9.109411250306492791e-01 2.825707336623225485e-01 6.142482086430781640e-01
-7.689691619369415365e-01 -5.166679368878497602e-03 6.002050679925070575e-01
-3.956081071356251089e-01 -2.368193573797097717e-01 -5.919907504765359318e-02
-1.151292670873741431e-01 -3.485110102715079927e-01 -6.008676511407635701e-01
-9.993090420467080903e-02 -3.014591465649689161e-01 -6.847679315418323531e-01
-1.975515689659123886e-01 -2.906395246524577924e-01 -6.243423448913834051e-01
-2.486380960389401595e-01 -2.255221021163590633e-01 -6.557232691678588354e-01
-1.675538815848310326e-01 -2.624264721705872327e-01 -6.836900143320112644e-01
-2.170525317753674854e-01 -2.009659361280280443e-01 -6.940156040165922358e-01
-3.770022813645212967e-01 -7.389999497124170869e-02 -8.154224763909782014e-01
-4.289055252755890474e-02 -6.043280515838121980e-01 -2.575085740946297386e-01
-5.556197213059735351e-02 -6.452048776972065802e-01 -1.384407287049872481e-01
-7.157098331011596537e-01 -2.101894548497111326e-01 8.890249942702361796e-01
-2.221810385481532701e-01 -2.908991808532668255e-01 2.386414391833616699e-01
-2.382617810001158298e-01 -4.019593064678887440e-01 -1.777022040847874851e-01
-2.449167564554846632e-01 -3.857873319950364532e-01 -1.055359293177438595e-01
-6.440302309845822304e-01 -1.305008647662287968e-01 -1.000563343375891062e-02
-5.015611687642951982e-02 -6.179249687985443051e-01 2.418295523592538937e-02
-5.228798224070992928e-01 -3.670114382813943199e-01 1.002292597036784194e+00
-6.369134569390092482e-01 -2.969658805038927207e-01 9.694208241625852374e-01
-7.986673770867334099e-01 -5.199335631261991705e-03 1.314241936570060609e+00
-1.515242866755428242e-01 -4.304929992713432685e-01 8.577342602292634677e-01
-2.738157880011403145e-01 -2.645017154257324754e-01 7.488192086209194409e-01
-4.354952617461001485e-01 -6.844752492131364607e-02 -6.850200819640174243e-01
-8.061920371727926415e-01 6.451739313934032882e-01 -4.862499653754694950e-01
-1.746261439079823119e-01 -3.611185628792965008e-01 -2.473624726057498946e-01
-1.080773790749705032e-01 -3.616494499705136811e-01 -2.863085391841643235e-01
-3.146952513531653395e-01 -8.270253814150306526e-02 -7.117714581748436631e-01
-2.979016435649145533e-01 -1.042122369717345121e-01 -7.205818459114251562e-01
-6.788932564917434798e-01 -2.674052941523501481e-01 1.055640979800845036e+00
-2.433638686597824896e-01 -3.486060386988734106e-01 -2.227286453695939139e-01
-3.658241716270620447e-01 -4.135392981472094664e-01 9.771973270408975676e-01
-3.787750891647427842e-01 -4.423938424140769210e-01 1.073453766264595988e+00
-4.587411513706071142e-01 -3.558001678025533576e-01 1.525918742160110808e+00
-7.374651045623699108e-01 -1.555883841297280579e-01 1.168765343564159842e+00
-4.087322115463046801e-01 -4.035055317262851715e-01 1.288667489102388597e+00
-7.616408649690303845e-01 -1.466805506527282255e-01 9.600811937739626156e-01
-8.212512786827318445e-01 9.634518042887913608e-03 1.023439587973923981e+00
-1.098208386661781305e-01 -3.337369564931561561e-01 -6.483105933142743194e-01
-1.829798741017044372e-01 -2.797506402151447302e-01 -6.559083225417339236e-01
-2.340398613946153283e-01 -2.197586910970977248e-01 -6.749008615323753846e-01
-1.551402656175788486e-01 -3.396696025344467795e-01 -2.676212422606006891e-01
-3.058437049747840808e-01 -9.379158460494252392e-02 -7.163323875771869798e-01
-2.806850796982581220e-01 -1.404650340827241495e-01 -7.664642259233085397e-01
-2.882671123983021055e-01 -1.068599913441797000e-01 -7.238512546792997826e-01
-1.361364206929672749e-01 -4.843260798168882442e-01 -2.287980028386013553e-01
-2.042331357154493765e-01 -1.842652085609839396e-01 -7.085548844908117205e-01
-1.533110496021440616e-01 -2.260614605321314141e-01 -7.036180997194156905e-01
-8.967547188631008748e-02 -2.616380079226805488e-01 -7.078879098331894992e-01
-9.971467856404753194e-02 -1.658008014230366589e-01 -1.060375297951078100e+00
-1.235433641778615477e-01 -2.498870274475561426e-01 -9.718143673675805339e-01
-1.196176366865178697e-01 -2.643013636581821868e-01 -9.162530473572410017e-01
-1.097901492371554655e-01 -2.505419476197565665e-01 -8.578584899851274814e-01
-9.842891068934749021e-02 -2.460639825482357490e-01 -8.087820329596393520e-01
-2.137643603769902312e-01 -1.815071951578881015e-01 -7.672045897586041718e-01
-2.319557522762669688e-01 -1.899180158464077173e-01 -7.890327010206613645e-01
-2.505578498038465440e-01 -1.984930951268473187e-01 -8.165818934490786107e-01
-2.638287312069934609e-01 -1.800727398067580309e-01 -8.468782230234753738e-01
-3.335325274484579605e-01 -2.114376441340420631e-01 -5.012837417065600931e-01
-9.017392032579670813e-01 6.850421841902276654e-01 1.400081570468359460e-01
3.248386941641575459e-02 -4.474986817157186603e-01 -3.291177195336530414e-01
-2.479948058714251946e-01 -1.389305275866546951e-01 -7.466720906737808194e-01
-2.644209795775446792e-01 -1.439190599097530665e-01 -7.563401668522867771e-01
-8.032071428780497568e-02 -3.620748397492791759e-01 -3.336460187007252998e-01
-2.131657987503182416e-01 -2.788081666657852842e-01 -2.866480225655023695e-01
-9.375649209534653306e-02 -3.633176065226469964e-01 -3.106052143656003461e-01
-3.100524822576098960e-01 -2.522384656550828441e-01 1.777270913199355540e-01
-4.482254857290538519e-01 -2.150409890440528327e-01 1.080458847525627986e-01
-2.587797425790260286e-01 -3.316876261604866372e-01 -1.510886485856225980e-01
-6.647823361360618577e-01 -1.941014499784637914e-01 1.450021460279883101e+00
-6.062204887739587322e-01 -2.895382907870716060e-01 1.263379761693174341e+00
-5.494928983481539575e-01 -3.647504447627503144e-01 1.099861033973897229e+00
-3.076024175566879348e-01 -1.099059851943279542e-01 -9.169348094834308682e-01
-1.753493476329157919e-01 -4.815921353807398608e-01 1.020060839996000723e+00
-2.039313527498475276e-01 -4.666999691997019140e-01 1.272762648667706831e+00
-2.360654349187117640e-01 -4.481925468874889962e-01 1.550450797650589685e+00
-5.701084065205176410e-01 -1.592916226846973482e-01 5.119810699136846388e-01
-7.709907337312954523e-01 -1.906422349828976182e-02 4.135527514812943894e-01
-2.110541192834642366e-01 -2.139544041259254237e-01 5.303515654140606994e-01
-6.804067764189729584e-01 -1.463557339062656615e-01 7.212690005003420390e-01
-1.633470885749785384e-01 -3.314676899436764801e-01 3.101513732580990501e-01
-1.888748693718224902e-01 -4.903927588812487803e-01 -1.481735850849072444e-01
-8.462851951255350169e-01 8.215813797690676989e-02 3.448467727363490609e-01
-7.181359573664920504e-01 -8.420210843337015694e-02 3.112932050801203165e-01
-6.132636861782531090e-01 -1.565896972168355772e-01 2.479818462916265620e-01
-4.506974862604693488e-01 -1.985155722309647208e-01 2.540863135701585951e-01
-3.298823155528505247e-01 -2.252513949635375767e-01 2.996391121458005236e-01
-2.394731565053525024e-01 -2.551599424751291312e-01 3.510214202339432821e-01
-4.993727800122323146e-02 -4.384353873650069233e-01 4.519756009540857322e-01
-8.303273978918470632e-01 9.091779048731474244e-02 8.484936865900674641e-02
-7.482349151935392406e-01 -1.085201805097313205e-01 7.547643539438927407e-01
-1.703754485144597791e-02 -5.572296913404450880e-01 -3.120599251175459887e-01
-2.158700358750294812e-01 -3.099899381439879531e-01 1.069943502698156579e-01
-9.339805350886735136e-01 5.505824199822763054e-01 6.713903605185821410e-01
-1.690412023050843759e-01 -2.763141792911589789e-01 4.096274570301618456e-01
-2.639591174603161949e-01 -2.491116568274985288e-01 -1.441504189354716470e-01
-6.305692773122129058e-01 -1.118884507220980901e-01 6.392986997752270195e-01
-1.934037418175580947e-01 -4.695417975197233029e-01 -6.069926855064046445e-02
-8.644760077052124903e-01 6.867723861354620984e-01 -1.621891812268071997e-01
-2.062731654863792785e-01 -1.999908354795574272e-01 5.706886090338257889e-01
-1.251625678281765852e-01 -5.612818288002696665e-01 -5.877844917658761603e-03
-6.457570993603088949e-01 2.459067472285893508e-01 -8.570860397014076204e-01
-6.375921558166504077e-01 4.112479453348339975e-01 -9.687209328603705316e-01
-8.960491969617190300e-01 3.903599095850128209e-01 1.064633916848035378e-01
-7.428907270483708913e-01 3.289284144716389524e-01 -6.718710923236290711e-01
-8.695237462762971381e-01 1.672091875911335124e-01 8.400261802625919039e-01
-3.117202759499253517e-01 2.858180171755729526e-02 -1.293880460689976974e+00
-2.512463634723299463e-03 -4.411529333550665566e-01 -3.222647821269264412e-01
-2.921816725080025323e-01 -2.659387616810396926e-01 2.671229128270917810e-02
-8.413719898952995990e-01 8.047986059513632939e-02 5.951900644409142682e-01
-4.916214967276717474e-01 -1.939370335680984936e-01 5.399579335084505605e-01
-4.204528831942137002e-01 -2.142106921245107709e-01 5.256990023010192914e-01
-2.941172677250075695e-01 -1.242829394771107765e-01 -7.776440846444678812e-01
-8.100084980349722130e-01 1.502044432514613725e-01 -1.560493174959924345e-01
-1.527584018870646321e-01 6.772179381381066010e-02 -1.448979640438002869e+00
-4.051609685086070001e-01 2.204381149934646622e-01 -1.269000723481475301e+00
-5.133778000080153614e-01 3.055973336220798031e-01 -1.148085148269204936e+00
2.856209547225996639e-02 -4.882276848566556859e-01 1.250575679955240549e+00
2.514371092779638800e-02 4.189581749563102420e-02 -1.475047677764537379e+00
-3.475393047648439593e-01 -2.198894277809944620e-01 5.329703661226625755e-01
-2.760329490492923199e-01 -2.129362367534098355e-01 5.515596880462761975e-01
-2.285940921021011873e-01 -1.992305435196785046e-01 5.621016501310593938e-01
-8.066404022715875088e-01 -2.782158211211178955e-02 8.045264070599189576e-01
-2.921769697938755295e-01 -2.398638191033819478e-01 6.654029326839095981e-01
-3.710510498738379681e-01 -2.560518310598623448e-01 7.071037669788414748e-01
-4.464492487763311868e-01 -2.519924561624797832e-01 7.172783498446527739e-01
-5.174640418882164861e-01 -2.286162365281170783e-01 7.025073947496727200e-01
-5.595690090388971694e-01 -1.979884317098731805e-01 6.758783452766234934e-01
-9.234932841586388497e-01 3.820531305958690393e-01 9.308276926706475773e-01
-5.381750330157669682e-01 -1.701174888745538571e-01 5.663550494272809877e-01
3.002137665883255341e-02 -3.606046535815211618e-01 -4.376045365982954016e-01
-2.495353204801407099e-01 -2.653610407716644470e-01 -4.516177391226671722e-01
-1.740620143653235363e-01 -3.949707197247102619e-01 -2.325223429837755540e-01
-8.970088011159463304e-02 -3.498646990712022675e-01 -4.373184637941981978e-01
3.074098992043734768e-02 -4.331483461256860346e-01 6.445690389989509050e-01
-5.361644353070337266e-01 1.837566337266584582e-01 -1.028673990808737670e+00
-4.299850109190175296e-01 1.124879037739740378e-01 -1.163571143656765727e+00
-1.628242408567027455e-01 -4.681235387620925892e-02 -1.388955868416307027e+00
-7.283037412186988968e-01 5.399973843466804313e-01 -7.594122150116819903e-01
-2.337383454475059907e-01 -2.170998650686127296e-01 6.068655611329236699e-01
-1.069289545971404548e-01 -4.401833683476161219e-01 2.508887189024007203e-01
1.848910008159246679e-02 -6.989265011900835933e-02 -1.412980389041939899e+00
-2.894046702093018841e-01 1.292213135461777462e-01 -1.375406173987500091e+00
-8.659386510120972158e-01 4.125017957384216616e-01 -1.647612206750185548e-01
-1.630793058982992760e-01 -2.176676068200312508e-01 -7.861787238748827455e-01
-1.812685035430143254e-01 -2.255676088731438655e-01 -8.232123881022055389e-01
-1.959186540884844119e-01 -2.357620097710186879e-01 -8.705810668086046977e-01
-2.047719785369627732e-01 -2.196800152688721530e-01 -9.216486379785636673e-01
-2.167530992007707935e-01 -1.479931612432315857e-01 -1.003473791904500700e+00
-2.565561804352290420e-01 -1.499306938243494813e-01 -7.089113668633457710e-01
-2.717037106933404833e-01 -1.523458125122428286e-01 -6.995808711176416672e-01
-2.845520540767134121e-01 -1.546963029956751612e-01 -6.890362319676885949e-01
-3.984369549014389333e-01 -1.434987181120009336e-01 -5.821941913802204382e-01
-7.063863947828490364e-01 -7.523541042434842008e-03 -2.532444099394032810e-01
-1.051548507320492487e-01 -3.796859870327405351e-01 3.904631808439557594e-01
-1.474699319750975568e-01 -2.672829045289935035e-01 6.517254234419069814e-01
-1.997008149323815651e-01 -2.364594112435733364e-01 6.444497773070483326e-01
-2.411614120248142257e-01 -1.410578454285685568e-01 -7.175370937799356863e-01
-7.119204376485550601e-01 1.524316405583892031e-01 -5.253871825865079614e-01
-7.848717766896705361e-02 -3.747110313959088335e-01 6.412145794779420260e-01
-2.610854928844245637e-01 -8.636424099740638849e-02 -1.093008271718383995e+00
2.837315599513625525e-02 -5.866673574554398529e-01 1.805262107645969616e-01
-4.828659557862202689e-02 -5.047529429283386104e-01 3.028377647650705717e-01
2.959070753316633828e-02 -5.278954158436447441e-01 3.208617401279544867e-01
-1.670206028018368927e-01 -4.124381487051612116e-01 5.897099940693619619e-02
1.612900996162072026e-02 -1.308249126190902389e-01 -1.310942744589650877e+00
1.604240693281661773e-02 -1.500104292286238983e-01 -1.181706640397481634e+00
-1.259206305159263628e-01 -1.297449137302319477e-01 -1.166619548546099505e+00
-4.524811916162418957e-01 -1.706991895995429304e-02 -8.430447730275368867e-01
-3.388601978099634593e-01 -2.160555450496016716e-01 -2.299027562460080332e-01
-3.677922354332345267e-01 -4.600303652442829655e-02 -9.863095356382496348e-01
-5.299492915139429883e-01 -1.832057574130249167e-01 -1.871011921242575760e-01
-4.190487980386115030e-01 -1.852526087761460771e-01 -3.394881523059340434e-01
-6.006622378439701038e-01 -9.112068184574886875e-02 -3.661709819119238207e-01
-1.530442171037092458e-01 -1.052180722917454292e-01 -1.289544187556487920e+00
-2.170408331085793285e-01 -3.431987194682703524e-01 1.166392159557438912e-03
-5.164658639047761124e-01 7.354043312483266037e-02 -9.155630811696715554e-01
-4.100788864614295370e-01 3.185023886694744039e-02 -1.063051333403789656e+00
-5.164187762961051087e-01 -2.695665507133747710e-02 -6.836850337896394070e-01
-7.854816810108626868e-01 2.066386477290196866e-01 -3.599378418980171968e-01
-6.158530933129915397e-01 5.944985336121227232e-02 -6.813398502159982995e-01
-8.218738624736589005e-01 4.086762237858418412e-01 -4.217581343979102115e-01
-4.870569314864277022e-01 -1.256541878810737978e-01 -4.809765434742518941e-01
-1.598408481037778550e-01 -3.715450531266082379e-01 1.812478491923262824e-01
-1.623972196920209221e-01 -5.026111581319920862e-01 -2.090225356346948060e-01
-2.116253105444798610e-01 -4.052085494941743971e-01 -2.216804777186427433e-01
-1.271739801726020636e-01 -5.714588990246767253e-01 -1.388683623428355052e-01
-2.169352899168422999e-01 -3.070422293067436303e-01 7.707873903368157587e-01
-3.591052035427494404e-01 -3.279265660486980760e-01 8.635090571439254514e-01
-4.816157084794019383e-01 -3.214895623852508932e-01 8.853511492251202597e-01
-5.811491887302470127e-01 -2.836216017642952947e-01 8.635956515776483933e-01
-6.481899701353593946e-01 -2.259866057814056695e-01 8.103571151094884906e-01
-6.897999022141364511e-01 -7.241528130487244475e-02 6.201893035318151171e-01
-9.161261749171729640e-01 3.388963114796309517e-01 3.646433819551863076e-01
-6.333074078093319237e-01 -1.157986603728951847e-01 4.342683286808610155e-01
-5.509889567208189343e-01 -1.618278341144886723e-01 3.860495008619032054e-01
-4.394472447666685211e-01 -1.974792289675615375e-01 3.772735919844849573e-01
-3.313324182887298353e-01 -2.190884186506992237e-01 3.999932931357786936e-01
-2.455254503734626836e-01 -2.261655867156918132e-01 4.366171676057244433e-01
-1.860028801848260527e-01 -2.370691369806847137e-01 4.703622977207241318e-01
-9.214906025914956222e-01 6.436602841399224895e-01 4.138476930120293384e-01
-2.111290602884611789e-01 -3.597675727626857833e-01 -2.470495375324852083e-01
-1.078578100865937445e-01 -4.904111331988927347e-01 1.264963590020936057e-01
-1.048994457325299473e-01 -5.659988698604061508e-01 -2.309128729342044828e-01
-6.222975603309276182e-02 -5.236493068910026416e-01 -2.852584306314245310e-01
-1.051405044775604591e-01 -5.229917918538051769e-01 -2.436592026490586593e-01
-1.884622776586154791e-01 -3.264655384776544156e-01 -2.792880238428383510e-01
-4.490213353472733565e-02 -5.447816541871530749e-01 -3.010449749905641514e-01
-3.233795645741915914e-02 -4.420444772798264865e-01 -3.129822616889576525e-01
-1.786047766840081763e-01 -2.101641355955926049e-01 5.651072446067428867e-01
-1.389933308000272372e-01 -2.552939202210603997e-01 5.299002196835236322e-01
-1.161465322409037798e-01 -3.098144892059659927e-01 4.971070676550027878e-01
-5.813923011922064177e-01 -1.670274683676088445e-01 6.557947322954825742e-01
-6.347885444899145080e-01 -1.682156874703719107e-01 7.088946069629519231e-01
1.001506073059707236e-01 -5.558383875915426930e-01 1.636967008122044709e-01
6.083881026610339360e-01 -1.630097035610464651e-01 5.512947410246245017e-01
1.141760350157542958e-01 -4.502723889053668604e-01 -3.016014299080724825e-01
8.950908750989381435e-01 1.568090460071649428e-01 1.037338826665862523e+00
3.712528101997605301e-01 -2.294032764147607151e-01 4.472739660411118034e-01
4.533310855423090535e-01 -2.232626826400459508e-01 4.349101245077393596e-01
5.314208243395150966e-01 -2.024546608286086347e-01 4.390784223696502231e-01
6.348752172971164898e-01 -1.450907157949816173e-01 5.133163850064906830e-01
3.033608772230068640e-01 -2.230366348791382181e-01 4.783484448421454482e-01
4.972183218191074117e-01 -3.046199942058369636e-01 7.956389279134694625e-01
4.003054240548812315e-01 -3.016137494754502768e-01 7.802203019681219764e-01
5.846412615310396799e-01 -2.776033976129371750e-01 7.725302120494175195e-01
6.386081008094941502e-01 -2.402313451416134282e-01 7.192330947307923328e-01
6.957442916121082677e-01 -9.492790800996668554e-02 4.304493087845384647e-01
3.251131412357918249e-01 -4.837949844170205682e-02 -1.208257622435869205e+00
6.378820969931237039e-01 -1.420003182771994166e-01 5.922944363333992879e-01
9.399459577228252982e-01 2.587476569725137288e-01 5.235276063960909720e-01
7.825497272580776986e-01 -2.529254980400844760e-02 5.250808478033639481e-01
4.366955418794107313e-01 -2.478251767949588569e-01 -9.746004755615279846e-02
7.701302468564646952e-02 -3.496143684179841005e-01 -6.101960504562844445e-01
6.996176876768428476e-02 -2.995864471392692963e-01 -6.948280062966880610e-01
1.704199960065982955e-01 -2.873839515982068993e-01 -6.429162541400630371e-01
2.329319667348073997e-01 -2.177247741980501972e-01 -6.766910422774501388e-01
1.450867266954578849e-01 -2.563750616985449593e-01 -6.992171011238942357e-01
2.051269593349353826e-01 -1.936172854297404100e-01 -7.102495439409852729e-01
3.813801941406853580e-01 -8.163235506489871507e-02 -8.477556504698893214e-01
9.835468641901171094e-02 -6.085446006021903997e-01 -2.640879144386369948e-01
1.090588277151455648e-01 -6.498762800820748753e-01 -1.462192402756266607e-01
7.378052873935674327e-01 -2.297010356054367541e-01 8.307205044653855897e-01
2.717166115023526007e-01 -2.934766650483924266e-01 2.159722454972587413e-01
2.898252952475499633e-01 -4.109570430178515199e-01 -1.990035274762168016e-01
2.947256225812940889e-01 -3.947323704888640594e-01 -1.276057625807997808e-01
6.742654683079351008e-01 -1.453403366545514275e-01 -7.123621339426985943e-02
1.048486881682390431e-01 -6.188111426926927727e-01 1.765695149008929613e-02
5.636392974078825446e-01 -3.857306216280531053e-01 9.581634388585649198e-01
6.690851806635653709e-01 -3.170870679406758708e-01 9.201797036435301891e-01
8.161378211699226171e-01 -3.039105772006669981e-02 1.225960602709877723e+00
2.104822136861255188e-01 -4.351761088348400919e-01 8.338390752561735120e-01
3.181691684141083054e-01 -2.686955839786129840e-01 7.226958226728166235e-01
4.455161326486919426e-01 -7.447955891466609413e-02 -7.254923143443783307e-01
8.602222142718947140e-01 6.195716727646793931e-01 -5.529715178148617571e-01
2.307041029603988103e-01 -3.704813875150709812e-01 -2.634510882775570328e-01
1.685484856313151369e-01 -3.730289186286251946e-01 -2.982289455919091004e-01
3.155615820083842449e-01 -7.328979125077347834e-02 -7.472716153738854228e-01
2.944689415024799861e-01 -9.796355569818382403e-02 -7.526446132503386011e-01
7.077227593019513874e-01 -2.883123309152384461e-01 9.953423592655892271e-01
2.928295557103725022e-01 -3.590485821594716631e-01 -2.440904516530160162e-01
4.171845564039543541e-01 -4.296109923390795116e-01 9.395666616756576106e-01
4.302551649611044970e-01 -4.593392096144413017e-01 1.028807332677359687e+00
4.960911784719688189e-01 -3.727382725836329569e-01 1.469225043024301680e+00
7.627868191726770997e-01 -1.766487055619467839e-01 1.094835122346017986e+00
4.528098581385586741e-01 -4.177826940184911075e-01 1.242117841978719106e+00
7.820850117945542523e-01 -1.663760411800875305e-01 8.856308398015115824e-01
8.443129125374745358e-01 -1.163804772826145841e-02 9.421345254753779042e-01
7.421536140707019058e-02 -3.333410633722092564e-01 -6.581623842558942394e-01
1.576264295874484911e-01 -2.751146473435542861e-01 -6.735248880094745205e-01
2.191255378587088076e-01 -2.125580820959812323e-01 -6.936683918210114763e-01
2.128062639796757249e-01 -3.502360848660175940e-01 -2.821212216655560878e-01
3.046060819212118576e-01 -8.680748342491202696e-02 -7.503514139617770695e-01
2.638901233029986027e-01 -1.360564557910695638e-01 -7.989027535071930863e-01
2.840648742605048072e-01 -1.002321164730128750e-01 -7.535357110423770433e-01
1.895633308458792576e-01 -4.872833716622828604e-01 -2.429019597642676498e-01
1.941966201927046720e-01 -1.768198863323964809e-01 -7.219633393878536198e-01
1.361199578680451772e-01 -2.185695434191931019e-01 -7.154154529648131255e-01
6.650333576673855829e-02 -2.569639048397486247e-01 -7.167132668804283568e-01
1.243300290213149584e-01 -1.691410126206758513e-01 -1.068825651338026539e+00
7.731859032348051275e-02 -2.484735587037419924e-01 -9.823012335255743022e-01
7.221004550672274758e-02 -2.610785761966379348e-01 -9.269855953510847124e-01
6.760857322981207729e-02 -2.464021086205566702e-01 -8.695192786438400434e-01
5.967142519707913095e-02 -2.410739821060974286e-01 -8.203818796533607349e-01
1.886830143648317581e-01 -1.752595584509066551e-01 -7.942366736263104521e-01
2.044494243134435119e-01 -1.863488188985022442e-01 -8.174207161049678039e-01
2.199711396322420187e-01 -1.961395668907266188e-01 -8.461678347024383928e-01
2.354809773956652863e-01 -1.782016515102599896e-01 -8.761262749678075945e-01
3.646591759419013368e-01 -2.192672951454874009e-01 -5.324238909323485425e-01
9.487423745760982241e-01 6.575804766973382121e-01 5.166536670150184696e-02
2.331048628369768172e-01 -1.305395121201407549e-01 -7.756048087992287732e-01
2.478452500518437129e-01 -1.382867296991960870e-01 -7.875889204376614883e-01
1.423047568015302078e-01 -3.684549923481799660e-01 -3.429347020016320080e-01
2.677700724447794611e-01 -2.921523485939855336e-01 -3.057946211484237065e-01
1.551110240697958775e-01 -3.727170842892049141e-01 -3.216884944574927574e-01
3.556555146971269732e-01 -2.564449144643200507e-01 1.469623563321885151e-01
4.880477514739387512e-01 -2.244815388339994611e-01 6.381023114238018601e-02
3.089138896866261419e-01 -3.416097973736032523e-01 -1.744058482488390904e-01
6.910699128258936952e-01 -2.182027606661174346e-01 1.372544225194378242e+00
6.395961866857372558e-01 -3.096915439876913867e-01 1.199118701033325518e+00
5.902292764744905273e-01 -3.842839318323841291e-01 1.047451351968688549e+00
3.169084941043184833e-01 -1.148279004989295748e-01 -9.373155253143414800e-01
2.372835569336665396e-01 -4.890095259622813106e-01 9.835449196079042444e-01
2.544719572252877593e-01 -4.750510767262287604e-01 1.247145023537839181e+00
2.822273958456980036e-01 -4.597436430293659337e-01 1.518683150172796648e+00
5.973012060731137662e-01 -1.712911434533960775e-01 4.633665933509475976e-01
7.801727334576336048e-01 -4.041394642784523067e-02 3.400384955749057858e-01
2.588316907038553660e-01 -2.134711159180015527e-01 5.083177303306692929e-01
7.084513029808039430e-01 -1.642416282244592574e-01 6.678757183663247554e-01
2.158953352864723674e-01 -3.324125187870211606e-01 2.930510242187220893e-01
2.405376763681665864e-01 -4.977843142991049685e-01 -1.672683187645451208e-01
8.768879981724706507e-01 5.988159549970062390e-02 2.620483670094199691e-01
7.268447489641322035e-01 -1.021807312935261169e-01 2.455192280435086749e-01
6.245894885808966901e-01 -1.712445131656386010e-01 1.936940318919955217e-01
4.710928994746177434e-01 -2.070886796125684381e-01 2.162541987977001368e-01
3.579800444631749956e-01 -2.303538199486901417e-01 2.729851833334777100e-01
2.739456583132138245e-01 -2.587722618903091631e-01 3.306122580185045234e-01
1.093836721580722232e-01 -4.389803466088245121e-01 4.443371861108547094e-01
8.640694709666698614e-01 7.111570903330363680e-02 5.991843260870651638e-03
7.657622680704682105e-01 -1.276215734745962949e-01 6.866857608099871113e-01
7.082434910552196095e-02 -5.582135372092476011e-01 -3.156079211747627178e-01
2.670640001313167033e-01 -3.130208671628726402e-01 8.569304739571963203e-02
9.641579905405583961e-01 5.261614355198409587e-01 5.755756903551683124e-01
2.118169907911765515e-01 -2.777122942168576136e-01 3.945440261031480378e-01
3.187272833518761672e-01 -2.591882437424571362e-01 -1.683292272603924555e-01
6.673407713625716386e-01 -1.260095623592709657e-01 5.877625229506489024e-01
2.431980434194466190e-01 -4.770183192746763057e-01 -7.952441178522474952e-02
9.177016833631064241e-01 6.581158320861453248e-01 -2.404443364219490675e-01
2.588573671261354958e-01 -1.974268046185167491e-01 5.494677719085589995e-01
1.755025529315436539e-01 -5.653168765773157745e-01 -1.904572030735631957e-02
6.807793167663983569e-01 2.217468212770907776e-01 -8.998860017768994801e-01
6.815711446256149664e-01 3.854755638753575298e-01 -1.006704655651018410e+00
9.435232746581737606e-01 3.663503679699202098e-01 2.197384659539409341e-02
7.824159876242541278e-01 3.040886073521581467e-01 -7.281698428434701942e-01
8.962226219468255595e-01 1.449939550547653111e-01 7.527799362749661993e-01
3.447296612647130498e-01 1.421779398841018817e-02 -1.305450804012465715e+00
6.813141709628348086e-02 -4.434657479097320887e-01 -3.255176311162661373e-01
3.390854518638455328e-01 -2.730520037303484915e-01 -1.896328752599131529e-03
8.463382147548490497e-01 5.967394996110547689e-02 5.051326044138653160e-01
5.282718710859148903e-01 -2.037976131160239568e-01 5.028787058880129779e-01
4.577256826019787672e-01 -2.210787580735934510e-01 4.946705673204371267e-01
2.800483607849259537e-01 -1.196367334103663471e-01 -8.112160069951344088e-01
8.466129961271322557e-01 1.298317854511750191e-01 -2.286756851843389504e-01
1.992788802775411483e-01 6.017810088312147698e-02 -1.452219076292528221e+00
4.501947522304168281e-01 2.025922499415066524e-01 -1.282541817019756225e+00
5.584074188068449685e-01 2.842522813668840742e-01 -1.170644762430218311e+00
3.877743775337741949e-01 -2.245293993676467093e-01 5.053317365808112083e-01
3.221853458066193943e-01 -2.138173706079453673e-01 5.265741465559545809e-01
2.799508853547023612e-01 -1.973577521072844010e-01 5.385443465163811672e-01
8.179474731884255334e-01 -4.682907560894703641e-02 7.181094109737503617e-01
3.349180534402707576e-01 -2.413705925208933234e-01 6.344517333198247400e-01
4.068627933887696280e-01 -2.619270092051966814e-01 6.726772773415716777e-01
4.812138546123106986e-01 -2.612323171309884895e-01 6.811479313684322134e-01
5.531129960921854494e-01 -2.410999781104948281e-01 6.630702531110890252e-01
5.958580879590602564e-01 -2.116815446872478135e-01 6.328101625303701461e-01
9.440323583444315547e-01 3.563090530620547369e-01 8.348452741929964782e-01
5.760872428034030657e-01 -1.816355271188120901e-01 5.246548124334200480e-01
2.935807429657379952e-01 -2.723783240465373900e-01 -4.750077986710690148e-01
2.296542465762741458e-01 -4.041336062660844664e-01 -2.493077837791826123e-01
1.451178826651231546e-01 -3.517186950605998286e-01 -4.471239710617860852e-01
5.703447021654273197e-01 1.610264239955818966e-01 -1.058836737225279379e+00
4.623004436397171735e-01 9.227628550480258818e-02 -1.182795594600098532e+00
1.967148097311491872e-01 -5.512779454488614395e-02 -1.395145071672384551e+00
7.787062803570257152e-01 5.146418892322339733e-01 -8.121065831865996731e-01
2.827974759168777608e-01 -2.146735820618752011e-01 5.824699298915074763e-01
1.623823773706410956e-01 -4.421243391935143485e-01 2.385469400917595295e-01
3.340926378189364998e-01 1.162838811741447459e-01 -1.381709953926690382e+00
9.140505516743716585e-01 3.880500633989394932e-01 -2.424077691766734488e-01
1.303341804887040711e-01 -2.112723124108827344e-01 -8.073323212807625993e-01
1.451735201181486856e-01 -2.208459711794152347e-01 -8.452646456469066205e-01
1.563715161770793949e-01 -2.315787212704339126e-01 -8.920313755859294869e-01
1.672368144212149910e-01 -2.162110961373793216e-01 -9.407614408249974636e-01
2.321317548320261936e-01 -1.495013510503943599e-01 -1.017117405860614054e+00
2.516235333317917711e-01 -1.421293264046148974e-01 -7.283510459281552496e-01
2.663832711415984877e-01 -1.425667953980813696e-01 -7.211705859065777879e-01
2.794874221777560175e-01 -1.444054235388933793e-01 -7.116310362288982283e-01
4.181993046145007220e-01 -1.480757051970559290e-01 -6.170852868335052754e-01
7.346150934430680790e-01 -2.675853902822915645e-02 -3.159488828708237884e-01
1.619875081253756566e-01 -3.805960118230100608e-01 3.773835403628605922e-01
2.032711670885798683e-01 -2.697711363690837305e-01 6.319976361268010434e-01
2.493042299945991136e-01 -2.347390512654570771e-01 6.224064196504596191e-01
2.372879771534018856e-01 -1.310922946591737415e-01 -7.354421853758135175e-01
7.443920118925836382e-01 1.299020167421020555e-01 -5.835465359280724851e-01
1.314284978635807677e-01 -3.750593894094706449e-01 6.285521905950343102e-01
2.813755171635090591e-01 -9.572109682605818570e-02 -1.106581156740923166e+00
1.054935652052493011e-01 -5.067472112010098506e-01 2.958536985341878034e-01
2.189633701088066209e-01 -4.178720257442290476e-01 4.125740513988342129e-02
1.532370575480100916e-01 -1.369117416629189177e-01 -1.174165759536584641e+00
4.642516523755308988e-01 -3.129577235049339767e-02 -8.804583571321915603e-01
3.837164709943891028e-01 -2.285134117829429323e-01 -2.611816389374001512e-01
3.825522527436960862e-01 -5.916936597872502618e-02 -1.009347241774604331e+00
5.602728704994897058e-01 -1.996322721230175401e-01 -2.362008194536772410e-01
4.521446879391419205e-01 -1.983726859527053521e-01 -3.784202069248531752e-01
6.254522504326631704e-01 -1.095347729722942753e-01 -4.199181406564600483e-01
1.825197777573712432e-01 -1.126852069189955702e-01 -1.297824461441686061e+00
2.675885809472504651e-01 -3.500749209143660390e-01 -1.949587910074738681e-02
5.407156907450544336e-01 5.358996521720193335e-02 -9.477808005553014503e-01
4.355880883903651690e-01 1.353145263469537549e-02 -1.084699855015455627e+00
5.309085909318825847e-01 -3.885469834658943772e-02 -7.313321229405052026e-01
8.224800843437054532e-01 1.839544455274152723e-01 -4.264198548732025529e-01
6.372726621394009250e-01 3.862009337921957358e-02 -7.298260373056904005e-01
8.687232927409198613e-01 3.861092281494899470e-01 -4.908746581018776922e-01
5.068809623982730717e-01 -1.380782550530390007e-01 -5.277255048830241657e-01
2.132277653439344500e-01 -3.731454046024448301e-01 1.641517173424379417e-01
2.137347457065742473e-01 -5.080937914686955992e-01 -2.252564352082129240e-01
2.636341341186601017e-01 -4.155564026417771228e-01 -2.411791497054527889e-01
1.805053081569490681e-01 -5.776748949668291111e-01 -1.529292473243377692e-01
2.703472486136584418e-01 -3.115311187610616539e-01 7.499269466030306086e-01
4.065519777175214955e-01 -3.400449642871649081e-01 8.378699700692369134e-01
5.250351338352767794e-01 -3.373548927504495532e-01 8.530250231754336054e-01
6.193351480710329593e-01 -3.014402451196411814e-01 8.247584632534087357e-01
6.806211566866035012e-01 -2.447774211871301953e-01 7.646356380644691031e-01
7.148451686674065497e-01 -8.936145006605095142e-02 5.574558658024794111e-01
9.533866718660402029e-01 3.172096956761402131e-01 2.752353330165317469e-01
6.538558477380274070e-01 -1.299834946953413173e-01 3.744045070132690500e-01
5.716893915449281494e-01 -1.740242735962534426e-01 3.343516308348372101e-01
4.643332935905913894e-01 -2.056320287937274394e-01 3.385127487174198757e-01
3.622650305826011774e-01 -2.235769906222069836e-01 3.716762403771524115e-01
2.843989782679015033e-01 -2.299804601638200663e-01 4.141972019514043035e-01
2.307476970601735067e-01 -2.387490575858436381e-01 4.519765596163157761e-01
9.595314722879910718e-01 6.202144167140581921e-01 3.205019527332231832e-01
2.627280873277652029e-01 -3.706934795062989951e-01 -2.656459817778271115e-01
1.635243035111325904e-01 -4.919839033555877261e-01 1.143229961356909408e-01
1.573716949963169243e-01 -5.716555414156039294e-01 -2.425320051752664074e-01
1.144359249378653076e-01 -5.292929146971276921e-01 -2.929994067673808988e-01
1.572897943526067044e-01 -5.282086233182415880e-01 -2.555522836051990487e-01
2.420036239262804978e-01 -3.384577307480270414e-01 -2.956765670043846606e-01
9.755453052376905632e-02 -5.491703310927266157e-01 -3.071506012952777143e-01
9.493390090736179843e-02 -4.466062142596792794e-01 -3.182345641381587042e-01
2.305213715018067933e-01 -2.096707276230915795e-01 5.448451285837961899e-01
1.888193892507289140e-01 -2.561290190681076995e-01 5.126476523984414557e-01
1.635121597936400051e-01 -3.116118784509224748e-01 4.837911950326788668e-01
6.194500768483484077e-01 -1.812571272943290790e-01 6.102718383438274774e-01
6.694098068370599730e-01 -1.863147475178831836e-01 6.613876725222144204e-01
-4.296916329728864836e-01 -2.041347004898214079e-01 6.353061340338448382e-01
-3.447393444904260917e-01 -2.120511343637460078e-01 6.326014781844905288e-01
-4.286390980861598532e-01 -2.151156371898160780e-01 7.308334905963852490e-01
-5.157911455902346454e-01 -1.961490553632593281e-01 6.371302016493444187e-01
-4.315088252081331621e-01 -1.931570973593345064e-01 5.390548722379095992e-01
4.653863840722359813e-01 -2.125690678833399017e-01 5.972700993576036677e-01
5.485505299965888204e-01 -2.201045223849480981e-01 5.930830033551541813e-01
4.641866959029521400e-01 -2.237371210146337219e-01 6.992195551998158232e-01
3.815614770490218799e-01 -2.050667506500529758e-01 6.020883210906251559e-01
4.668997452580603280e-01 -2.014226035831440109e-01 4.952796547941500371e-01
