-1.406665507092885736e-02 -2.699488417206268309e-01 -4.562214968381237412e-01
2.138820902399629631e-02 -4.519642480946224339e-01 -1.962193332176287441e-01
2.407664601007608596e-02 -2.837208390626195786e-01 -2.550670140165487432e-01
-3.185609355647223140e-02 -4.099347564186430759e-01 1.252116657624284812e-01
2.119527689959621597e-02 -4.844699301970507577e-01 -1.061637991472902387e-01
2.020388401357520181e-02 -4.756627247432021477e-01 2.185948700223655505e-02
2.233414408524225792e-02 -3.496582619428281191e-01 3.478410380365093424e-01
-4.193430805177058573e-01 -1.105964295594894509e-01 4.383613885409700650e-01
2.277796509596363705e-02 -3.346582507390110095e-01 5.955870787464050409e-01
2.184043515417011250e-02 -3.611433797579195470e-01 7.151028112606638842e-01
2.050986947222366297e-02 -3.500415602451809605e-01 1.135459053174457722e+00
-1.295303162879846148e-02 -2.596387132789443886e-01 -4.812933338470353206e-01
-1.117733523338924895e-02 -2.381080893209717164e-01 -5.052878562365292758e-01
-8.546430672729629641e-03 -2.056037286616694271e-01 -5.217983576131577372e-01
-1.517455584230602283e-02 -1.868502086330894318e-01 -6.237498001349655041e-01
-1.604174860216350806e-02 -1.900196670089140394e-01 -6.618603019546460686e-01
-1.780054549410978182e-02 -1.989865680140554538e-01 -7.028067043680685799e-01
-1.757094489395194525e-02 -1.881599421912476533e-01 -7.404680243286865249e-01
1.162776942589360818e-02 -1.274942857045668898e-01 -7.960550670731612044e-01
2.036946249091187155e-02 -4.141283815475449437e-01 -2.350073010895925574e-01
-3.926625960721952247e-02 -3.276921096214517881e-01 -2.163333531558329081e-01
-6.506048889452955564e-01 1.345101585810795086e-01 8.337036340034842397e-01
-2.491301529985179286e-01 -1.664856527168225853e-01 3.421086391871015486e-01
-3.129296115322262040e-01 -1.596793299023389068e-01 3.361784254189661425e-01
-3.723369885116625255e-01 -1.420644803713173587e-01 3.469641773993070721e-01
-4.449408453099437111e-01 -9.760749167693916206e-02 4.145509312234474386e-01
-1.929103102000837566e-01 -1.622161810024778106e-01 3.644408990048169095e-01
-3.391563621715505406e-01 -2.166487214789398763e-01 6.151842221347019191e-01
-2.662938345781356020e-01 -2.159975997747523024e-01 6.014945397100230906e-01
-4.036097203571671344e-01 -1.934643791833750015e-01 6.012677312715384303e-01
-4.444553770145773797e-01 -1.637317123126962315e-01 5.667469475729571826e-01
-4.984920160785009102e-01 -5.801678939155963111e-02 3.628122032018530341e-01
-2.189933755784818636e-01 -2.560081038590220071e-02 -8.808830068283910464e-01
-4.397463170045909919e-01 -9.451897484299720542e-02 4.723936813902347431e-01
-6.712132841817464168e-01 2.082080004333448642e-01 4.525995669249991415e-01
-5.666033758227939643e-01 -3.806989959575089733e-03 4.421635108346668730e-01
-2.914978910744565610e-01 -1.744967860785706648e-01 -4.361994918378542252e-02
-8.402726237087465577e-02 -2.589205689387727993e-01 -4.374578907858208687e-01
-7.258612702197919653e-02 -2.255603896067288616e-01 -4.976457389463777581e-01
-1.450866319050694297e-01 -2.150131597712481302e-01 -4.547622890698606035e-01
-1.838711633199561213e-01 -1.660176533987438585e-01 -4.785569316591313793e-01
-1.227769601876842476e-01 -1.952010268323458586e-01 -4.979420437228307961e-01
-1.603330874400816786e-01 -1.483127961115093818e-01 -5.075376026261815277e-01
-2.783888207198392806e-01 -5.392628115539122025e-02 -6.040810433007788305e-01
-3.160325917254297456e-02 -4.452740625719826539e-01 -1.897297724689348541e-01
-4.094000453447321775e-02 -4.754095221188450182e-01 -1.020079709994651251e-01
-5.273600394107091915e-01 -1.548749424231985472e-01 6.555536100467183047e-01
-1.637107607385708263e-01 -2.143446916393543233e-01 1.758393610648565364e-01
-1.755596142557500627e-01 -2.961703264002690794e-01 -1.309365063296670240e-01
-1.804632329516309142e-01 -2.842616004359115323e-01 -7.776256419881377724e-02
-4.745440013337258733e-01 -9.615760221561331367e-02 -7.372500522517311250e-03
-3.695678112257588799e-02 -4.553087310348615802e-01 1.781884678136186340e-02
-3.852761426469015760e-01 -2.704268651970593851e-01 7.385242440838055700e-01
-4.693001132836087663e-01 -2.188148481453566774e-01 7.143045824001186261e-01
-5.884860595410827955e-01 -3.831052400653636725e-03 9.683794316990850248e-01
-1.116483944990029897e-01 -3.172022998176160513e-01 6.320086051053124265e-01
-2.017570502362318052e-01 -1.948941157713548478e-01 5.576457418342437578e-01
-3.231585339839040394e-01 -4.895169819272510159e-02 -5.030564775646011455e-01
-5.940304922930295106e-01 4.753867211796074521e-01 -3.582859827323616742e-01
-1.286554221846321067e-01 -2.658424994288965948e-01 -1.821589145042907809e-01
-7.952650333860900034e-02 -2.660473990841922820e-01 -2.106987612956270350e-01
-2.340800644177387646e-01 -5.940465724217391941e-02 -5.254850114857312349e-01
-2.212861303721067596e-01 -7.546529917127170473e-02 -5.335102506631788088e-01
-5.002322979801050451e-01 -1.970335741396525009e-01 7.778331985452098252e-01
-1.793190109062337001e-01 -2.567867112530377582e-01 -1.640936125620231500e-01
-2.695520455974644847e-01 -3.047102198160871467e-01 7.200331713585512716e-01
-2.790947346415464381e-01 -3.259712573175832517e-01 7.909582854341090652e-01
-3.380165263593966074e-01 -2.621660089559938456e-01 1.124350303413194752e+00
-5.433900843878234355e-01 -1.146429636588557344e-01 8.611871866747833337e-01
-3.011681902643630337e-01 -2.973169897520975269e-01 9.495352814920465789e-01
-5.612036302847656088e-01 -1.080793603712777440e-01 7.074214056725907085e-01
-6.051266681856617424e-01 7.099050497671982596e-03 7.541060894538214043e-01
-7.999701947623771847e-02 -2.487355728319775583e-01 -4.713140667878095158e-01
-1.342476164522365956e-01 -2.074892239208021572e-01 -4.775307336264393854e-01
-1.729401906597356486e-01 -1.620231163535073016e-01 -4.929011975210060292e-01
-1.142420593653774574e-01 -2.499615027736878936e-01 -1.970653466587637404e-01
-2.273590351083185634e-01 -6.767569981064652795e-02 -5.295898911677427989e-01
-2.074462265418965945e-01 -1.029049894117772812e-01 -5.723784026414930892e-01
-2.139672400387331308e-01 -7.754233297569396166e-02 -5.365743399684310688e-01
-1.003100766001754351e-01 -3.567384885637983061e-01 -1.684994605105825105e-01
-1.507769757335357674e-01 -1.360180363198939535e-01 -5.187244880631518562e-01
-1.123238150288559112e-01 -1.684514096654503579e-01 -5.131526893490310215e-01
-6.500054175408265245e-02 -1.963388213985008957e-01 -5.148407046504104301e-01
-7.292386229211694770e-02 -1.224034115860548333e-01 -7.875937703021742564e-01
-9.046091274222867185e-02 -1.844438922263296199e-01 -7.271669429655256423e-01
-8.758770942018578864e-02 -1.950980108826620985e-01 -6.883048338511201791e-01
-8.035232816903703501e-02 -1.849757209663989155e-01 -6.462708247639872283e-01
-7.204963913740736192e-02 -1.816642877868650530e-01 -6.104250061260989568e-01
-1.573452691675292225e-01 -1.336101274645860038e-01 -5.768766687696729178e-01
-1.705655889550365956e-01 -1.398540034207709226e-01 -5.929126170641234594e-01
-1.840423379964553074e-01 -1.462378655076044254e-01 -6.127625157106821874e-01
-1.936081065567984982e-01 -1.326986736852018289e-01 -6.345226710096740774e-01
-2.461329681882771236e-01 -1.553374258835100719e-01 -3.669771703989819223e-01
-6.644329863511728718e-01 5.047630429879745861e-01 1.031629063379396749e-01
2.399111670414597053e-02 -3.293521431968655655e-01 -2.419705062731947187e-01
-1.833551277969354132e-01 -1.018027218810009238e-01 -5.583839544688977696e-01
-1.954463419770595678e-01 -1.054670087980730253e-01 -5.653549212596669094e-01
-5.896294666178447663e-02 -2.663556570307896720e-01 -2.453333762360705439e-01
-1.569374567400110276e-01 -2.052251888949807590e-01 -2.111675448990610882e-01
-6.891976781878828007e-02 -2.672582375827490253e-01 -2.284871948235356331e-01
-2.284575140658304804e-01 -1.858581243915367054e-01 1.309555368031334321e-01
-3.302682160935859201e-01 -1.584497225164724910e-01 7.961198646747447150e-02
-1.906779660324708914e-01 -2.443990448560953155e-01 -1.113274007714640801e-01
-4.898348782846824179e-01 -1.430207377014625081e-01 1.068426531358682041e+00
-4.466844607488127394e-01 -2.133419402368303963e-01 9.309024021725145204e-01
-4.048855878829726862e-01 -2.687608860865964289e-01 8.104160839661824767e-01
-2.255714233819126058e-01 -8.097797293018360598e-02 -6.825024635601755207e-01
-1.292035327748060070e-01 -3.548539306688240913e-01 7.516165070007900795e-01
-1.502637538976472342e-01 -3.438808617225532771e-01 9.378160414936838052e-01
-1.739412696383091372e-01 -3.302439456029730991e-01 1.142426379990524765e+00
-4.200758154017734114e-01 -1.173716393595007901e-01 3.723475372015832008e-01
-5.680929406322121622e-01 -1.404718601956544966e-02 3.047201327032169615e-01
-1.555120574225625774e-01 -1.576490887417989484e-01 3.863476666701508577e-01
-5.013475124029866947e-01 -1.078400236859512473e-01 5.352627772852898147e-01
-1.203598484811507774e-01 -2.442369881585335634e-01 2.285147992228457881e-01
-1.391696102930843892e-01 -3.613385378956905924e-01 -1.091794807098206421e-01
-6.235725334669552922e-01 6.053698913131966286e-02 2.540951643390272352e-01
-5.291476926313407603e-01 -6.204305909334195679e-02 2.293717220399500434e-01
-4.518741349560428944e-01 -1.153807665107261515e-01 1.827216969749687614e-01
-3.320896725517457071e-01 -1.462732173760201704e-01 1.867586958086939752e-01
-2.430688281635917658e-01 -1.659731067415677330e-01 2.188492588840484920e-01
-1.764521980999802508e-01 -1.880107707011191565e-01 2.558877675580015776e-01
-3.679553315717321027e-02 -3.230545291770212657e-01 3.330314335442605689e-01
-6.118142702870272842e-01 6.699140818950866105e-02 6.251998341267950288e-02
-5.513256575715672625e-01 -7.996146520635349919e-02 5.581633627746311888e-01
-1.255385894941106473e-02 -4.104445597168733251e-01 -2.297514879552664535e-01
-1.590605932202642236e-01 -2.284114293752210756e-01 7.883718045945387054e-02
-6.881895273941012192e-01 4.056883855327129140e-01 4.947039045475287722e-01
-1.245554706484561791e-01 -2.035979523284368042e-01 2.984584167342854144e-01
-1.944943106112297926e-01 -1.835541822766160180e-01 -1.062150704770904452e-01
-4.646254998253596113e-01 -8.244332382558539063e-02 4.726645958695803174e-01
-1.425066419237950299e-01 -3.459748202313406296e-01 -4.472534388618398804e-02
-6.369761604611028361e-01 5.060379163009116610e-01 -1.195066621902408643e-01
-1.519892834347764676e-01 -1.473602429399250013e-01 4.181420673569919977e-01
-9.222415796162941604e-02 -4.135720841979662055e-01 -4.331001387952393422e-03
-4.758164183560467109e-01 1.811926927815434851e-01 -6.315309735466740904e-01
-4.698002023564527008e-01 3.030218709160834578e-01 -7.137874676356688042e-01
-6.602403906848053339e-01 2.876308341657778378e-01 7.844595022208067370e-02
-5.473878728150793904e-01 2.423659597910972074e-01 -4.950581217970011494e-01
-6.406955108020753187e-01 1.232055781262815231e-01 6.189606723856400095e-01
-2.295199257036566465e-01 2.107160338151381485e-02 -9.534145838774561454e-01
-1.788694131159028478e-03 -3.246634321640833321e-01 -2.369475555528088861e-01
-2.152896763500642408e-01 -1.959529817178378153e-01 1.968255048395459172e-02
-6.199523119972809582e-01 5.930037668787335736e-02 4.385568582736780741e-01
-3.622439149202136832e-01 -1.428995899392830893e-01 3.936814527577205958e-01
-3.098043911048335985e-01 -1.578379307036996693e-01 3.823318108234703416e-01
-2.173636716416165182e-01 -9.096293083053097472e-02 -5.797503880950998223e-01
-5.968425941499617693e-01 1.106758880430983583e-01 -1.149825951408648406e-01
-1.125577337542225109e-01 4.989978596427341317e-02 -1.067658882057997971e+00
-2.985367499488735810e-01 1.624265150828629878e-01 -9.350441068300812120e-01
-3.782747201777567625e-01 2.251748060970766296e-01 -8.459492954214056226e-01
2.104555100023963732e-02 -3.597432356235543693e-01 9.214679068817668295e-01
1.852676569827149677e-02 3.087030412422919756e-02 -1.086866723778314281e+00
-2.560791161180731024e-01 -1.620222217684599286e-01 3.881195794179754799e-01
-2.033907320492467363e-01 -1.568988674078681811e-01 4.029160734069567873e-01
-1.684361229154447415e-01 -1.468000332300931632e-01 4.113071272337216477e-01
-5.943608633809134290e-01 -2.049991450954891103e-02 5.928183382847951322e-01
-2.152862112258020488e-01 -1.767400519669592995e-01 4.935315735515706237e-01
-2.734033923175047676e-01 -1.886679454071824580e-01 5.267240719140620087e-01
-3.289594225769008062e-01 -1.856768559923693829e-01 5.348227082313359304e-01
-3.812856061252745121e-01 -1.684524397031097465e-01 5.230655083518769288e-01
-4.123100186860995109e-01 -1.458848018015501680e-01 5.018696574562735435e-01
-6.804621540816384595e-01 2.815101088487739212e-01 6.858664028191299167e-01
-3.965461888252974632e-01 -1.253485162396188457e-01 4.146926962999839539e-01
2.264553942245500773e-02 -2.662927461551438668e-01 -3.207971688303437041e-01
-1.833547447290222454e-01 -1.954909032406297875e-01 -3.314706448884705559e-01
-1.282549805943915544e-01 -2.908236807302806426e-01 -1.712270035126131074e-01
-6.556207960890059194e-02 -2.581881142787949557e-01 -3.207038931232082390e-01
2.265103664388901095e-02 -3.191588522596688904e-01 4.749410139253527063e-01
-3.949891461539483117e-01 1.354035497439740610e-01 -7.579175475212132085e-01
-3.165881226200895071e-01 8.290163809107176096e-02 -8.573325516027523463e-01
-1.199682812358855433e-01 -3.449254205019236519e-02 -1.023459294462277569e+00
-5.366396714264141110e-01 3.978889610288405265e-01 -5.595614830415911456e-01
-1.722265887180682853e-01 -1.599667743875485826e-01 4.469377378016878843e-01
-7.878899395046268239e-02 -3.243425027065782729e-01 1.848635823923276966e-01
1.362341565917679631e-02 -5.149934934046029866e-02 -1.041185571654851927e+00
-2.132434839212962174e-01 9.521478308513819933e-02 -1.013447378495442308e+00
-6.380538872105319115e-01 3.039457503712656994e-01 -1.214018311664608607e-01
-1.195532554168600159e-01 -1.605947528763136400e-01 -5.924663062944643954e-01
-1.328502124817885210e-01 -1.664256211178187783e-01 -6.195226278821914789e-01
-1.435876060747411920e-01 -1.739359209583892785e-01 -6.543149290190521938e-01
-1.500432257398880420e-01 -1.620671348699573855e-01 -6.907447732464637724e-01
-1.587826379525987264e-01 -1.091630898625080004e-01 -7.467208710703125973e-01
-1.906848397084950353e-01 -1.096001260496000107e-01 -5.207353385447590632e-01
-2.021214921065430659e-01 -1.111670378184527186e-01 -5.134813132572082495e-01
-2.117892214736614154e-01 -1.127271274897594378e-01 -5.053706669498567727e-01
-2.955674921197894989e-01 -1.042229204228521944e-01 -4.257754561196871457e-01
-5.204902039388628054e-01 -5.543608546426104233e-03 -1.865993393265412692e-01
-7.748177216735641082e-02 -2.797659160524332833e-01 2.875588520947474080e-01
-1.086610041408917482e-01 -1.969433931841706453e-01 4.817689661921478184e-01
-1.471465456563123553e-01 -1.742315651751269456e-01 4.766194832941192949e-01
-1.790890419799788802e-01 -1.032345338536045931e-01 -5.274757498722970617e-01
-5.245678802942563834e-01 1.123169642327032092e-01 -3.871236533305264516e-01
-5.783209786205567582e-02 -2.761001947232486486e-01 4.726795103422931632e-01
-1.915464923397030006e-01 -6.363505941513536435e-02 -8.096561729353011216e-01
2.090633378469508585e-02 -4.322770296561628811e-01 1.330180279884527472e-01
-3.557925260997762962e-02 -3.719196237977868691e-01 2.231414578580839247e-01
2.180346834591517791e-02 -3.889718073283603417e-01 2.364221533551997823e-01
-1.230666222571343837e-01 -3.038988543907450435e-01 4.345189524646692059e-02
1.188404933652037476e-02 -9.640531820492981296e-02 -9.670915728876323669e-01
1.191330297548190420e-02 -1.106597950412958609e-01 -8.751047215037548455e-01
-9.239258131977490240e-02 -9.566923472064725598e-02 -8.636207136910547533e-01
-3.333274279530256123e-01 -1.237124841564642141e-02 -6.225634767695984451e-01
-2.496840465324794422e-01 -1.591972828689023345e-01 -1.694003924316476173e-01
-2.700217583185149373e-01 -3.383746918274394000e-02 -7.303565296342231505e-01
-3.904851747635120773e-01 -1.349924103054007674e-01 -1.378627028566938861e-01
-3.086956364695243593e-01 -1.365006019853254315e-01 -2.501382192350285472e-01
-4.425889470448964857e-01 -6.714090563921715216e-02 -2.698075875462180306e-01
-1.125791827352241592e-01 -7.752267723880446049e-02 -9.510825300505532098e-01
-1.599232775745527135e-01 -2.528808210448474370e-01 8.594385416884620099e-04
-3.802278153410445505e-01 5.420948811314102445e-02 -6.751669986438555426e-01
-3.014897674768581837e-01 2.351482782954067430e-02 -7.842665713230019264e-01
-3.815230364947987951e-01 -1.917868527380603427e-02 -5.029809695643661094e-01
-5.787703774578858429e-01 1.522585835351364381e-01 -2.652147919587335423e-01
-4.537826280317758254e-01 4.380656892670692359e-02 -5.020740451542335947e-01
-6.055854096997990155e-01 3.011269379039487326e-01 -3.107661458473103266e-01
-3.591991954428817024e-01 -9.206615851794197614e-02 -3.537595655367087311e-01
-1.177763278593033647e-01 -2.737673911935871729e-01 1.335497564237582147e-01
-1.196599518632979198e-01 -3.702974023194296471e-01 -1.539941106590763109e-01
-1.559329311230328585e-01 -2.984784979211734246e-01 -1.633010910799617132e-01
-9.370623693297908119e-02 -4.210709055168990744e-01 -1.023230671116986956e-01
-1.598455096591493430e-01 -2.262394543978132333e-01 5.722149856035292359e-01
-2.646012748942183634e-01 -2.416277642098805245e-01 6.412758238796119059e-01
-3.548713001524674837e-01 -2.368847547545911425e-01 6.570002909928742696e-01
-4.282110499227513856e-01 -2.089823168085587213e-01 6.407400303394492624e-01
-4.776090426410206646e-01 -1.665148357886678809e-01 6.014336558078001715e-01
-5.082686960453344227e-01 -5.335811258076106345e-02 4.573409711007632161e-01
-6.750338103028639125e-01 2.497106563474886798e-01 2.686819998449547775e-01
-4.666430501510490103e-01 -8.532450341411745853e-02 3.165941973207031523e-01
-4.059879360216740452e-01 -1.192404086535781005e-01 2.798753352821172768e-01
-3.238001011037141552e-01 -1.455096034099199187e-01 2.721115315613338304e-01
-2.441373145816549961e-01 -1.614320102232440490e-01 2.884874985920196089e-01
-1.809117399215338651e-01 -1.666467152015158604e-01 3.158754640802938773e-01
-1.370534282025310802e-01 -1.746808324254587319e-01 3.413471634998876958e-01
-6.789865082523789397e-01 4.742714115584334422e-01 3.049374559396440532e-01
-1.555612403929618193e-01 -2.649321039255094767e-01 -1.819734550023379693e-01
-7.947340716496675839e-02 -3.613520767356348529e-01 9.320694298733955829e-02
-7.729358083005344326e-02 -4.170168962700153692e-01 -1.701265400730138655e-01
-4.585306094221586193e-02 -3.856525799300656310e-01 -2.099777447780257766e-01
-7.747120134524010382e-02 -3.852418407769730990e-01 -1.794448635351992838e-01
-1.387756033391516208e-01 -2.402887944137197529e-01 -2.056964034458523827e-01
-3.308546242050119934e-02 -4.012596689326319854e-01 -2.216330554981116308e-01
-2.378015800301994109e-02 -3.253265526090474147e-01 -2.301554514071111335e-01
-1.316022467693365172e-01 -1.548562863111371257e-01 4.137922041072288337e-01
-1.024151473541292656e-01 -1.881094901906479322e-01 3.870594984239175140e-01
-8.558082757446605626e-02 -2.282821524607641095e-01 3.636839252538606182e-01
-4.283901836884069780e-01 -1.230716810461416344e-01 4.856902155556137579e-01
-4.677344034650872118e-01 -1.239472024430554598e-01 5.267279729175555758e-01
7.379447057061483406e-02 -4.095611663125353630e-01 1.206174556963424127e-01
4.482816344804660957e-01 -1.201112514016990929e-01 4.059089802317443763e-01
8.415459543637937578e-02 -3.314310967811313624e-01 -2.218434077417785755e-01
6.595342656157470174e-01 1.155423900269454407e-01 7.643475346951129623e-01
2.735520563828970353e-01 -1.690323582209813935e-01 3.282377729083791884e-01
3.340302006216830932e-01 -1.645077539396524458e-01 3.189974418619470065e-01
3.915694516212511189e-01 -1.491756756377640158e-01 3.221254418628691774e-01
4.677982670211093819e-01 -1.069079144382172331e-01 3.775544673325046396e-01
2.235269054147259737e-01 -1.643411940426275919e-01 3.514237518457457021e-01
3.663678514155463972e-01 -2.244546668495672748e-01 5.875457088361848434e-01
2.949590384851745739e-01 -2.222395605786005035e-01 5.762372123494197140e-01
4.307841313094797897e-01 -2.045478934827116291e-01 5.704508821560052567e-01
4.705487861633059765e-01 -1.770108580073994631e-01 5.310589133768983672e-01
5.126487300789648316e-01 -6.994620339264046027e-02 3.166921174395382899e-01
2.395413132021606550e-01 -3.567940712058970121e-02 -8.917486895528332624e-01
4.700138411569554364e-01 -1.046308014499679473e-01 4.365473311927865474e-01
6.925850594518578873e-01 1.906543242352896073e-01 3.857534525484354049e-01
5.766100113777952174e-01 -1.863643521592756036e-02 3.867802872017342963e-01
3.217725501662300758e-01 -1.826062587896331024e-01 -7.181197169052111473e-02
5.783835682526444755e-02 -2.600387328628306349e-01 -4.438784255649661503e-01
5.295241825487656540e-02 -2.242652273933536389e-01 -5.044931294875776295e-01
1.274967793581804898e-01 -2.128913790943400830e-01 -4.676242599308579884e-01
1.748154867214453123e-01 -1.608856417864743538e-01 -4.927906639618635509e-01
1.089663388970223412e-01 -1.907933303302431494e-01 -5.082553784059440360e-01
1.542802950817077079e-01 -1.433610923653605429e-01 -5.178099460651011121e-01
2.851328457893820278e-01 -5.981490261059768665e-02 -6.267676552460867967e-01
7.247117324267193794e-02 -4.483792385558933447e-01 -1.945758902129459678e-01
8.035835896335363771e-02 -4.788515747941772815e-01 -1.077394510944965633e-01
5.436407429968994620e-01 -1.692517576078103048e-01 6.122730099504387624e-01
2.002103035660987018e-01 -2.162438721505850481e-01 1.591359048450513569e-01
2.135534151622664467e-01 -3.027959482952709003e-01 -1.466303271811448816e-01
2.171641477473578163e-01 -2.908526176812600283e-01 -9.402438862446671486e-02
4.968223817736685533e-01 -1.070918438188854793e-01 -5.248933306743253091e-02
7.725618088126573468e-02 -4.559616949570113320e-01 1.301026007342184765e-02
4.153091495285252677e-01 -2.842198142538805428e-01 7.060083367709353297e-01
4.930053646391456823e-01 -2.336408428556353556e-01 6.780247359410491725e-01
6.013588938296834385e-01 -2.239319366866054928e-02 9.033306569714705248e-01
1.550906573741031025e-01 -3.206529787516601004e-01 6.144017970019035602e-01
2.344381723345989599e-01 -1.979843048159111163e-01 5.337095758910832544e-01
3.329231001193928563e-01 -5.402907255993327773e-02 -5.314053627959460790e-01
6.338418166685642063e-01 4.565220801161729014e-01 -4.074487563825712755e-01
1.700098892245005544e-01 -2.727698377405132213e-01 -1.940040172268198138e-01
1.243043999743942418e-01 -2.744945715713305034e-01 -2.194679901617513362e-01
2.382999435839510127e-01 -5.333531164559973670e-02 -5.494050185012024912e-01
2.226403283427631496e-01 -7.162357597525287334e-02 -5.546132178821960856e-01
5.214748840604244151e-01 -2.124386101211541700e-01 7.334030685455354970e-01
2.157670593554854577e-01 -2.644847674219339417e-01 -1.798253518639723048e-01
3.073961736049426463e-01 -3.165524062587365961e-01 6.923055836168510169e-01
3.170270551787695013e-01 -3.384571965925715631e-01 7.580612287466976795e-01
3.655373327717086340e-01 -2.746465970264253542e-01 1.082576402835286444e+00
5.620480094256521397e-01 -1.301609451463718869e-01 8.067128164804353574e-01
3.336461420389014165e-01 -3.078369023212275124e-01 9.152358732593484092e-01
5.762675927692697542e-01 -1.225916863635337917e-01 6.525637807117448119e-01
6.221192866687914602e-01 -8.575320603301558875e-03 6.941976727245275924e-01
5.595053388207232858e-02 -2.486776060589854787e-01 -4.780261578535669464e-01
1.181644348969732583e-01 -2.042568345432469457e-01 -4.895902652143742095e-01
1.645917661258458065e-01 -1.572213400687199059e-01 -5.053070278303901652e-01
1.568772710523151925e-01 -2.578008598497634196e-01 -2.077392787850254052e-01
2.302116262349727105e-01 -6.334398090710380291e-02 -5.522795509084410526e-01
1.977279304687180606e-01 -1.002831740819100093e-01 -5.962582583678681658e-01
2.148187722938275090e-01 -7.335631743452486475e-02 -5.557282628533957158e-01
1.396768927884473044e-01 -3.589141177704679997e-01 -1.788778810568292243e-01
1.461594539799229153e-01 -1.310193341889125396e-01 -5.267647237601953414e-01
1.024170988503703139e-01 -1.629145644636360579e-01 -5.204056451230321123e-01
5.044413621487681132e-02 -1.928312831146536954e-01 -5.207152966124959370e-01
9.168731243620020788e-02 -1.249772672322386757e-01 -7.942992132675819050e-01
5.711791791297571308e-02 -1.835836903558518696e-01 -7.350306567038913386e-01
5.336555072099868902e-02 -1.929155965776696569e-01 -6.965280377905704867e-01
5.004136351778420977e-02 -1.821205016824205547e-01 -6.554970134728819176e-01
4.427042072671005801e-02 -1.781663377042279617e-01 -6.196700358379372275e-01
1.404035894313644395e-01 -1.294868022649480199e-01 -5.979442425494188029e-01
1.519129667011063223e-01 -1.376760731597932441e-01 -6.149150687422553219e-01
1.631717260308749307e-01 -1.449043069880489032e-01 -6.355812707803583095e-01
1.744904554308419620e-01 -1.316743220091465272e-01 -6.568571250308270493e-01
2.706008004709969939e-01 -1.613333930073679312e-01 -3.892943292765642660e-01
6.990665670738991366e-01 4.845282963407413490e-01 3.806884935730892039e-02
1.747379020660677629e-01 -9.628217156386553732e-02 -5.799423947030000193e-01
1.856832315103249531e-01 -1.019758505278473004e-01 -5.886371033528998709e-01
1.050932391101558894e-01 -2.711265822068171794e-01 -2.521527214183143517e-01
1.974315370448598284e-01 -2.151175760768617717e-01 -2.252536315449431559e-01
1.144657982327089707e-01 -2.742543680256148697e-01 -2.366319249755026721e-01
2.620594234881821194e-01 -1.889575830090137742e-01 1.082870046530146624e-01
3.596106544133874650e-01 -1.654058498169916902e-01 4.701761045770475045e-02
2.276185592333881402e-01 -2.517100476675508958e-01 -1.285083294265234599e-01
5.092044842870109278e-01 -1.607794264413087149e-01 1.011338594518292666e+00
4.712768423985806976e-01 -2.281915621235128810e-01 8.835526049295276962e-01
4.349015761796124480e-01 -2.831538426095434602e-01 7.717987942984336769e-01
2.345202599791798015e-01 -8.481966561190001919e-02 -6.973375036839657426e-01
1.748388245468817104e-01 -3.603193234977268844e-01 7.247102995905265743e-01
1.875038391044157038e-01 -3.500342498564421589e-01 9.189400764748540951e-01
2.079550171206498987e-01 -3.387551972791200683e-01 1.119018866147541758e+00
4.401124212726301721e-01 -1.262133059858641104e-01 3.402757193252980983e-01
5.748585592021981938e-01 -2.977840882560151003e-02 2.505522575406544661e-01
1.907162432279072561e-01 -1.572929850855544487e-01 3.737905716201805895e-01
5.220117005262920884e-01 -1.210189769294142126e-01 4.927595481705635549e-01
1.590792347115481675e-01 -2.449331710989071098e-01 2.159168427500302023e-01
1.772365735700986988e-01 -3.667848944723175464e-01 -1.232491480431647801e-01
6.461217491888930908e-01 4.412285360887785446e-02 1.930864028440240077e-01
5.355646349000409145e-01 -7.529033693512587888e-02 1.809071564710333924e-01
4.602193823247091586e-01 -1.261789471587917433e-01 1.427205364246648678e-01
3.471177264067648593e-01 -1.525901827683284750e-01 1.592978481113043188e-01
2.637722183281283606e-01 -1.697327519452684896e-01 2.008325617891824066e-01
2.018527432248227171e-01 -1.906724539993618350e-01 2.431471149586021951e-01
8.059771571143947710e-02 -3.234560742096661556e-01 3.274031795485572438e-01
6.366766099721417049e-01 5.240054210163386239e-02 4.415000130879503937e-03
5.642404242499736711e-01 -9.403603967894824667e-02 5.063766708828048024e-01
5.218585791554147812e-02 -4.111664933376166786e-01 -2.323549043519466117e-01
1.967820967670377286e-01 -2.306447238933699850e-01 6.314163507145409415e-02
7.104253321300291191e-01 3.876941485940750276e-01 4.241042999881048381e-01
1.560741678334665039e-01 -2.046281323095087146e-01 2.901637201772837571e-01
2.348494109427115006e-01 -1.909789639784023052e-01 -1.240308625317823044e-01
4.917200228495346437e-01 -9.284825315864964068e-02 4.331568686590507866e-01
1.791968250688533715e-01 -3.514837829771266797e-01 -5.859636789473554597e-02
6.761947000345855940e-01 4.849227649170870791e-01 -1.771677974328440541e-01
1.907351625139632745e-01 -1.454709753158240915e-01 4.045306899390270772e-01
1.293164197977105800e-01 -4.165452485395917392e-01 -1.403355265247899220e-02
5.016264587515113504e-01 1.633908142650284390e-01 -6.630635298123657151e-01
5.022054596253724412e-01 2.840318787801834333e-01 -7.417752031975055615e-01
6.952209516986300741e-01 2.699397668482430568e-01 1.619109929883472132e-02
5.765114673375961729e-01 2.240631224287170653e-01 -5.365410104199952457e-01
6.603681762799595845e-01 1.068366180852545755e-01 5.546745908416221837e-01
2.540088725103544220e-01 1.047616788316473035e-02 -9.620885482269017075e-01
5.026534579308405970e-02 -3.263818956619690681e-01 -2.393445471590440743e-01
2.498500215984051920e-01 -2.011942672695639089e-01 -1.397281182970500080e-03
6.236116001843754475e-01 4.396985363037941852e-02 3.721993702804158310e-01
3.892491927186654266e-01 -1.501652098574481897e-01 3.697013280460885731e-01
3.372682934512027941e-01 -1.628985619289124998e-01 3.635650328682298316e-01
2.099223774139908905e-01 -8.810971651010979233e-02 -6.042527697840860412e-01
6.238140687108852944e-01 9.566460048303226937e-02 -1.684962435524326452e-01
1.468356494440286042e-01 4.434133018155755890e-02 -1.070045811705881533e+00
3.317192405335731564e-01 1.492770561087937153e-01 -9.450216720353807887e-01
4.114541183725606288e-01 2.094470235999068564e-01 -8.625720082343519834e-01
2.857257250925187009e-01 -1.654411151322676687e-01 3.715351780407991633e-01
2.373974323168432932e-01 -1.575481176525386218e-01 3.874157201509409454e-01
2.062776045621994570e-01 -1.454200950102020329e-01 3.963644844509492948e-01
6.026923087356408359e-01 -3.450530074212870835e-02 5.292263327828488073e-01
2.467793366710040459e-01 -1.778502953254985641e-01 4.680635647138169375e-01
2.997907375766430960e-01 -1.929969821689709875e-01 4.966404708952545377e-01
3.545752001669910669e-01 -1.924851087494801050e-01 5.029730212522904864e-01
4.075530025259865852e-01 -1.776508971622590138e-01 4.894583877236309277e-01
4.390490813682390581e-01 -1.559743664064043855e-01 4.668363468025531482e-01
6.955960623655954578e-01 2.625409734151844532e-01 6.151432023334928445e-01
4.244812311051049392e-01 -1.338354097004881282e-01 3.859808514789713207e-01
2.174651600395494100e-01 -2.007134190541506324e-01 -3.483137973095802309e-01
1.692172818145181168e-01 -2.975885937483293553e-01 -1.835841128593627136e-01
1.075418699943209155e-01 -2.592522976136835133e-01 -3.278863285930588845e-01
4.202501449791222754e-01 1.186499009559989215e-01 -7.801879582385664591e-01
3.406386045398339668e-01 6.799161941868103742e-02 -8.716299332310262216e-01
1.449463525783727391e-01 -4.062008730248578559e-02 -1.028066808146679278e+00
5.737780252634934186e-01 3.792061439541174472e-01 -5.983885366773336045e-01
2.083750720575814341e-01 -1.581790042006971930e-01 4.292026613275576885e-01
1.196490155217446727e-01 -3.257726779178824472e-01 1.757697294488806961e-01
2.461711415694907146e-01 8.568203072775915086e-02 -1.018092224050747063e+00
6.735044184955967239e-01 2.859288587011650229e-01 -1.786145233642528751e-01
9.669306908479635698e-02 -1.561554129046167638e-01 -6.090298051942095725e-01
1.074901944025021816e-01 -1.632418431613786858e-01 -6.367557336081475228e-01
1.155472418113264732e-01 -1.711595944744705999e-01 -6.708934687691012755e-01
1.234414764375788565e-01 -1.598068452823016017e-01 -7.051304518533809684e-01
1.711502214907554276e-01 -1.104738159569631506e-01 -7.572706085405309651e-01
1.898918933647875118e-01 -1.047703804529641625e-01 -5.328180369509110115e-01
2.010338609513071528e-01 -1.049662157453417066e-01 -5.271364824602495780e-01
2.108419072389304816e-01 -1.062245362078766409e-01 -5.196203969682091639e-01
3.115247425518727908e-01 -1.084007140951325221e-01 -4.502761233218044445e-01
5.412534660653287588e-01 -1.963192127767607320e-02 -2.326856873992386721e-01
1.193580620499403722e-01 -2.804364541491111140e-01 2.780383867072004911e-01
1.497773060101899034e-01 -1.987768094383071116e-01 4.660358632239050003e-01
1.836960769220361556e-01 -1.729639437678187619e-01 4.590247271700715892e-01
1.790685218719691996e-01 -9.669928136589578394e-02 -5.385600578903435576e-01
5.485122059099092340e-01 9.595099365187431673e-02 -4.295089489892260914e-01
9.684111438389564341e-02 -2.763568770926454476e-01 4.631929659476043959e-01
2.073327236989692679e-01 -7.065745853603500048e-02 -8.201406645131861239e-01
7.773134883889909474e-02 -3.733890704173958852e-01 2.179953535677370269e-01
1.613398700835801947e-01 -3.079027250614316813e-01 3.039989931115119615e-02
1.129415306590506596e-01 -1.010065616209258055e-01 -8.696359641218931458e-01
3.447712932738724589e-01 -2.284553396713626117e-02 -6.496539843641819800e-01
2.827357176152389684e-01 -1.683766748342208075e-01 -1.924477672838023068e-01
2.822761459295399789e-01 -4.370465317582800102e-02 -7.478008746292577058e-01
4.128273045112869077e-01 -1.470929337098731970e-01 -1.740367524245696185e-01
3.332222864983971355e-01 -1.460085375102186944e-01 -2.784937574449224407e-01
4.608574663240072589e-01 -8.025135910408276452e-02 -3.085595073342068950e-01
1.344892830997284072e-01 -8.303764096751187207e-02 -9.574525811267262654e-01
1.971686262612131202e-01 -2.579474467888260847e-01 -1.436524505231775994e-02
3.991071097086402730e-01 3.949205332615896014e-02 -6.986096094750413599e-01
3.210487386264486709e-01 9.937950655664190558e-03 -8.004797128649636662e-01
3.941939059434780290e-01 -2.788268621423323212e-02 -5.367359475036868055e-01
6.060317436279509806e-01 1.355448844132796093e-01 -3.141999448512504678e-01
4.705699869991386564e-01 2.895011429176025386e-02 -5.364414468902021227e-01
6.401057086386288120e-01 2.844987861617807035e-01 -3.616936180975116599e-01
3.746709687657463483e-01 -1.010715150736590795e-01 -3.869211773181708836e-01
1.571136758705691250e-01 -2.749465861387108134e-01 1.209527284814950754e-01
1.574872367351218827e-01 -3.743303225093939091e-01 -1.659476600572253879e-01
1.942548515177016100e-01 -3.061014525686736043e-01 -1.776578449372463453e-01
1.330026248361413366e-01 -4.256510687526429138e-01 -1.126836186483046731e-01
1.992013090915918383e-01 -2.295470251619065039e-01 5.533020430042521198e-01
2.995617177182339219e-01 -2.505570239141121647e-01 6.181194704615382562e-01
3.868642514965188184e-01 -2.485748851114735203e-01 6.292233210297384360e-01
4.563478004486398731e-01 -2.221117165003363425e-01 6.083920757194993811e-01
5.015054752828547180e-01 -1.803605658521831856e-01 5.641090011585037090e-01
5.267229244113451614e-01 -6.584464212883034406e-02 4.105798045866060342e-01
7.024886477671969942e-01 2.337311992604469424e-01 2.028030206569795268e-01
4.817838594419754372e-01 -9.577638550564415709e-02 2.752443571598988115e-01
4.212407404680789114e-01 -1.282271718756291534e-01 2.455945246454640518e-01
3.421370123512446071e-01 -1.515168714936976357e-01 2.484607992686123090e-01
2.669295459828617822e-01 -1.647393470548976779e-01 2.727712505540238475e-01
2.095551150077987757e-01 -1.694576473962499108e-01 3.040855103197590559e-01
1.700229743781989100e-01 -1.759186566882675606e-01 3.320561853435877175e-01
7.070163516533511938e-01 4.569956763402274191e-01 2.361570494179758839e-01
1.935969000977884047e-01 -2.730008655185720556e-01 -1.956652468687767321e-01
1.204904266448032502e-01 -3.625109488000646252e-01 8.423718169784932819e-02
1.159569694827116138e-01 -4.211835857526966542e-01 -1.786853897098217292e-01
8.432039227928811442e-02 -3.898215476097535159e-01 -2.156807905924973401e-01
1.158966222236728072e-01 -3.890849691810198685e-01 -1.881979603273147283e-01
1.784119057979649536e-01 -2.491732636823904556e-01 -2.177533368453439255e-01
7.188159039088759528e-02 -4.044950471345081233e-01 -2.261235574298909867e-01
6.999949162573348982e-02 -3.287143028868424466e-01 -2.340302237717100109e-01
1.698562097902893697e-01 -1.544927260583790485e-01 4.010855682473875028e-01
1.391287305992570111e-01 -1.887248202315703338e-01 3.772266584546870583e-01
1.204814787289869571e-01 -2.296065317262403482e-01 3.561118365770883365e-01
4.564324839917901500e-01 -1.335565914739902382e-01 4.499869980840740524e-01
4.932445605586792681e-01 -1.372832229621465672e-01 4.880849981365065204e-01
-3.166118250984055749e-01 -1.504135876252377102e-01 4.690745327090484196e-01
-2.540160074497634923e-01 -1.562466930077022198e-01 4.672046913034120230e-01
-3.158362805778835991e-01 -1.585047258813432336e-01 5.451227915221101838e-01
-3.800529576176927549e-01 -1.445294849709313212e-01 4.708143966720022000e-01
-3.179507958998044614e-01 -1.423249056597484241e-01 3.930934838465378611e-01
3.429129662535359557e-01 -1.566283245414226144e-01 4.402424225864667306e-01
4.041912179190063625e-01 -1.621807109963171456e-01 4.371284374158066477e-01
3.420289940472400758e-01 -1.648573367291419345e-01 5.164179124818568667e-01
2.811478426980613676e-01 -1.511003547849156803e-01 4.438521809438209509e-01
3.440280637101977845e-01 -1.484152197595989264e-01 3.640326701160665479e-01
