-1.491141693305003679e-02 -2.785088204278620694e-01 -4.752434093270474502e-01
2.216801993303363361e-02 -4.684493546091079708e-01 -2.033785367983158565e-01
2.486104553405943385e-02 -2.942411772681079452e-01 -2.646453586450359108e-01
-3.301756197333594045e-02 -4.248809164589797405e-01 1.297768644095302903e-01
2.196805353217112788e-02 -5.021336315497144653e-01 -1.100345152823147266e-01
2.094051460948131993e-02 -4.930053166994063929e-01 2.265648042903581350e-02
2.314844364544121902e-02 -3.624067499902441369e-01 3.605232709234800215e-01
-4.346322666505955112e-01 -1.146287588758108100e-01 4.546522621289994515e-01
2.360844630397762600e-02 -3.468598406165384063e-01 6.173020947520484469e-01
2.263673416042333297e-02 -3.743106134868341428e-01 7.411753530372422460e-01
2.125765625228681621e-02 -3.628040232914973018e-01 1.176857720797222839e+00
-1.377302989871694028e-02 -2.676352994145354547e-01 -5.014230970326738479e-01
-1.192799119832624322e-02 -2.451649187986595368e-01 -5.263066353194607583e-01
-9.158797971731483245e-03 -2.115218383285808468e-01 -5.432246411989678503e-01
-1.565377790657029866e-02 -1.937798827612464692e-01 -6.426893447015360472e-01
-1.654610954245305798e-02 -1.970694512493871287e-01 -6.822457208060344058e-01
-1.837214048879887152e-02 -2.063570355961150682e-01 -7.250222130000354426e-01
-1.813432208584231375e-02 -1.951252980260864689e-01 -7.645684529343688141e-01
1.210934140088504307e-02 -1.322235650271270657e-01 -8.232390287712716415e-01
2.111213005339074300e-02 -4.292855355027287434e-01 -2.436567476368060037e-01
-4.070696861341815964e-02 -3.397898310985001391e-01 -2.243766967901011933e-01
-6.743258460999292936e-01 1.394143788886417212e-01 8.641003440772720978e-01
-2.582134011966452647e-01 -1.725556947685493725e-01 3.570560940823823692e-01
-3.243389784670576148e-01 -1.655012144400256346e-01 3.510528255404667952e-01
-3.859123395452037641e-01 -1.472441301239442168e-01 3.619616475873173034e-01
-4.611633221269464400e-01 -1.011662462565325882e-01 4.305244241514449843e-01
-1.999437913200328154e-01 -1.681305587526757961e-01 3.797647509127857202e-01
-3.515219525206099149e-01 -2.245477015313941394e-01 6.348902570732923856e-01
-2.760028680451469540e-01 -2.238728400270453278e-01 6.207496161528340828e-01
-4.183252705266511384e-01 -2.005180615757655715e-01 6.206572370518306236e-01
-4.606601537299823690e-01 -1.697013461082867991e-01 5.852416373107021119e-01
-5.166669605897453721e-01 -6.013207273635273742e-02 3.769178021600454453e-01
-2.268349158469655791e-01 -2.652460538424367131e-02 -9.123357151892768080e-01
-4.557794020948122693e-01 -9.796512269774965143e-02 4.890181934293236221e-01
-6.956856203511030401e-01 2.157992330561704364e-01 4.691012790371222874e-01
-5.872616503453720327e-01 -3.945792296074926778e-03 4.583165093217529407e-01
-3.021258606798689073e-01 -1.808589128570847748e-01 -4.521032602118246757e-02
-8.741632552620498542e-02 -2.675274441695993932e-01 -4.554734976139569458e-01
-7.557337323167517829e-02 -2.324959248134592649e-01 -5.182389831430700422e-01
-1.508058669112023464e-01 -2.224047917048859180e-01 -4.731751268345327777e-01
-1.913247240903847013e-01 -1.716671537560099381e-01 -4.969382758244322851e-01
-1.276827041208087321e-01 -2.015048642570214099e-01 -5.179898964454006105e-01
-1.668568190981567501e-01 -1.532342505034540725e-01 -5.266948465825518344e-01
-2.887040267740523802e-01 -5.576446297511328254e-02 -6.248640581634972158e-01
-3.275550935449869638e-02 -4.615150825357297037e-01 -1.966519128046391174e-01
-4.243267098991143627e-02 -4.927428823451531770e-01 -1.057271665364241664e-01
-5.465875077443804742e-01 -1.605216597104028864e-01 6.792795733467555941e-01
-1.696796306428955958e-01 -2.221596671077108454e-01 1.822504373750282181e-01
-1.819604915909875942e-01 -3.069715926788505467e-01 -1.357107091776367236e-01
-1.870428954927039200e-01 -2.946257359645869656e-01 -8.059777568421289118e-02
-4.918458048013789607e-01 -9.966349390383427709e-02 -7.641300860292937758e-03
-3.830421991586988040e-02 -4.719092194180909416e-01 1.846851948271574506e-02
-3.993232533091735093e-01 -2.802865883436229666e-01 7.654507278056996711e-01
-4.864107253755527438e-01 -2.267928048527956264e-01 7.403475146961269182e-01
-6.099421734462566747e-01 -3.970731982185719822e-03 1.003686400153877667e+00
-1.157190783000237033e-01 -3.287674483296765260e-01 6.550515445264508685e-01
-2.091130821776108206e-01 -2.019999261463691909e-01 5.758641647300133393e-01
-3.355959829816530515e-01 -5.037561116869282429e-02 -5.208178413624131586e-01
-6.156887553888878983e-01 4.927192495350973811e-01 -3.713490361921625293e-01
-1.333522715649390067e-01 -2.756319988271083155e-01 -1.888429670050058018e-01
-8.246950641412476024e-02 -2.759188842569464395e-01 -2.184861671229821889e-01
-2.434216683778390733e-01 -6.118583710929587083e-02 -5.433389254245644118e-01
-2.300887519994861963e-01 -7.787853907349590044e-02 -5.514218806176796051e-01
-5.184706929097622208e-01 -2.042173888474820842e-01 8.061928808802960589e-01
-1.858569552822952886e-01 -2.661804830357312746e-01 -1.700846993062372636e-01
-2.793798729519849644e-01 -3.158199089556106287e-01 7.462854733284913777e-01
-2.892704870144626739e-01 -3.378561207114127996e-01 8.197965053744229458e-01
-3.503405584648540128e-01 -2.717245425168588469e-01 1.165343947677534686e+00
-5.632020057690354520e-01 -1.188228290045350022e-01 8.925859429773197462e-01
-3.121487375350433524e-01 -3.081571228268540352e-01 9.841551961465455634e-01
-5.816650308908855038e-01 -1.120199177206444574e-01 7.332138845478013423e-01
-6.271894961985715611e-01 7.357880577864697735e-03 7.816006838285178837e-01
-8.325906911759606288e-02 -2.567224908477412360e-01 -4.908878900104487464e-01
-1.395812203383810512e-01 -2.144145436752581402e-01 -4.968884792141512463e-01
-1.799605889118759405e-01 -1.674731590357680933e-01 -5.117510683683292871e-01
-1.184355954890277118e-01 -2.592026462472400983e-01 -2.043012611417192037e-01
-2.364265746564161441e-01 -6.977711905800609848e-02 -5.474739847252858560e-01
-2.152529631216543171e-01 -1.065121989995025942e-01 -5.910199290298274732e-01
-2.224491469779139585e-01 -8.006446538969386184e-02 -5.545202487197462560e-01
-1.039673670227361235e-01 -3.697970869912343694e-01 -1.746776922060927495e-01
-1.569087361787625534e-01 -1.405163150379183934e-01 -5.381124504800800512e-01
-1.168325896124017271e-01 -1.737523305456041278e-01 -5.334550358945420179e-01
-6.767687233295610616e-02 -2.021836750538061889e-01 -5.358880214186907409e-01
-7.544895454281874692e-02 -1.269235523080585182e-01 -8.145486023663472963e-01
-9.362035147063174634e-02 -1.912461716012714419e-01 -7.508368905544671179e-01
-9.064711515898871141e-02 -2.022968006498047089e-01 -7.101058504443633623e-01
-8.314935790757349565e-02 -1.918093786948933399e-01 -6.663215814674359194e-01
-7.456066518370274565e-02 -1.883743123077241677e-01 -6.291460105702788574e-01
-1.630433375303235177e-01 -1.384497203853989333e-01 -5.950547239474874850e-01
-1.766998125415746301e-01 -1.449325606005427147e-01 -6.116945092822154706e-01
-1.906119673200317166e-01 -1.515651035804523872e-01 -6.323856300050021417e-01
-2.004747448081714012e-01 -1.375404444329966225e-01 -6.550663596684507262e-01
-2.555666050420094537e-01 -1.608683337365653943e-01 -3.808269370703589729e-01
-6.886581138735188290e-01 5.231666282044500349e-01 1.069242109209651015e-01
2.484348167903828453e-02 -3.415124978003369893e-01 -2.510067044951342918e-01
-1.902895361783435435e-01 -1.053766571015617992e-01 -5.764126182655204822e-01
-2.028179017654059280e-01 -1.091717598015785051e-01 -5.836592843281742660e-01
-6.120079832654712337e-02 -2.762404550177635087e-01 -2.544816792553329377e-01
-1.627116001743381668e-01 -2.127918420257494114e-01 -2.188845810114965484e-01
-7.149789426392549885e-02 -2.771811972337174801e-01 -2.369688497167151686e-01
-2.367870409336578774e-01 -1.926344838693747619e-01 1.357301564071519140e-01
-3.423097459631101458e-01 -1.642267757523772076e-01 8.251462788876928744e-02
-1.976300562172239594e-01 -2.533097975574207794e-01 -1.153863813270779581e-01
-5.076941848439560090e-01 -1.482352524536345584e-01 1.107381203239981460e+00
-4.629705095244993629e-01 -2.211203555387015740e-01 9.648429637238424839e-01
-4.196476559920370164e-01 -2.785598678834233510e-01 8.399637323370927611e-01
-2.335327034925196443e-01 -8.392929797735249053e-02 -7.056147325362589484e-01
-1.339142742974326339e-01 -3.677918520225880172e-01 7.790203326747473511e-01
-1.557423479393840182e-01 -3.564187066201576215e-01 9.720086733028696635e-01
-1.802831423703166180e-01 -3.422845905740317107e-01 1.184079075309199425e+00
-4.353917169391827713e-01 -1.216509918139978552e-01 3.876807540442632760e-01
-5.888055244654388787e-01 -1.455934460142416231e-02 3.158301832651257968e-01
-1.611820038275606493e-01 -1.633969509897656991e-01 4.020247983060185604e-01
-5.196265678840674695e-01 -1.117718549934836880e-01 5.534125336860673539e-01
-1.247481505942626967e-01 -2.531418322968512769e-01 2.368520053974806361e-01
-1.442437135146894533e-01 -3.745128870611829086e-01 -1.131601481445544954e-01
-6.463078949751590585e-01 6.274415899649199435e-02 2.633594361096509573e-01
-5.484403385346467985e-01 -6.430513963058132054e-02 2.377345807940773881e-01
-4.683493984788178466e-01 -1.195875319002807635e-01 1.893837033292558036e-01
-3.441976124519001701e-01 -1.516063170517263359e-01 1.937332989502097425e-01
-2.519310816388183882e-01 -1.720244614435291197e-01 2.275228907259743139e-01
-1.828856189089691497e-01 -1.948656153421435278e-01 2.662066819920079208e-01
-3.813709280471622165e-02 -3.348330490981386021e-01 3.451737093576772164e-01
-6.341209272744947611e-01 6.943390493429646426e-02 6.479945240143158980e-02
-5.714269087667531721e-01 -8.287684815632928581e-02 5.777867472533797510e-01
-1.301157079041721093e-02 -4.254660177209690364e-01 -2.382022695363966713e-01
-1.648599187108628072e-01 -2.367392760021065357e-01 8.171157201735190778e-02
-7.132808148574447671e-01 4.204797235242772047e-01 5.127407339737390934e-01
-1.290967445196331553e-01 -2.110211032853612778e-01 3.105491630173646822e-01
-2.015855441497729217e-01 -1.902465403687845225e-01 -1.100876562331359332e-01
-4.815656762082554110e-01 -8.544919524641386710e-02 4.893212789319625333e-01
-1.477024128206370079e-01 -3.585890105436728703e-01 -4.635602338745542506e-02
-6.602002162091551440e-01 5.244879832081146276e-01 -1.238638571205216699e-01
-1.575307900259188543e-01 -1.527329754054633781e-01 4.342347192625268804e-01
-9.558663699737168784e-02 -4.286508606663019805e-01 -4.488909190192347243e-03
-4.931646139584380251e-01 1.877989513191504756e-01 -6.545564985924663404e-01
-4.869290476213592456e-01 3.140700031066820941e-01 -7.398120521799818050e-01
-6.843126567948587535e-01 2.981178120053959990e-01 8.130607813588774935e-02
-5.673455529657189800e-01 2.512025870663470162e-01 -5.131078670352167137e-01
-6.640551735084834206e-01 1.276976351175580504e-01 6.415278861270934385e-01
-2.378476744632775919e-01 2.184267694013210248e-02 -9.880962613805701622e-01
-1.878941964981079710e-03 -3.366580140500889939e-01 -2.457900037861127096e-01
-2.231391058199436728e-01 -2.030973981872357115e-01 2.040017337167311651e-02
-6.425556807709824625e-01 6.146245943392741884e-02 4.545465758760851571e-01
-3.754512739969015911e-01 -1.481096876621261771e-01 4.095343039959229436e-01
-3.210998129692903547e-01 -1.635926781014145348e-01 3.980733946396248779e-01
-2.255318645589721172e-01 -9.413022626038219931e-02 -5.988313357706633866e-01
-6.186033860598456613e-01 1.147111142658795990e-01 -1.191748435376856485e-01
-1.166615719287786845e-01 5.171912492047500698e-02 -1.106585565560358475e+00
-3.094213495724140728e-01 1.683485619190623339e-01 -9.691356720508608191e-01
-3.920665600216963753e-01 2.333846453702983492e-01 -8.767924804829476670e-01
2.181286864886911037e-02 -3.728594203062876034e-01 9.550644881427987620e-01
1.920224881069487743e-02 3.199583066751848781e-02 -1.126493722323218094e+00
-2.654157224744757571e-01 -1.679295277939321096e-01 4.039179037796498672e-01
-2.108063277857175066e-01 -1.626193766979628919e-01 4.188594556558793425e-01
-1.745772788195250058e-01 -1.521523405332168011e-01 4.273327729741347447e-01
-6.160311717573314638e-01 -2.124733847115273244e-02 6.144269737901786321e-01
-2.231355143577680167e-01 -1.831839678849789266e-01 5.103633111982510684e-01
-2.833716391986627059e-01 -1.955467505399131056e-01 5.438812152768239816e-01
-3.409532340301311137e-01 -1.924466064514263053e-01 5.520592467959883898e-01
-3.951872224215158269e-01 -1.745941905148331585e-01 5.401867853621631355e-01
-4.273427804342233571e-01 -1.512037399033783203e-01 5.187831388690953283e-01
-7.052717026672432610e-01 2.917739259567915244e-01 7.108729895071732585e-01
-4.110042036892913586e-01 -1.299187044346954423e-01 4.307515318250112468e-01
2.326128398007695774e-02 -2.757670759858830145e-01 -3.331514901301855236e-01
-1.902599242787811340e-01 -2.026272256676913130e-01 -3.440632803399541473e-01
-1.329311380460822534e-01 -3.015088981306810467e-01 -1.775113538621214682e-01
-6.816554285070580699e-02 -2.674433782029179696e-01 -3.330078056349905502e-01
2.347689005948316865e-02 -3.307953363817706105e-01 4.922572924128463256e-01
-4.093720024068012719e-01 1.403416168162241462e-01 -7.855400523866471474e-01
-3.280725032388573936e-01 8.592826283918725272e-02 -8.885089299643786909e-01
-1.243407701208294469e-01 -3.575002868829862956e-02 -1.060760812576356571e+00
-5.562054737584851694e-01 4.123959331669801998e-01 -5.799630112042990504e-01
-1.785059444396228656e-01 -1.657991391082678234e-01 4.633126903649065209e-01
-8.166162891142247915e-02 -3.361679819503660127e-01 1.916036815692765405e-01
1.412012336095103127e-02 -5.337700793164756874e-02 -1.079126162045958459e+00
-2.210183095205966453e-01 9.868630014255075356e-02 -1.050397518668440000e+00
-6.613172367150284003e-01 3.150275676208968978e-01 -1.258281235367854078e-01
-1.237638759568513436e-01 -1.665010326857547795e-01 -6.109153476109150382e-01
-1.375199687270942661e-01 -1.725468955505924384e-01 -6.389762870610424805e-01
-1.486348895818441207e-01 -1.803307055487177735e-01 -6.750404063698036694e-01
-1.553093757895451787e-01 -1.680245590572830849e-01 -7.130388746982676551e-01
-1.643458406755016199e-01 -1.131715236743184860e-01 -7.719957892665179067e-01
-1.985201020825474449e-01 -1.131327691067032237e-01 -5.389811828628885415e-01
-2.104424841901614274e-01 -1.147200080529170441e-01 -5.315014398568407294e-01
-2.205140418027202731e-01 -1.163125274683529664e-01 -5.231522180388874510e-01
-3.071047620823565971e-01 -1.076398646146378701e-01 -4.412888483793280248e-01
-5.394671990964852171e-01 -5.745727548706225374e-03 -1.934027233902906318e-01
-8.030674601719400840e-02 -2.899661395994233004e-01 2.980963372004197254e-01
-1.126227681352940380e-01 -2.041239199078219713e-01 4.987762783171141301e-01
-1.525114867507824101e-01 -1.805840220390830808e-01 4.933631684030217457e-01
-1.864226738410621476e-01 -1.065828165972986241e-01 -5.459264675691453128e-01
-5.436935469232437868e-01 1.164120241244313569e-01 -4.012381239566007451e-01
-5.994064751924055301e-02 -2.861667666176490599e-01 4.898379193113118202e-01
-1.983281570651147518e-01 -6.595490815987581357e-02 -8.380229430131138635e-01
2.166857559442258996e-02 -4.480377856443773510e-01 1.378678448853170035e-01
-3.687646685028767024e-02 -3.854797577761477356e-01 2.312771621099454222e-01
2.259841954785635210e-02 -4.031536613733770480e-01 2.450420697828743499e-01
-1.275536129381595885e-01 -3.149789612679487760e-01 4.503614479339265730e-02
1.231725011270601300e-02 -9.992241892871689402e-02 -1.001877412937359324e+00
1.237021860680992402e-02 -1.147253076774296665e-01 -9.059346197887547802e-01
-9.566625657093874580e-02 -9.917402578886402864e-02 -8.940755963579274379e-01
-3.454618693671953622e-01 -1.277205712281473393e-02 -6.446950554172636849e-01
-2.587874896061919117e-01 -1.650015920436906924e-01 -1.755767054583809994e-01
-2.796281172506525081e-01 -3.505677713444058097e-02 -7.559908237360972727e-01
-4.047222059593593713e-01 -1.399142134388604575e-01 -1.428891564282110949e-01
-3.199803053510441586e-01 -1.414773935623525603e-01 -2.592616320401279761e-01
-4.587256740021530277e-01 -6.958885303871031880e-02 -2.796447319220529693e-01
-1.166377719129334523e-01 -8.034776028355178346e-02 -9.853109798371915140e-01
-1.657540564079615919e-01 -2.621008180401940280e-01 8.907735426557650271e-04
-3.940124309704664540e-01 5.619139105891873820e-02 -6.994395682320715402e-01
-3.123188194192785261e-01 2.438348090681355385e-02 -8.122120920165007973e-01
-3.956786330514350247e-01 -1.971149983170383813e-02 -5.210868825691892248e-01
-5.998722590442753244e-01 1.578099087677475865e-01 -2.748844836928778790e-01
-4.703276032559884356e-01 4.540419739707676761e-02 -5.203634056108876749e-01
-6.276649633598516687e-01 3.121059805677484089e-01 -3.220966331461454502e-01
-3.724396314323044077e-01 -9.529627196207890449e-02 -3.666385287089466427e-01
-1.220704351961074963e-01 -2.837489094194438621e-01 1.384189600600185255e-01
-1.240227358501755361e-01 -3.838160232322176402e-01 -1.596171154129987224e-01
-1.616182225203388612e-01 -3.093983156489186204e-01 -1.692713610604271723e-01
-9.712275234683120928e-02 -4.364230878913986089e-01 -1.060537507298965898e-01
-1.656734530859687027e-01 -2.344881111411680763e-01 5.915450481265871474e-01
-2.742485978877517994e-01 -2.504374764324310831e-01 6.628582145259644953e-01
-3.678098547950128250e-01 -2.455215375602488592e-01 6.792885933357823980e-01
-4.438235608966927259e-01 -2.166017808908655695e-01 6.625180308991596156e-01
-4.950225970573107759e-01 -1.725859418508388643e-01 6.218066679193268165e-01
-5.268000968490973435e-01 -5.530354126429365413e-02 4.738850183878335898e-01
-6.996454422844209375e-01 2.588150696110851356e-01 2.784781049092079908e-01
-4.836567861177201166e-01 -8.843542207476229322e-02 3.293535183769142893e-01
-4.207901955793609261e-01 -1.235878961576419854e-01 2.917227172678904523e-01
-3.356058044660095163e-01 -1.508148618343838621e-01 2.841413747953980273e-01
-2.530385249122232283e-01 -1.673177972238608646e-01 3.012452678766226466e-01
-1.875077549597943261e-01 -1.727226295673975898e-01 3.294874745427918139e-01
-1.420503757409337098e-01 -1.810496695063132933e-01 3.556700294168240184e-01
-7.037422550112744091e-01 4.915632764435606816e-01 3.160554300743196876e-01
-1.612353946226644519e-01 -2.746543838517914171e-01 -1.886326957716605301e-01
-8.237099572958550553e-02 -3.745269195252109995e-01 9.660525380446599586e-02
-8.011169325181866085e-02 -4.322336183373696183e-01 -1.763365854446473646e-01
-4.752485670105555116e-02 -3.997896384183021734e-01 -2.177177650831902955e-01
-8.029578978448093096e-02 -3.993344256039699225e-01 -1.860241026367103201e-01
-1.438713413055286994e-01 -2.491546678447857932e-01 -2.132331785132794977e-01
-3.429175351167337849e-02 -4.159513441399498301e-01 -2.297887330653436422e-01
-2.466621195603112271e-02 -3.373428317373601271e-01 -2.387312267332803994e-01
-1.364004450462195095e-01 -1.605023233992799447e-01 4.298114140705375785e-01
-1.061491885370760557e-01 -1.949679341295276203e-01 4.023878379936032257e-01
-8.870109177574336812e-02 -2.366052856706417629e-01 3.778774039737560209e-01
-4.440092258527101876e-01 -1.275588561698590695e-01 5.025093673805622885e-01
-4.847879300107145184e-01 -1.284662989462415084e-01 5.443573335546376679e-01
7.648500595452834006e-02 -4.244937053133579496e-01 1.250151498540866823e-01
4.646259159720464993e-01 -1.244904897023948465e-01 4.216849339721771006e-01
8.721257914151603341e-02 -3.436531732188077282e-01 -2.300866248835596872e-01
6.835807865111647175e-01 1.197550483237748153e-01 7.922155306348730441e-01
2.835257235336925419e-01 -1.751952527753193323e-01 3.444718745339747645e-01
3.462088918856629505e-01 -1.705056820971453391e-01 3.353125956846165767e-01
4.058460153895140365e-01 -1.546145985085303209e-01 3.383728113116648561e-01
4.848541220224582560e-01 -1.108057610436912199e-01 3.934865245842382731e-01
2.316766630269784244e-01 -1.703330494511323678e-01 3.675749536234318438e-01
3.797255686013976117e-01 -2.326382505052748684e-01 6.048235824710204156e-01
3.057132010086398566e-01 -2.303423817902512383e-01 5.929343199586423196e-01
4.464904564467744308e-01 -2.120056791523516893e-01 5.873221813466091845e-01
4.877049246820917006e-01 -1.834646474732384291e-01 5.468816688325706110e-01
5.313398262699173813e-01 -7.249643139156652927e-02 3.297728119977316741e-01
2.482716875811750157e-01 -3.698798752272747237e-02 -9.236231852552370114e-01
4.871504756606448439e-01 -1.084456248557268410e-01 4.520655543870921722e-01
7.178366073580377815e-01 1.976055524436457489e-01 3.998179658584835039e-01
5.976331263393177551e-01 -1.931591693159465106e-02 4.012598404532017327e-01
3.335043293239365880e-01 -1.892640557329343665e-01 -7.443022559912876313e-02
5.969236390901400124e-02 -2.685796298687230799e-01 -4.621144224649365029e-01
5.462884665657308236e-02 -2.311719219340617748e-01 -5.252235032019412220e-01
1.320623629375825558e-01 -2.202430281355881592e-01 -4.864736005581826728e-01
1.813979472088880218e-01 -1.665625585725224456e-01 -5.119358390168389228e-01
1.128454534573842261e-01 -1.971062259006234330e-01 -5.287108769173820555e-01
1.600729678408133738e-01 -1.483602965110406569e-01 -5.377654093926909074e-01
2.965295812387747088e-01 -6.191430004036613255e-02 -6.479046805256203356e-01
7.511346140349761669e-02 -4.647341627431491595e-01 -2.016754274641365807e-01
8.328821273847131224e-02 -4.963104317473359117e-01 -1.116676152643658049e-01
5.634618033535900850e-01 -1.754226514310488483e-01 6.340536989764729014e-01
2.075099413547212279e-01 -2.241280914569472316e-01 1.649379761862501681e-01
2.213395408083584925e-01 -3.138404739112001796e-01 -1.519774201615173848e-01
2.250819201646363510e-01 -3.014570607150570680e-01 -9.745250407749772581e-02
5.149364516673351488e-01 -1.109963964621289989e-01 -5.440308659354819998e-02
8.007292970647972297e-02 -4.725859903073938995e-01 1.348461197255713950e-02
4.304512591395734944e-01 -2.945824262645952984e-01 7.317492953648780940e-01
5.109802666577394348e-01 -2.421593531175787462e-01 7.027321164465867298e-01
6.232843493518771538e-01 -2.320964644384659881e-02 9.362659568075772931e-01
1.607452395962241098e-01 -3.323439385026762949e-01 6.368027948272327876e-01
2.429857531103518653e-01 -2.052027830223099869e-01 5.493105716901443003e-01
3.461529880624505395e-01 -5.579209302789678304e-02 -5.495875012353881317e-01
6.569515947097102071e-01 4.731668070258265857e-01 -4.223042772326035532e-01
1.762008093463514058e-01 -2.828005135139985970e-01 -2.011237614619515446e-01
1.287917250261095825e-01 -2.846490850893599323e-01 -2.275807785233717739e-01
2.481698031543221328e-01 -5.511754796011464341e-02 -5.677755640137891469e-01
2.318619936755687005e-01 -7.409882584494126290e-02 -5.730468722407509041e-01
5.404877805083252440e-01 -2.201840901418208318e-01 7.601428338676359253e-01
2.236338941384978796e-01 -2.741577591415749193e-01 -1.863933703881419657e-01
3.186037922187558991e-01 -3.280938597486304786e-01 7.175469407718426673e-01
3.285858142974511509e-01 -3.507972954689648759e-01 7.857000280137000914e-01
3.788647693717521747e-01 -2.846601709657345936e-01 1.122046976918895211e+00
5.825401959692335652e-01 -1.349065937811815274e-01 8.361254442714911583e-01
3.458108305842699792e-01 -3.190605898382621319e-01 9.486052366085289123e-01
5.972782231994280266e-01 -1.270613610907518898e-01 6.763561587678381670e-01
6.448016630156168105e-01 -8.887975529965848331e-03 7.195080162699625248e-01
5.772880490349754923e-02 -2.566056873861293219e-01 -4.977769837312033818e-01
1.223816683157152307e-01 -2.111647234409691487e-01 -5.093623481435873845e-01
1.707706577630777600e-01 -1.627414824118469383e-01 -5.249297132368491159e-01
1.625673222768547754e-01 -2.673063824835355540e-01 -2.153684274428657730e-01
2.397542941718837639e-01 -6.550290101284339528e-02 -5.706828726065995561e-01
2.056847816471277790e-01 -1.039472755705634910e-01 -6.154189165341796830e-01
2.237062769436470866e-01 -7.590962968171255376e-02 -5.741949451585144359e-01
1.447694914541264311e-01 -3.720534021439225736e-01 -1.854400560558060462e-01
1.516476362243435183e-01 -1.355717154269718838e-01 -5.469273363674018729e-01
1.060936564338370580e-01 -1.682363639485491280e-01 -5.411428528192117060e-01
5.206627493984480881e-02 -1.986315488607154345e-01 -5.418716177469951045e-01
9.504885892125436442e-02 -1.296186697484209560e-01 -8.214235556068554267e-01
5.923617209777543025e-02 -1.903987255382393329e-01 -7.588727231820726615e-01
5.534986269221953137e-02 -2.000816009259871464e-01 -7.184530153027286481e-01
5.192061999733540989e-02 -1.888975519570816886e-01 -6.756149797602968299e-01
4.595811158503046445e-02 -1.847923536586097981e-01 -6.384155759851797285e-01
1.458573840172876501e-01 -1.342929080530890218e-01 -6.163794144302054967e-01
1.577601416733678263e-01 -1.427852158604849819e-01 -6.340019130832601491e-01
1.693860313798536410e-01 -1.502804136302717808e-01 -6.555569992286862657e-01
1.810908016505008433e-01 -1.365649743691150775e-01 -6.778251057739481666e-01
2.806661188782442196e-01 -1.671277956063096370e-01 -4.037139250061712037e-01
7.245544297806780776e-01 5.021941257142934489e-01 3.945683392347909546e-02
1.817792706327221453e-01 -9.981599013197506309e-02 -5.984139993698618376e-01
1.931499584959023297e-01 -1.057136719966459970e-01 -6.074267244191013937e-01
1.088296704193720266e-01 -2.811574034774906306e-01 -2.615596099843972011e-01
2.045781856623448691e-01 -2.230209318310817368e-01 -2.334929635701391559e-01
1.185693718198381208e-01 -2.844042972520905987e-01 -2.454192633659978418e-01
2.716140709587975266e-01 -1.958469482854816590e-01 1.122351326819046591e-01
3.727220052049844412e-01 -1.714365224161404910e-01 4.873186544908467144e-02
2.359174979332303579e-01 -2.608873584402875423e-01 -1.331937239388238936e-01
5.277700037904082819e-01 -1.666414203346278100e-01 1.048211848742198526e+00
4.884595257390493828e-01 -2.365113924232140619e-01 9.157667999398628744e-01
4.507580227423844121e-01 -2.934775894531913565e-01 7.999384631552572955e-01
2.433168674338510584e-01 -8.796339307805745023e-02 -7.209584346692321510e-01
1.812134219969046001e-01 -3.734565122583770602e-01 7.511331289577896086e-01
1.943402010950787684e-01 -3.627964463670760864e-01 9.524444945204564306e-01
2.155370260096498569e-01 -3.511061612160712997e-01 1.159818127004839994e+00
4.561588544698267356e-01 -1.308150242860275370e-01 3.563699227796046642e-01
5.958178164787852893e-01 -3.086412537424262914e-02 2.596873554581531351e-01
1.976697289934934432e-01 -1.630278638473594555e-01 3.898444505755056522e-01
5.410441692224239318e-01 -1.254313106293873381e-01 5.086541618424855749e-01
1.648792398681369065e-01 -2.538633979633324600e-01 2.238321507857092829e-01
1.836985925916678752e-01 -3.801578169857791067e-01 -1.277427935871084941e-01
6.696792517370724340e-01 4.573156647355144933e-02 2.001263042754910515e-01
5.550912415607989203e-01 -7.803541138344627370e-02 1.875030038453961989e-01
4.769989123211004767e-01 -1.307794127412478247e-01 1.479241064350633739e-01
3.597735869076856829e-01 -1.581535980594939161e-01 1.652528584066004225e-01
2.733893140429906055e-01 -1.759211827502671355e-01 2.091577872949077488e-01
2.092122641182845300e-01 -1.976243432162103630e-01 2.534872251200930293e-01
8.353629639787074623e-02 -3.352492344027471205e-01 3.393402511652043874e-01
6.598897441540714226e-01 5.431105797740240493e-02 4.575970204263854479e-03
5.848125459108537427e-01 -9.746457951370451900e-02 5.235469695111922839e-01
5.408854643792457284e-02 -4.262154723785909205e-01 -2.409049548527610884e-01
2.039567426473922751e-01 -2.390539961050901496e-01 6.544376952490388311e-02
7.363273337155717968e-01 4.018294199442939973e-01 4.395670800242970078e-01
1.617646087001567423e-01 -2.120888434747989493e-01 3.025087019807308764e-01
2.434119854167429153e-01 -1.979420285033430815e-01 -1.285530092693178972e-01
5.096480614983036617e-01 -9.623348661213526611e-02 4.487157796509126939e-01
1.857303145675190947e-01 -3.642988292490123570e-01 -6.073278286124633718e-02
7.008486578825099400e-01 5.026029765560622309e-01 -1.836273088867130809e-01
1.976893380738955486e-01 -1.507748253657421600e-01 4.203594730345621144e-01
1.340312771643450418e-01 -4.317324261361079607e-01 -1.454521399131573911e-02
5.199167664431989522e-01 1.693480189686766835e-01 -6.872377651935153153e-01
5.205157957341413066e-01 2.943876386915746934e-01 -7.688202164035118358e-01
7.205686038427465689e-01 2.797817299097269395e-01 1.678142415591846182e-02
5.975309893981197717e-01 2.322324304332745726e-01 -5.561032155864964466e-01
6.844451014337415984e-01 1.107318650983457053e-01 5.748979425400864152e-01
2.632699980937829309e-01 1.085812741797027164e-02 -9.970914552452114776e-01
5.207251742124058280e-02 -3.384334117868030845e-01 -2.482743178676348750e-01
2.589595160982511857e-01 -2.085297802279679757e-01 -1.448225915368334116e-03
6.463483860592660335e-01 4.557298793167952056e-02 3.857697043257604097e-01
4.034411601936156444e-01 -1.556402109981860349e-01 3.858679525402608501e-01
3.495650450964937761e-01 -1.688378191858497246e-01 3.797911803500164662e-01
2.183951351063894153e-01 -9.131176466294288474e-02 -6.238555006542680914e-01
6.465582365580360147e-01 9.915251767764715618e-02 -1.746395914459650811e-01
1.521892553089969624e-01 4.595800825548326807e-02 -1.109059522306978351e+00
3.438136745376283443e-01 1.547196752964037358e-01 -9.794770211627010781e-01
4.264556741229874604e-01 2.170834308224733888e-01 -8.940212549242794182e-01
2.961432423876679820e-01 -1.714730734995484340e-01 3.876840160043395489e-01
2.460529072699086939e-01 -1.632922985096598723e-01 4.034105174422235596e-01
2.137984552396554605e-01 -1.507220899717705009e-01 4.122724785483560250e-01
6.246663803663068393e-01 -3.576335892661067217e-02 5.482066703980765787e-01
2.557768744566661923e-01 -1.843346905506777489e-01 4.832760820157737669e-01
3.107210631279002655e-01 -2.000336233359707450e-01 5.115757939461431647e-01
3.675029590482559172e-01 -1.995030870879972440e-01 5.178469186744147912e-01
4.224123241748500845e-01 -1.841280223601646782e-01 5.044633770678981222e-01
4.550567453512144311e-01 -1.616611685279583099e-01 4.820607689543374708e-01
7.209573909886479726e-01 2.721131781242718262e-01 6.375712305826115589e-01
4.399577534415932689e-01 -1.387150287645635416e-01 4.019895672761129024e-01
2.253284118065851382e-01 -2.080165168378048657e-01 -3.613663376588998055e-01
1.753869186554783965e-01 -3.085151074561702789e-01 -1.903233980638353584e-01
1.112553711954409885e-01 -2.686671311889223812e-01 -3.404385561988378939e-01
4.355724557645892503e-01 1.229758589135246938e-01 -8.086334981288558765e-01
3.530581075484278131e-01 7.047039501176666221e-02 -9.033663155118665244e-01
1.502310749615780594e-01 -4.210108962339020877e-02 -1.065519920945474652e+00
5.946978864339342863e-01 3.930319439219138733e-01 -6.202056934210489203e-01
2.159723960868928927e-01 -1.639461870872107596e-01 4.447921275703949906e-01
1.240114007712413979e-01 -3.376503011364349049e-01 1.821782675527021667e-01
2.551465046525187574e-01 8.880598491889607482e-02 -1.055211714599494144e+00
6.980602890801073102e-01 2.963537827693463189e-01 -1.851267822296716048e-01
1.003786829087354171e-01 -1.619662562689310192e-01 -6.275519182989692801e-01
1.115361251356308259e-01 -1.693188985768507848e-01 -6.563324996848360904e-01
1.198397131421877759e-01 -1.775276383224397847e-01 -6.918261593313932423e-01
1.279945880209654163e-01 -1.657538281462613838e-01 -7.277227515952997550e-01
1.774164757060852082e-01 -1.145785736799975751e-01 -7.828647296828203928e-01
1.974037260035061969e-01 -1.084137390121923117e-01 -5.519360399490178537e-01
2.090287585798429326e-01 -1.086052594671468863e-01 -5.460209041385368778e-01
2.192424259233787254e-01 -1.099006475128208038e-01 -5.382972793995972616e-01
3.235298508599262490e-01 -1.121751715974794172e-01 -4.664120467208099363e-01
5.609785723624085563e-01 -2.032708472561217672e-02 -2.411410214512290651e-01
1.237098391792770258e-01 -2.906611254150348600e-01 2.882751455558574261e-01
1.552381642345475043e-01 -2.060241822449651039e-01 4.818787570521185781e-01
1.903936084718003130e-01 -1.792701833444443338e-01 4.744322341536635346e-01
1.861327696377972352e-01 -1.000742287120310881e-01 -5.578312803818823440e-01
5.685152921033491680e-01 9.950645474547531455e-02 -4.450547558809425652e-01
1.003719269617588949e-01 -2.864328075879267743e-01 4.799084772427162360e-01
2.148933581373988488e-01 -7.326447819727466282e-02 -8.489197022367069856e-01
8.056542221693430150e-02 -3.870027802002073969e-01 2.259434316251773822e-01
1.672222976684558660e-01 -3.191288124657507552e-01 3.150827506865448713e-02
1.170669320586790185e-01 -1.047197145076355085e-01 -9.002731719220951057e-01
3.579973151038728929e-01 -2.362633108153822104e-02 -6.723777899214167242e-01
2.930442196839955216e-01 -1.745156632701316823e-01 -1.994643841580536758e-01
2.926648129384794572e-01 -4.532405894000968161e-02 -7.740804150268232320e-01
4.278785993704126156e-01 -1.524551639581090967e-01 -1.803810665105327615e-01
3.453795935653793947e-01 -1.512931966947004270e-01 -2.885645579094304747e-01
4.776608377417943530e-01 -8.306592858247796585e-02 -3.196024759643609769e-01
1.393933084860998761e-01 -8.606694262156899811e-02 -9.918780435074983082e-01
2.043573649492396171e-01 -2.673521722026546144e-01 -1.488899998454494555e-02
4.138261384818662236e-01 4.093316698661952913e-02 -7.238191246378389287e-01
3.327765650401985909e-01 1.029237888637195980e-02 -8.291241187549487357e-01
4.092966888780402712e-01 -2.871754183776722980e-02 -5.554391814056667265e-01
6.281274850039331170e-01 1.404870288892947627e-01 -3.256553554612917623e-01
4.879715213306035082e-01 3.012572317031741997e-02 -5.556788128412257777e-01
6.634438672461797637e-01 2.948715688946472735e-01 -3.748809134341701821e-01
3.886049663044892633e-01 -1.045936703708205684e-01 -4.005695136546738588e-01
1.628420170451558846e-01 -2.849710976362835879e-01 1.253626463589616602e-01
1.632291978830799906e-01 -3.879987335890433542e-01 -1.720097518950141069e-01
2.013373544134315907e-01 -3.172998843280983028e-01 -1.841557801566300334e-01
1.378518806883475278e-01 -4.411702431951738390e-01 -1.167920465673120134e-01
2.064641590922562386e-01 -2.379162754416981329e-01 5.711335232190495326e-01
3.104836932396324300e-01 -2.596922956128757676e-01 6.382566233678481638e-01
4.009692643704383386e-01 -2.576378883253074292e-01 6.499672823823092749e-01
4.729861731476248110e-01 -2.302098765359730237e-01 6.283876228841402956e-01
5.197902900669610915e-01 -1.869364851661323712e-01 5.824337426315042698e-01
5.459271636272227113e-01 -6.824532795418924991e-02 4.261053116691255749e-01
7.281012790253420519e-01 2.422530039034249683e-01 2.101971885237983173e-01
4.993496270557784555e-01 -9.926837822750655960e-02 2.873017019958350460e-01
4.365991149995522846e-01 -1.329023154255839501e-01 2.570120748438140534e-01
3.546112767610232197e-01 -1.570411540159710739e-01 2.606240736467737573e-01
2.766617573928158436e-01 -1.707457190628094423e-01 2.862239066051317504e-01
2.171954632269654795e-01 -1.756360479304479583e-01 3.187333900172466539e-01
1.762219866497893861e-01 -1.823326246570111664e-01 3.472953180836453324e-01
7.327940623194706404e-01 4.736576704975306029e-01 2.447673001956633954e-01
2.006515517277908112e-01 -2.830100623105948898e-01 -2.028279760791843467e-01
1.248834896182744458e-01 -3.757280438921597465e-01 8.730845704697920429e-02
1.201847432846263608e-01 -4.365527623218066200e-01 -1.852085028906368391e-01
8.739470119781067581e-02 -4.041063817617067677e-01 -2.236290535836830129e-01
1.201221957735292278e-01 -4.033180001141565274e-01 -1.951003927824113138e-01
1.848787066140121782e-01 -2.583437813440383479e-01 -2.257371937415578733e-01
7.450238244892659623e-02 -4.193040246883470434e-01 -2.344462930690531799e-01
7.253211232808781661e-02 -3.408434970731812896e-01 -2.427453957241315630e-01
1.760491418498926208e-01 -1.601255077939640614e-01 4.169139090550613158e-01
1.442013433533260169e-01 -1.956056990119101613e-01 3.926173846164358050e-01
1.248742154627828782e-01 -2.379779516064868261e-01 3.702589028769034396e-01
4.730739442401201700e-01 -1.384260448671383870e-01 4.653748572522751203e-01
5.112281836248016020e-01 -1.422885487831901941e-01 5.034687401057094114e-01
-3.281554449903261172e-01 -1.558976445823212487e-01 4.858329064663979846e-01
-2.632773931720180371e-01 -1.619434241164974253e-01 4.838507410424506272e-01
-3.273516242323282199e-01 -1.642837845317224321e-01 5.626228543949522987e-01
-3.939096317333081743e-01 -1.497990084233826735e-01 4.874941770843448374e-01
-3.295432344673159264e-01 -1.475140504795255936e-01 4.088971118791866477e-01
3.554155218267887051e-01 -1.623389698789825530e-01 4.558027791921173133e-01
4.189279694028122947e-01 -1.680937955153840591e-01 4.526676471898218868e-01
3.544993201257753412e-01 -1.708680106229678586e-01 5.313676932958801835e-01
2.913984510843121711e-01 -1.566094511701479064e-01 4.593530971083128467e-01
3.565712755703032144e-01 -1.538264165225378122e-01 3.802153940861217052e-01
