-1.288395824843460713e-02 -2.840545038065047656e-01 -4.578638681089211571e-01
2.201359843141508996e-02 -4.651484155172672108e-01 -2.019325965037192250e-01
2.522559272459067720e-02 -2.911790356221326537e-01 -2.611981895944579524e-01
-3.278756301469605561e-02 -4.219212137283408492e-01 1.288728441885992337e-01
2.181502498815492477e-02 -4.986357896300789849e-01 -1.092680202356111629e-01
2.079464385871379259e-02 -4.895710622400263334e-01 2.249865752329093319e-02
2.298719255316235624e-02 -3.598822396957186420e-01 3.580118776887175058e-01
-4.316046364215175846e-01 -1.138302597257854765e-01 4.503531747119420281e-01
2.344399085237870717e-02 -3.444436294438230073e-01 6.130019941245750115e-01
2.247904761505969268e-02 -3.717031813760274250e-01 7.360123564626985804e-01
2.110957630607216556e-02 -3.602767456077364816e-01 1.168659779033101920e+00
-1.162444172122229294e-02 -2.744234123259297609e-01 -4.824554112041258280e-01
-9.717731011584129774e-03 -2.530946198758606269e-01 -5.067223309484228944e-01
-7.074148645529331966e-03 -2.194770287409903986e-01 -5.243585410001493363e-01
-1.555433550776465397e-02 -1.924148295659067198e-01 -6.650312939483057351e-01
-1.644129134531453068e-02 -1.956808927575290902e-01 -7.037222404272025500e-01
-1.825419912961523394e-02 -2.049045904601659029e-01 -7.437054390458149866e-01
-1.801801746741312285e-02 -1.937524380339437080e-01 -7.791807053571522257e-01
1.201751565757903234e-02 -1.312920160666025127e-01 -8.297901938709610903e-01
2.096506383660372286e-02 -4.259607948649493103e-01 -2.414925991604751077e-01
-4.037122178714641629e-02 -3.365589023421300952e-01 -2.219166621620691227e-01
-6.696285204005880676e-01 1.384432241440937128e-01 8.580810571457101465e-01
-2.564146974210591012e-01 -1.713536790008134691e-01 3.454836357891332144e-01
-3.220796466801137958e-01 -1.643483398878227419e-01 3.389965114319702932e-01
-3.832240902949000660e-01 -1.462184336590843792e-01 3.508214165721044719e-01
-4.579508776727568287e-01 -1.004615264075231773e-01 4.243711066871820314e-01
-1.985509912148265277e-01 -1.669593682977329463e-01 3.696418071004452521e-01
-3.490732652709550576e-01 -2.229835116145582052e-01 6.404681472230754347e-01
-2.740802435859798214e-01 -2.223133511672817086e-01 6.262491468240494186e-01
-4.154112341519613505e-01 -1.991212611279263855e-01 6.256334315347873432e-01
-4.574512143258451236e-01 -1.685192136141852870e-01 5.891286574428196143e-01
-5.130678801066000938e-01 -5.971319602162736273e-02 3.710700010501248869e-01
-2.252733272170930612e-01 -2.634108107029247900e-02 -9.093145462179266225e-01
-4.526044618028557953e-01 -9.728270094764306097e-02 4.878108073912735820e-01
-6.908395033558291098e-01 2.142959846055947359e-01 4.658335422832106110e-01
-5.831708101998260840e-01 -3.918305741605712135e-03 4.550071906774168506e-01
-3.000212645443134374e-01 -1.795990572186987044e-01 -4.489539277707926823e-02
-8.494248927099710966e-02 -2.704959249955961598e-01 -4.403101274063243586e-01
-7.292006828233366100e-02 -2.384735058212760217e-01 -4.998585036773112167e-01
-1.477923365699456149e-01 -2.232114517361781236e-01 -4.587424434818826446e-01
-1.878395046814333447e-01 -1.718030519357220121e-01 -4.861733605970736116e-01
-1.246549260981218432e-01 -2.046137240786300993e-01 -5.025569998011321093e-01
-1.635765535173787644e-01 -1.541290289078468267e-01 -5.173926158611961146e-01
-2.866047305370542642e-01 -5.539260362343381705e-02 -6.277812117890633203e-01
-3.252733544636366575e-02 -4.582633876279161855e-01 -1.952554475790789779e-01
-4.213708677482402853e-02 -4.893104559925316455e-01 -1.049906747129046997e-01
-5.427800019785611330e-01 -1.594034725286130050e-01 6.751918856797092250e-01
-1.684976494178196393e-01 -2.206121121389999218e-01 1.809808916117333077e-01
-1.806929624011181235e-01 -3.048163185379608731e-01 -1.347637576973674256e-01
-1.857399624893812939e-01 -2.925733853847626298e-01 -8.003633494273627857e-02
-4.884196274534854942e-01 -9.896924295919398706e-02 -7.588071480327395098e-03
-3.803739392155294774e-02 -4.686219194918768149e-01 1.833986735552492822e-02
-3.965415841933262464e-01 -2.783341236676478703e-01 7.601186299837094928e-01
-4.830224085640936749e-01 -2.252129756399274818e-01 7.351921457575205654e-01
-6.056933417234156014e-01 -3.943072128200891466e-03 9.966947689352512185e-01
-1.149129840303963479e-01 -3.264772680065023969e-01 6.504884828074118941e-01
-2.076564091749927843e-01 -2.005928030917803473e-01 5.796124881851021371e-01
-3.328143408115161739e-01 -5.007149125697310521e-02 -5.178549825915510496e-01
-6.113998932160815691e-01 4.892869909844489440e-01 -3.687622343051820684e-01
-1.323882844022503946e-01 -2.731541426954194329e-01 -1.872825154865271902e-01
-8.164479354744891282e-02 -2.730101705932833078e-01 -2.163578178916290007e-01
-2.406723859028583323e-01 -6.084981563796138665e-02 -5.451626579910096027e-01
-2.273380476309042331e-01 -7.743765951702806516e-02 -5.553466044230587206e-01
-5.148590477025587475e-01 -2.027948190402683593e-01 8.005769749204587615e-01
-1.845622834889803499e-01 -2.641457557983983850e-01 -1.688523682150902261e-01
-2.774337244175840711e-01 -3.136199206513199389e-01 7.410868798692820114e-01
-2.872554408753108524e-01 -3.355026290757648355e-01 8.140858434877487060e-01
-3.479001007568832682e-01 -2.698317206947556390e-01 1.157226210376411046e+00
-5.592787641034220325e-01 -1.179951141370424311e-01 8.863682265527343951e-01
-3.099743224576433365e-01 -3.060105131709116577e-01 9.772996121262436109e-01
-5.776131765628713666e-01 -1.112395916492197878e-01 7.281063472304645234e-01
-6.228205203452958916e-01 7.306627278709959192e-03 7.761560924405389583e-01
-8.064077306127130640e-02 -2.612648030252956999e-01 -4.733656118331676099e-01
-1.365243181250373194e-01 -2.163983692273680759e-01 -4.814567817126754190e-01
-1.765315957081336484e-01 -1.680481202401332141e-01 -5.012623004992406983e-01
-1.174477731883109000e-01 -2.566627616236781817e-01 -2.025849229574094301e-01
-2.336619705182364781e-01 -6.939882583049743203e-02 -5.503358241433249365e-01
-2.134052970769034774e-01 -1.057890023281979480e-01 -6.014691589171827779e-01
-2.197599448064791461e-01 -7.959537441732333907e-02 -5.592618932696040712e-01
-1.032431346833807828e-01 -3.669220124651459969e-01 -1.732608020622275757e-01
-1.537618524876472881e-01 -1.414179712466962224e-01 -5.297766312154449375e-01
-1.139731861260512846e-01 -1.771933785398711603e-01 -5.194514772362706090e-01
-6.517845778608044593e-02 -2.085662449653808981e-01 -5.181472600379014581e-01
-7.494071799228047004e-02 -1.260319737704010401e-01 -8.206003004305167936e-01
-9.298618881717524154e-02 -1.899039111649076517e-01 -7.653659140594375465e-01
-9.003305141407216827e-02 -2.008765164437020245e-01 -7.283266057893769130e-01
-8.258733844959717518e-02 -1.904616404381174188e-01 -6.864824228948400719e-01
-7.405630718055150608e-02 -1.870508784893615828e-01 -6.499170878451160371e-01
-1.619086086191654228e-01 -1.374894106961465079e-01 -6.111165844517381096e-01
-1.754798959745727527e-01 -1.439256246375677506e-01 -6.275302641194779874e-01
-1.893023951893184065e-01 -1.505099003588882822e-01 -6.472685796359461952e-01
-1.991031806650051805e-01 -1.365818770069621990e-01 -6.688504635337714221e-01
-2.524377377568918224e-01 -1.598397951287409691e-01 -3.744386474325781533e-01
-6.838609501950581038e-01 5.195222713079797883e-01 1.061793789478220756e-01
2.479904052628783065e-02 -3.382574336257819225e-01 -2.480266218102988307e-01
-1.885906902342551761e-01 -1.046604731971193802e-01 -5.878373127605391879e-01
-2.010348228300828100e-01 -1.084295003308746175e-01 -5.948252950296861741e-01
-6.026759628542699421e-02 -2.733175660504566507e-01 -2.515378493994324116e-01
-1.612775734660049642e-01 -2.108250976958128686e-01 -2.172568259108024202e-01
-7.062389349835343499e-02 -2.742215182685487362e-01 -2.344488162977060308e-01
-2.351375922893836068e-01 -1.912926000947984539e-01 1.347846642142378482e-01
-3.399252305598415291e-01 -1.630827788868807193e-01 8.193983284643779896e-02
-1.962533734941745989e-01 -2.515452520801219061e-01 -1.145826038164770855e-01
-5.041576083421558385e-01 -1.472026518719929400e-01 1.099667231997396577e+00
-4.597454762783257376e-01 -2.195800403710022608e-01 9.581219142621644203e-01
-4.167244079353883413e-01 -2.766194314701052037e-01 8.341125863891236669e-01
-2.319400316963463604e-01 -8.334479519606521891e-02 -7.129762671994573919e-01
-1.329814330519070442e-01 -3.652298293320653255e-01 7.735937095515992290e-01
-1.546574532439151106e-01 -3.539359087858230390e-01 9.652377078073421934e-01
-1.790272975251102072e-01 -3.399002504021534365e-01 1.175830829890948337e+00
-4.323587964110919835e-01 -1.208035760824146820e-01 3.785268108448704427e-01
-5.847039297572097505e-01 -1.445792322619713841e-02 3.136301233904238428e-01
-1.600592167162116775e-01 -1.622587346489308691e-01 3.933824162419632398e-01
-5.160068709000362741e-01 -1.109932561224617753e-01 5.545727942543141609e-01
-1.238791601838834522e-01 -2.513784568585470947e-01 2.351815766229849725e-01
-1.432389178267001462e-01 -3.719040459210997129e-01 -1.123718800697882797e-01
-6.418057411539573875e-01 6.230708421529662644e-02 2.615248852696427928e-01
-5.446199260268747011e-01 -6.385719350604360245e-02 2.360785316266832690e-01
-4.650868961166890747e-01 -1.187544909385343100e-01 1.880644611794382859e-01
-3.417999462494651919e-01 -1.505502337747937902e-01 1.917763881697398809e-01
-2.501761386506621276e-01 -1.708261462249630325e-01 2.233881025795549924e-01
-1.816116453208149739e-01 -1.935081895988495226e-01 2.607196981317967399e-01
-3.787143140798072960e-02 -3.325006160531736032e-01 3.427692468817409854e-01
-6.297036673616438485e-01 6.895023125051311097e-02 6.434806370896462013e-02
-5.674463727701433147e-01 -8.229953228533558318e-02 5.764320340411204224e-01
-1.292093263208483368e-02 -4.221758511107531753e-01 -2.361166273400102655e-01
-1.637115113979432657e-01 -2.350901600863518626e-01 8.114237420550791946e-02
-7.083121304716168964e-01 4.175506793199271760e-01 5.091690097749399513e-01
-1.281974619854686914e-01 -2.095511390873424640e-01 3.039465195658601626e-01
-2.001813076628771171e-01 -1.889212909089668380e-01 -1.093207894203845759e-01
-4.782111098070761512e-01 -8.485395892455131761e-02 4.880299221652931729e-01
-1.466735239776394972e-01 -3.560910944627897479e-01 -4.603310846911599918e-02
-6.556012890580663610e-01 5.208344218078386767e-01 -1.230010274557736122e-01
-1.564334371175200300e-01 -1.516690438734624724e-01 4.280987869901632381e-01
-9.492078447358336113e-02 -4.256648966616624064e-01 -4.457638841927588289e-03
-4.897292498410002470e-01 1.864907516624966233e-01 -6.499968853427415816e-01
-4.835371201987693768e-01 3.118822045734986337e-01 -7.346585523023094755e-01
-6.795457633890400473e-01 2.960411325928167248e-01 8.073970180069313385e-02
-5.633934475232742489e-01 2.494527171525748876e-01 -5.095335790492250272e-01
-6.594293928857435372e-01 1.268080987210932764e-01 6.370590296480223014e-01
-2.361960910921657719e-01 2.169015924783296301e-02 -9.815347619140919466e-01
-1.721784199498964515e-03 -3.334069707557242301e-01 -2.429073471976854193e-01
-2.215847281220425791e-01 -2.016826301882158057e-01 2.025806641686544660e-02
-6.380796647173194724e-01 6.103431530099359681e-02 4.513802234001134672e-01
-3.728358960925899912e-01 -1.470779617595814326e-01 4.011762139814799566e-01
-3.188630450740097544e-01 -1.624530983336890944e-01 3.886842358919440077e-01
-2.236302183467756000e-01 -9.349386731025743913e-02 -6.078702544608416414e-01
-6.142942206914344672e-01 1.139120422258454585e-01 -1.183446757574461716e-01
-1.158489122878706284e-01 5.135885046359776190e-02 -1.098877136696642109e+00
-3.072659341082430995e-01 1.671758528194839111e-01 -9.623847138453073269e-01
-3.893354407284143615e-01 2.317589008483161017e-01 -8.706847806589204097e-01
2.166092111627298047e-02 -3.702620971466075717e-01 9.484115551338905270e-01
1.906848674693104734e-02 3.177294984071171724e-02 -1.118646614070406109e+00
-2.635668476294741880e-01 -1.667597377122573554e-01 3.950545425076083528e-01
-2.093378597048650702e-01 -1.614865769071908430e-01 4.113403023377045775e-01
-1.733611807816656247e-01 -1.510924536795017759e-01 4.205759079417772384e-01
-6.117399243263941244e-01 -2.109932960396965901e-02 6.101668494796428366e-01
-2.215811616778425308e-01 -1.819079160103101445e-01 5.110762293783093213e-01
-2.813976841871932977e-01 -1.941845800372602460e-01 5.476095418142001847e-01
-3.385781680323702858e-01 -1.911060314231019519e-01 5.565233046282050955e-01
-3.924343647242050093e-01 -1.733779746708101199e-01 5.435827408207472011e-01
-4.243659284618845895e-01 -1.501504609620586128e-01 5.202535348065348009e-01
-7.003588094226529392e-01 2.897414377896497251e-01 7.059210779322391272e-01
-4.081411655606285160e-01 -1.290136961620690914e-01 4.243022382788966818e-01
2.430733840779028196e-02 -2.751966617209598009e-01 -3.270431650276420799e-01
-1.877007238375079101e-01 -2.011530025061934179e-01 -3.387223737814724078e-01
-1.320051452866500830e-01 -2.989376447917660440e-01 -1.760363201577736791e-01
-6.646436182327496167e-02 -2.664910797411159660e-01 -3.271710276487597158e-01
2.331335102319258279e-02 -3.284910298750643443e-01 4.888282486594257570e-01
-4.065227187341329818e-01 1.393638377831395436e-01 -7.800694468342703747e-01
-3.257947336874572053e-01 8.532916659397973835e-02 -8.825931831105040537e-01
-1.234748167838501803e-01 -3.550100848841775125e-02 -1.053444986702950281e+00
-5.523309696428402304e-01 4.095232003088628003e-01 -5.759230130743838716e-01
-1.772624794810260807e-01 -1.646441892252605566e-01 4.597927308601944540e-01
-8.109277741276757490e-02 -3.338262498188689920e-01 1.902689751436951182e-01
1.402176317095553404e-02 -5.300518592221192815e-02 -1.071729186408098888e+00
-2.194787052012003303e-01 9.799885390626258963e-02 -1.043080493394231256e+00
-6.567105284457172010e-01 3.128330955564688765e-01 -1.249516116683661304e-01
-1.229209693655463898e-01 -1.653345775201444101e-01 -6.293150085772268865e-01
-1.365845664532283898e-01 -1.713380136714017232e-01 -6.569176941217504950e-01
-1.476238710489365946e-01 -1.790676427249471570e-01 -6.926244939907797438e-01
-1.542540032775211178e-01 -1.668478202450959513e-01 -7.284660435148754276e-01
-1.632303195690008590e-01 -1.123794974702687632e-01 -7.799292873016023808e-01
-1.953349436933271011e-01 -1.132815041690489466e-01 -5.365362868008796138e-01
-2.071593262054148288e-01 -1.148101900827829674e-01 -5.286454383304322047e-01
-2.171452472807784972e-01 -1.163340438581348113e-01 -5.198568633500703084e-01
-3.038951038498455270e-01 -1.069924005787057791e-01 -4.355236536576569950e-01
-5.357092931035241090e-01 -5.705703844614693626e-03 -1.920554880912759554e-01
-7.974733257623105309e-02 -2.879462475733993720e-01 2.958247117429769757e-01
-1.118382426330423174e-01 -2.027020012013407702e-01 4.973504466758394971e-01
-1.514490980995056302e-01 -1.793260812786619807e-01 4.922536628131783942e-01
-1.833929676248594043e-01 -1.067506530467327575e-01 -5.439089216598234078e-01
-5.399062003677180810e-01 1.156011020289117452e-01 -3.984431159317453064e-01
-5.952310347038682753e-02 -2.841733408652402648e-01 4.867026501802540484e-01
-1.969728177385504653e-01 -6.549550481602796348e-02 -8.400195831624703846e-01
2.151763320122131520e-02 -4.449167731294998429e-01 1.369074664088925641e-01
-3.661958692133551047e-02 -3.827945218723924903e-01 2.296660950515893029e-01
2.244099990048470383e-02 -4.003453097948258543e-01 2.433351169521797419e-01
-1.266650797941854256e-01 -3.127848309701514173e-01 4.472242528555295249e-02
1.223146031891014437e-02 -9.922608119840470309e-02 -9.975914334587712151e-01
1.228112291264988470e-02 -1.139221332766199440e-01 -9.072580249339278202e-01
-9.501216138471618722e-02 -9.848101743045520329e-02 -8.950104719875662251e-01
-3.430578118500667850e-01 -1.268960423288596762e-02 -6.434343421018451359e-01
-2.569847867547057074e-01 -1.638521978402477652e-01 -1.743536454562687743e-01
-2.777111792428813564e-01 -3.481444017177910688e-02 -7.574038803758469385e-01
-4.019029279646891273e-01 -1.389395768676973952e-01 -1.418937965283505465e-01
-3.175805635872632759e-01 -1.404918679436922835e-01 -2.574359968561802936e-01
-4.555302101030596629e-01 -6.910409999289875149e-02 -2.776967383911210785e-01
-1.158312471540090399e-01 -7.978824115231278324e-02 -9.808391566268248596e-01
-1.645994205691630463e-01 -2.602750346811263382e-01 8.845684513361747785e-04
-3.912779277533815492e-01 5.579925885835829158e-02 -6.962813871342882210e-01
-3.101643851778919103e-01 2.421216010279896025e-02 -8.097358186935944557e-01
-3.928901485120019355e-01 -1.959577319130089562e-02 -5.176354007938883672e-01
-5.956935739248665485e-01 1.567106115298428637e-01 -2.729696498524301629e-01
-4.670513041608668203e-01 4.508785445820454041e-02 -5.168304901345757152e-01
-6.232926754221751464e-01 3.099318665104026094e-01 -3.198529214431174994e-01
-3.695937708481114026e-01 -9.464885965912753218e-02 -3.636082381490826076e-01
-1.212200976394309931e-01 -2.817723263593627792e-01 1.374547425382892374e-01
-1.231587986486266939e-01 -3.810408938086705111e-01 -1.584568703399412692e-01
-1.604923967277826491e-01 -3.070281776508945182e-01 -1.679982015248051852e-01
-9.644619930763195792e-02 -4.333829828763013925e-01 -1.053149855229185139e-01
-1.645193787265469554e-01 -2.328546767458770095e-01 5.930527688002489306e-01
-2.723381936012824189e-01 -2.486929394242057278e-01 6.648445095510956415e-01
-3.652477066979287756e-01 -2.438112447770287849e-01 6.806735351529038525e-01
-4.407319044955169685e-01 -2.150929419255696584e-01 6.637166954018062226e-01
-4.915742903071536052e-01 -1.713837153831901661e-01 6.231856875854486777e-01
-5.231304293617000667e-01 -5.491829989827242547e-02 4.710632760350441650e-01
-6.947717413348322157e-01 2.570121746384360639e-01 2.765382412301602977e-01
-4.802876531321889630e-01 -8.781938461565190479e-02 3.225929070825076517e-01
-4.178589886396334441e-01 -1.227269880312422679e-01 2.836569618288369288e-01
-3.332679884394047498e-01 -1.497642918014620572e-01 2.744190346946395742e-01
-2.512758675204462833e-01 -1.661522684318051668e-01 2.909232715745295184e-01
-1.862015837648259564e-01 -1.715194509388203448e-01 3.194986769260109716e-01
-1.410608587523322077e-01 -1.797884850650703359e-01 3.462987401079010152e-01
-6.988400158352205960e-01 4.881390671764159750e-01 3.138538011397461469e-01
-1.600983386612359616e-01 -2.723791718691031538e-01 -1.871775920949305116e-01
-8.179720281128238790e-02 -3.719179806355690232e-01 9.593230802111732403e-02
-7.955363854027831805e-02 -4.291516286950544101e-01 -1.750664651108666536e-01
-4.719380053283878107e-02 -3.965660323495575068e-01 -2.157161907480718566e-01
-7.973645266417775379e-02 -3.962837621470630678e-01 -1.845170105797442617e-01
-1.426619467578230382e-01 -2.468148735242472469e-01 -2.115341967455345307e-01
-3.405287819085826839e-02 -4.126981217344585784e-01 -2.277565607313017659e-01
-2.438484736136804082e-02 -3.341012914149509294e-01 -2.360072870466258799e-01
-1.354502852390241374e-01 -1.593842709134263014e-01 4.233936144781864641e-01
-1.054097570046079735e-01 -1.936097956378312057e-01 3.951189703553328325e-01
-8.808320367258429262e-02 -2.349571031259437004e-01 3.718169358354594389e-01
-4.409162761171999678e-01 -1.266702865017517166e-01 5.022734191877321619e-01
-4.814109175240356975e-01 -1.275714080696281061e-01 5.463489096255882416e-01
7.595221459533249564e-02 -4.215366998793981246e-01 1.241443011264096868e-01
4.613893512336514902e-01 -1.236232941470342961e-01 4.175886536600468268e-01
8.666422635381788864e-02 -3.404642120613295964e-01 -2.275926985769949618e-01
6.788189912831957828e-01 1.189208396554127800e-01 7.866969966670768200e-01
2.815506951771764022e-01 -1.739748499566765028e-01 3.370093855687666395e-01
3.437972151946379062e-01 -1.693179466321163007e-01 3.274179507788203547e-01
4.030189089852582729e-01 -1.535375596685274735e-01 3.306726163238889460e-01
4.814766484449882755e-01 -1.100338927370025088e-01 3.881746924354849138e-01
2.300628130619083445e-01 -1.691465165379101854e-01 3.610530395072327758e-01
3.770804161392689036e-01 -2.310177021619650994e-01 6.055277798019136348e-01
3.035836156100803485e-01 -2.287378263725867722e-01 5.939212382879452967e-01
4.433802225625059767e-01 -2.105288564399370455e-01 5.878911478779034194e-01
4.843075925322798403e-01 -1.821866403962727476e-01 5.472723047532741525e-01
5.276385352168510012e-01 -7.199142507050483586e-02 3.256551490267633464e-01
2.465426609072019493e-01 -3.672933035882068598e-02 -9.207501314148898164e-01
4.837570057795751444e-01 -1.076901971592175988e-01 4.493890336368621119e-01
7.128361875117976698e-01 1.962290404128604893e-01 3.970328505956658427e-01
5.934700389248762642e-01 -1.918136266334425494e-02 3.980166047658957873e-01
3.311811520854613944e-01 -1.879456502200836931e-01 -7.391174695992633326e-02
6.113063013368982834e-02 -2.721877607184354786e-01 -4.465689341958197223e-01
5.636394315742648820e-02 -2.371641551095184930e-01 -5.067214252822617171e-01
1.330821305342419769e-01 -2.211649824855677071e-01 -4.713646246854183985e-01
1.820866891832974843e-01 -1.664778982032762145e-01 -4.991430803456402554e-01
1.141542128472891882e-01 -1.996735019865237271e-01 -5.121287948627776254e-01
1.610188420573551160e-01 -1.487462447914678909e-01 -5.254111253514207602e-01
2.943392681868066685e-01 -6.149356902363121297e-02 -6.514092854911606167e-01
7.459022416639958519e-02 -4.614560728511289955e-01 -2.002398928047349758e-01
8.270803052476652373e-02 -4.928531539944788209e-01 -1.108897441113485816e-01
5.595367519488457786e-01 -1.742006645628612349e-01 6.302808879449128820e-01
2.060644357641645552e-01 -2.225668245263764389e-01 1.637890251282149712e-01
2.197976988052189606e-01 -3.116276240544353371e-01 -1.509131510891775774e-01
2.235140089030981381e-01 -2.993571234121425451e-01 -9.677365241310327548e-02
5.113494258371165113e-01 -1.102232001970721020e-01 -5.402411537457725565e-02
7.951514502017831276e-02 -4.692939760234114965e-01 1.339068011822066272e-02
4.274527536343130096e-01 -2.925303773783334282e-01 7.266519603146613937e-01
5.074207994471769956e-01 -2.404724811708575938e-01 6.978526963456764820e-01
6.189425765885447905e-01 -2.304796742702615309e-02 9.297439735833487040e-01
1.596254949662812284e-01 -3.300288444982304448e-01 6.323668531369435186e-01
2.412931244957727817e-01 -2.037733490004021708e-01 5.500621162602578051e-01
3.437412908908800135e-01 -5.543027377812938250e-02 -5.473938278053119832e-01
6.523752973203977845e-01 4.698707467968252782e-01 -4.193625232632733901e-01
1.750172290598321911e-01 -2.803382942333904615e-01 -1.994557710115255345e-01
1.281523760627978348e-01 -2.818231773734025114e-01 -2.253565143607205723e-01
2.470779648694405028e-01 -5.475465645224089628e-02 -5.688137940039683649e-01
2.310636744376336482e-01 -7.360031376368497691e-02 -5.755715908170124795e-01
5.367227651878455630e-01 -2.186502969597989288e-01 7.548477169668901254e-01
2.220760697658209215e-01 -2.720758079977075306e-01 -1.850281251561348705e-01
3.163844114998461965e-01 -3.258083716153981069e-01 7.125485450845613355e-01
3.262968992293646675e-01 -3.483536561500865103e-01 7.802268744116138688e-01
3.762256132011296827e-01 -2.826772400957556775e-01 1.114230844508974139e+00
5.784822452778107804e-01 -1.339668400795489545e-01 8.303010356779867429e-01
3.434019267716564294e-01 -3.168380270862004022e-01 9.419972921226067442e-01
5.931176080254462191e-01 -1.261762561584002795e-01 6.716446899951923344e-01
6.403100015433791370e-01 -8.826062164109731850e-03 7.144959534590021866e-01
5.935356527704958168e-02 -2.615535353901402571e-01 -4.799867079153434801e-01
1.235785890469824205e-01 -2.129631721725275262e-01 -4.931517822353052027e-01
1.716020802304152326e-01 -1.628889691197006329e-01 -5.119755012352766865e-01
1.616056494648395458e-01 -2.648334569025979635e-01 -2.135516050272310840e-01
2.388246654178289297e-01 -6.506613861639012897e-02 -5.724773060281737047e-01
2.043354350169224176e-01 -1.032221727659434485e-01 -6.269546016835955138e-01
2.230101289241466223e-01 -7.539658479844610350e-02 -5.771295692403037858e-01
1.437610332189555862e-01 -3.691547666899228641e-01 -1.839162672592201675e-01
1.526256746472661185e-01 -1.360652236431788564e-01 -5.352176190147583945e-01
1.073672264465695414e-01 -1.708937421135470758e-01 -5.252420319958902573e-01
5.371847849344778963e-02 -2.046826621926854939e-01 -5.239359550854240100e-01
9.438433528919555615e-02 -1.287047615129047196e-01 -8.281069752907994630e-01
5.881890035223266699e-02 -1.890566472729316994e-01 -7.738777362645838931e-01
5.495929083742437382e-02 -1.986706808339132047e-01 -7.375217354609400200e-01
5.155184302814631858e-02 -1.875639386355182903e-01 -6.972272632222021871e-01
4.562842584452765637e-02 -1.834882273403498631e-01 -6.608498103726456741e-01
1.447979451198179723e-01 -1.333464021428638624e-01 -6.351247313223099544e-01
1.566211926154262024e-01 -1.417789748839734520e-01 -6.524097375745241401e-01
1.681717198847531847e-01 -1.492215174602440353e-01 -6.728845749286567202e-01
1.797984095486443168e-01 -1.356020202038077105e-01 -6.935323344498733888e-01
2.796116227691980427e-01 -1.660859039839096274e-01 -3.975162090931554371e-01
7.195072138638261006e-01 4.986958623948323788e-01 3.918197926519283170e-02
1.806159536784149311e-01 -9.911764365611878957e-02 -6.111340432662677458e-01
1.918836399426797623e-01 -1.049747085388388901e-01 -6.199649002238889484e-01
1.086197767463898955e-01 -2.783609746238873139e-01 -2.585091914166418592e-01
2.034505134243860258e-01 -2.211209007153172312e-01 -2.317132646912865024e-01
1.181453304079397304e-01 -2.815560748978804262e-01 -2.427901330827629267e-01
2.697220186769569983e-01 -1.944826866178626101e-01 1.114533074320423756e-01
3.701256392731647749e-01 -1.702423027563002011e-01 4.839240170540708846e-02
2.342741064892046310e-01 -2.590700279901461123e-01 -1.322659020170225130e-01
5.240935799717389987e-01 -1.654806031557523038e-01 1.040910048753471928e+00
4.850569370697697114e-01 -2.348638639349587276e-01 9.093876129867939362e-01
4.476180611694178801e-01 -2.914332368140447604e-01 7.943661252082498958e-01
2.415900277587944012e-01 -8.734400241176687452e-02 -7.281748901331535073e-01
1.799510968626467922e-01 -3.708550297810798702e-01 7.459007669317949674e-01
1.929864353655003639e-01 -3.602692214638544832e-01 9.458098059241604183e-01
2.140356040824163975e-01 -3.486603703512898278e-01 1.151738882339888859e+00
4.529812709284632977e-01 -1.299037722867268652e-01 3.495113807655828020e-01
5.916673744370658516e-01 -3.064912597377148634e-02 2.578783841787002373e-01
1.962927699115404878e-01 -1.618922185521539103e-01 3.842505871886283675e-01
5.372752781213840922e-01 -1.245575621489178886e-01 5.075688164776508415e-01
1.637306979648421867e-01 -2.520949961287118901e-01 2.222219029817585068e-01
1.824189558627714591e-01 -3.775096534994457631e-01 -1.268529426186296161e-01
6.650142940201263508e-01 4.541300109891049930e-02 1.987322327926546728e-01
5.512244991401380467e-01 -7.749181996474244216e-02 1.861968689232971208e-01
4.736761578065543654e-01 -1.298684088104817280e-01 1.468936701067959927e-01
3.572674191172920954e-01 -1.570519066963275701e-01 1.639272397131167902e-01
2.714848954919195645e-01 -1.746957231337172289e-01 2.065107236831192905e-01
2.077549002184073679e-01 -1.962477002896876321e-01 2.499711500712868684e-01
8.295438604374893998e-02 -3.329139022283207350e-01 3.369764179619543221e-01
6.552929797383602040e-01 5.393272981143342609e-02 4.544095179561397600e-03
5.807387661245795307e-01 -9.678564611492895819e-02 5.214332454924838212e-01
5.371176827805254628e-02 -4.229131819019623650e-01 -2.387754574076708103e-01
2.025359884907297070e-01 -2.373887559457084073e-01 6.498789175204575108e-02
7.311981082412795097e-01 3.990302897994626452e-01 4.365050709144193686e-01
1.606377631875816614e-01 -2.106114414431851656e-01 2.983062453102696687e-01
2.417163876857073013e-01 -1.965631725943695618e-01 -1.276575143722130379e-01
5.060978743732789109e-01 -9.556312816092826790e-02 4.458676270334536174e-01
1.844365249481376146e-01 -3.617611388093406877e-01 -6.030972003646069279e-02
6.959665753832839918e-01 4.991018651987017551e-01 -1.823481687171301657e-01
1.963122423959069163e-01 -1.497245342251898870e-01 4.161501078293695088e-01
1.330976208817319373e-01 -4.287249960750221800e-01 -1.444389204208041191e-02
5.162949076563871920e-01 1.681683477366827661e-01 -6.824506203472620047e-01
5.168899044260203413e-01 2.923369466874164990e-01 -7.634646468645829298e-01
7.155491530230202457e-01 2.778327852333355441e-01 1.666452664696268723e-02
5.933686134653477495e-01 2.306147090156484836e-01 -5.522294237970095665e-01
6.796772854240964445e-01 1.099605123419292174e-01 5.708932338206927914e-01
2.614360702752603904e-01 1.078249005629128461e-02 -9.905756684063433681e-01
5.185651666336091314e-02 -3.352029255495052595e-01 -2.453747670472092857e-01
2.571556149174012429e-01 -2.070771704823856640e-01 -1.438137236986443412e-03
6.418459501788624788e-01 4.525552839984435527e-02 3.830824454896374354e-01
4.006308059102821062e-01 -1.545560277843865682e-01 3.799910815625685556e-01
3.471299895822790860e-01 -1.676617019842485123e-01 3.736205231538317628e-01
2.169441835541595920e-01 -9.067704180458524554e-02 -6.338682687029937313e-01
6.420543388678165986e-01 9.846182458366933843e-02 -1.734230593409506749e-01
1.511291113084945736e-01 4.563786787944397461e-02 -1.101333859963821604e+00
3.414186828306796095e-01 1.536419044958821645e-01 -9.726540251140818327e-01
4.234850016961873020e-01 2.155712367038566946e-01 -8.877935401765775225e-01
2.940803209214371550e-01 -1.702785992263866344e-01 3.818949363695497978e-01
2.443389129874690979e-01 -1.621548111736335618e-01 3.983817438982384940e-01
2.123091441238424415e-01 -1.496721661837716322e-01 4.076721469131667774e-01
6.203149804326103522e-01 -3.551423246389606020e-02 5.447618897570486451e-01
2.539951434246565665e-01 -1.830506227899479088e-01 4.821084528654733248e-01
3.085565931708329490e-01 -1.986401974646908042e-01 5.117763285971752563e-01
3.649429487741346900e-01 -1.981133569100774761e-01 5.183506393892673980e-01
4.194698175550297670e-01 -1.828453942414242084e-01 5.043200576987540984e-01
4.518868390559721004e-01 -1.605350435753054306e-01 4.808343812301358877e-01
7.159352318938903004e-01 2.702176490827480348e-01 6.331299423545322380e-01
4.368930260938010957e-01 -1.377487456637908336e-01 3.968920967260856081e-01
2.249706560997449256e-01 -2.066347014383833613e-01 -3.561310126375101803e-01
1.741651807003140318e-01 -3.059258482767908682e-01 -1.887338129451225366e-01
1.117555054186896990e-01 -2.670112391371107785e-01 -3.345629214850566191e-01
4.325382693163588588e-01 1.221192126246203047e-01 -8.030005904943563477e-01
3.505987363227537346e-01 6.997952565161355554e-02 -8.973190787734366403e-01
1.491845715636465064e-01 -4.180781519026265797e-02 -1.058270498894411382e+00
5.905552457781644282e-01 3.902940966278709567e-01 -6.158853664464357669e-01
2.144679413898725739e-01 -1.628041447906447836e-01 4.417639690982927414e-01
1.231475425293793169e-01 -3.352982432313558747e-01 1.809092213445727682e-01
2.533691647502547828e-01 8.818736534027860063e-02 -1.047861153837361670e+00
6.931976302415797653e-01 2.942893915107995251e-01 -1.838371967913657312e-01
9.965867532711453203e-02 -1.608227769663130857e-01 -6.485926954087114504e-01
1.107427192608638616e-01 -1.681231841781430369e-01 -6.768234052494483954e-01
1.189945878529131418e-01 -1.762744428423835552e-01 -7.113924291200123262e-01
1.270961810979517326e-01 -1.645835746060353155e-01 -7.441261853514090641e-01
1.761772098780496065e-01 -1.137704522237405480e-01 -7.913826390246820885e-01
1.977134852398197973e-01 -1.083368685531845010e-01 -5.459275343476388542e-01
2.092056671534076595e-01 -1.084609232197493028e-01 -5.398168849692727145e-01
2.193037588524365256e-01 -1.096971527756420428e-01 -5.314913042718713010e-01
3.218071572973076888e-01 -1.114372804548328655e-01 -4.604254838644148418e-01
5.570719750065211695e-01 -2.018815860972927867e-02 -2.394649196379471379e-01
1.228480816028781897e-01 -2.886363921468261817e-01 2.861489403633439288e-01
1.541567816617231690e-01 -2.045890263903553108e-01 4.798851078746864118e-01
1.890673345417153151e-01 -1.780213947295338772e-01 4.727037693419758879e-01
1.864914922198623315e-01 -1.000138861766997067e-01 -5.524254228305225389e-01
5.645544660459214104e-01 9.880589296166339408e-02 -4.419693093034796627e-01
9.967274030780406968e-02 -2.844375286052229779e-01 4.767700753382209111e-01
2.133962495445799190e-01 -7.275011921164804829e-02 -8.511431676756247011e-01
8.000420684836040408e-02 -3.843069349858130312e-01 2.243695191107622500e-01
1.660574341223172157e-01 -3.169057744777133978e-01 3.128878993814923626e-02
1.162504670470138057e-01 -1.039862903026466390e-01 -9.016863012121725252e-01
3.554184910320747903e-01 -2.346851176015410378e-02 -6.719527150894224476e-01
2.910028858805734364e-01 -1.732999944436176831e-01 -1.980749235831285593e-01
2.906135538144998809e-01 -4.500496957494130867e-02 -7.757335064375618927e-01
4.248980573164595764e-01 -1.513932657047629693e-01 -1.791246743837491273e-01
3.430008175802906067e-01 -1.502443247497154966e-01 -2.865666787305539698e-01
4.743333974630508099e-01 -8.250173844034167092e-02 -3.174029896904632664e-01
1.384222270954285905e-01 -8.546717544788304255e-02 -9.877171518632557046e-01
2.029338200743432685e-01 -2.654898081296689361e-01 -1.478528244222834624e-02
4.109217036826050551e-01 4.064786754839076754e-02 -7.199404169461588454e-01
3.304555478089901133e-01 1.022170661795991642e-02 -8.263619636040411276e-01
4.063508131921819699e-01 -2.854106384480042946e-02 -5.528942136792969198e-01
6.237519862538416504e-01 1.395083764054764197e-01 -3.233868891821448655e-01
4.845406105122705975e-01 2.990029487970770339e-02 -5.518496303525504132e-01
6.588223449573487045e-01 2.928175090296972205e-01 -3.722695086377332263e-01
3.859129475645248220e-01 -1.038861989721193702e-01 -3.978043144039193901e-01
1.617076663510177148e-01 -2.829860008640949220e-01 1.244893785735376179e-01
1.620921501033847911e-01 -3.851786375620549485e-01 -1.707444037294567063e-01
1.999348468058803618e-01 -3.148707778018736692e-01 -1.827546481187155847e-01
1.368916102410482338e-01 -4.380970696943643494e-01 -1.159784780455176134e-01
2.050259383772916610e-01 -2.362589605969721840e-01 5.699339391962068291e-01
3.083208767912996584e-01 -2.578832899205113494e-01 6.366577616830452202e-01
3.981761292102385941e-01 -2.558431935483626574e-01 6.480471920411265963e-01
4.696913712066799196e-01 -2.286062441443794946e-01 6.266046958492323959e-01
5.161694526010370820e-01 -1.856342934127033495e-01 5.810376784381561244e-01
5.421242577909625160e-01 -6.776993384804123888e-02 4.224775151499681192e-01
7.230293559046879759e-01 2.405654795892382958e-01 2.087329636816205314e-01
4.958711783952508556e-01 -9.857687884797530775e-02 2.829010167705163781e-01
4.335577837869666329e-01 -1.319765234433231127e-01 2.522988037560006669e-01
3.521410694076499981e-01 -1.559472118915813943e-01 2.551247454729855813e-01
2.747345431379530911e-01 -1.695563115102960983e-01 2.800680049568499141e-01
2.156824886952950493e-01 -1.744125745511521386e-01 3.122875312004178561e-01
1.749944316458301452e-01 -1.810625032037356252e-01 3.411590358851920857e-01
7.276894494662542456e-01 4.703581909340728284e-01 2.430622613984451119e-01
1.992760510838028909e-01 -2.807184803612066681e-01 -2.012493112536288264e-01
1.240135564419026365e-01 -3.731107380203093626e-01 8.670026839081346193e-02
1.193475413791014184e-01 -4.334375914950169273e-01 -1.838707485368436811e-01
8.678591335689217479e-02 -4.008770175251414325e-01 -2.215845145069648969e-01
1.192854295713560164e-01 -4.002377097519157489e-01 -1.935067277411882669e-01
1.838099582433918577e-01 -2.560509513599326659e-01 -2.239080145818657941e-01
7.398340196232128241e-02 -4.160312407548639180e-01 -2.323624821126033524e-01
7.213937511131798819e-02 -3.376385881494491370e-01 -2.400042962281082604e-01
1.748227908755953797e-01 -1.590100801898897409e-01 4.125800209448926559e-01
1.431968428141123795e-01 -1.942431178766617084e-01 3.879397881664698455e-01
1.240043468897911727e-01 -2.363202071281712002e-01 3.662993032887384426e-01
4.697785308894083522e-01 -1.374617748161336972e-01 4.633417840555177358e-01
5.076669894349939982e-01 -1.412973726911170569e-01 5.028234930734414299e-01
-3.258695278568705112e-01 -1.548116680969193193e-01 4.837118142854304748e-01
-2.614434138396891649e-01 -1.608153329831953915e-01 4.819055736463224160e-01
-3.250713064807235209e-01 -1.631393905454484594e-01 5.674246402583359439e-01
-3.911656736794081324e-01 -1.487555147829228153e-01 4.858830347199558086e-01
-3.272476500502863317e-01 -1.464864737607345369e-01 4.006454890014418124e-01
3.529397121358543998e-01 -1.612081233904081035e-01 4.532100972846136999e-01
4.160097346529062490e-01 -1.669228611516177518e-01 4.499871701672976121e-01
3.520298926576503895e-01 -1.696777511925505466e-01 5.322688710228892228e-01
2.893685816362653873e-01 -1.555185162697641232e-01 4.569623904377642098e-01
3.540874149470296661e-01 -1.527548681253527163e-01 3.741135394382864021e-01
