-1.401349139343304601e-02 -2.788993227334252700e-01 -4.657809165410543017e-01
2.196952803626884415e-02 -4.642394263667595777e-01 -2.015455353330510568e-01
2.485849346837145507e-02 -2.911922186909279286e-01 -2.616194688754848174e-01
-3.272192354814351667e-02 -4.210765433457351326e-01 1.286148456071902202e-01
2.177135212956487695e-02 -4.976375395551754788e-01 -1.090492693059417484e-01
2.075301376472283785e-02 -4.885909594080287688e-01 2.245361535670397507e-02
2.294117305924467734e-02 -3.591617690030730614e-01 3.572951532607913094e-01
-4.307405801913056775e-01 -1.136023758320483801e-01 4.495889084473881359e-01
2.339705686546655894e-02 -3.437540662675667713e-01 6.117747872146882537e-01
2.243404540817410531e-02 -3.709590456032506589e-01 7.345388874393180556e-01
2.106731572918025402e-02 -3.595554851291098419e-01 1.166320166160904837e+00
-1.289675879835748204e-02 -2.684519797436735744e-01 -4.916440194351546222e-01
-1.120903260301345586e-02 -2.464258126135653315e-01 -5.167367085423815176e-01
-8.741347211220083097e-03 -2.128999832643838352e-01 -5.343255757752070068e-01
-1.622391972588711068e-02 -1.909209627707501022e-01 -6.395396389077196986e-01
-1.717041647098839843e-02 -1.941374054830919960e-01 -6.789506017964125340e-01
-1.895027487944914157e-02 -2.034017745514738462e-01 -7.212635904556519151e-01
-1.871311423991578807e-02 -1.923701346622787300e-01 -7.603439419243184227e-01
1.144808474197383033e-02 -1.302639367475369458e-01 -8.180200631139094014e-01
2.092309256823412372e-02 -4.253048961004759487e-01 -2.412840051324063040e-01
-4.032112439950826660e-02 -3.363938024738002408e-01 -2.220005417672847592e-01
-6.682879493173465857e-01 1.381660660223827664e-01 8.563632111800115743e-01
-2.559013648520174211e-01 -1.710106353877096919e-01 3.458941167797977556e-01
-3.214348553552434651e-01 -1.640193206998398212e-01 3.394837472754550500e-01
-3.824568900962830864e-01 -1.459257098606968617e-01 3.511646328169733544e-01
-4.570340772596173107e-01 -1.002604062144948627e-01 4.239041774720366806e-01
-1.981534996067744747e-01 -1.666251219291906283e-01 3.698088946017448198e-01
-3.483744337381000089e-01 -2.225371070206628721e-01 6.379727930648463330e-01
-2.735315452587051555e-01 -2.218682882093672148e-01 6.238037166750878271e-01
-4.145795965033368113e-01 -1.987226278609815489e-01 6.232527948380626182e-01
-4.565354142199113952e-01 -1.681818444940548218e-01 5.869831567886515389e-01
-5.120407375299971253e-01 -5.959365198406679776e-02 3.707180191585840445e-01
-2.261750031501847946e-01 -2.637926823873618445e-02 -9.063592058313000299e-01
-4.516983647129705903e-01 -9.708794511109028469e-02 4.865674586927647982e-01
-6.894564686834023792e-01 2.138669721136459145e-01 4.649009592019302528e-01
-5.820033241968750604e-01 -3.910461666717145526e-03 4.541104408515093116e-01
-2.994206332698791662e-01 -1.792395066688791672e-01 -4.480551389125801698e-02
-8.585665466161691850e-02 -2.670484072940090270e-01 -4.466584328401816406e-01
-7.430722602830276691e-02 -2.332141479433628706e-01 -5.086985333663758269e-01
-1.477902072861841110e-01 -2.217519922803838917e-01 -4.653836143301495754e-01
-1.850642601585978653e-01 -1.723546798552758608e-01 -4.927768372573820832e-01
-1.251004870465116658e-01 -2.018312808373135536e-01 -5.100900475021197256e-01
-1.614702149251044661e-01 -1.540811341693296144e-01 -5.228583322970138392e-01
-2.846201265207113362e-01 -5.649276100686218688e-02 -6.220344838453480962e-01
-3.246221717940531160e-02 -4.573676284028398431e-01 -1.948802125918767392e-01
-4.205272991375637315e-02 -4.883308748844284453e-01 -1.047804878031146497e-01
-5.416933768527689708e-01 -1.590843527788861900e-01 6.737620358973192003e-01
-1.681603234683983483e-01 -2.201704549975606051e-01 1.806185728110821231e-01
-1.803312218943139977e-01 -3.042160514162799423e-01 -1.344949056096026163e-01
-1.853681180784432780e-01 -2.919876644839587976e-01 -7.987610521391784457e-02
-4.874418297505738185e-01 -9.877110979383554867e-02 -7.572880680750808738e-03
-3.796124472500637254e-02 -4.676837560548293693e-01 1.830315233306319123e-02
-3.957477228733897734e-01 -2.777769092326278777e-01 7.585969011084522373e-01
-4.820554158901684261e-01 -2.247621077430029812e-01 7.337200900440347118e-01
-6.044807664604314734e-01 -3.935178187824783617e-03 9.946994197971763541e-01
-1.146829325633710317e-01 -3.258236728093273360e-01 6.491862293587210564e-01
-2.072406888630454191e-01 -2.001912238532341792e-01 5.775107881051233516e-01
-3.267678152897440236e-01 -5.338646033489882758e-02 -5.209596737856514448e-01
-6.101758936518870691e-01 4.883074549819990673e-01 -3.680239861977009364e-01
-1.321438908140453172e-01 -2.729357235546465699e-01 -1.870518195550416318e-01
-8.162867401450540905e-02 -2.730445393222826755e-01 -2.162816986069139857e-01
-2.347203139497666124e-01 -6.427679855988577273e-02 -5.439966790761650017e-01
-2.223359081205454613e-01 -8.035156321144608371e-02 -5.515241009098013070e-01
-5.138283192758744677e-01 -2.023888314487093942e-01 7.989742499620813287e-01
-1.841927967470560756e-01 -2.637232338199604342e-01 -1.685423153253948481e-01
-2.768783125479585827e-01 -3.129920653794116547e-01 7.396032518411207457e-01
-2.866803662991698753e-01 -3.348309654455756124e-01 8.124560705423518048e-01
-3.472036178552103669e-01 -2.692915277503327709e-01 1.154909487078138230e+00
-5.581591090771103048e-01 -1.177588923615999900e-01 8.845937507390249088e-01
-3.093537655360451000e-01 -3.053978916462498638e-01 9.753430951026019757e-01
-5.764568167331909354e-01 -1.110168941754214184e-01 7.266487057398691718e-01
-6.215736571156277313e-01 7.291998867722111234e-03 7.746022534285088579e-01
-8.176524337381096963e-02 -2.568386246332573508e-01 -4.813127658147102195e-01
-1.367291877823789414e-01 -2.142641944334728876e-01 -4.888372550932593152e-01
-1.741693030844139456e-01 -1.681961823157717695e-01 -5.075005052400274330e-01
-1.173085019041785054e-01 -2.565812607133536871e-01 -2.023519737729536083e-01
-2.281534777401703074e-01 -7.258623322010412937e-02 -5.478881675963900300e-01
-2.113991495004919896e-01 -1.069465897792633985e-01 -5.887254935592194371e-01
-2.152798305563032588e-01 -8.221092812698752028e-02 -5.542716762062034341e-01
-1.030364458153245621e-01 -3.663635399655976732e-01 -1.730317491249594442e-01
-1.519538838794791402e-01 -1.413373313937300868e-01 -5.345570149469364152e-01
-1.143828257022418693e-01 -1.744182448764211302e-01 -5.263679653008985770e-01
-6.668814721641325161e-02 -2.031705344124701551e-01 -5.268953728119866176e-01
-7.605605105181734160e-02 -1.252370786549361903e-01 -8.093533234228887929e-01
-9.411320604142113522e-02 -1.887904259557369180e-01 -7.464338010325246575e-01
-9.112127621843330028e-02 -1.996647570136071970e-01 -7.060944583706457722e-01
-8.367698367030051987e-02 -1.892335831819664249e-01 -6.627233283825118004e-01
-7.500487520552139020e-02 -1.858570845037645913e-01 -6.256513813258096635e-01
-1.619600234470141009e-01 -1.375152383960575597e-01 -5.915908710978323715e-01
-1.759289947351559413e-01 -1.438314951812063591e-01 -6.080363514490961796e-01
-1.902533822743809333e-01 -1.502518616000190488e-01 -6.284358667517405683e-01
-2.005243868938214880e-01 -1.362744036429830996e-01 -6.508825273404753586e-01
-2.505269455570134363e-01 -1.606043935057719363e-01 -3.776375365981007315e-01
-6.824918863232846133e-01 5.184822072832293571e-01 1.059668132321185535e-01
2.467366757209655398e-02 -3.380960783252709989e-01 -2.482552002562707638e-01
-1.866326544136697740e-01 -1.057548854030485042e-01 -5.741264877510674491e-01
-1.990809708774780029e-01 -1.095427111451277441e-01 -5.813659272704043701e-01
-6.044537878704141221e-02 -2.733583465130315360e-01 -2.517238018055649174e-01
-1.611316771582620155e-01 -2.106882609183752253e-01 -2.168825376881262090e-01
-7.070385509918969413e-02 -2.742782916084518519e-01 -2.344912876811722779e-01
-2.346668556836344621e-01 -1.909096395124567913e-01 1.345148313269494689e-01
-3.392447130480124029e-01 -1.627562933043675275e-01 8.177579332169623849e-02
-1.958604816302833562e-01 -2.510416679572957110e-01 -1.143532142258019690e-01
-5.031483037941124614e-01 -1.469079577058035324e-01 1.097465739606477975e+00
-4.588250831463527857e-01 -2.191404493983801771e-01 9.562037865266994618e-01
-4.158901413622964061e-01 -2.760656497842987056e-01 8.324427206585376382e-01
-2.339649530265948685e-01 -8.318853960689616411e-02 -7.007927585503221923e-01
-1.327152092303010289e-01 -3.644986529663289954e-01 7.720450040744455400e-01
-1.543478348460867733e-01 -3.532273424237520887e-01 9.633053345211418650e-01
-1.786688916166678798e-01 -3.392197828996594833e-01 1.173476860844957281e+00
-4.314932303809785319e-01 -1.205617318719091613e-01 3.785518709898051393e-01
-5.835333745066337841e-01 -1.442897994351038937e-02 3.130022476930159891e-01
-1.597387841913130713e-01 -1.619338987719529666e-01 3.933035574720138428e-01
-5.149738445745314364e-01 -1.107710522707146261e-01 5.528541521287481109e-01
-1.236311587698167153e-01 -2.508752066534739034e-01 2.347132406716404551e-01
-1.429521589068165899e-01 -3.711595080250671974e-01 -1.121469153296054955e-01
-6.405208702271116827e-01 6.218234871405116382e-02 2.610013222969502777e-01
-5.435296174424195659e-01 -6.372935334155986620e-02 2.356059112958115431e-01
-4.641558096633287556e-01 -1.185167484517269804e-01 1.876879650800601373e-01
-3.411156756274172919e-01 -1.502488378756868803e-01 1.914661392204380364e-01
-2.496752963765729860e-01 -1.704841587126124658e-01 2.232502106988301094e-01
-1.812480656453982764e-01 -1.931207934897478662e-01 2.606384163832015655e-01
-3.779561422833589701e-02 -3.318349623400159709e-01 3.420830338859165431e-01
-6.284430243308314346e-01 6.881219548384359674e-02 6.421924037321583012e-02
-5.663103664988289321e-01 -8.213477125305476689e-02 5.749541239483426658e-01
-1.289506546993836149e-02 -4.215228386746536215e-01 -2.358949443458182305e-01
-1.633837671166175620e-01 -2.346195184380871213e-01 8.097992929252825767e-02
-7.068941162576293236e-01 4.167147585826362910e-01 5.081496688491120572e-01
-1.279408154937991260e-01 -2.091316255974558502e-01 3.038765685276249018e-01
-1.997805522226850095e-01 -1.885430775983245044e-01 -1.091019337839989195e-01
-4.772537491720948433e-01 -8.468408496152936282e-02 4.867960636615760173e-01
-1.463798891055705098e-01 -3.553782135001463116e-01 -4.594095238692186278e-02
-6.542887999637825303e-01 5.197917309071961034e-01 -1.227547835627604556e-01
-1.561202632668506896e-01 -1.513654081586663647e-01 4.276191507685056514e-01
-9.473075663727230367e-02 -4.248127315667912240e-01 -4.448715284419020241e-03
-4.887488303233821219e-01 1.861174041999046902e-01 -6.486956160536641036e-01
-4.825690970915326172e-01 3.112578281437449745e-01 -7.331877935438809724e-01
-6.781853383587652662e-01 2.954484712630884857e-01 8.057806489311469811e-02
-5.622655550556927562e-01 2.489533240762892286e-01 -5.085135120102562967e-01
-6.581092400717420965e-01 1.265542336823630709e-01 6.357836614588757707e-01
-2.361066599295042479e-01 2.162017651731646534e-02 -9.796128301524830162e-01
-1.803160927435486748e-03 -3.332728684679764353e-01 -2.431102081384126368e-01
-2.211411238400285972e-01 -2.012788691568596355e-01 2.021751064760903688e-02
-6.368022532551957937e-01 6.091212643238198832e-02 4.504765771894123083e-01
-3.720894926676026060e-01 -1.467835172183019621e-01 4.010409206271174920e-01
-3.182246932644349213e-01 -1.621278733479329659e-01 3.887087129912812355e-01
-2.215646307117076497e-01 -9.471873623209653426e-02 -5.965460257134550526e-01
-6.130644267926191882e-01 1.136839941390204722e-01 -1.181077546404045997e-01
-1.156169871277158562e-01 5.125603268027056902e-02 -1.096677226046764764e+00
-3.066508534692612420e-01 1.668411698693675338e-01 -9.604580877635418013e-01
-3.885560058363499714e-01 2.312949263851993287e-01 -8.689417025133364669e-01
2.161755676783172139e-02 -3.695208463701946666e-01 9.465128671717604192e-01
1.903031235448010908e-02 3.170934112392630871e-02 -1.116407125671238232e+00
-2.630391967250267360e-01 -1.664258909966301325e-01 3.949975433641863543e-01
-2.089187731922712565e-01 -1.611632868609366165e-01 4.110750066845887951e-01
-1.730141182255882371e-01 -1.507899722765627115e-01 4.201924927401360921e-01
-6.105152440327205055e-01 -2.105709000819184357e-02 6.089428984962999003e-01
-2.211375645357155639e-01 -1.815437432121290440e-01 5.095353108988711632e-01
-2.808343366193704060e-01 -1.937958298199700669e-01 5.456013630484806143e-01
-3.379003472889981485e-01 -1.907234443442158422e-01 5.544011188074747798e-01
-3.916487259029898249e-01 -1.730308784939990352e-01 5.416260682748346156e-01
-4.235163638524371277e-01 -1.498498653930695756e-01 5.185952422575305087e-01
-6.989567174579263131e-01 2.891613882117047840e-01 7.045078505154012127e-01
-4.073240823155723223e-01 -1.287554156003129224e-01 4.238711597702735645e-01
2.354738720058642196e-02 -2.738505537831355530e-01 -3.286184679408031273e-01
-1.879957052546695206e-01 -2.008081839104891020e-01 -3.398195958180702525e-01
-1.317408759563883647e-01 -2.986164673198319353e-01 -1.758243221157070602e-01
-6.705333723976658611e-02 -2.654213806618481719e-01 -3.285867849193260803e-01
2.326667857229927291e-02 -3.278334032024558531e-01 4.878496329122465336e-01
-4.058829119479635539e-01 1.390727806963066859e-01 -7.786124106726435290e-01
-3.256949738465495514e-01 8.512007185105532892e-02 -8.810000281309424697e-01
-1.232421687914709851e-01 -3.543094459117068773e-02 -1.051301637471735884e+00
-5.512252238394219628e-01 4.087033502822805531e-01 -5.747700368883649213e-01
-1.769076066718544560e-01 -1.643145777580441724e-01 4.589077328510656750e-01
-8.093043272590405568e-02 -3.331579422368287080e-01 1.898880656903706166e-01
1.399369212907129734e-02 -5.289907153588523092e-02 -1.069512871089797423e+00
-2.190393170977723847e-01 9.780266482605542988e-02 -1.040992285523244298e+00
-6.553958186959473187e-01 3.122068173491822085e-01 -1.247014623116055043e-01
-1.240781629842535316e-01 -1.645207330354941377e-01 -6.070622023957690239e-01
-1.379573440780036131e-01 -1.704894173570243587e-01 -6.350328612037074993e-01
-1.491066344853031467e-01 -1.782065461206662760e-01 -6.708784048599637506e-01
-1.558796929789525998e-01 -1.660549705059419512e-01 -7.086249120903983512e-01
-1.650423220290951343e-01 -1.118860790264131211e-01 -7.669931707705508472e-01
-1.904438184200640538e-01 -1.154370051408772219e-01 -5.396936662990858835e-01
-2.016076448007382838e-01 -1.174303473188187397e-01 -5.324985478449011378e-01
-2.111077975174638355e-01 -1.193213333898234529e-01 -5.243065319894665288e-01
-2.983052624468987002e-01 -1.102826747512204164e-01 -4.409009134564033650e-01
-5.346368232706548707e-01 -5.694280772761500103e-03 -1.916710002358915366e-01
-7.958768141926805817e-02 -2.873697900282609075e-01 2.952561491743072031e-01
-1.116143466825162966e-01 -2.022961994276003539e-01 4.961062535833014042e-01
-1.511459027078670414e-01 -1.789670772163955981e-01 4.909858741762070933e-01
-1.791327244050288370e-01 -1.085139838475651652e-01 -5.463636738418526928e-01
-5.388253284845391233e-01 1.153696734431665233e-01 -3.976454478168697793e-01
-5.940394045855831862e-02 -2.836044365372641374e-01 4.856946965720715936e-01
-1.984911071125164961e-01 -6.536699761255256036e-02 -8.316946755865139984e-01
2.147455570979054512e-02 -4.440260665028618603e-01 1.366333809459298332e-01
-3.654627588721523490e-02 -3.820281816535820996e-01 2.292063121772831003e-01
2.239607386369101699e-02 -3.995438335594628243e-01 2.428479692107302357e-01
-1.264115010739615685e-01 -3.121586475163397600e-01 4.463289244033556008e-02
1.220782411687993188e-02 -9.900682894210929841e-02 -9.940697039807757651e-01
1.204304126925600203e-02 -1.134018776031048559e-01 -8.985054008340989107e-01
-9.572051675684631333e-02 -9.812576352155961967e-02 -8.869323312228586387e-01
-3.425473099432445601e-01 -1.313972384700880583e-02 -6.403003642698285036e-01
-2.564703128882845906e-01 -1.635241719099620739e-01 -1.740045960232837752e-01
-2.794132954987494921e-01 -3.488103786932984091e-02 -7.503334559741533516e-01
-4.010983334364015551e-01 -1.386614250665237635e-01 -1.416097304906562271e-01
-3.170453249791757577e-01 -1.402106085142354186e-01 -2.569321769431345270e-01
-4.546182557752453945e-01 -6.896575618680084174e-02 -2.771407999774241904e-01
-1.160350006033025599e-01 -7.964158761446248069e-02 -9.777825366279531139e-01
-1.642698987271104250e-01 -2.597539738622494099e-01 8.827975786046791951e-04
-3.912369109072594275e-01 5.563613309861815265e-02 -6.943281347516025992e-01
-3.110881816922796972e-01 2.405668812900563572e-02 -8.071777481310138391e-01
-3.897827186678785583e-01 -2.113172755664689817e-02 -5.184627824996780321e-01
-5.945010178204778173e-01 1.563968827864369859e-01 -2.724231748919911933e-01
-4.661150705178461195e-01 4.499335768963289017e-02 -5.157437872496193343e-01
-6.220448669558220622e-01 3.093113927136028618e-01 -3.192125879383251874e-01
-3.680220178306562451e-01 -9.565758101199861585e-02 -3.641545065181735485e-01
-1.209774195684522463e-01 -2.812082287720181206e-01 1.371795614491228554e-01
-1.229122393712285821e-01 -3.803378145120095422e-01 -1.581681179575831209e-01
-1.601710969928120676e-01 -3.065400351551099689e-01 -1.677172330198375971e-01
-9.625311764826205430e-02 -4.325153664634500128e-01 -1.051041484198939335e-01
-1.641900171252493046e-01 -2.323885104510836075e-01 5.911827175405831580e-01
-2.717929827924808750e-01 -2.481950655239139880e-01 6.627124188991460052e-01
-3.645164945423792213e-01 -2.433231438456023021e-01 6.785688210316758173e-01
-4.398495758183046389e-01 -2.146623339550753351e-01 6.616826972270267726e-01
-4.905901770879965151e-01 -1.710406116383798580e-01 6.212453518153777665e-01
-5.220831419403898499e-01 -5.480835506220087250e-02 4.700620803370733070e-01
-6.933808344700382875e-01 2.564976459425029054e-01 2.759846202137477000e-01
-4.793261353356621512e-01 -8.764357351445599409e-02 3.224888993077264510e-01
-4.170224506786938679e-01 -1.224812932224405293e-01 2.838210283545681833e-01
-3.326007984756249591e-01 -1.494644693285914205e-01 2.748089628820733488e-01
-2.507728236305695746e-01 -1.658196378468034526e-01 2.913384465667800405e-01
-1.858288152054766162e-01 -1.711760754565387344e-01 3.197923620605565009e-01
-1.407784602247015848e-01 -1.794285552878351897e-01 3.464417346011849363e-01
-6.974409644380661355e-01 4.871618311446145322e-01 3.132254776479066471e-01
-1.597860099211196871e-01 -2.720470028100052118e-01 -1.868859428971066383e-01
-8.163344789129590995e-02 -3.711734148427628943e-01 9.574025374994565851e-02
-7.939437515148184410e-02 -4.283343262201907420e-01 -1.747405798459262527e-01
-4.709932032123614887e-02 -3.960304087747237856e-01 -2.155698661280254780e-01
-7.957682328838903973e-02 -3.956487471236304621e-01 -1.842719957551204879e-01
-1.424983319414515615e-01 -2.466764907137982132e-01 -2.112364795696082542e-01
-3.398470584476914746e-02 -4.120813547150823930e-01 -2.275546396626934031e-01
-2.440052421621640572e-02 -3.339573953744435775e-01 -2.361594643243780656e-01
-1.351791188683031664e-01 -1.590651896046100522e-01 4.229613304003962959e-01
-1.051987307270458860e-01 -1.932221961172654878e-01 3.948697092446785684e-01
-8.790686441557041264e-02 -2.344867278527034693e-01 3.714884432973504236e-01
-4.400335783349433871e-01 -1.264166973578953190e-01 5.008718685965689588e-01
-4.804471509944926444e-01 -1.273160149143242603e-01 5.445535368174992952e-01
7.580016112166361453e-02 -4.206927992790393533e-01 1.238957679749551344e-01
4.604656671259175216e-01 -1.233758049671387358e-01 4.177627746516098250e-01
8.645589239812657978e-02 -3.402507396957492047e-01 -2.276617509730301248e-01
6.774600212233108376e-01 1.186827646123404384e-01 7.851220551616988619e-01
2.809870412871131040e-01 -1.736265588580182540e-01 3.407478583994359989e-01
3.431089461153680187e-01 -1.689789784785599158e-01 3.316079345457121907e-01
4.022120803049892834e-01 -1.532301832554678611e-01 3.346680080195797435e-01
4.805127503246164888e-01 -1.098136090270262766e-01 3.896384724189296822e-01
2.296022359730837126e-01 -1.688078915809473057e-01 3.637832340755082772e-01
3.763255153449739376e-01 -2.305552134211182325e-01 6.000292432239522356e-01
3.029758526429513488e-01 -2.282799018572223559e-01 5.882716913366882183e-01
4.424925920522448930e-01 -2.101073855967260928e-01 5.826520628335820629e-01
4.833380269684432462e-01 -1.818219096023661330e-01 5.425155348481347506e-01
5.265822227373697650e-01 -7.184730048072032749e-02 3.265900434460111690e-01
2.460800030383297199e-01 -3.658278823958353854e-02 -9.170037454380545183e-01
4.827885424696854444e-01 -1.074746054395371575e-01 4.480774692560871575e-01
7.114091163059671485e-01 1.958361972628817338e-01 3.962380057788902343e-01
5.922819342538310217e-01 -1.914296253136011858e-02 3.976103621648164888e-01
3.305181398894832534e-01 -1.875693901053631096e-01 -7.376377889323285086e-02
5.925896945596572513e-02 -2.683006143109223363e-01 -4.538057632416532261e-01
5.389877008081219584e-02 -2.317156113208628243e-01 -5.168126596947992812e-01
1.291935628124079583e-01 -2.191158028555921233e-01 -4.796306336794998182e-01
1.752245717927634616e-01 -1.655314424884540558e-01 -5.077248005459176206e-01
1.100550435441296354e-01 -1.965513424485537675e-01 -5.217888992681339877e-01
1.543517602072650430e-01 -1.474282052361029216e-01 -5.335221109009323781e-01
2.842663787742938375e-01 -6.214126660016122683e-02 -6.485244718078270187e-01
7.444089734628421551e-02 -4.605562600020687847e-01 -1.998570788809986287e-01
8.254245216199453117e-02 -4.918664805383747840e-01 -1.106677465515453207e-01
5.584165804405820666e-01 -1.738519213918643391e-01 6.284577552349106533e-01
2.056519025230404973e-01 -2.221212541243414440e-01 1.634611256673200452e-01
2.193576720886074027e-01 -3.110194481488361973e-01 -1.506143261748526530e-01
2.230665422736067272e-01 -2.987578217232468303e-01 -9.657991614015097592e-02
5.103257235412533843e-01 -1.100025375006890849e-01 -5.391596206505894218e-02
7.935595869395961621e-02 -4.683544671544940252e-01 1.336387166254074735e-02
4.265970093171035371e-01 -2.919447425779390648e-01 7.251972304519072043e-01
5.064049621134155688e-01 -2.399910643184508530e-01 6.964418645089133220e-01
6.177034768562554845e-01 -2.300182719930409653e-02 9.278826574165623953e-01
1.593059307359943888e-01 -3.293681391786521528e-01 6.311008785084901707e-01
2.408100647463305155e-01 -2.033654024287091799e-01 5.449704222808428034e-01
3.324000091481108532e-01 -5.727716123938755843e-02 -5.542055679603069551e-01
6.510692665400992230e-01 4.689300832545375552e-01 -4.185229752826323257e-01
1.746410469908823704e-01 -2.800668855735813367e-01 -1.992136525891743948e-01
1.277440295710579043e-01 -2.817553434610456931e-01 -2.252815517197487294e-01
2.335965267457749406e-01 -5.618164409148479477e-02 -5.724758695561275035e-01
2.179572023096184585e-01 -7.474135835486774015e-02 -5.769775619974765180e-01
5.356482664220256762e-01 -2.182125672984769338e-01 7.533365365201998287e-01
2.216314818363373795e-01 -2.716324967881623698e-01 -1.846970573578055053e-01
3.157510218213548381e-01 -3.251561155236110112e-01 7.111220459872205080e-01
3.256436651236896962e-01 -3.476562652475948534e-01 7.786648895881798094e-01
3.754724236901295087e-01 -2.821113309051850315e-01 1.112000196314194334e+00
5.773241456052874421e-01 -1.336986435101787385e-01 8.286388005284019975e-01
3.427144490449249292e-01 -3.162037292863859594e-01 9.401114490143172020e-01
5.919302089077910223e-01 -1.259236565122910934e-01 6.703000826163403314e-01
6.390281250309121086e-01 -8.808392778449396915e-03 7.130655594642433259e-01
5.715804490091230816e-02 -2.567557677770493374e-01 -4.890842163268745435e-01
1.195373825916472010e-01 -2.103309641175583056e-01 -5.023372104464534083e-01
1.649048599152674877e-01 -1.617063259399280362e-01 -5.204870173714380988e-01
1.611815799939896043e-01 -2.646629387782655218e-01 -2.133104727818264934e-01
2.254382782958231912e-01 -6.636109964535104322e-02 -5.750611409876815738e-01
1.964376804086620243e-01 -1.029417821028639768e-01 -6.147204427664756388e-01
2.102942912565063383e-01 -7.639311543940874305e-02 -5.776520929342596755e-01
1.434732290437167879e-01 -3.685964423410293955e-01 -1.836846810304332833e-01
1.461180435774038500e-01 -1.346995600921797598e-01 -5.428553574234427082e-01
1.031159010383756874e-01 -1.678352860817767522e-01 -5.346958128882972616e-01
5.112605186242909217e-02 -1.992955177150084467e-01 -5.340491546514400945e-01
9.401896299598899720e-02 -1.276450150032786834e-01 -8.160240166380182680e-01
5.836286700488337031e-02 -1.875273140482143219e-01 -7.548316723464996159e-01
5.448383612361508421e-02 -1.970205576662313884e-01 -7.149174475285804409e-01
5.093042137418908599e-02 -1.858921989710092815e-01 -6.726099667963358897e-01
4.484053878520632280e-02 -1.818896286297480014e-01 -6.356654268953255693e-01
1.413404169573838631e-01 -1.322746536872649037e-01 -6.140683906410815407e-01
1.533884259963993191e-01 -1.406481601327816133e-01 -6.314880896565031598e-01
1.653262157410521904e-01 -1.480434015083481047e-01 -6.527253591725092896e-01
1.771817374768921982e-01 -1.344804236165203781e-01 -6.745658356408885670e-01
2.750494672490183534e-01 -1.663308143702880160e-01 -4.022493416249257603e-01
7.180667875144337575e-01 4.976974920565158667e-01 3.910353841808603820e-02
1.734753038162822891e-01 -9.869789572059314842e-02 -5.974155608266487061e-01
1.845181602686551958e-01 -1.045771884393968537e-01 -6.064909646255877140e-01
1.080795545260814089e-01 -2.782970362367880313e-01 -2.587149146788926823e-01
2.028681063747496127e-01 -2.208822202524147182e-01 -2.313395811428872184e-01
1.176721763469560922e-01 -2.815029178792705089e-01 -2.428454803758223202e-01
2.691820453518429246e-01 -1.940933396024231983e-01 1.112301821072941843e-01
3.693846616802762828e-01 -1.699014840765894208e-01 4.829552170558867874e-02
2.338050985495132017e-01 -2.585513795492905276e-01 -1.320011106616053032e-01
5.230443643591746739e-01 -1.651493172193419512e-01 1.038826186030928689e+00
4.840858713463855878e-01 -2.343936753230679848e-01 9.075670494874110705e-01
4.467219466658397531e-01 -2.908497984477477205e-01 7.927758341371289319e-01
2.387778798316680384e-01 -8.668443687270280251e-02 -7.163627110552653887e-01
1.795908415427160398e-01 -3.701125919758593286e-01 7.444075016829994063e-01
1.926000837887274775e-01 -3.595479760482806486e-01 9.439163303067990007e-01
2.136071128624704718e-01 -3.479623654185165504e-01 1.149433144465721979e+00
4.520744194808973826e-01 -1.296437098260846132e-01 3.526261431181605399e-01
5.904828786324467504e-01 -3.058776827905634529e-02 2.573621213638843108e-01
1.958997991775051073e-01 -1.615681164266007108e-01 3.859901738677961602e-01
5.361996732454757941e-01 -1.243082021320597863e-01 5.044102079202843480e-01
1.634029152727320411e-01 -2.515903114390007911e-01 2.218215139637196021e-01
1.820537599820487018e-01 -3.767538933881182661e-01 -1.265989878041051397e-01
6.636829604443514885e-01 4.532208668212277941e-02 1.983343783457883758e-01
5.501209684490024898e-01 -7.733668425909724642e-02 1.858241079324737255e-01
4.727278759747163273e-01 -1.296084171461873158e-01 1.465995963808752467e-01
3.565521831969842848e-01 -1.567374946928496993e-01 1.637511471553224351e-01
2.709413929538023735e-01 -1.743459888741027974e-01 2.071346451179067460e-01
2.073389827310997136e-01 -1.958548197833381577e-01 2.509963836131213766e-01
8.278831448650435243e-02 -3.322474211318025561e-01 3.363018057323191590e-01
6.539811078677251199e-01 5.382475828336564377e-02 4.534997487615141654e-03
5.795761489822894852e-01 -9.659188442823024578e-02 5.190528519380178674e-01
5.360423910665436387e-02 -4.222627577567718005e-01 -2.385631875553989312e-01
2.021305190681847719e-01 -2.369135125950860288e-01 6.485778797224950321e-02
7.297342771615595858e-01 3.982314480550231406e-01 4.356312060692857924e-01
1.603161724344323302e-01 -2.101898052679074536e-01 2.995353504688804680e-01
2.412324805792966376e-01 -1.961696605243450908e-01 -1.274019488353337060e-01
5.050846854857015122e-01 -9.537181437674237261e-02 4.447330581689863394e-01
1.840672899700767084e-01 -3.610369066314187969e-01 -6.018898271548896173e-02
6.945732765057159863e-01 4.981026820580596870e-01 -1.819831145496074720e-01
1.959192326786911020e-01 -1.494247913454899157e-01 4.164337297208046684e-01
1.328311644564656169e-01 -4.278667047763521358e-01 -1.441497626479302553e-02
5.152510657573783348e-01 1.678316810368273293e-01 -6.810934840116066313e-01
5.158551103006470129e-01 2.917516991279819338e-01 -7.619362193895231616e-01
7.141166505623921523e-01 2.772765725885740773e-01 1.663116419070822388e-02
5.921807118442534712e-01 2.301530270519059340e-01 -5.511238812845511426e-01
6.783165970916598120e-01 1.097403750691384738e-01 5.697503233225267305e-01
2.609126851068424013e-01 1.076090397565933159e-02 -9.883394544694131811e-01
5.166630906729757777e-02 -3.350458429059952614e-01 -2.455724460883042803e-01
2.566407990594308797e-01 -2.066626097844899146e-01 -1.435258374191653594e-03
6.405609987550627826e-01 4.516492853606708657e-02 3.823155307289962668e-01
3.998287581224461151e-01 -1.542466124365091118e-01 3.820100280592683140e-01
3.464350484141794917e-01 -1.673260495701119344e-01 3.759452038474931368e-01
2.083551322359884495e-01 -9.059411611031345513e-02 -6.234954912782704195e-01
6.407689702577085145e-01 9.826470818599669643e-02 -1.730758729063276435e-01
1.508265565183625756e-01 4.554650188502191999e-02 -1.099129031046470306e+00
3.407351754836396296e-01 1.533343191884072865e-01 -9.707068083807106618e-01
4.226372006689538274e-01 2.151396712052262294e-01 -8.860162109386631180e-01
2.934915831924320151e-01 -1.699377078825095588e-01 3.838225180678835335e-01
2.438497556841544567e-01 -1.618301833475399854e-01 3.995180980338808308e-01
2.118841092117243197e-01 -1.493725281429186258e-01 4.083626372528054715e-01
6.190731331995024123e-01 -3.544313454157904664e-02 5.433452931499442862e-01
2.534866547116081392e-01 -1.826841623358221312e-01 4.792266318492552912e-01
3.079388744898828856e-01 -1.982425272690855333e-01 5.074707007341501264e-01
3.642123467324730468e-01 -1.977167414294245529e-01 5.137294976211461695e-01
4.186300547752567214e-01 -1.824793446471247305e-01 5.003722682459814664e-01
4.509821786198043303e-01 -1.602136584629520188e-01 4.780137069826956853e-01
7.145019565179001608e-01 2.696766835242243587e-01 6.318624363093806595e-01
4.360183827065974849e-01 -1.374729778618470899e-01 3.980999416900215526e-01
2.223908202143125012e-01 -2.062127230810647804e-01 -3.581817825500533958e-01
1.738165085666737997e-01 -3.055725470665425214e-01 -1.885112928106168761e-01
1.106434119170623120e-01 -2.663497349191231156e-01 -3.360667018937574246e-01
4.316718403295631279e-01 1.218747354945017153e-01 -8.013929816717283439e-01
3.498980781238719140e-01 6.984121519262502520e-02 -8.953824432179513515e-01
1.488859096688628092e-01 -4.172411751850869238e-02 -1.056050056122589620e+00
5.893729764132437099e-01 3.895127444132029382e-01 -6.146523871337328249e-01
2.140385846469166076e-01 -1.624782170231003908e-01 4.408183434592027883e-01
1.229010057863081096e-01 -3.346269887739310445e-01 1.805470478955069902e-01
2.528619292229416504e-01 8.801081802313048819e-02 -1.045763375264181283e+00
6.918098746879218774e-01 2.937002371007561563e-01 -1.834691616457072016e-01
9.794301987384586294e-02 -1.593893463016980983e-01 -6.251835950786091001e-01
1.093204519962462373e-01 -1.666009220347109965e-01 -6.537288086821627653e-01
1.180026789977461910e-01 -1.747140151936953933e-01 -6.886902113499984157e-01
1.263453103787570420e-01 -1.631141391242370287e-01 -7.239983689793951793e-01
1.755770921908582638e-01 -1.128149076395514455e-01 -7.775541449122819193e-01
1.877252926672704214e-01 -1.082934524206429910e-01 -5.527887383818294031e-01
1.985630800447567568e-01 -1.086801518473624190e-01 -5.474891356407722842e-01
2.082737527664705601e-01 -1.101144423534625022e-01 -5.400293785131899948e-01
3.136351478633826462e-01 -1.128503234253400711e-01 -4.685015277953648027e-01
5.560411039061532446e-01 -2.034283464723977974e-02 -2.392538408619280799e-01
1.226021443693057350e-01 -2.880585529582389004e-01 2.856790187862535690e-01
1.538481655895497791e-01 -2.041794468632416593e-01 4.777362345060857662e-01
1.886888288572193539e-01 -1.776650026006114103e-01 4.703833363696487968e-01
1.771102487184522400e-01 -9.982969142243286464e-02 -5.583508387164142217e-01
5.633824838447695216e-01 9.806766343980191647e-02 -4.421636526852568694e-01
9.947319923484596038e-02 -2.838680953833392362e-01 4.756372403425568884e-01
2.129565998314794095e-01 -7.231242032074633452e-02 -8.418114957926876585e-01
7.984404143877714410e-02 -3.835375669728990355e-01 2.239203397820490049e-01
1.657249933920321439e-01 -3.162713410501721278e-01 3.122615084195964202e-02
1.159460941354224228e-01 -1.034897539268495176e-01 -8.927645528747559789e-01
3.485012185660963935e-01 -2.391506392609822618e-02 -6.702720552117062969e-01
2.904203090606404802e-01 -1.729530543802851872e-01 -1.976783850445489876e-01
2.891144855770600985e-01 -4.466936600304675931e-02 -7.677000269548872602e-01
4.240505226745890921e-01 -1.510973385035862260e-01 -1.787759155949743550e-01
3.421733860396899973e-01 -1.503106574461150202e-01 -2.867755032384585179e-01
4.733783393094752601e-01 -8.339071634726263893e-02 -3.187272489801724618e-01
1.381397524631472196e-01 -8.527940084396121168e-02 -9.841758178647712629e-01
2.025275542079481572e-01 -2.649583075307082591e-01 -1.475568368181710138e-02
4.085124589209317425e-01 4.055476325592264480e-02 -7.183953494090290492e-01
3.295816387313468265e-01 1.027608844054672677e-02 -8.231028534407607289e-01
3.986234702780609984e-01 -3.020396418008535616e-02 -5.572152618097445664e-01
6.225040679436490976e-01 1.392272099198341440e-01 -3.227420596669793307e-01
4.812554379972309171e-01 2.870387168837898462e-02 -5.537848108552276827e-01
6.575034074304419995e-01 2.922312975321393891e-01 -3.715242390991033150e-01
3.824361705918772336e-01 -1.052199004279464334e-01 -4.014280603600881570e-01
1.613839336920219747e-01 -2.824194735460923145e-01 1.242401536548230490e-01
1.617676477223943532e-01 -3.844765949077015854e-01 -1.704421072220489441e-01
1.995345847710435772e-01 -3.143692465417803339e-01 -1.824584379775488485e-01
1.366175583919456982e-01 -4.372200158572102646e-01 -1.157462934995947684e-01
2.046154841688319626e-01 -2.357859790540959288e-01 5.663706829011065924e-01
3.077036300056655849e-01 -2.573670172845849979e-01 6.329013912464857006e-01
3.973789955927262696e-01 -2.553310051085542765e-01 6.444769186032258679e-01
4.687510667675691689e-01 -2.281485830516812585e-01 6.230888203072418863e-01
5.151361007930890246e-01 -1.852626605472779131e-01 5.775548428109961163e-01
5.410389454403420340e-01 -6.763426099232784650e-02 4.222066501887433709e-01
7.215818783595545627e-01 2.400838765574997979e-01 2.083150881480880789e-01
4.948784629679390257e-01 -9.837953164839553788e-02 2.844260875640590713e-01
4.326898174292740373e-01 -1.317123114129140626e-01 2.543415271616077389e-01
3.514360962464301297e-01 -1.556350114455057887e-01 2.578250564665537925e-01
2.741845349276128552e-01 -1.692168661592291512e-01 2.831352499707923132e-01
2.152507004743668406e-01 -1.740634071443380726e-01 3.153456223326838725e-01
1.746440993830221389e-01 -1.807000228901596006e-01 3.437160536990390702e-01
7.262326425892846604e-01 4.694165515469767014e-01 2.425756599035399086e-01
1.988640197441818303e-01 -2.803449849005690275e-01 -2.009440203432861227e-01
1.237652859715879655e-01 -3.723637843721318008e-01 8.652669865336443111e-02
1.191086120952455085e-01 -4.326135304626634315e-01 -1.835306714994644484e-01
8.661217122624134679e-02 -4.003184492780111903e-01 -2.214274938289487737e-01
1.190466246330003919e-01 -3.995958844861533521e-01 -1.932574624143950370e-01
1.833129726938727833e-01 -2.558287392616780398e-01 -2.236108985257982962e-01
7.383528997740880506e-02 -4.154055676880227255e-01 -2.321626411757594100e-01
7.192870723965268109e-02 -3.374516856228243489e-01 -2.401421113171910982e-01
1.744728022311463622e-01 -1.586917479968120159e-01 4.130002542936712651e-01
1.429101681268196422e-01 -1.938542504688213486e-01 3.888564759511317082e-01
1.237560948566530095e-01 -2.358471029720455858e-01 3.667692231385575319e-01
4.688380519598946972e-01 -1.371865815190212445e-01 4.613606045276121836e-01
5.066506592381470053e-01 -1.410145006714867977e-01 4.993222527144658973e-01
-3.252171493325908269e-01 -1.545017409667621688e-01 4.825902031743158349e-01
-2.609200139697317455e-01 -1.604933867420015592e-01 4.807679107100262250e-01
-3.244205259655820184e-01 -1.628127916285264654e-01 5.652307340635078781e-01
-3.903825747298925730e-01 -1.484577118436582188e-01 4.846938097619092334e-01
-3.265925125772680127e-01 -1.461932133561564817e-01 4.004988811009277394e-01
3.522331401219653824e-01 -1.608853907976093844e-01 4.517951126384770477e-01
4.151768988288151441e-01 -1.665886878690073236e-01 4.486742009875851478e-01
3.513251420680978399e-01 -1.693380627238124936e-01 5.271913191436023993e-01
2.887892766318905236e-01 -1.552071740561810076e-01 4.553422811613079269e-01
3.533785452753290812e-01 -1.524490586312906015e-01 3.763746837776534848e-01
