-1.525001557726379797e-02 -3.045693792318600046e-01 -5.092155426739708446e-01
2.399253527359945792e-02 -5.069855648420293903e-01 -2.201026711580835737e-01
2.717815516854193980e-02 -3.179482268605706707e-01 -2.856186697531271079e-01
-3.573503735049698982e-02 -4.598502891108831037e-01 1.404580114258626722e-01
2.377611085045649997e-02 -5.434612068831921050e-01 -1.190907896181339076e-01
2.266400142786911820e-02 -5.335815957724054925e-01 2.452119859230017518e-02
2.505365171855356010e-02 -3.922342527116979838e-01 3.901957542996816741e-01
-4.704042138251480765e-01 -1.240631571518284737e-01 4.922387080260000047e-01
2.555151440742808866e-02 -3.754077714711137048e-01 6.681084881530310327e-01
2.449982652775101188e-02 -4.051178510527684296e-01 8.021770034214803502e-01
2.300724507681584097e-02 -3.926642231701498176e-01 1.273717745812728452e+00
-1.418030903885425520e-02 -2.928629710782608697e-01 -5.385861755331049494e-01
-1.275187574650160638e-02 -2.684731160658921922e-01 -5.674643939465733311e-01
-1.063339585857253633e-02 -2.316072988126203214e-01 -5.878950287842874545e-01
-1.944609311277073482e-02 -2.057670737306933617e-01 -6.794857156671376686e-01
-2.063097422814863524e-02 -2.091734387122308192e-01 -7.235931782651459088e-01
-2.250216600542087608e-02 -2.194367460174566631e-01 -7.719610326041479453e-01
-2.223958637053957688e-02 -2.076314488703525640e-01 -8.179493025158421915e-01
1.115716804739008694e-02 -1.403716039380009661e-01 -8.870124061986839337e-01
2.284974149865259818e-02 -4.644489523332593350e-01 -2.634754257142817302e-01
-4.403101834666078851e-02 -3.673205411498141615e-01 -2.423917887690252293e-01
-7.298255188025866147e-01 1.508887313001867625e-01 9.352192053161090257e-01
-2.794653809876290751e-01 -1.867577079911226789e-01 3.877817317734519875e-01
-3.510333536771224061e-01 -1.791226161502494918e-01 3.813618197691210909e-01
-4.176744448546028110e-01 -1.593629018965678767e-01 3.930223174954745602e-01
-4.991188796493890578e-01 -1.094926267271425502e-01 4.664230022077360260e-01
-2.163999527461006878e-01 -1.819683658544750671e-01 4.121225392421115075e-01
-3.804535935447947992e-01 -2.430288616607354513e-01 6.856708639041606546e-01
-2.987189910146206273e-01 -2.422984563969006189e-01 6.703924454126557464e-01
-4.527550877014760999e-01 -2.170214877054190694e-01 6.703696647275307896e-01
-4.985742985118228887e-01 -1.836684351953845606e-01 6.322360353136193822e-01
-5.591906861370503634e-01 -6.508117952938485828e-02 4.084143443810139829e-01
-2.503379009940274180e-01 -2.903257771103262552e-02 -9.920343031971832204e-01
-4.932918417961467128e-01 -1.060280376929205737e-01 5.289423239676116495e-01
-7.529432865917495832e-01 2.335603597775790519e-01 5.077101632745231186e-01
-6.355955968691429092e-01 -4.270546331030120046e-03 4.960549569740217990e-01
-3.269920088183706497e-01 -1.957443136273218087e-01 -4.893131389591420799e-02
-9.362260576533110168e-02 -2.917648901018177199e-01 -4.875208195336178107e-01
-8.171551180907399292e-02 -2.543661427813441733e-01 -5.574981647424523956e-01
-1.591788822866426756e-01 -2.432216247376048912e-01 -5.100552571621488340e-01
-1.930151059167788397e-01 -1.924095478343845755e-01 -5.457515177025040742e-01
-1.351190681891529799e-01 -2.213681506575770896e-01 -5.602443047226497441e-01
-1.688173663598333540e-01 -1.718442777772528629e-01 -5.784730210291817443e-01
-3.072459251684254156e-01 -6.468163848774510782e-02 -6.792143731568192067e-01
-3.545141656904871041e-02 -4.994810486797813809e-01 -2.128237385060591791e-01
-4.592504691686150053e-02 -5.332975620373021641e-01 -1.144289283072921215e-01
-5.915738121528857363e-01 -1.737332244563498662e-01 7.350920559533591359e-01
-1.836449324616737933e-01 -2.404442825996433442e-01 1.972503676937789052e-01
-1.969365566291618741e-01 -3.322280366522161188e-01 -1.468794306288399021e-01
-2.024372623870496213e-01 -3.188745943027129215e-01 -8.723129002584339986e-02
-5.323266514788862480e-01 -1.078661923379926613e-01 -8.270209813281192979e-03
-4.145680786104732896e-02 -5.107492066061087854e-01 1.998855076691774535e-02
-4.321891296349864575e-01 -3.033552783634183569e-01 8.284503371324518639e-01
-5.264442436123797364e-01 -2.454587458269497091e-01 8.012807606904388535e-01
-6.601428163396008131e-01 -4.297538911516907145e-03 1.086293746714336095e+00
-1.252432141584507441e-01 -3.558263040492315454e-01 7.089648663053118582e-01
-2.263239123509235284e-01 -2.186253155659274583e-01 6.221168178517544334e-01
-3.430336158874425223e-01 -6.672555008521441344e-02 -5.800558897823222537e-01
-6.663623646067762252e-01 5.332719857546219799e-01 -4.019125242837313650e-01
-1.443100224149014288e-01 -2.980365288172803773e-01 -2.042620479844767800e-01
-8.913098509940109437e-02 -2.981309347590901382e-01 -2.361628976352867504e-01
-2.413772448349655875e-01 -7.901041493823468542e-02 -6.023029193215361232e-01
-2.299693858905551558e-01 -9.540879118729095332e-02 -6.073053862223378729e-01
-5.611428727302989472e-01 -2.210252841799515977e-01 8.725457298521241967e-01
-2.011537146269626319e-01 -2.879972229894764979e-01 -1.840593916222141857e-01
-3.023739367243045706e-01 -3.418131311958596541e-01 8.077077067369096142e-01
-3.130785872744397125e-01 -3.656630099601665407e-01 8.872689894160963320e-01
-3.791749661057917109e-01 -2.940885424468424603e-01 1.261256343822797277e+00
-6.095557487946727804e-01 -1.286024157688516745e-01 9.660492811850218686e-01
-3.378398079099067530e-01 -3.335196675918199460e-01 1.065155044499768167e+00
-6.295383535934551134e-01 -1.212395980956912922e-01 7.935602747222283426e-01
-6.788096616762668845e-01 7.963463825869543378e-03 8.459295013376575412e-01
-8.938814815041729034e-02 -2.804194739408991666e-01 -5.262766037224135829e-01
-1.473684717174381653e-01 -2.350396243574377486e-01 -5.363397607425532954e-01
-1.820372279287520989e-01 -1.874762247198571430e-01 -5.615793240970381461e-01
-1.281012781325494565e-01 -2.801660546792019701e-01 -2.209683314044790237e-01
-2.351604368944832935e-01 -8.756720693026043278e-02 -6.050404627949301783e-01
-2.264822084670252700e-01 -1.201718560829445615e-01 -6.365185797135577417e-01
-2.235156584577078220e-01 -9.670077991665704253e-02 -6.087243336863572551e-01
-1.125242907635233269e-01 -4.000821429402154905e-01 -1.889535325423685741e-01
-1.592023926061258976e-01 -1.576623379510668777e-01 -5.911991550816741992e-01
-1.234132493974970934e-01 -1.915223529086311771e-01 -5.788968476254687801e-01
-7.380616357108182868e-02 -2.213662746981190921e-01 -5.783770580702967123e-01
-8.618031218327981691e-02 -1.354310048486189189e-01 -8.779438375113333137e-01
-1.060181315561310456e-01 -2.043661117627451063e-01 -8.021896392277767518e-01
-1.026404402736273980e-01 -2.160535758526229699e-01 -7.549848133451888543e-01
-9.447739889153394799e-02 -2.045702539736646841e-01 -7.061281330333208928e-01
-8.461667221393787131e-02 -2.009505038342132011e-01 -6.647502313278632613e-01
-1.777937644927201077e-01 -1.509205362585479548e-01 -6.315514191152509227e-01
-1.941030428382841677e-01 -1.575543309765743416e-01 -6.495044274425083586e-01
-2.110525408936498870e-01 -1.641941512774707235e-01 -6.722856338558216294e-01
-2.234774457118882118e-01 -1.487389212898531099e-01 -6.976115606888235732e-01
-2.681397594590548827e-01 -1.781837997409927432e-01 -4.164767247908844894e-01
-7.453373886559742090e-01 5.662253019928442654e-01 1.157244933584160584e-01
2.695300517515414329e-02 -3.691788753862468297e-01 -2.710449824231595528e-01
-1.993937879756315645e-01 -1.187090304624156545e-01 -6.194509406906458793e-01
-2.130640907641092596e-01 -1.229106222653562064e-01 -6.276945652401746401e-01
-6.598246107448546560e-02 -2.984729581857310521e-01 -2.748364252372668126e-01
-1.759519486967668911e-01 -2.300613488787921490e-01 -2.368477377390485472e-01
-7.719302109441272819e-02 -2.994758916160442652e-01 -2.560342916810838254e-01
-2.562755468956572358e-01 -2.084890605074045666e-01 1.469012819992450147e-01
-3.704831861089399325e-01 -1.777432861397292285e-01 8.930590591525167099e-02
-2.138957881325898036e-01 -2.741581914579711565e-01 -1.248831345142566995e-01
-5.494794156116142858e-01 -1.604355974971394261e-01 1.198523037254432211e+00
-5.010748056866614064e-01 -2.393194315955824436e-01 1.044253342496425319e+00
-4.541863106983612397e-01 -3.014864420093310571e-01 9.090960585785303749e-01
-2.616484121662070450e-01 -9.087487875450861452e-02 -7.573940224064710236e-01
-1.449359464411101861e-01 -3.980625698484221431e-01 8.431367739208042167e-01
-1.685605565051258026e-01 -3.857533697906863068e-01 1.052008818193151285e+00
-1.951211549620457397e-01 -3.704559603322756800e-01 1.281533446239521368e+00
-4.712261698632840279e-01 -1.316633475151465227e-01 4.205391766133983467e-01
-6.372665379092357085e-01 -1.575763519805040147e-02 3.418242511215092705e-01
-1.744479174948567746e-01 -1.768451635312144887e-01 4.359737032564803272e-01
-5.623938807669510709e-01 -1.209711184290092056e-01 5.982216679007787974e-01
-1.350154146599757965e-01 -2.739764019949912921e-01 2.563488845702792673e-01
-1.561155391844040174e-01 -4.053367725388614673e-01 -1.224736743740186817e-01
-6.995015799625043940e-01 6.790824957487995306e-02 2.850349548396211574e-01
-5.935791382138404515e-01 -6.959770626300043617e-02 2.573010730181044536e-01
-5.068963983845709009e-01 -1.294300571245785569e-01 2.049707263261941748e-01
-3.725264314443812452e-01 -1.640841139872737386e-01 2.097677960533665953e-01
-2.726660009893784320e-01 -1.861827520713985606e-01 2.466245931599120311e-01
-1.979378255686654597e-01 -2.109038228868209686e-01 2.886517277411337901e-01
-4.127592573056992897e-02 -3.623911276479345744e-01 3.735828665701914630e-01
-6.863115768264691496e-01 7.514858874866980898e-02 7.013270332172716337e-02
-6.184575936996665746e-01 -8.969793953782856377e-02 6.249474890176891506e-01
-1.408247425742936709e-02 -4.603190877815377391e-01 -2.575924348625480143e-01
-1.784285392570841289e-01 -2.562238507221357153e-01 8.843675698380693007e-02
-7.719866348977557635e-01 4.550868606652773707e-01 5.549413188100622563e-01
-1.397219149906407942e-01 -2.283889711098368025e-01 3.367626305085762439e-01
-2.181768282991298769e-01 -2.059045798527341375e-01 -1.191483034781266603e-01
-5.212004278182824635e-01 -9.248200012325424879e-02 5.292824169458532069e-01
-1.598589030639656627e-01 -3.881022982740001126e-01 -5.017130626713450781e-02
-7.145372939435326032e-01 5.676554097169503876e-01 -1.340583407510798075e-01
-1.704961944184621991e-01 -1.653035007604266582e-01 4.704323000418790812e-01
-1.034537936528436841e-01 -4.639305145729188951e-01 -4.858363694180578563e-03
-5.337540038231853856e-01 2.032555445854429266e-01 -7.084290761414155924e-01
-5.270052258202255757e-01 3.399192012042444588e-01 -8.007014975348401009e-01
-7.406342833468571030e-01 3.226540803531445789e-01 8.799788775830741372e-02
-6.140403262433835607e-01 2.718775476443457961e-01 -5.553386651668859031e-01
-7.187095294098373444e-01 1.382076533749296843e-01 6.943281575620474655e-01
-2.587935943912325065e-01 2.354551059278153780e-02 -1.070404619449242034e+00
-1.960993483544073990e-03 -3.639098354300465132e-01 -2.654297067887423367e-01
-2.415043329750292678e-01 -2.198131138777217330e-01 2.207918787822216178e-02
-6.954405437526958167e-01 6.652106229137766391e-02 4.919575491246144239e-01
-4.063523924148597644e-01 -1.602996982288020789e-01 4.440516773687166463e-01
-3.475275921027023429e-01 -1.770569997549467089e-01 4.318111607013905839e-01
-2.375148173270975605e-01 -1.069232657575027723e-01 -6.465325248750701803e-01
-6.695168808600868715e-01 1.241522911150023667e-01 -1.289834020841742479e-01
-1.262632787244948318e-01 5.597581197671064324e-02 -1.197661915460468407e+00
-3.348881388224196343e-01 1.822043001490802894e-01 -1.048899468331438101e+00
-4.243351819123013513e-01 2.525931223791406666e-01 -9.489559545309873556e-01
2.360815364012375239e-02 -4.035472189585060931e-01 1.033670059866359736e+00
2.078266950836249460e-02 3.462921393469953202e-02 -1.219208591925401208e+00
-2.872604816701507247e-01 -1.817507892561449623e-01 4.380532325556094619e-01
-2.281565187407630368e-01 -1.760035918130240518e-01 4.540111598141107763e-01
-1.889456763707118014e-01 -1.646750773515908151e-01 4.630608570885081932e-01
-6.667329631908156529e-01 -2.299607770148393016e-02 6.649937944424166858e-01
-2.415004459213729859e-01 -1.982607298403316065e-01 5.517394123157295382e-01
-3.066942410530941743e-01 -2.116410181937515844e-01 5.875373155559504568e-01
-3.690150279017849755e-01 -2.082857200380772156e-01 5.962716436497572658e-01
-4.277126871171343936e-01 -1.889639799651439134e-01 5.835915748448172735e-01
-4.625147741863777640e-01 -1.636484031542240203e-01 5.607319811605648852e-01
-7.633183412335444729e-01 3.157880674998256865e-01 7.693806360388784071e-01
-4.448314682322429547e-01 -1.406115254436803852e-01 4.667121745405742317e-01
2.578450613793381585e-02 -2.991443093438377332e-01 -3.586626907168870559e-01
-2.051002644687773824e-01 -2.193467498347194677e-01 -3.710457405992926283e-01
-1.438718942045760230e-01 -3.260869655011804369e-01 -1.920010647072012411e-01
-7.315791230053769745e-02 -2.899139006986848344e-01 -3.586435018395439656e-01
2.540913056592891683e-02 -3.580210952740570107e-01 5.327720061412604124e-01
-4.436868276676388945e-01 1.518492041953427574e-01 -8.505669869825300822e-01
-3.570483410596736462e-01 9.286374996969870566e-02 -9.629591739127771888e-01
-1.346264761283597622e-01 -3.869599595953987503e-02 -1.148133780275870208e+00
-6.019833746465490520e-01 4.463377425267278653e-01 -6.276962509839236759e-01
-1.931976866428568584e-01 -1.794450611919478078e-01 5.014882473246720096e-01
-8.838270256322222629e-02 -3.638359307310112811e-01 2.073734175178847394e-01
1.528226512014113636e-02 -5.777014588889350932e-02 -1.168003046624072283e+00
-2.392089867883191445e-01 1.068085704813261927e-01 -1.136849371034696077e+00
-7.157462496359876525e-01 3.409555754482607171e-01 -1.361842744290751028e-01
-1.389645647058821432e-01 -1.784793160104634069e-01 -6.455315451295202678e-01
-1.547209467461190258e-01 -1.849415430296321716e-01 -6.767195851056779787e-01
-1.672226624901247405e-01 -1.933766189492631682e-01 -7.162212273764350101e-01
-1.750046447550226425e-01 -1.802140820834257084e-01 -7.594455853541610679e-01
-1.855148261074610616e-01 -1.215267527790717672e-01 -8.297258612042472947e-01
-1.942758343771511242e-01 -1.332958493813762857e-01 -6.017000973966482036e-01
-2.048875528716704864e-01 -1.365456044287194359e-01 -5.948120194834256580e-01
-2.141001118599095143e-01 -1.394299421644276116e-01 -5.865369408185792111e-01
-3.119876866356960932e-01 -1.291623865711135632e-01 -4.927558917025676166e-01
-5.838674740627176618e-01 -6.218623953443636054e-03 -2.093205291663027268e-01
-8.691630747112233379e-02 -3.138314948066982524e-01 3.226595834149863506e-01
-1.218920654735571318e-01 -2.209241223784665920e-01 5.395257064509282330e-01
-1.650637827172189986e-01 -1.954467982124485914e-01 5.336260276607136532e-01
-1.835143149883844416e-01 -1.247044642354075972e-01 -6.080140487878775701e-01
-5.884416669594365601e-01 1.259931917529253376e-01 -4.342616016776661425e-01
-6.487399886287303907e-02 -3.097194184661793415e-01 5.301127105373906190e-01
-2.214858597334048440e-01 -7.139259167761569103e-02 -9.037587968942979444e-01
2.345198469905451777e-02 -4.849130598245121604e-01 1.492149130586808425e-01
-3.991154529560958508e-02 -4.172062599023993457e-01 2.503121833462502721e-01
2.445835847168265076e-02 -4.363347953674381330e-01 2.652099971283670143e-01
-1.380517776029916988e-01 -3.409029702017596364e-01 4.874279706722162153e-02
1.333404824879558248e-02 -1.080727967657164612e-01 -1.085908659889103234e+00
1.262543751860192853e-02 -1.231235575559730400e-01 -9.757050697173568210e-01
-1.067508801650489669e-01 -1.067714929861729445e-01 -9.639507384242982369e-01
-3.745246809657789555e-01 -1.552247549391477799e-02 -6.995817534561581397e-01
-2.800867191341041007e-01 -1.785818728631287655e-01 -1.900273597577966100e-01
-3.107115922896319660e-01 -3.842911971037632490e-02 -8.158403189210954309e-01
-4.380324373499462354e-01 -1.514297042022914042e-01 -1.546494967153151379e-01
-3.462298967360766255e-01 -1.531215402059205033e-01 -2.805899945594649836e-01
-4.964806034842013105e-01 -7.531628969227943671e-02 -3.026605946306526462e-01
-1.277942366242554861e-01 -8.700743746379302479e-02 -1.068726324367297309e+00
-1.793962680078657890e-01 -2.836727475464728698e-01 9.640877131795733135e-04
-4.290937465006567919e-01 6.063242686819170224e-02 -7.594615279688508025e-01
-3.435438020803101011e-01 2.600798472834520148e-02 -8.839756663588165253e-01
-4.199501291345129061e-01 -2.696255858510265835e-02 -5.710293848115899351e-01
-6.492441083259166135e-01 1.707982857319434444e-01 -2.975085592258404077e-01
-5.090330772742390764e-01 4.912601394051452353e-02 -5.632450662099159899e-01
-6.793242616573618164e-01 3.377935334765336250e-01 -3.486064545056990482e-01
-3.994993802573754138e-01 -1.074211657274819487e-01 -4.000902008256996822e-01
-1.321173127394175140e-01 -3.071025620987768434e-01 1.498113871826118881e-01
-1.342302954256879843e-01 -4.153544587155995060e-01 -1.727298657659450676e-01
-1.749200387039273608e-01 -3.347547417253187163e-01 -1.831556852184461626e-01
-1.051163373449532923e-01 -4.723424267065183813e-01 -1.147823924663673445e-01
-1.793090307150482232e-01 -2.537874061278095894e-01 6.394023125269363561e-01
-2.968203375147648870e-01 -2.710494669928813494e-01 7.164411334492726269e-01
-3.980820543199143913e-01 -2.657289269920157793e-01 7.342955316461790005e-01
-4.803519877840169983e-01 -2.344289604595903853e-01 7.161893413701712063e-01
-5.357649062480351887e-01 -1.867904445274009007e-01 6.721424870599435053e-01
-5.701578194159413471e-01 -5.985524090189242585e-02 5.128170016391822017e-01
-7.572290174643896421e-01 2.801165690820131005e-01 3.013979512210580580e-01
-5.234636443083147128e-01 -9.571400557984022228e-02 3.571186329361166756e-01
-4.554228857931672536e-01 -1.337596667140128481e-01 3.166215744221281270e-01
-3.632274838257760763e-01 -1.632275188887071238e-01 3.086680992610935093e-01
-2.738645912054167297e-01 -1.810887108510952359e-01 3.272505075056697521e-01
-2.029403816189487841e-01 -1.869383821813235258e-01 3.577390803686091303e-01
-1.537416810742651130e-01 -1.959507703000022971e-01 3.859587189843631805e-01
-7.616630140123579196e-01 5.320208699245920769e-01 3.420680366301462882e-01
-1.744987002489577499e-01 -2.970771281574586808e-01 -2.040868146762453428e-01
-8.915045306408386772e-02 -4.053519599299404419e-01 1.045562478351196312e-01
-8.670520109501755890e-02 -4.677723377862879062e-01 -1.908287355012441289e-01
-5.143633956561477483e-02 -4.324728561843222963e-01 -2.353924346870170936e-01
-8.690444949731013224e-02 -4.320657212011358439e-01 -2.012281723336175610e-01
-1.556081200530856634e-01 -2.693566404331662056e-01 -2.306754769800569704e-01
-3.711409967025569578e-02 -4.500065381223672389e-01 -2.484838420551938043e-01
-2.664114349491014666e-02 -3.646582083079117353e-01 -2.578451619306729725e-01
-1.476267388333334374e-01 -1.737122966906730070e-01 4.656910041806350264e-01
-1.148856848861592450e-01 -2.110145629133493017e-01 4.361638892831321002e-01
-9.600154094344826028e-02 -2.560788324587228715e-01 4.094832765483191750e-01
-4.805529336970835175e-01 -1.380574523733084646e-01 5.433869119345233756e-01
-5.246878857982704147e-01 -1.390395812637956752e-01 5.883080054418581284e-01
8.278002315087062968e-02 -4.594312089630969709e-01 1.353043898107113563e-01
5.028664586040125783e-01 -1.347365472620105642e-01 4.568126851154508117e-01
9.442033031411822819e-02 -3.715365581737835043e-01 -2.485746309491179140e-01
7.398421772566301513e-01 1.296113604092461458e-01 8.574179918385986809e-01
3.068610071356978608e-01 -1.896145120167167519e-01 3.746644387856212788e-01
3.747032470961801920e-01 -1.845389712036888952e-01 3.649316753574458616e-01
4.392487407218865769e-01 -1.673399888549127468e-01 3.681652930125904888e-01
5.247595256732520141e-01 -1.199255115427435570e-01 4.268069210502707378e-01
2.507445647620332174e-01 -1.843521302110628923e-01 3.992684234393761855e-01
4.109784782979435391e-01 -2.517852946766296895e-01 6.528146966527614836e-01
3.308746013835364153e-01 -2.493004669249785366e-01 6.398742051945518483e-01
4.832383793403955963e-01 -2.294545814480475343e-01 6.339663744038439575e-01
5.278449606185446896e-01 -1.985645104640516578e-01 5.903647453811764478e-01
5.750711864460438250e-01 -7.846317359411392189e-02 3.575764446007445585e-01
2.688158827002551376e-01 -3.977134749621891174e-02 -1.002119671446205729e+00
5.272448782591521166e-01 -1.173711268520363227e-01 4.891004801864573537e-01
7.769173870623546918e-01 2.138692676019475769e-01 4.327245589753365707e-01
6.468206861813925457e-01 -2.090569276316078806e-02 4.344480526755800653e-01
3.609530490036725325e-01 -2.048412328622220002e-01 -8.055612588009486430e-02
6.321278130438479081e-02 -2.930339560961812140e-01 -4.970273513158884882e-01
5.627557536188887433e-02 -2.522686137467884393e-01 -5.693441210659306861e-01
1.351345694964987132e-01 -2.390403558944700357e-01 -5.287763497772077770e-01
1.783902546353770546e-01 -1.808844424328834855e-01 -5.640986121157620659e-01
1.138581765672919133e-01 -2.138903141793302431e-01 -5.766611993972539096e-01
1.561318428082847376e-01 -1.606332449435283749e-01 -5.921744305186029678e-01
2.870601154430181268e-01 -6.976446758283505467e-02 -7.163788130102499707e-01
8.129559508199823981e-02 -5.029630709756300888e-01 -2.182586544919624671e-01
9.014316064490146552e-02 -5.371587348046826804e-01 -1.208583001600334050e-01
6.098369287435474462e-01 -1.898606264773334829e-01 6.860046258462908497e-01
2.245888267249669390e-01 -2.425747160246913836e-01 1.785130211700947100e-01
2.395566566761075933e-01 -3.396573524809083366e-01 -1.644829382895700576e-01
2.436070485913046646e-01 -3.262681639826476854e-01 -1.054732281412960049e-01
5.573177495153931460e-01 -1.201318370068618080e-01 -5.888067406512220714e-02
8.666324715724216254e-02 -5.114816784047988563e-01 1.459444934208076194e-02
4.658790929307059514e-01 -3.188277200438536241e-01 7.919751440818387778e-01
5.530359548996202079e-01 -2.620900215290653534e-01 7.605639976156339799e-01
6.745831058651958756e-01 -2.511989094793509736e-02 1.013324335371585505e+00
1.739752058472561203e-01 -3.596971534480770671e-01 6.892141726402840618e-01
2.629844374956968878e-01 -2.220917801759574317e-01 5.928561557367864054e-01
3.369516731251547270e-01 -6.738015880090308940e-02 -6.270261488896302637e-01
7.110212981012580258e-01 5.121102986264780554e-01 -4.570615823290902213e-01
1.907249132733066510e-01 -3.058280807852247207e-01 -2.175425192610114244e-01
1.395216945553543475e-01 -3.076520320795310681e-01 -2.459896240737138307e-01
2.242963808940796611e-01 -6.514480528713595398e-02 -6.444079592553393354e-01
2.083249863930816126e-01 -8.480136094718648820e-02 -6.461194355237473985e-01
5.849720533439128900e-01 -2.383061078694233004e-01 8.227055858216445472e-01
2.420398443207307793e-01 -2.966352654040695924e-01 -2.017006014332602959e-01
3.448261390147973060e-01 -3.550972764753002053e-01 7.766038829768007190e-01
3.556297208208594185e-01 -3.796692943640209705e-01 8.503662344915206006e-01
4.100468319017771535e-01 -3.080888240589745308e-01 1.214395861862534787e+00
6.304855482042466264e-01 -1.460099377262338294e-01 9.049418642895332709e-01
3.742724237820738153e-01 -3.453205328773076843e-01 1.026679183292159792e+00
6.464365731154426697e-01 -1.375190110898230067e-01 7.320229341986568272e-01
6.978713791809862954e-01 -9.619490867875557516e-03 7.787263595099211955e-01
6.037629274621703068e-02 -2.800274229326218389e-01 -5.372803254180551491e-01
1.243336082005823684e-01 -2.291978788373429943e-01 -5.545188399442375626e-01
1.675750254689005736e-01 -1.764195276785729405e-01 -5.778209345892983961e-01
1.760332969689382132e-01 -2.889989431718094082e-01 -2.329345830350515456e-01
2.157340404601728601e-01 -7.598689700808058944e-02 -6.457743752250166835e-01
1.963348782984795093e-01 -1.122390315852026532e-01 -6.681590381711686177e-01
2.009403566965040078e-01 -8.625767967305386641e-02 -6.453285336825231866e-01
1.566845907188274545e-01 -4.025202095581903450e-01 -2.005855933664904001e-01
1.474491307655494410e-01 -1.465815993490937608e-01 -6.023180949165292120e-01
1.057515908164443630e-01 -1.823787289352081231e-01 -5.914656811459719776e-01
5.277252811304555813e-02 -2.166031374329340231e-01 -5.893273446542730554e-01
1.022413451656163375e-01 -1.374206481625392939e-01 -8.842382419666563464e-01
6.290274054735656151e-02 -2.019568754556511081e-01 -8.119201370106345905e-01
5.859956201452920510e-02 -2.120738383506992619e-01 -7.651115246903579248e-01
5.434210946542927800e-02 -1.998125992586166078e-01 -7.171484707004918135e-01
4.725164506459544889e-02 -1.956017303709502997e-01 -6.760794059547983181e-01
1.465428259707599601e-01 -1.424699124264696692e-01 -6.567121290582527138e-01
1.603129654783579383e-01 -1.515104291991740126e-01 -6.758284902476905387e-01
1.743621755324036293e-01 -1.595067285086395614e-01 -6.995940240945515143e-01
1.879311719105989376e-01 -1.447669888281222228e-01 -7.242704714476175809e-01
2.919356907705523696e-01 -1.832423144198300768e-01 -4.477443268725567194e-01
7.841881127258947259e-01 5.435266799557485484e-01 4.270428674069126629e-02
1.730228900019765703e-01 -1.072403864426498821e-01 -6.471484521232699905e-01
1.845522524897584837e-01 -1.137448012702892974e-01 -6.575226331453603024e-01
1.180630097078598784e-01 -3.038755692756076598e-01 -2.824680335041080959e-01
2.215656338303868544e-01 -2.412018519711476294e-01 -2.526331620679749257e-01
1.285306093098057545e-01 -3.073749942574552918e-01 -2.651548971976249724e-01
2.939689786445036646e-01 -2.119659233959918510e-01 1.214725260958031683e-01
4.033984940532100438e-01 -1.855464233466879165e-01 5.274269008702758832e-02
2.553344370819394804e-01 -2.823594154427579994e-01 -1.441560919503821481e-01
5.712075535181213581e-01 -1.803566654802324365e-01 1.134483811866118685e+00
5.286616683141911466e-01 -2.559772114272700350e-01 9.911380171657455662e-01
4.878571831482751975e-01 -3.176319508119034296e-01 8.657765489177364771e-01
2.550222219568016868e-01 -9.347108987229990618e-02 -7.753231501272903614e-01
1.961280002654444132e-01 -4.041934539296656581e-01 8.129543435150949904e-01
2.103351649780842436e-01 -3.926560226350099825e-01 1.030834427249654794e+00
2.332765720585299185e-01 -3.800035809784612084e-01 1.255275726347456100e+00
4.937025245959496544e-01 -1.415816159485823178e-01 3.872919745250600343e-01
6.448559691704502939e-01 -3.340436383856348890e-02 2.810606474894514761e-01
2.139387261345819802e-01 -1.764456990634828415e-01 4.229768795237260903e-01
5.855742350403012608e-01 -1.357548018565277737e-01 5.496245631450662472e-01
1.784494506216907084e-01 -2.747573553574280680e-01 2.422729775526795137e-01
1.988177101870292063e-01 -4.114463024266008517e-01 -1.382565285643631015e-01
7.247964914248719026e-01 4.949545388994791573e-02 2.165974872365490356e-01
6.007774367510254621e-01 -8.445803305225396684e-02 2.029352410698370690e-01
5.162578012788010540e-01 -1.415430734334250928e-01 1.600988413352011364e-01
3.893843699377619316e-01 -1.711702620058863644e-01 1.789172713522537705e-01
2.958903312256264684e-01 -1.904001888873940729e-01 2.268050802508705388e-01
2.264312573559039699e-01 -2.138896049290943679e-01 2.749867325722012978e-01
9.041166256644994625e-02 -3.628415666420954366e-01 3.672692885942607788e-01
7.142012688156427203e-01 5.878107213189376345e-02 4.952591072966305852e-03
6.329449214948237312e-01 -1.054862986339908382e-01 5.660793600131519554e-01
5.854024701644222617e-02 -4.611267471622095826e-01 -2.605049506161289941e-01
2.207431857711412704e-01 -2.587290814052147780e-01 7.083004988167429516e-02
7.969299730176082619e-01 4.349015620530227721e-01 4.757451801726260143e-01
1.750784730428289748e-01 -2.295445905217423643e-01 3.281682961471554805e-01
2.634457503994531713e-01 -2.142334369664373739e-01 -1.391334281879359480e-01
5.515941040091938419e-01 -1.041538815382665462e-01 4.855459098480627844e-01
2.010166508826354281e-01 -3.942820575446770448e-01 -6.573132966286321377e-02
7.585312624445954555e-01 5.439691808318940502e-01 -1.987405595524336377e-01
2.139599491195238734e-01 -1.631841872610282351e-01 4.554226183574678899e-01
1.450625791047395197e-01 -4.672657050164303882e-01 -1.574234208330460572e-02
5.626713762551336373e-01 1.832860278407437704e-01 -7.438326720826466953e-01
5.633562955709621178e-01 3.186169006864787434e-01 -8.320971479112770908e-01
7.798742376166547530e-01 3.028088696929369661e-01 1.816260205129371919e-02
6.467101429677075686e-01 2.513460740145401218e-01 -6.018727002243018376e-01
7.407776287011014205e-01 1.198455340702637706e-01 6.222143104232777944e-01
2.849381557228305439e-01 1.175179401493547937e-02 -1.079372629790942284e+00
5.643222634901845502e-02 -3.658479451691301065e-01 -2.681186969948492482e-01
2.802729040839189167e-01 -2.256926023537184633e-01 -1.567420411385578305e-03
6.995454036222916727e-01 4.932382430984727506e-02 4.175200685941744538e-01
4.366459564727840359e-01 -1.684500132914408255e-01 4.187860917908663438e-01
3.783356249331593091e-01 -1.827338366065678343e-01 4.123314093063781272e-01
2.077010916056707401e-01 -9.917943989755739764e-02 -6.801367809441849488e-01
6.997725256435245456e-01 1.073131599557544114e-01 -1.890131175717018053e-01
1.647150303587920916e-01 4.974053392281896357e-02 -1.200339488590046244e+00
3.721108939277755212e-01 1.674537138762319799e-01 -1.060091837291590622e+00
4.615546555322058708e-01 2.349502520773594227e-01 -9.676027249576311107e-01
3.205169974805190947e-01 -1.855859827282024810e-01 4.207150922624611766e-01
2.663040305213724146e-01 -1.767318977398630864e-01 4.374196153826472866e-01
2.313949100674839165e-01 -1.631271115364549829e-01 4.468326999765386276e-01
6.760788834747017972e-01 -3.870682400618474794e-02 5.931902336934626874e-01
2.768283185016420234e-01 -1.995061615130886423e-01 5.222519738135291689e-01
3.362946302767184648e-01 -2.164971782907185727e-01 5.523116281467608246e-01
3.977498998446105105e-01 -2.159229768202273192e-01 5.589727539785123156e-01
4.571785219601842698e-01 -1.992824837166145002e-01 5.447568944919787270e-01
4.925097075566498006e-01 -1.749665193370999461e-01 5.209610797216397415e-01
7.802950234757499715e-01 2.945091642952348820e-01 6.900458568859377806e-01
4.761680091513920132e-01 -1.501318219067799831e-01 4.359102973291042460e-01
2.394749696930440486e-01 -2.252816073224006566e-01 -3.938547302102097802e-01
1.898219527536140205e-01 -3.336853323461177467e-01 -2.058548409325831052e-01
1.205678102286935616e-01 -2.908881456399532439e-01 -3.670829929321053342e-01
4.714199844443580645e-01 1.330972555940794777e-01 -8.751871056027056284e-01
3.821205656755779501e-01 7.627676779033043530e-02 -9.778560535149729560e-01
1.625956840572531092e-01 -4.556617509807203703e-02 -1.153303549322313160e+00
6.436438644725015479e-01 4.253800191085819193e-01 -6.712510644271780791e-01
2.337477748076648432e-01 -1.774396039224308552e-01 4.813747233328795616e-01
1.342180274251187910e-01 -3.654402506236280601e-01 1.971722564101510144e-01
2.761460667801483027e-01 9.611506680518511203e-02 -1.142059794249703941e+00
7.555133999088550212e-01 3.207448645640287310e-01 -2.003634454566070033e-01
1.032224977232771845e-01 -1.713250194184654518e-01 -6.667151328931204546e-01
1.164259200697488339e-01 -1.790176103231164717e-01 -6.982732830919040623e-01
1.270097900302475935e-01 -1.878238941768168857e-01 -7.365689261229739770e-01
1.367551197893273063e-01 -1.753225685108592558e-01 -7.772247606534179454e-01
1.911344346246917070e-01 -1.214082090284813731e-01 -8.401209878396667108e-01
1.840722549643909467e-01 -1.197051299573663741e-01 -6.199063123991663815e-01
1.942860825874750397e-01 -1.206714344468087230e-01 -6.157181161263682867e-01
2.039263064587686358e-01 -1.226532256679364608e-01 -6.086666772805280345e-01
3.248985822010190816e-01 -1.273087380817559122e-01 -5.295513807455574096e-01
6.074507894934093599e-01 -2.269721651015721431e-02 -2.619466886685843932e-01
1.338916461265533542e-01 -3.145836806918644868e-01 3.120442735087030073e-01
1.680148764958508956e-01 -2.229807837893966749e-01 5.210435758824791819e-01
2.060637522397983368e-01 -1.940248254192011856e-01 5.129066018581438513e-01
1.738650724897281563e-01 -1.100147061369822765e-01 -6.246872511531584848e-01
6.151570960104386643e-01 1.057650927644795402e-01 -4.855407202603547745e-01
1.086329318262930776e-01 -3.100073556560092314e-01 5.193324254519060545e-01
2.325354805127108904e-01 -7.825080800658534841e-02 -9.128524646258640018e-01
8.719627374079630400e-02 -4.188546330697873188e-01 2.445394658377741948e-01
1.809853513061927544e-01 -3.453943704957067595e-01 3.410153028986850909e-02
1.264459912211017834e-01 -1.123081418823539401e-01 -9.690699362303405451e-01
3.652864738138035250e-01 -2.733445360993058681e-02 -7.375471799450643573e-01
3.171629130040454214e-01 -1.888789896189546624e-01 -2.158810884867330415e-01
3.134745267300704796e-01 -4.817712487766656615e-02 -8.330882846791034524e-01
4.631057536903124827e-01 -1.650283968964991743e-01 -1.952623080333912853e-01
3.733778732844896808e-01 -1.650570664217889671e-01 -3.151147473538760124e-01
5.169546931649726673e-01 -9.366943104684644084e-02 -3.529097192363215285e-01
1.508467786258029797e-01 -9.309101371099792743e-02 -1.075090404900898022e+00
2.211767808661249113e-01 -2.893563088369086600e-01 -1.611442261746531823e-02
4.422161602590222174e-01 4.426021645407218763e-02 -7.860347124275204322e-01
3.594065823734240439e-01 1.140692863392134271e-02 -8.994823605587409787e-01
4.182776601886448731e-01 -3.722745034079344428e-02 -6.237831938164379864e-01
6.798277439415780776e-01 1.520429610783144980e-01 -3.524672889161886147e-01
5.198606338056865894e-01 2.854381744512735075e-02 -6.122762946147712881e-01
7.180479102347554488e-01 3.191406618517458327e-01 -4.057350889316735376e-01
4.110602077658818132e-01 -1.187111342001823111e-01 -4.492411547756951506e-01
1.762445563375729662e-01 -3.084253412189728039e-01 1.356804874467725242e-01
1.766636036832185397e-01 -4.198734462599418293e-01 -1.861330040269839614e-01
2.179082115700894384e-01 -3.433046621442681356e-01 -1.992529123807864622e-01
1.491976333447202485e-01 -4.774802915866089847e-01 -1.264044919396027922e-01
2.234569724638966193e-01 -2.574977218507576993e-01 6.171294910249898180e-01
3.360377239118577108e-01 -2.810659942383626486e-01 6.897522435561711518e-01
4.339706138887642339e-01 -2.788425011405477605e-01 7.025138933701420285e-01
5.119147978687443867e-01 -2.491570559664531004e-01 6.791629285600109256e-01
5.625710779302526277e-01 -2.023220940715457772e-01 6.294025887216463389e-01
5.908591191143788279e-01 -7.386218720235415702e-02 4.614153164673018281e-01
7.880268816312732127e-01 2.621913801433937152e-01 2.274972449187311341e-01
5.404480678556922157e-01 -1.074385566853166551e-01 3.118203107486161585e-01
4.725329415388870302e-01 -1.438406993689040902e-01 2.792281362727022653e-01
3.837971813362894835e-01 -1.699662594366557755e-01 2.834141237329772522e-01
2.994321095503806873e-01 -1.847987641569188710e-01 3.112948424064496677e-01
2.350715051899370245e-01 -1.900915863490117985e-01 3.465030757730103161e-01
1.907257501324455262e-01 -1.973393177120197350e-01 3.772308284890568686e-01
7.931058994712003596e-01 5.126415620949771323e-01 2.649126129220560344e-01
2.171771656033625320e-01 -3.061415916324756736e-01 -2.194379881265011711e-01
1.351618926186435310e-01 -4.066519415624476608e-01 9.449428609180365868e-02
1.300764209575613339e-01 -4.724454052366260370e-01 -2.004279077847805901e-01
9.458762927624331240e-02 -4.371571347519767059e-01 -2.417893451100199265e-01
1.300087255399819952e-01 -4.363762135605968595e-01 -2.110397124704732619e-01
2.002053557336327394e-01 -2.793579718258838440e-01 -2.441869074480922386e-01
8.063422192297053925e-02 -4.536370687329887019e-01 -2.535150660885889806e-01
7.855848602254411617e-02 -3.684777370581056033e-01 -2.621951560581270435e-01
1.905386795248356080e-01 -1.733044676770987280e-01 4.517474859879468951e-01
1.560696817919020596e-01 -2.117048183571395015e-01 4.256378034618988337e-01
1.351518551636323728e-01 -2.575644742067959569e-01 4.012346636847388126e-01
5.120097928678042365e-01 -1.498190534965466725e-01 5.032374825562788700e-01
5.533042764093956123e-01 -1.539994566958506894e-01 5.438654508186573366e-01
-3.551639304249167850e-01 -1.687286346733518627e-01 5.256327619121980987e-01
-2.849461594451270230e-01 -1.752720056721290831e-01 5.234635739743564997e-01
-3.542939520530019593e-01 -1.778049869661213478e-01 6.076440792921289358e-01
-4.263299456839959589e-01 -1.621280567414391527e-01 5.273539283377361997e-01
-3.566659404411289813e-01 -1.596550377603893622e-01 4.433470100697887162e-01
3.846676189381721400e-01 -1.757001064085690345e-01 4.931053400203202486e-01
4.534073910686391429e-01 -1.819285768579765872e-01 4.897520410903046795e-01
3.836760102290632801e-01 -1.849311207940758095e-01 5.734275513489919263e-01
3.153816911673921197e-01 -1.694990257465285310e-01 4.968654163602854723e-01
3.859184957662620263e-01 -1.664869363875265407e-01 4.127644394272040884e-01
