-1.669300060859531948e-02 -3.227134686289973575e-01 -5.438624526018080996e-01
2.553584648641793464e-02 -5.396080265865583758e-01 -2.342690544070601955e-01
2.877253809634082449e-02 -3.386897964028090513e-01 -3.044497897055330471e-01
-3.803368079124226642e-02 -4.894299937694217562e-01 1.494929225551690499e-01
2.530550064000080396e-02 -5.784191537925210680e-01 -1.267512616530244163e-01
2.412185517830009104e-02 -5.679040402460105996e-01 2.609851554235914639e-02
2.666521886551692644e-02 -4.174645801180531524e-01 4.152949569368307725e-01
-5.006627958997258432e-01 -1.320434751693563002e-01 5.241879236957069921e-01
2.719510639300988519e-02 -3.995557415161170578e-01 7.110843266539483842e-01
2.607576906826241173e-02 -4.311769112943359961e-01 8.537767510066285315e-01
2.448717785166450861e-02 -4.179222082717898856e-01 1.355649182264202279e+00
-1.534221473444271483e-02 -3.104964669269882349e-01 -5.736127693959305329e-01
-1.317913980313031516e-02 -2.848766170901351202e-01 -6.020974292324439148e-01
-9.989856567385928254e-03 -2.460811088075279818e-01 -6.217413255034780484e-01
-1.795563013361522325e-02 -2.233401947991097147e-01 -7.479710150515592737e-01
-1.897684952376951090e-02 -2.271342154473017794e-01 -7.933391576928300326e-01
-2.108350011884903286e-02 -2.378263548098103475e-01 -8.418852468112710818e-01
-2.080970979980298341e-02 -2.248775677279104546e-01 -8.863292402785227786e-01
1.400841999253651937e-02 -1.523946713888116866e-01 -9.517019713841796680e-01
2.431954291241472665e-02 -4.944201222851751787e-01 -2.805569507473418822e-01
-4.687822738084325425e-02 -3.911954809139468470e-01 -2.582401923229230567e-01
-7.767712831298975162e-01 1.605945947384609385e-01 9.953768447463917646e-01
-2.974418912294368722e-01 -1.987708304701018558e-01 4.150221410873982664e-01
-3.736134480533638280e-01 -1.906446140892604224e-01 4.083221461540186836e-01
-4.445412034818637670e-01 -1.696138633143424723e-01 4.204819329927374505e-01
-5.312245222881603057e-01 -1.165357006091631842e-01 4.972228132152638480e-01
-2.303198019707858868e-01 -1.936734156209533042e-01 4.405222803228006079e-01
-4.049261342821154352e-01 -2.586616058856542888e-01 7.272485478019641292e-01
-3.179339828050868899e-01 -2.578842175656012037e-01 7.110320566382171137e-01
-4.818783960781098941e-01 -2.309813169430931512e-01 7.111402577358656441e-01
-5.306449111645459293e-01 -1.954828413115138330e-01 6.708913687397097814e-01
-5.951604261490026637e-01 -6.926750279677768019e-02 4.354999340354197557e-01
-2.611489872208887508e-01 -3.054439441683548528e-02 -1.051682150141600269e+00
-5.250226623182105978e-01 -1.128482533570909774e-01 5.624104797704765346e-01
-8.013760930276786487e-01 2.485840460201617086e-01 5.403684362374270300e-01
-6.764800553175825959e-01 -4.545247786351219038e-03 5.279930136264525675e-01
-3.480256523227621690e-01 -2.083354962856595605e-01 -5.207880308504547751e-02
-1.002318111232616826e-01 -3.093866825720143487e-01 -5.216514119836878072e-01
-8.649126539697847560e-02 -2.697525022732910061e-01 -5.931483407928295204e-01
-1.733216400055139217e-01 -2.567408350224393287e-01 -5.421632048069371379e-01
-2.202613545557454700e-01 -1.978933122767997377e-01 -5.702421498077921980e-01
-1.466084550375043316e-01 -2.332153766252095806e-01 -5.935501990267307848e-01
-1.920134616807094574e-01 -1.768471559479135036e-01 -6.049474852417096038e-01
-3.327056729899789955e-01 -6.410446318107387853e-02 -7.216373454708607804e-01
-3.773181631851933726e-02 -5.316205160916708250e-01 -2.265211581159176091e-01
-4.887915906248360698e-02 -5.676017361429279706e-01 -1.217895282424439896e-01
-6.296265851130627977e-01 -1.849085517106408560e-01 7.822137664991497541e-01
-1.954578267728998286e-01 -2.559107747048960935e-01 2.099384258300605599e-01
-2.096044298903126102e-01 -3.536033273305254632e-01 -1.563278539501477826e-01
-2.154589665700998302e-01 -3.393860880343417818e-01 -9.284241142132348967e-02
-5.665683721116148153e-01 -1.148046461849647204e-01 -8.802188202285066154e-03
-4.412350224810476784e-02 -5.436029658484972105e-01 2.127430745549202529e-02
-4.599895401467458678e-01 -3.228684976721378219e-01 8.817401074705886188e-01
-5.603075804721878717e-01 -2.612477914779914867e-01 8.528223871765809871e-01
-7.026062658625669144e-01 -4.573976529825773962e-03 1.156169199932957081e+00
-1.332994389190266527e-01 -3.787147032364238108e-01 7.545687766543489605e-01
-2.408821167122804918e-01 -2.326883104545978687e-01 6.601728067159366997e-01
-3.870982596325388547e-01 -5.765687674119968076e-02 -5.996031934217918025e-01
-7.092258843378274058e-01 5.675745137661794004e-01 -4.277654030323057022e-01
-1.536027435399315022e-01 -3.173672104139999006e-01 -2.174712185570522038e-01
-9.493589468484958660e-02 -3.175903840601063122e-01 -2.515274754315466321e-01
-2.808180571899221989e-01 -7.010254634407930840e-02 -6.269280195223235763e-01
-2.653392810836076032e-01 -8.938683219300130878e-02 -6.369309113970441638e-01
-5.972381864435928334e-01 -2.352426561875966549e-01 9.286719204869016142e-01
-2.140928550614243364e-01 -3.065741884982741139e-01 -1.959125435132071380e-01
-3.218240315846079280e-01 -3.638001380731041845e-01 8.596632148260703321e-01
-3.332172549360303826e-01 -3.891841517215147150e-01 9.443422466156565775e-01
-4.035652595924100750e-01 -3.130056822965471830e-01 1.342386205067683358e+00
-6.487652033698185772e-01 -1.368747199663161995e-01 1.028190054170718959e+00
-3.595712321940890410e-01 -3.549732004019324205e-01 1.133670760109677378e+00
-6.700331820440835751e-01 -1.290382916912187206e-01 8.446057543291189962e-01
-7.224738493199652778e-01 8.475710378182343963e-03 9.003436108166418261e-01
-9.538848751442391416e-02 -2.973279327854618237e-01 -5.618706416607391896e-01
-1.603487231275369795e-01 -2.478204011477329605e-01 -5.692377953279732505e-01
-2.071230206568318577e-01 -1.931836131527433498e-01 -5.874126977174545239e-01
-1.363879247351985902e-01 -2.983977132289333256e-01 -2.352659188897895937e-01
-2.727005611689521380e-01 -8.002707328831391853e-02 -6.320298886911858149e-01
-2.480664565276926581e-01 -1.225446926860558061e-01 -6.847838524537875893e-01
-2.564840943334692480e-01 -9.193521899157675037e-02 -6.407840138781462080e-01
-1.197623753456425466e-01 -4.259028497873117436e-01 -2.011651464427205716e-01
-1.805348080409230338e-01 -1.621884784334167440e-01 -6.183663511796257950e-01
-1.341334749361152434e-01 -2.012775360692117821e-01 -6.117134946908129312e-01
-7.740161570865558560e-02 -2.348927766943664786e-01 -6.136256043962401430e-01
-8.677356214628594022e-02 -1.462652178975941131e-01 -9.415316583655344296e-01
-1.077004008321059136e-01 -2.203806769979707036e-01 -8.704922301747968216e-01
-1.042803308562249565e-01 -2.331184583204671812e-01 -8.245782701119264146e-01
-9.564496236403566276e-02 -2.210418040103468984e-01 -7.746234694105136320e-01
-8.576867590873299418e-02 -2.170818850574473546e-01 -7.319295330120044740e-01
-1.877716695021099946e-01 -1.594505937395180872e-01 -6.912263974687016255e-01
-2.034573655861714458e-01 -1.669299856289856998e-01 -7.103665997752990346e-01
-2.194254210361150648e-01 -1.745865778963207049e-01 -7.339738235124870780e-01
-2.307332324496907949e-01 -1.584396743292881826e-01 -7.598254282073604315e-01
-2.943006740632141405e-01 -1.852040253071702003e-01 -4.375537188629785579e-01
-7.932809484393933408e-01 6.026475411427290041e-01 1.231684305045218086e-01
2.864995053672177161e-02 -3.931768237259606336e-01 -2.888322043774519399e-01
-2.193060634495282990e-01 -1.212437621832503365e-01 -6.682294450161493371e-01
-2.337350913783850515e-01 -1.256125583047783545e-01 -6.765090341633998028e-01
-7.037177571364146289e-02 -3.179578226552067233e-01 -2.928502331794902158e-01
-1.873559907540460201e-01 -2.449985605767643904e-01 -2.521123554002923650e-01
-8.226599224949904254e-02 -3.190339200676697295e-01 -2.727523144205675765e-01
-2.727603793898065176e-01 -2.219000444306052366e-01 1.563506546480534776e-01
-3.943143839695427699e-01 -1.891765591712996630e-01 9.505047668700578045e-02
-2.276545578680628790e-01 -2.917933186397450029e-01 -1.329161975082866487e-01
-5.848244816355236964e-01 -1.707555596740845116e-01 1.275617601089516384e+00
-5.333062625651677768e-01 -2.547135680640706390e-01 1.111424561815583578e+00
-4.834016819801423281e-01 -3.208794490909017139e-01 9.675733341611922889e-01
-2.687405398681849689e-01 -9.667891360968433601e-02 -8.162783325053474259e-01
-1.542588991316978519e-01 -4.236678016609350950e-01 8.973712440296548465e-01
-1.794031537515924368e-01 -4.105668167312256367e-01 1.119678905700560945e+00
-2.076722531630921520e-01 -3.942854069045746979e-01 1.363967624813374080e+00
-5.015376239647498791e-01 -1.401325450476362533e-01 4.492214401311052097e-01
-6.782584790398399344e-01 -1.677123987610595890e-02 3.638119732839766862e-01
-1.856692171221159815e-01 -1.882206651486179605e-01 4.654942218922553110e-01
-5.985696651228125109e-01 -1.287525423936393687e-01 6.354343322534099503e-01
-1.437002327074191066e-01 -2.915998356348618037e-01 2.728436231765881126e-01
-1.661576151622440600e-01 -4.314099148263804695e-01 -1.303517492556235391e-01
-7.444967678169647218e-01 7.227642378905685394e-02 3.033697259187427275e-01
-6.317609030525304092e-01 -7.407455349009556267e-02 2.738518721116882104e-01
-5.395023271221238703e-01 -1.377555988277247567e-01 2.181553955759255037e-01
-3.964890603272068770e-01 -1.746387656768179086e-01 2.234145609459876058e-01
-2.902051440097245805e-01 -1.981588907173785219e-01 2.631331677558730875e-01
-2.106701050946715448e-01 -2.244701355326408909e-01 3.081373655169232229e-01
-4.393098482595224341e-02 -3.857018067548818041e-01 3.976134493541170767e-01
-7.304583224673484310e-01 7.998249472487251044e-02 7.464396381522381274e-02
-6.582396562505841153e-01 -9.546772704987321889e-02 6.644720788812217283e-01
-1.498832438370075251e-02 -4.900223262271929947e-01 -2.742839486788241077e-01
-1.899058909492701563e-01 -2.727053578784936483e-01 9.412541915389099900e-02
-8.216443978726716280e-01 4.843601595001826299e-01 5.906377179774287001e-01
-1.487094769811738437e-01 -2.430800096340455241e-01 3.595469140585026424e-01
-2.322109744054702274e-01 -2.191493179862264440e-01 -1.268124755258372427e-01
-5.547264581108313219e-01 -9.843087178679582605e-02 5.627931407712298828e-01
-1.701417695786583972e-01 -4.130668391954409047e-01 -5.339855774732965576e-02
-7.604996486986574933e-01 6.041696400324615412e-01 -1.426815951359176049e-01
-1.814633008783797241e-01 -1.759365890661228615e-01 5.014790801214374927e-01
-1.101084217666440934e-01 -4.937726782685947224e-01 -5.170876420793890649e-03
-5.680875383827240777e-01 2.163298844769594997e-01 -7.539985219806278893e-01
-5.609046476590360264e-01 3.617843817151203956e-01 -8.522063337338647848e-01
-7.882753175707279958e-01 3.434086890761640642e-01 9.365832073198548935e-02
-6.535382496519570594e-01 2.893659741409391195e-01 -5.910606253136645449e-01
-7.649402617125719006e-01 1.470978110309887898e-01 7.389905668790075488e-01
-2.739403901726993329e-01 2.516396926837011216e-02 -1.138265113573295073e+00
-2.128351356118412217e-03 -3.875773789835628147e-01 -2.828382514435273665e-01
-2.570390124398849174e-01 -2.339525134661145644e-01 2.349942376395475208e-02
-7.401745069117753317e-01 7.080000550019754924e-02 5.236025417498897383e-01
-4.324908640860689601e-01 -1.706109187341294242e-01 4.740067251188138098e-01
-3.698821796250172378e-01 -1.884461276613454417e-01 4.612596470846213048e-01
-2.599145522872547409e-01 -1.082769700572029925e-01 -6.933721149842151377e-01
-7.125833137159593988e-01 1.321383424154742858e-01 -1.372802133167312366e-01
-1.343851187718514972e-01 5.957643631517495209e-02 -1.274701087945490086e+00
-3.564294860497569939e-01 1.939245387750765937e-01 -1.116369425135981697e+00
-4.516303900581128961e-01 2.688410833302017355e-01 -1.009997205419969291e+00
2.512673964244739253e-02 -4.295052488548164460e-01 1.100160513332091083e+00
2.211950725888774810e-02 3.685672545424201196e-02 -1.297633746633981122e+00
-3.057384089631870472e-01 -1.934418434860940006e-01 4.677600401275825437e-01
-2.428326048498331557e-01 -1.873249596319663257e-01 4.843783681296007781e-01
-2.010995391297408230e-01 -1.752677425472574102e-01 4.938025792631393074e-01
-7.096203215426578614e-01 -2.447529236614409687e-02 7.077642390079807999e-01
-2.570348753528984842e-01 -2.110137800676181730e-01 5.861509988819830763e-01
-3.264222379373968863e-01 -2.252547506628727603e-01 6.234303605499211809e-01
-3.927517870131078670e-01 -2.216836241586328526e-01 6.325261490823057553e-01
-4.552251520719713396e-01 -2.011190200963097197e-01 6.193213309194520733e-01
-4.922658708902549751e-01 -1.741750279009493529e-01 5.955157169712552712e-01
-8.124185193323550935e-01 3.361010224124809653e-01 8.188707690733301181e-01
-4.734450926328598319e-01 -1.496563113070372153e-01 4.976050010060135698e-01
2.709745449802020145e-02 -3.180002669340160626e-01 -3.828171600978219624e-01
-2.188622443018317099e-01 -2.333928821680327226e-01 -3.955930493678102566e-01
-1.531264021172800138e-01 -3.471971309662896243e-01 -2.044196973803208139e-01
-7.821462105093922312e-02 -3.083019598881361900e-01 -3.827193345845809058e-01
2.704356376205374612e-02 -3.810506736183680299e-01 5.670423740526648881e-01
-4.715459692907087996e-01 1.616640141614801851e-01 -9.048700623076726401e-01
-3.778540131674250624e-01 9.898688869999822115e-02 -1.023524782366586283e+00
-1.432293779542171963e-01 -4.118116146291983526e-02 -1.221931891224673272e+00
-6.407057389747831122e-01 4.750482574802500357e-01 -6.680725868459185257e-01
-2.056250584352243282e-01 -1.909878002924365048e-01 5.338202453588403174e-01
-9.406788815655604818e-02 -3.872395462772718067e-01 2.207126390154210971e-01
1.626529133426244875e-02 -6.148618977086683923e-02 -1.243100042192155641e+00
-2.545960189342543756e-01 1.136789938639440889e-01 -1.209976798444757362e+00
-7.617863700317457631e-01 3.628874212689667811e-01 -1.449442785068488226e-01
-1.424135995434091528e-01 -1.918489126786136478e-01 -7.102483491122494330e-01
-1.582330984279809449e-01 -1.988157554289983198e-01 -7.424767163044428964e-01
-1.710222437012583474e-01 -2.077817793482458764e-01 -7.839767854917708556e-01
-1.786937251916216052e-01 -1.936012809944288593e-01 -8.271785440668542044e-01
-1.890807870940789392e-01 -1.303940873128557609e-01 -8.930040367683664826e-01
-2.288486217308114412e-01 -1.302276583308669133e-01 -6.206348806176392729e-01
-2.426504967026142379e-01 -1.319951481879440836e-01 -6.118575270343141748e-01
-2.543011997629743837e-01 -1.337777295769319308e-01 -6.020835204559339404e-01
-3.541184983751846094e-01 -1.236211811403971628e-01 -5.071375482005979762e-01
-6.214245395935338312e-01 -6.618634478161800061e-03 -2.227849970123048640e-01
-9.250716772691877643e-02 -3.340185929748402116e-01 3.434638607134002375e-01
-1.297327287987848909e-01 -2.351349871895707100e-01 5.737126694220802126e-01
-1.756814512458979571e-01 -2.080188432985988212e-01 5.673630689663302640e-01
-2.148588196397261951e-01 -1.227228813186912459e-01 -6.287997749879330467e-01
-6.262929658051816784e-01 1.340976587800752351e-01 -4.621953232090925123e-01
-6.904699553553457492e-02 -3.296420088008673033e-01 5.641420222680046948e-01
-2.282504207594945878e-01 -7.597467469506347104e-02 -9.675240318180611254e-01
2.496052519034325928e-02 -5.161049182060967189e-01 1.588131078309705235e-01
-4.247884110962907300e-02 -4.440429027007923857e-01 2.664134246222576441e-01
2.603163359438370739e-02 -4.644018743382215542e-01 2.822695349242808072e-01
-1.469319086060149604e-01 -3.628314313000088887e-01 5.187815986545762925e-02
1.418842797564236202e-02 -1.151051516558009302e-01 -1.154752362427967194e+00
1.427278708885653530e-02 -1.321865129961832253e-01 -1.045748753136703790e+00
-1.101022784043833580e-01 -1.142580343675654586e-01 -1.031928682640707251e+00
-3.979261879828935866e-01 -1.466063615102988771e-02 -7.434408252229178782e-01
-2.981031967289853313e-01 -1.900690876844427502e-01 -2.022508014121349729e-01
-3.218640717027140274e-01 -4.036785576498103101e-02 -8.726948116893056273e-01
-4.662087165314234838e-01 -1.611703655281638836e-01 -1.645972700379663145e-01
-3.685498678262253414e-01 -1.629710282749810557e-01 -2.986444610891643148e-01
-5.284165399563747201e-01 -8.016098297143789408e-02 -3.221291286578079061e-01
-1.343102589665531865e-01 -9.255298870749573137e-02 -1.135565415243614984e+00
-1.909358685043160142e-01 -3.019198951307980328e-01 1.026102309007959068e-03
-4.537910416394632662e-01 6.473374125965808412e-02 -8.060790656211299643e-01
-3.595989230799597758e-01 2.809953923383096130e-02 -9.362972561261879711e-01
-4.560439015443813471e-01 -2.253457856453167096e-02 -6.000770842590679166e-01
-6.910065023709623944e-01 1.817848241070826876e-01 -3.166456904263075800e-01
-5.417811984773749368e-01 5.230258866408132867e-02 -5.994412085313982619e-01
-7.230215507599883074e-01 3.595219802655393870e-01 -3.710304394645351778e-01
-4.290679655347797716e-01 -1.096434523624932600e-01 -4.221093563284299410e-01
-1.406157114218840043e-01 -3.268568240876650322e-01 1.594479499386565746e-01
-1.428646109604181369e-01 -4.421010190034504461e-01 -1.838544876462408773e-01
-1.861717073583635251e-01 -3.563491972877506631e-01 -1.949640083247612676e-01
-1.118779079845257374e-01 -5.027256836284408337e-01 -1.221657284021431811e-01
-1.908430197039755472e-01 -2.701121898608629390e-01 6.791089352146733038e-01
-3.159131991008917728e-01 -2.884846265901617191e-01 7.608567125464740233e-01
-4.236885394640568236e-01 -2.828218447649975542e-01 7.799826631097435126e-01
-5.112504568450358944e-01 -2.495085191290226101e-01 7.607884139062970341e-01
-5.702277913836911738e-01 -1.988056727723164774e-01 7.139343570952110252e-01
-6.068330163364185070e-01 -6.370540754434594888e-02 5.456826122944842261e-01
-8.059375019991708022e-01 2.981349667640708079e-01 3.207852652555883144e-01
-5.571352551885868643e-01 -1.018707746061498221e-01 3.812191281813691046e-01
-4.847177993237162807e-01 -1.423637092259248671e-01 3.385132749801841867e-01
-3.865919612434250974e-01 -1.737270704062441329e-01 3.304802827947773136e-01
-2.914808331108491024e-01 -1.927371771254728361e-01 3.503794573001351442e-01
-2.159944487658592149e-01 -1.989631264626851581e-01 3.826952447616057129e-01
-1.636310594819134490e-01 -2.085552332096463624e-01 4.125279103150601423e-01
-8.106567137822963121e-01 5.662429212686842517e-01 3.640714402078835676e-01
-1.857272423218734037e-01 -3.162900691992064917e-01 -2.172549928403677555e-01
-9.488502393259244660e-02 -4.314260791409350038e-01 1.112817902365142442e-01
-9.228248200900519838e-02 -4.978819577692978893e-01 -2.031156747650739447e-01
-5.474496363108823094e-02 -4.604170244323108063e-01 -2.506727142563574540e-01
-9.249454699320075468e-02 -4.599351295763248748e-01 -2.142325418075747834e-01
-1.656768336037710565e-01 -2.868557671432981904e-01 -2.455747067674345363e-01
-3.950145091293846833e-02 -4.790548180453944038e-01 -2.645909190125972366e-01
-2.838616471429128429e-02 -3.883698071133186991e-01 -2.747344928077213311e-01
-1.571227757779579959e-01 -1.848862777739545549e-01 4.965118389062812554e-01
-1.222756654778115459e-01 -2.245879988715953623e-01 4.653488165548405053e-01
-1.021768055787328072e-01 -2.725510113673805801e-01 4.366896912560969124e-01
-5.114643285317761467e-01 -1.469379484038938477e-01 5.775149030081418999e-01
-5.584382455726090155e-01 -1.479832523824589630e-01 6.246887881867191350e-01
8.810481840361281125e-02 -4.889839564416722517e-01 1.440077956264830816e-01
5.352131629128257240e-01 -1.434034272642551733e-01 4.863065973013107612e-01
1.004769568457151430e-01 -3.956629855425218834e-01 -2.648190603731573889e-01
7.874322595407894365e-01 1.379485646082685424e-01 9.125710943421330157e-01
3.265997311883579446e-01 -2.018113973884143042e-01 3.992434300216441412e-01
3.988058988638468749e-01 -1.964093742358363204e-01 3.889315164189362517e-01
4.675032581808404863e-01 -1.781040735257346519e-01 3.923527287428819066e-01
5.585144936568141594e-01 -1.276396769928019315e-01 4.545042629690212443e-01
2.668736188172897705e-01 -1.962105147634771174e-01 4.253258783982343805e-01
4.374145212817884820e-01 -2.679812933097891481e-01 6.943416969743139155e-01
3.521579912599680506e-01 -2.653366299056187927e-01 6.805499070194866995e-01
5.143225145014220789e-01 -2.442141649744705711e-01 6.743052831609761544e-01
5.617983980966054780e-01 -2.113371012708342156e-01 6.279425039963324462e-01
6.120624339357408905e-01 -8.351028882260858044e-02 3.807495970812791453e-01
2.859864387290485532e-01 -4.261525566392801445e-02 -1.064811894875735021e+00
5.611597156550079957e-01 -1.249209824244571221e-01 5.205170012042603656e-01
8.268923188990218165e-01 2.276263314138138871e-01 4.605594107870758513e-01
6.884271944675393051e-01 -2.225044405396731095e-02 4.624361453330052552e-01
3.841712242184176507e-01 -2.180175715825276583e-01 -8.573786996698623541e-02
6.929814944011865319e-02 -3.107667514218239724e-01 -5.291388429868673082e-01
6.358084850356965356e-02 -2.682497293507428715e-01 -6.010395454688139960e-01
1.528873049850808519e-01 -2.543353237758387841e-01 -5.571904084942289614e-01
2.100408452034395745e-01 -1.921340653730492509e-01 -5.869398290222550552e-01
1.308072342100090046e-01 -2.280818219436747674e-01 -6.054624446682810301e-01
1.854791249213669779e-01 -1.712752897087054249e-01 -6.168542398076779509e-01
3.426129599299868045e-01 -7.123654568755405370e-02 -7.479922317912307550e-01
8.652490503245000020e-02 -5.353276543116446407e-01 -2.323068392038318275e-01
9.594158707194334890e-02 -5.717112774615505932e-01 -1.286324666756022417e-01
6.490644701178984732e-01 -2.020733430733003821e-01 7.300707212076298358e-01
2.390354223267158185e-01 -2.581782474947109662e-01 1.899958071309873486e-01
2.549660525626840091e-01 -3.615133141990596877e-01 -1.750648465515077801e-01
2.592769844828346493e-01 -3.472552464280025952e-01 -1.122577561075763231e-01
5.931670135519581111e-01 -1.278592742682828631e-01 -6.266815272754117094e-02
9.223782939925319335e-02 -5.443825536325177517e-01 1.553323165572539910e-02
4.958465982292734608e-01 -3.393361986056196433e-01 8.429186607297007860e-01
5.886097940356420644e-01 -2.789488680153191513e-01 8.094855108894645213e-01
7.179754218246205966e-01 -2.673571936397012294e-02 1.078506057417830233e+00
1.851660984675920218e-01 -3.828345436323543072e-01 7.335476267142095885e-01
2.799008169677100200e-01 -2.363777541554363260e-01 6.305584395521057761e-01
3.999285547614682690e-01 -6.405495950441736364e-02 -6.325029031815173619e-01
7.567574876868530254e-01 5.450516096241420083e-01 -4.864619044256559555e-01
2.029806860003981750e-01 -3.256411911237980239e-01 -2.316122430484639505e-01
1.484226192447931358e-01 -3.276828333235772828e-01 -2.619956184624184781e-01
2.874371825079684584e-01 -6.332381262153574664e-02 -6.544202818116962028e-01
2.686468437276648968e-01 -8.521581103225976672e-02 -6.610234769001032129e-01
6.226001705402023356e-01 -2.536350626532348773e-01 8.756258252776116802e-01
2.576089703605309866e-01 -3.157654822798559580e-01 -2.146940419359670282e-01
3.670069565376551379e-01 -3.779387812256823631e-01 8.265586469580370466e-01
3.785054748625037435e-01 -4.040913853382761545e-01 9.050657370545984737e-01
4.364229470658569365e-01 -3.279065269941650596e-01 1.292511439438661203e+00
6.710413046079607424e-01 -1.554019745204353598e-01 9.631519228168350377e-01
3.983473629948219852e-01 -3.675331521077741526e-01 1.092719952951280327e+00
6.880183734666042161e-01 -1.463648723054865042e-01 7.791100464819591398e-01
7.427617049557800888e-01 -1.023826119081744368e-02 8.288176528494546336e-01
6.710466527686059779e-02 -2.973094315325784387e-01 -5.696360696321509653e-01
1.417752737575844746e-01 -2.440947283856257366e-01 -5.832752598213866158e-01
1.977956641146756678e-01 -1.877975376880967051e-01 -6.018996348980039102e-01
1.873077204774146465e-01 -3.077634671264979915e-01 -2.480085873869953828e-01
2.777535356933282795e-01 -7.529906721004073211e-02 -6.580319313837974526e-01
2.377828812477102982e-01 -1.197472626594358880e-01 -7.130590490240016344e-01
2.592187268224666052e-01 -8.731706614301050495e-02 -6.625212040852522799e-01
1.667632707322032337e-01 -4.284999881711587522e-01 -2.135545700250442991e-01
1.757530015767562181e-01 -1.565553783326467940e-01 -6.275893749642451613e-01
1.230329786031347239e-01 -1.948048036164838348e-01 -6.199449189633683410e-01
6.062513917461390123e-02 -2.307351659183957127e-01 -6.203365542522412124e-01
1.095081559336551769e-01 -1.493980460789693931e-01 -9.496679992550274285e-01
6.827233489893705376e-02 -2.194499575358629384e-01 -8.798578784336676950e-01
6.379856326946475864e-02 -2.306149405927324647e-01 -8.344002275412503167e-01
5.986498020592326275e-02 -2.177365558544906987e-01 -7.857018397681455602e-01
5.301605160024662478e-02 -2.130006076822964500e-01 -7.430261946457341615e-01
1.683614138120333170e-01 -1.547827026077651658e-01 -7.164787349361649849e-01
1.820454155713499556e-01 -1.645697793152910426e-01 -7.367199906819567046e-01
1.953928490254262795e-01 -1.732071968517987504e-01 -7.612885780148537229e-01
2.088483841620629722e-01 -1.574048844506021338e-01 -7.865317477650544120e-01
3.239179275620739373e-01 -1.924765432957309119e-01 -4.638062483453817553e-01
8.346307313790616300e-01 5.784888383969503112e-01 4.545122464495038317e-02
2.101701032217521137e-01 -1.150044126647848663e-01 -6.938363775028763003e-01
2.232864055458749775e-01 -1.217943890008347241e-01 -7.041671385430036123e-01
1.255005296580607999e-01 -3.236619758061322072e-01 -3.009891306975911451e-01
2.357326754356910969e-01 -2.568162001910782033e-01 -2.689275284849146352e-01
1.366833101546062468e-01 -3.273948471289340190e-01 -2.824739707043755210e-01
3.128784275955729388e-01 -2.256005552755339094e-01 1.292862027012648407e-01
4.293469572734125439e-01 -1.974816303760343894e-01 5.613534456691149366e-02
2.717587330253891098e-01 -3.005220834112899975e-01 -1.534288807809949251e-01
6.079502742076332567e-01 -1.919580431990963731e-01 1.207459075532423043e+00
5.626676402213947048e-01 -2.724428535995840894e-01 1.054892612263221841e+00
5.192384212050658032e-01 -3.380635119473713313e-01 9.214673144205507427e-01
2.805358212989421673e-01 -1.013798209193824684e-01 -8.339012722468047700e-01
2.087438634289505712e-01 -4.301930526583537251e-01 8.652473396303030917e-01
2.238648989081993279e-01 -4.179134802401729964e-01 1.097142481483684540e+00
2.482820037580276695e-01 -4.044471748191070248e-01 1.336020886521612550e+00
5.254597621415844078e-01 -1.506888025351887372e-01 4.126182686781588171e-01
6.863360977406385288e-01 -3.555308788371097650e-02 2.991397726759335574e-01
2.277002578416089662e-01 -1.877955052724960550e-01 4.504569285430035652e-01
6.232410873578937416e-01 -1.444871804925667025e-01 5.847465019096718120e-01
1.899281474298932237e-01 -2.924310235418013937e-01 2.578619278492098599e-01
2.116065879750372858e-01 -4.379124380294687757e-01 -1.471498300994254493e-01
7.714187653726505278e-01 5.267923152237091733e-02 2.305300427963735133e-01
6.394222295573298576e-01 -8.989076568912390819e-02 2.159889766438998771e-01
5.494658988946998779e-01 -1.506477807865893581e-01 1.703971427018725060e-01
4.144313796584253584e-01 -1.821807276212247806e-01 1.904425612016421021e-01
3.149233704912836052e-01 -2.026476126415652224e-01 2.415067897168686195e-01
2.409963666461455434e-01 -2.276479769322237723e-01 2.928406929305506501e-01
9.622736028314353429e-02 -3.861812200755342928e-01 3.908937545606084307e-01
7.601420088751238424e-01 6.256214336769166939e-02 5.271164430630581599e-03
6.736588762019922738e-01 -1.122716666733640789e-01 6.023471969972651330e-01
6.230582726319848497e-02 -4.908839129875831597e-01 -2.773909715148870081e-01
2.349424118999756672e-01 -2.753717366253268239e-01 7.538616716935520046e-02
8.481922072568781612e-01 4.628764497145785306e-01 5.063473188977831718e-01
1.863403329292018240e-01 -2.443099638494975467e-01 3.494757611007731080e-01
2.803918036582865314e-01 -2.280139258418567016e-01 -1.480831359762826427e-01
5.870751966046341419e-01 -1.108535425538095254e-01 5.167522231264030097e-01
2.139469747409796785e-01 -4.196441092612962498e-01 -6.995947405847985356e-02
8.073235134199328034e-01 5.789598029829976511e-01 -2.115244746535855924e-01
2.277228459874334199e-01 -1.736809514871804905e-01 4.848386828627182510e-01
1.543936773959258546e-01 -4.973224036393100178e-01 -1.675496275322507778e-02
5.989050665233294213e-01 1.950758357411550570e-01 -7.916438249925610293e-01
5.995939869133706246e-01 3.391118183688126564e-01 -8.856214980427457029e-01
8.300393678030603128e-01 3.222869405513373309e-01 1.933090456300268212e-02
6.883095406013436390e-01 2.675138199363885638e-01 -6.405879454600815759e-01
7.884278835633912186e-01 1.275545547709164285e-01 6.622380206101996514e-01
3.032667002335369677e-01 1.250772397184096718e-02 -1.148679890554594296e+00
6.002022889290604957e-02 -3.896307373796497608e-01 -2.857000922796933962e-01
2.983013579588151831e-01 -2.402101979262858955e-01 -1.668244279904529392e-03
7.445434104179253776e-01 5.249656159035626102e-02 4.443768979328113211e-01
4.647330507698927970e-01 -1.792854998853967707e-01 4.460259557061838631e-01
4.026719281003582340e-01 -1.944881250042002074e-01 4.391878670134692353e-01
2.524960366169082260e-01 -1.051733602809482027e-01 -7.222981242289379100e-01
7.447851419815867402e-01 1.142160406478369139e-01 -2.011713184617581196e-01
1.753102655172948943e-01 5.294007555866370174e-02 -1.277550895004783804e+00
3.960467935091158687e-01 1.782251138681976710e-01 -1.128281863916651195e+00
4.912439929485495904e-01 2.500633426428450212e-01 -1.029843422655969398e+00
3.411341382065723460e-01 -1.975237344005542628e-01 4.480695401545469192e-01
2.834339416222899644e-01 -1.881001135759254872e-01 4.657663073062705550e-01
2.462793045353427468e-01 -1.736202043871269418e-01 4.757385247725243183e-01
7.195674147915411822e-01 -4.119662666963391784e-02 6.313116089716468426e-01
2.946352006463305861e-01 -2.123393236853383659e-01 5.556376835518779256e-01
3.579266615647083150e-01 -2.304232815136357249e-01 5.874828730814845024e-01
4.233350192714463445e-01 -2.298121447398211448e-01 5.945396662460837867e-01
4.865863661565128506e-01 -2.121012578949560967e-01 5.794793903889912112e-01
5.241902175747181758e-01 -1.862211778415680530e-01 5.542701116529968886e-01
8.304872205613861302e-01 3.134533604942406626e-01 7.344328069324601582e-01
5.067973452898461018e-01 -1.597889974202220675e-01 4.641673362195715136e-01
2.600219068063687189e-01 -2.396322907479299102e-01 -4.154564288827561347e-01
2.020321816761951328e-01 -3.552754485090506842e-01 -2.191718519551684174e-01
1.284919524878576080e-01 -3.095377295684241248e-01 -3.912699094425574065e-01
5.017458759808627322e-01 1.416586892030909928e-01 -9.314833264915025612e-01
4.066955325497677576e-01 8.117625672896672251e-02 -1.040669166155379077e+00
1.730545930262260557e-01 -4.849720294286530287e-02 -1.227439906815018800e+00
6.850460248434093735e-01 4.527424369405879112e-01 -7.144290480180461866e-01
2.487835164547340661e-01 -1.888533427044630231e-01 5.123323365430176857e-01
1.428515538251192707e-01 -3.889470634706735375e-01 2.098552909750452389e-01
2.939090633279318743e-01 1.022976341779630038e-01 -1.215522380261369939e+00
8.041115279606646515e-01 3.413766636672463939e-01 -2.132517521105679603e-01
1.157936050120262905e-01 -1.866936606997712800e-01 -7.300458332485055823e-01
1.286117483055978505e-01 -1.951714192290228134e-01 -7.630930050982114299e-01
1.381281726468254478e-01 -2.046296325535928995e-01 -8.038024899483018348e-01
1.474939417706220002e-01 -1.910597520941047511e-01 -8.443207685616405112e-01
2.043970197927137411e-01 -1.320649251254422674e-01 -9.057429491907855734e-01
2.287737603558663846e-01 -1.249901291285579197e-01 -6.345019300643252036e-01
2.422256839834714404e-01 -1.251692438585917944e-01 -6.275554414525064129e-01
2.540237584621800604e-01 -1.266298302422206312e-01 -6.184427567694410488e-01
3.736182626479755964e-01 -1.290428419859670217e-01 -5.357626809178084315e-01
6.461947919064736645e-01 -2.339398441934120720e-02 -2.777466069221828926e-01
1.425041781667670815e-01 -3.348191629468677544e-01 3.321275775437314004e-01
1.788223730717413973e-01 -2.373239426069600477e-01 5.544305983531945259e-01
2.193187290799102351e-01 -2.065054026162302381e-01 5.457500419641878597e-01
2.157199032811774608e-01 -1.153935298426940204e-01 -6.415144383403565964e-01
6.548902472677662345e-01 1.146826043834001663e-01 -5.125511728647732523e-01
1.156207061426382243e-01 -3.299484674469995160e-01 5.527189441545785620e-01
2.475419027111022130e-01 -8.442682575926380162e-02 -9.802418419942906525e-01
9.280514272631937289e-02 -4.457973068800400451e-01 2.602693791337382101e-01
1.926271690149735649e-01 -3.676117393044526227e-01 3.629509891892662710e-02
1.348598647504112291e-01 -1.206604255440780760e-01 -1.039256573789864246e+00
4.130610919030481831e-01 -2.716195918633818041e-02 -7.753507209633545560e-01
3.375643034510117380e-01 -2.010285627766322802e-01 -2.297675619543220749e-01
3.372271521982975750e-01 -5.223655154624354258e-02 -8.937034170554876145e-01
4.928827558203638937e-01 -1.756157923652735819e-01 -2.077839823512301898e-01
3.978713029950272650e-01 -1.742380941755892754e-01 -3.323191401989677995e-01
5.502289805309200643e-01 -9.557073070047356067e-02 -3.679439418886004121e-01
1.605709068385225702e-01 -9.914428497481600489e-02 -1.143248480533191058e+00
2.354038978436870932e-01 -3.079690494595786476e-01 -1.715097746130417322e-02
4.768685327320512091e-01 4.715312361930629192e-02 -8.340100189137610309e-01
3.833560220523545281e-01 1.184787403720496957e-02 -9.558219925227278146e-01
4.722311243742597364e-01 -3.289306773073652490e-02 -6.394625912457017058e-01
7.235542517855760858e-01 1.618304089808613178e-01 -3.751295318082736308e-01
5.623576287966342013e-01 3.482628400857479267e-02 -6.397679970667816685e-01
7.642360841217212819e-01 3.396692693740162028e-01 -4.318338527780760661e-01
4.479470090529619197e-01 -1.203159309545556721e-01 -4.609372214896021447e-01
1.875814241129969973e-01 -3.282646904995957238e-01 1.444080851534448873e-01
1.880274265286200341e-01 -4.469152177104867008e-01 -1.981251498527870081e-01
2.319250790018273500e-01 -3.654502116328746109e-01 -2.121036326273897932e-01
1.587947175144892864e-01 -5.081940398213071752e-01 -1.345354154762943288e-01
2.378307619468895684e-01 -2.740611703098612129e-01 6.565633017495053902e-01
3.576532297902144109e-01 -2.991454633525477691e-01 7.338510284450698862e-01
4.618856177351988723e-01 -2.967789448599444380e-01 7.474562312215984328e-01
5.448435333503953704e-01 -2.651839940887026348e-01 7.226044685936539036e-01
5.987582604299902522e-01 -2.153363900940722386e-01 6.696369997508437866e-01
6.288659197015876723e-01 -7.861334586119433920e-02 4.911580700086961571e-01
8.387164277153068559e-01 2.790567464861039015e-01 2.421309234760249951e-01
5.752121956794642443e-01 -1.143495032497647834e-01 3.321049639514500051e-01
5.029284532589644030e-01 -1.530932006850093674e-01 2.974658277941453766e-01
4.084847971572064251e-01 -1.808992780192331118e-01 3.019930406807518897e-01
3.186929724344915726e-01 -1.966858782774593695e-01 3.317124076625106999e-01
2.501923953183323723e-01 -2.023191593557584489e-01 3.691914033941608442e-01
2.029941154967557226e-01 -2.100330984351445052e-01 4.018476117706407114e-01
8.441221515532904007e-01 5.456170464244105567e-01 2.819530215857259381e-01
2.311406489297963551e-01 -3.259256320876682822e-01 -2.336006851307761423e-01
1.438561328081599811e-01 -4.328096816249706880e-01 1.005725975546321593e-01
1.384435400092939306e-01 -5.028565038466326076e-01 -2.133339790476269648e-01
1.006719445514436262e-01 -4.653956619340322565e-01 -2.574816148852507869e-01
1.383714901082965243e-01 -4.645234299520966115e-01 -2.246818854984707903e-01
2.130208070155940048e-01 -2.974686809381951735e-01 -2.599675844581359474e-01
8.582098928254788817e-02 -4.829177960394774871e-01 -2.699512661329339647e-01
8.357954128415098771e-02 -3.924175689620498231e-01 -2.793612081234915223e-01
2.027950116395112468e-01 -1.844522153055834224e-01 4.809411953266231610e-01
1.661088080094424158e-01 -2.253226547488521581e-01 4.532005307913296033e-01
1.438454496974609087e-01 -2.741322164872226907e-01 4.271744920120070788e-01
5.449446388686454146e-01 -1.594561102943539144e-01 5.354937367781520408e-01
5.888953752301466782e-01 -1.639054164277587433e-01 5.785787298173288296e-01
-3.780097226666644383e-01 -1.795820434876121974e-01 5.591245991234952140e-01
-3.032752187923950515e-01 -1.865463144753604086e-01 5.567749001935264896e-01
-3.770837832484918994e-01 -1.892422288811851372e-01 6.445261440134895103e-01
-4.537534662928579543e-01 -1.725568857513045673e-01 5.608246526981306435e-01
-3.796083489376138598e-01 -1.699247907126625323e-01 4.732309404135119912e-01
4.094112253451495098e-01 -1.870019526378884911e-01 5.247690802143396560e-01
4.825726586250437267e-01 -1.936310672115481579e-01 5.212104510311108552e-01
4.083558317620352707e-01 -1.968267487077559608e-01 6.098777652106670555e-01
3.356685051595704739e-01 -1.804019896898292341e-01 5.287495814860123655e-01
4.107425643758633171e-01 -1.771961487648193723e-01 4.396419656288677036e-01
