-1.047552245975440222e-02 -1.960708460853156643e-01 -3.343030577997634367e-01
1.560049079575076547e-02 -3.296655372606882572e-01 -1.431250551121635572e-01
1.750058959100828093e-02 -2.070596171684675468e-01 -1.862264966592956927e-01
-2.323573206895204746e-02 -2.990050914123926207e-01 9.132898584710058554e-02
1.545976672542158370e-02 -3.533708071759311675e-01 -7.743553317901530342e-02
1.473664794647232962e-02 -3.469468598755798272e-01 1.594423930086152907e-02
1.629045278367546867e-02 -2.550396104216717807e-01 2.537141335149742938e-01
-3.058674927170645930e-01 -8.066867961922213892e-02 3.202967047133445933e-01
1.661417439986836997e-02 -2.440986505470621459e-01 4.344192975497351838e-01
1.593034307900923624e-02 -2.634168183758966997e-01 5.215936880255456209e-01
1.495983275479000063e-02 -2.553191869692533755e-01 8.282001774027114571e-01
-9.671402929073660837e-03 -1.884335823374337915e-01 -3.526999573967919410e-01
-8.367464218610821958e-03 -1.726338255768531393e-01 -3.701901073679864096e-01
-6.413067663098404037e-03 -1.489587633347335682e-01 -3.820900500322333970e-01
-1.099632470719638655e-02 -1.364017732600655286e-01 -4.527664699439108986e-01
-1.162255657601683756e-02 -1.387179894751796594e-01 -4.805857269688911249e-01
-1.290843809366037931e-02 -1.452523462611293725e-01 -5.106398561071785469e-01
-1.274111722059451113e-02 -1.373453588661275315e-01 -5.383947244203861615e-01
8.537254216683776153e-03 -9.307249301038522660e-02 -5.795384372629277525e-01
1.485742035470749567e-02 -3.021017370105979483e-01 -1.714663875877124322e-01
-2.864658739203365667e-02 -2.391153187374448486e-01 -1.578943417432100982e-01
-4.745491111609256851e-01 9.811127656947804532e-02 6.081007462599208324e-01
-1.817147314409017778e-01 -1.214340990365009310e-01 2.540058943800397318e-01
-2.282498510721120422e-01 -1.164695890908046261e-01 2.499392236853709148e-01
-2.715814005593830682e-01 -1.036213745596614721e-01 2.573178845256222091e-01
-3.245384199361256439e-01 -7.119459014983453571e-02 3.039250834121461908e-01
-1.407081591219422334e-01 -1.183199601150219937e-01 2.695034476899308418e-01
-2.473795585428117949e-01 -1.580228798751409647e-01 4.437898105175435148e-01
-1.942338655209741027e-01 -1.575479538006063773e-01 4.338916731532904691e-01
-2.943916304746796442e-01 -1.411122952543480968e-01 4.339842148210730777e-01
-3.241843209246098034e-01 -1.194253837729453149e-01 4.094625634092046162e-01
-3.635984714691575803e-01 -4.231725928827068106e-02 2.662204513274560869e-01
-1.595941768540156125e-01 -1.866381339800168848e-02 -6.420529338608260694e-01
-3.207495477156885322e-01 -6.894183600550574109e-02 3.434797418383209733e-01
-4.895808082909069991e-01 1.518662451221530763e-01 3.301246664629583494e-01
-4.132786779597885651e-01 -2.776806230564358990e-03 3.225700988438967576e-01
-2.126176231766663260e-01 -1.272773939160892764e-01 -3.181625048592373606e-02
-6.150159123035625619e-02 -1.883152510829891879e-01 -3.204199234231956961e-01
-5.315654090553642575e-02 -1.636944777959002950e-01 -3.645375316201405758e-01
-1.061342935847892077e-01 -1.565257892451840105e-01 -3.328615539956523151e-01
-1.347263740031990342e-01 -1.207735740139961322e-01 -3.495554551561166345e-01
-8.985161797056068211e-02 -1.418399597827019187e-01 -3.643769407284758177e-01
-1.174896046953082807e-01 -1.078148293390835954e-01 -3.705141557628605087e-01
-2.032126268406784231e-01 -3.920930996046145811e-02 -4.398132766486269052e-01
-2.305131552832515029e-02 -3.247856310924548406e-01 -1.383912942326216422e-01
-2.986150748767596452e-02 -3.467621746966426111e-01 -7.440428568875467885e-02
-3.846547147376033760e-01 -1.129652843328204925e-01 4.778415581854189575e-01
-1.194101017622387073e-01 -1.563423279287268208e-01 1.282566634288025975e-01
-1.280526173664001122e-01 -2.160275971062404210e-01 -9.550484673399889379e-02
-1.316293010543673203e-01 -2.073394960845220680e-01 -5.671976394454103509e-02
-3.461308666228046782e-01 -7.013704535528220152e-02 -5.377478187869155768e-03
-2.695615720125982273e-02 -3.321007224010730230e-01 1.299700960348904033e-02
-2.810191779237769527e-01 -1.972484847467698144e-01 5.386772057137623193e-01
-3.423059915634663053e-01 -1.596028456910703053e-01 5.210105486672804709e-01
-4.292398370054328893e-01 -2.794357274475384179e-03 7.063328387473548631e-01
-8.143597945895725276e-02 -2.313663361501544502e-01 4.609850416048755228e-01
-1.471609428193282332e-01 -1.421551405181148420e-01 4.029246189496897834e-01
-2.363269614250189665e-01 -3.535455097125800306e-02 -3.663977838473742032e-01
-4.332839284025835624e-01 3.467455434055546348e-01 -2.613326421857814497e-01
-9.384481746725342743e-02 -1.939677742352924339e-01 -1.328938426388193150e-01
-5.803468687923774016e-02 -1.941657484372878439e-01 -1.537516042357612300e-01
-1.714674383804760671e-01 -4.295803023101107954e-02 -3.823287367183343388e-01
-1.620592066233215722e-01 -5.471878270926794352e-02 -3.880752748011915276e-01
-3.648678274847794167e-01 -1.437156545632634064e-01 5.673490305298423131e-01
-1.307947091786526572e-01 -1.873198249614735911e-01 -1.196947299799803188e-01
-1.966103941475938477e-01 -2.222546532193869773e-01 5.251898768060336842e-01
-2.035708008105308053e-01 -2.377623855160965194e-01 5.769224259272380806e-01
-2.465481659715018647e-01 -1.912230428030720075e-01 8.200974910951086549e-01
-3.963469779299244600e-01 -8.362020856215651721e-02 6.281471610860567267e-01
-2.196711082690849803e-01 -2.168620550156413751e-01 6.925879769801079888e-01
-4.093401209506020155e-01 -7.883273745787011677e-02 5.159908955224090654e-01
-4.413774433708927969e-01 5.178024418033444487e-03 5.500425528369450312e-01
-5.857157522965117380e-02 -1.807283197289170085e-01 -3.453112096947397180e-01
-9.823078158214854083e-02 -1.509137810643277899e-01 -3.495336460722220373e-01
-1.267181524553921412e-01 -1.178306328371223621e-01 -3.599864066613190916e-01
-8.334620998127501013e-02 -1.824041927270095842e-01 -1.437720001437189365e-01
-1.665330803169818297e-01 -4.901019209924409314e-02 -3.852666315876691616e-01
-1.515289663437214274e-01 -7.491796621739704731e-02 -4.161402151449780096e-01
-1.566685590385828997e-01 -5.626549651447770861e-02 -3.902821732040919755e-01
-7.316584689098473704e-02 -2.602377431780886763e-01 -1.229256024068544062e-01
-1.104804117748592329e-01 -9.886698032336677100e-02 -3.785599817696400082e-01
-8.221689699510154048e-02 -1.223097356670451719e-01 -3.752653068358973165e-01
-4.759570193434620178e-02 -1.423666657017845782e-01 -3.769536994686586429e-01
-5.306050811283483104e-02 -8.933636462274219259e-02 -5.734125938397516276e-01
-6.584706725297773122e-02 -1.346080738958164158e-01 -5.287361021922589721e-01
-6.375595207850393020e-02 -1.423869886846176325e-01 -5.001418225283256191e-01
-5.847987293994655333e-02 -1.350076372207276165e-01 -4.693623659320476094e-01
-5.244015711608440711e-02 -1.325894716007439689e-01 -4.432142159390439762e-01
-1.147292825059769150e-01 -9.742388346381281039e-02 -4.191282965153022566e-01
-1.243278092374133781e-01 -1.019891402149292192e-01 -4.308373547777581969e-01
-1.341033334562367618e-01 -1.066609847941926148e-01 -4.453847695523411865e-01
-1.410302794462263143e-01 -9.679348057270242833e-02 -4.613274890169147824e-01
-1.799018149000014000e-01 -1.131779622224149962e-01 -2.679191259320781171e-01
-4.846352808846787763e-01 3.681725383053002787e-01 7.524669198565658856e-02
1.748449151198407797e-02 -2.403275148789372206e-01 -1.766318489974085804e-01
-1.339614714389948946e-01 -7.412069452084191212e-02 -4.058820136293792569e-01
-1.427773219267559623e-01 -7.679070869767135044e-02 -4.109758390318656307e-01
-4.306473175170669188e-02 -1.943919411439450906e-01 -1.790778751579166772e-01
-1.145036837182148437e-01 -1.497454020507431038e-01 -1.540365823421930846e-01
-5.031239159707112663e-02 -1.950537014823678916e-01 -1.667561787549705632e-01
-1.666361751657391421e-01 -1.355643175000126321e-01 9.551854706962614738e-02
-2.408965734118451163e-01 -1.155727174226778287e-01 5.806872677219232504e-02
-1.390798944738494414e-01 -1.782638763951727157e-01 -8.120184775749073047e-02
-3.572839830368401692e-01 -1.043188655772853135e-01 7.793068718234685832e-01
-3.258102074230950773e-01 -1.556109242844128104e-01 6.789972140802595924e-01
-2.953222441399283582e-01 -1.960333249477641537e-01 5.911148815257698530e-01
-1.642754830529277177e-01 -5.906398460602579892e-02 -4.967800114260338962e-01
-9.424064079280397577e-02 -2.588293144612541230e-01 5.482266601305774145e-01
-1.096018982695168287e-01 -2.508255933032377261e-01 6.840400003403916962e-01
-1.268722020132298511e-01 -2.408788705941389274e-01 8.332821231487574920e-01
-3.064019471822232443e-01 -8.561049583234087157e-02 2.747663056535293302e-01
-4.143651617356358674e-01 -1.024597243286118342e-02 2.222618836473416737e-01
-1.134299939619559661e-01 -1.149887377253339116e-01 2.846769025364920269e-01
-3.656812612940307794e-01 -7.865816614007170582e-02 3.879497454683726865e-01
-8.779008594415327327e-02 -1.781456727617658498e-01 1.666880663938360430e-01
-1.015098656455817872e-01 -2.635591660932112834e-01 -7.963516160074934902e-02
-4.548317981145566513e-01 4.415548513340961101e-02 1.853361947261872311e-01
-3.859586232407963280e-01 -4.525400744485519322e-02 1.673029955184696105e-01
-3.295955390799909512e-01 -8.415835949685679385e-02 1.332766178005476698e-01
-2.422251378876505434e-01 -1.066912137794828741e-01 1.365202211424593193e-01
-1.772936208024410432e-01 -1.210602496524598726e-01 1.608833332136524463e-01
-1.287036651484152472e-01 -1.371344507870714269e-01 1.884321629579693846e-01
-2.683854340955790785e-02 -2.356349334017332486e-01 2.429120549638593696e-01
-4.462553588107009972e-01 4.886331743262251059e-02 4.560187441790997109e-02
-4.021351594589672729e-01 -5.832363516950189730e-02 4.058079707544330894e-01
-9.156744307667115390e-03 -2.994138677952032923e-01 -1.676282310457558045e-01
-1.160182845471249835e-01 -1.666025611407934148e-01 5.750358540526090412e-02
-5.019632254294170703e-01 2.959078021607786102e-01 3.608354343966873046e-01
-9.085035924380452377e-02 -1.485036908779946430e-01 2.198802579025854742e-01
-1.418635239216234356e-01 -1.338838295396865830e-01 -7.747293050159831385e-02
-3.388963435584702033e-01 -6.013389503492361232e-02 3.437176493160426505e-01
-1.039438857723545828e-01 -2.523529198973611942e-01 -3.262252191252834610e-02
-4.646083604867157213e-01 3.691024267948839199e-01 -8.716777452082080657e-02
-1.108604939579907467e-01 -1.074840867257598198e-01 3.065231625116068281e-01
-6.726800387129569514e-02 -3.016581465830614484e-01 -3.159018557149173567e-03
-3.470589635019216690e-01 1.321613667055704378e-01 -4.606366586838961386e-01
-3.426707549229979222e-01 2.210231769679171787e-01 -5.206342806206543106e-01
-4.815772151050667915e-01 2.097970046781569842e-01 5.721822368923812352e-02
-3.992629519365742397e-01 1.767809510543703055e-01 -3.610938000367802658e-01
-4.673212426497530547e-01 8.986575198455193370e-02 4.514679214912442617e-01
-1.673717263045456094e-01 1.537228647680230487e-02 -6.953578377699618507e-01
-1.320967699845713647e-03 -2.369109551786219292e-01 -1.729612135663638472e-01
-1.570315967340304986e-01 -1.429274739301134023e-01 1.435638897103524991e-02
-4.521912202310662821e-01 4.325350372927172504e-02 3.198819603472130568e-01
-2.642195451797402228e-01 -1.042305007896265900e-01 2.898604204802982531e-01
-2.259703253550437996e-01 -1.151264784443056799e-01 2.821289647953356683e-01
-1.587635936103209966e-01 -6.620308611806124954e-02 -4.216071290853218301e-01
-4.353350664425459371e-01 8.072663629146803466e-02 -8.386793476143483694e-02
-8.209924858379846757e-02 3.639674334840170555e-02 -7.787469508952482578e-01
-2.177517386116250009e-01 1.184733774433169851e-01 -6.820181575677430885e-01
-2.759123629181581272e-01 1.642417781836615909e-01 -6.170326922692304095e-01
1.535055713652252324e-02 -2.623955577525138860e-01 6.721157235926393803e-01
1.351336324732214933e-02 2.251670034129049647e-02 -7.927570888001023164e-01
-1.867832827658399975e-01 -1.181784868742447037e-01 2.860716328484663729e-01
-1.483525450735670437e-01 -1.144415286999483916e-01 2.961511077812147841e-01
-1.228567657191975693e-01 -1.070754715671873303e-01 3.018671533246611860e-01
-4.335249000103480466e-01 -1.495257172692410208e-02 4.323899659396279738e-01
-1.570290692835507596e-01 -1.289136248321498535e-01 3.578790217754828085e-01
-1.994195540445176107e-01 -1.376137919016845457e-01 3.804899854645120705e-01
-2.399419436348648738e-01 -1.354321009133130360e-01 3.860068326198500266e-01
-2.781084934337429981e-01 -1.228686671315831758e-01 3.779977462065975402e-01
-3.007376000623396273e-01 -1.064079047100957576e-01 3.635589830578367376e-01
-4.963269042161189137e-01 2.053325673396164675e-01 5.002687458444943225e-01
-2.892395133186898004e-01 -9.142880414452825288e-02 3.041734263730219157e-01
1.638090024505367559e-02 -1.940802686078222372e-01 -2.344169511674201178e-01
-1.338835473440006529e-01 -1.425954312161415993e-01 -2.421025227772817257e-01
-9.354876988658444859e-02 -2.121791400923976889e-01 -1.249194085573305801e-01
-4.795951799425221540e-02 -1.882185426672710049e-01 -2.343183066093427191e-01
1.652159319561290890e-02 -2.327934392016256515e-01 3.464204463288250713e-01
-2.880859420503758539e-01 9.876415106171554381e-02 -5.528118754507380661e-01
-2.308616319878202816e-01 6.047211706027211253e-02 -6.252710618303358725e-01
-8.750298474276219096e-02 -2.515864577391657697e-02 -7.464987261658624362e-01
-3.914232484510404841e-01 2.902189270404587074e-01 -4.081423440388620705e-01
-1.256215192709836392e-01 -1.166792501727947906e-01 3.261389741411894194e-01
-5.746843850046659541e-02 -2.365743771471390255e-01 1.348389021274668531e-01
9.936875516749731074e-03 -3.756345958988993594e-02 -7.594238072660459693e-01
-1.555391105648745720e-01 6.944935638679639034e-02 -7.392052547484317948e-01
-4.653944509076546332e-01 2.216970520272174561e-01 -8.855010458010192931e-02
-8.705767673913855642e-02 -1.171868728495922829e-01 -4.303476429044101881e-01
-9.673149050924534365e-02 -1.214422235217951229e-01 -4.500852315380854396e-01
-1.045497487549803539e-01 -1.269199066712570767e-01 -4.754598051520402269e-01
-1.092424190115221516e-01 -1.182583568265569429e-01 -5.021591664725573168e-01
-1.155959431817557004e-01 -7.965076848933067000e-02 -5.435046418528906020e-01
-1.398466972685757370e-01 -7.954167417041291266e-02 -3.791726679625602170e-01
-1.482550189156149889e-01 -8.064583391147578384e-02 -3.738931629019852654e-01
-1.553560201390374318e-01 -8.175653695883472460e-02 -3.680048773316924038e-01
-2.162700219304132254e-01 -7.565068142031081133e-02 -3.103957853296926972e-01
-3.796438788641265383e-01 -4.043490134441940498e-03 -1.361049572870204338e-01
-5.651495514089804884e-02 -2.040603583705430379e-01 2.098405544522613519e-01
-7.925698655063373455e-02 -1.436498768647020974e-01 3.503921263497270511e-01
-1.073282166151612316e-01 -1.270839426430830921e-01 3.464989369390539808e-01
-1.313156124034116079e-01 -7.494385218781265956e-02 -3.840761843671431919e-01
-3.826181228683345203e-01 8.192363215989451053e-02 -2.823667462677464934e-01
-4.218254597118123450e-02 -2.013865930360275724e-01 3.446345753114271604e-01
-1.395170144704683812e-01 -4.641493921981254545e-02 -5.898779428220066734e-01
1.524901254775980208e-02 -3.153014735735648610e-01 9.702292096019660139e-02
-2.595139229464749064e-02 -2.712769760809247144e-01 1.627586608845948968e-01
1.590337960809484752e-02 -2.837147838430287283e-01 1.724455574186373186e-01
-8.976439802100999454e-02 -2.216628458905994803e-01 3.169367244022047725e-02
8.668099972854309554e-03 -7.031984436757698909e-02 -7.050826676833428230e-01
8.711445670964924198e-03 -8.074489873454515632e-02 -6.376797760304011575e-01
-6.729859016510322811e-02 -6.979706469791929768e-02 -6.293193072452281100e-01
-2.431098522598256206e-01 -8.974723688771404917e-03 -4.537247123583383335e-01
-1.821187396011314519e-01 -1.161179855367244773e-01 -1.235601007995340561e-01
-1.967211501440770949e-01 -2.466694692767346098e-02 -5.321266821589387686e-01
-2.848186291774457146e-01 -9.846302942443041495e-02 -1.005566115694955798e-01
-2.251809244473621519e-01 -9.956309957964981638e-02 -1.824522325839397219e-01
-3.228229529143078480e-01 -4.897236039108382455e-02 -1.967967856222135881e-01
-8.207016330337646437e-02 -5.654344807822753172e-02 -6.934143049270917736e-01
-1.166475237374478557e-01 -1.844504566373889043e-01 6.268717050633698662e-04
-2.772607271584370814e-01 3.954550558980979291e-02 -4.922255730994813394e-01
-2.197470585782090868e-01 1.716262611869168175e-02 -5.715876341139030092e-01
-2.785200423521749791e-01 -1.382713768448359803e-02 -3.666550240858561516e-01
-4.221532497767732650e-01 1.110569205840933327e-01 -1.934468153087137710e-01
-3.309877124863145337e-01 3.195280511681353186e-02 -3.662005832409351846e-01
-4.417120479542357980e-01 2.196410185708010943e-01 -2.266718261675215729e-01
-2.621254864003780272e-01 -6.702973273024542822e-02 -2.579852856803168670e-01
-8.590567432106954726e-02 -1.996850536527183806e-01 9.741076196883435845e-02
-8.727958360463805576e-02 -2.701052147318749874e-01 -1.123282797997945948e-01
-1.137369778839381063e-01 -2.177335670786965105e-01 -1.191219277009297195e-01
-6.834902750095891988e-02 -3.071277627081769879e-01 -7.463411559875099410e-02
-1.165908000703519409e-01 -1.650183295856577637e-01 4.146007228640429254e-01
-1.929993179372757606e-01 -1.762425132148703888e-01 4.644932818073610470e-01
-2.588419837066968654e-01 -1.727829773898564847e-01 4.762023744652843504e-01
-3.123357610477695001e-01 -1.524310289930685958e-01 4.644914190676407983e-01
-3.483664978834399850e-01 -1.214553850751404207e-01 4.358723061907592289e-01
-3.707295503577390239e-01 -3.891923542261177538e-02 3.333470449592638163e-01
-4.923674877422135054e-01 1.821381487145201650e-01 1.959757852176876591e-01
-3.403679382698632239e-01 -6.223541806004068144e-02 2.331217197814888786e-01
-2.961262933229258376e-01 -8.697357013832535122e-02 2.071107234002650399e-01
-2.361787511644497517e-01 -1.061342362113149029e-01 2.022894211584361779e-01
-1.780729713554339844e-01 -1.177479884735438409e-01 2.144705728088643903e-01
-1.319564405940992780e-01 -1.215515774942427241e-01 2.341863607690567450e-01
-9.996632924247433882e-02 -1.274116367289118701e-01 2.523715239050857706e-01
-4.952505728995826306e-01 3.459320405183985425e-01 2.224203985162481745e-01
-1.134674401589745307e-01 -1.932815780435331865e-01 -1.327468157570281249e-01
-5.796764729543310568e-02 -2.635690412794738924e-01 6.798484383508263118e-02
-5.637768898541298257e-02 -3.041788220730254899e-01 -1.240944760675430358e-01
-3.344507501228735635e-02 -2.813433831745857372e-01 -1.532119594156934328e-01
-5.650724481728264248e-02 -2.810245834238223051e-01 -1.309104071438059180e-01
-1.012459200025599415e-01 -1.753342312949903725e-01 -1.500584619820721777e-01
-2.413242980494650913e-02 -2.927177569447353411e-01 -1.617072539184816193e-01
-1.735756410784882603e-02 -2.373930182076262607e-01 -1.679946806818373162e-01
-9.599025505696828775e-02 -1.129516766247523618e-01 3.035043277453092214e-01
-7.470127907322113292e-02 -1.372064564648739493e-01 2.845186372918432349e-01
-6.242238007727926585e-02 -1.665082669756379197e-01 2.669576970101147362e-01
-3.124664206396587929e-01 -8.976808788542345319e-02 3.526536533883214419e-01
-3.411639678631528394e-01 -9.040669037330417712e-02 3.813462578838016093e-01
5.382544922871129733e-02 -2.987325959918935014e-01 8.797798363775155561e-02
3.269751808003384941e-01 -8.760876003484102670e-02 2.988323098194239913e-01
6.137539687067056215e-02 -2.418347309190884697e-01 -1.619126921650127504e-01
4.810621697532968533e-01 8.427624725904303560e-02 5.575126300202519758e-01
1.995279891351420254e-01 -1.232916578312809319e-01 2.514896469578024041e-01
2.436405528136964538e-01 -1.199914260369266961e-01 2.459325470310661510e-01
2.856094972262956944e-01 -1.088082574901827471e-01 2.476995364428590252e-01
3.412105497352857508e-01 -7.797828856615007798e-02 2.815179385204530371e-01
1.630398050913348107e-01 -1.198699377843309710e-01 2.657745488066517447e-01
2.672275311810701215e-01 -1.637165112946759038e-01 4.168269517264819868e-01
2.151421729537450478e-01 -1.621008199128937122e-01 4.081018453245648381e-01
3.142125583263699617e-01 -1.491965748972756689e-01 4.049712815298081026e-01
3.432167695414056752e-01 -1.291111498860980644e-01 3.773360080545469231e-01
3.739243330789132624e-01 -5.101853544999901402e-02 2.353356993011482823e-01
1.747174887243995167e-01 -2.603194118767132581e-02 -6.500163402525283018e-01
3.428265823762044473e-01 -7.631736968443297853e-02 3.172892712898659484e-01
5.051693123594880319e-01 1.390626502231079309e-01 2.813673262290999899e-01
4.205774857139621403e-01 -1.359335588531140893e-02 2.831848727839133550e-01
2.346998620390139401e-01 -1.331924172004317342e-01 -5.237942101873194201e-02
4.204331408348357946e-02 -1.890631865125720346e-01 -3.250704860732621659e-01
3.849498145321655906e-02 -1.627680971416836098e-01 -3.694176627818720471e-01
9.302507683819771778e-02 -1.550204780111604230e-01 -3.421780086030118406e-01
1.278254667804574751e-01 -1.172257573799902475e-01 -3.600676492588601452e-01
7.950724785498808345e-02 -1.387586103496259438e-01 -3.718691856718443489e-01
1.128131314880329583e-01 -1.044250388680514341e-01 -3.782520892149096037e-01
2.089478182485718927e-01 -4.354965417021755547e-02 -4.559401762857462348e-01
5.286024041849940458e-02 -3.270509857359817918e-01 -1.419264980513984531e-01
5.861312828778400541e-02 -3.492727968352127288e-01 -7.858480863597949728e-02
3.965298075123069310e-01 -1.234516870376056730e-01 4.450541912854091287e-01
1.460327507783912293e-01 -1.577275840785841154e-01 1.160732166037542479e-01
1.557651734141130007e-01 -2.208614049369180821e-01 -1.069523221846029326e-01
1.583988301357411310e-01 -2.121469628413380493e-01 -6.858108650004790530e-02
3.623806455831479756e-01 -7.811244606418854541e-02 -3.828555071247785602e-02
5.635040958318862647e-02 -3.325769921834575982e-01 9.489641649507885024e-03
3.029251564421198140e-01 -2.073090173778929790e-01 5.149602076153803054e-01
3.595965255753652556e-01 -1.704168784955961691e-01 4.945114210409906619e-01
4.386292408872272119e-01 -1.633352353940287216e-02 6.588864719068925346e-01
1.131226261234452579e-01 -2.338832502540538760e-01 4.481426924651410459e-01
1.709984480502885207e-01 -1.444091144573372842e-01 3.783683444064509516e-01
2.439017919251280642e-01 -3.920760669241152296e-02 -3.865305918684034392e-01
4.623221802164856342e-01 3.329857353142062770e-01 -2.971918109905741234e-01
1.239997071953568564e-01 -1.990131336407637841e-01 -1.415361105325127489e-01
9.063806065222718145e-02 -2.003108396877055775e-01 -1.601515356230615583e-01
1.750083248568781169e-01 -3.874483207962370335e-02 -3.993927823538676591e-01
1.635208700687663108e-01 -5.210971833861946512e-02 -4.031542920963857579e-01
3.803621013742930490e-01 -1.549520382066060797e-01 5.349418360466056122e-01
1.573797983610936146e-01 -1.929338181399150587e-01 -1.311715945475130374e-01
2.242137792646692329e-01 -2.308923058808531881e-01 5.049654628664517197e-01
2.312385132748373540e-01 -2.468695894206973662e-01 5.529274194211475368e-01
2.666217535563819574e-01 -2.003263435562990802e-01 7.896277425183528820e-01
4.099560083772091357e-01 -9.493897429392106346e-02 5.884137301455498736e-01
2.433604217200180386e-01 -2.245352453712567975e-01 6.675700990533695034e-01
4.203277266834326564e-01 -8.941798139928536227e-02 4.759779205080794107e-01
4.537718045791805377e-01 -6.254811248223607345e-03 5.063455472882361086e-01
4.066942797242789620e-02 -1.806535630168856210e-01 -3.501281442530693733e-01
8.621642184812061682e-02 -1.486425583461756239e-01 -3.582655746540915898e-01
1.203420596568066103e-01 -1.145420488982782370e-01 -3.692137261043403340e-01
1.144064561329887764e-01 -1.881082320240309302e-01 -1.515601783013804660e-01
1.690830164564721128e-01 -4.605655975181327522e-02 -4.014631784231177392e-01
1.449589847052530356e-01 -7.315379599378585285e-02 -4.332855156948802744e-01
1.577704716461288403e-01 -5.338804119397203007e-02 -4.039839495267265601e-01
1.018798758643371660e-01 -2.618255275321523801e-01 -1.304992013193881917e-01
1.068800741074047433e-01 -9.542714290008597056e-02 -3.847071935222651229e-01
7.476103896327723763e-02 -1.184424328932808246e-01 -3.806173869072565497e-01
3.669609392274880699e-02 -1.398695380831120327e-01 -3.811268896202010259e-01
6.689454440694725390e-02 -9.124037112003657857e-02 -5.782688460884575221e-01
4.169635865987758594e-02 -1.340235171827299787e-01 -5.343899849776954092e-01
3.896218157596020859e-02 -1.408406055620767816e-01 -5.060192509504570779e-01
3.655321777594355837e-02 -1.329712006280603376e-01 -4.759147611573852910e-01
3.236222026344751090e-02 -1.300803741113187861e-01 -4.497499532074531459e-01
1.027351674393169323e-01 -9.452988965931385934e-02 -4.341559624325603828e-01
1.111045622400604893e-01 -1.005074488274735334e-01 -4.465544231967200073e-01
1.192745282380935357e-01 -1.057830261650776205e-01 -4.617078536652572396e-01
1.275044875541003209e-01 -9.613011407311111700e-02 -4.773549144673729927e-01
1.976217692707773477e-01 -1.175970710348514525e-01 -2.839783734431516882e-01
5.098969031496658477e-01 3.534133792532101470e-01 2.776729614607786889e-02
1.281155866969481139e-01 -7.025062998463676989e-02 -4.213533046411470639e-01
1.361234633817952067e-01 -7.440009474562847558e-02 -4.276893985208480853e-01
7.659264591174094750e-02 -1.978536557457288847e-01 -1.840583646957942299e-01
1.439722784050697091e-01 -1.569452676600289753e-01 -1.643166062154372553e-01
8.344551287414031515e-02 -2.001383535936581692e-01 -1.727026019027580461e-01
1.911452997060369974e-01 -1.378250526358770767e-01 7.898419252839017357e-02
2.622988534447068254e-01 -1.206464942781437788e-01 3.429449363430803199e-02
1.660242442122458750e-01 -1.835964983056775912e-01 -9.373356170900182249e-02
3.714121112881407782e-01 -1.172719959642076759e-01 7.376671145054203294e-01
3.437478114151992781e-01 -1.664421906753321689e-01 6.444604244294231954e-01
3.172158093571808557e-01 -2.065315010927587513e-01 5.629475555019869404e-01
1.712974029011662402e-01 -6.191695867119051400e-02 -5.075669165183109843e-01
1.275268756735703501e-01 -2.628157543930315088e-01 5.286013590788884997e-01
1.367646965126684266e-01 -2.553138547952454873e-01 6.702719329518624924e-01
1.516817199084360968e-01 -2.470869501619549213e-01 8.162087579198518128e-01
3.210165829900035739e-01 -9.205957900096539692e-02 2.586321392164260269e-01
4.192999821364562507e-01 -2.172027565082590428e-02 1.827520099150042876e-01
1.391078137369547441e-01 -1.147289968650616609e-01 2.795056596689230455e-01
3.807536535760402963e-01 -8.827085202218065696e-02 3.535555762289424031e-01
1.160318815908450985e-01 -1.786534663568850601e-01 1.576107690138385253e-01
1.292757860907656209e-01 -2.675317210438721283e-01 -8.989753174163894744e-02
4.712791234575441912e-01 3.218306748910415571e-02 1.408366005294442447e-01
3.906391202701364751e-01 -5.491652933855339924e-02 1.319530970806389591e-01
3.356825356404358196e-01 -9.203451778312832232e-02 1.040999000920087569e-01
2.531865519817544374e-01 -1.112987879970911420e-01 1.166074323356592890e-01
1.923946067473891741e-01 -1.238025227586286858e-01 1.493247356743189203e-01
1.472307409770914899e-01 -1.390758740146474937e-01 1.815248389921148009e-01
5.878771432915028128e-02 -2.359278190556385324e-01 2.388068253402489960e-01
4.643898693245684939e-01 3.822078664327643871e-02 3.220286767603164346e-03
4.115551486908708423e-01 -6.858958447210494747e-02 3.656929420275853992e-01
3.806419668918678556e-02 -2.999412248802759695e-01 -1.695299862985897299e-01
1.435322277773920518e-01 -1.682315189715072323e-01 4.605530522606460231e-02
5.181819498083384268e-01 2.827828640355054546e-01 3.093403112278895195e-01
1.138399954857705065e-01 -1.492551008391862499e-01 2.166411202711838735e-01
1.712984041669282642e-01 -1.392994414064502307e-01 -9.046771177265044983e-02
3.586590014126023185e-01 -6.772321689852311977e-02 3.152812433673010117e-01
1.307055872222848136e-01 -2.563711395862255937e-01 -4.274000216205575686e-02
4.932142369746661537e-01 3.537011033626757950e-01 -1.292256209976994086e-01
1.391216134032871588e-01 -1.061060610038572216e-01 2.981187016165313119e-01
9.432298022383378555e-02 -3.038267630807656161e-01 -1.023602818648566837e-02
3.658857751551709558e-01 1.191767338346094718e-01 -4.836354689213653302e-01
3.663070452355965401e-01 2.071719378484981888e-01 -5.410484448237662392e-01
5.070919236771642691e-01 1.968931964200928419e-01 1.180973556123310342e-02
4.205056080083358072e-01 1.634309200548134111e-01 -3.913512854306300248e-01
4.816704215067246775e-01 7.792628514600530298e-02 4.045778598843101648e-01
1.852732537441981187e-01 7.641283133754700474e-03 -7.016956492949106838e-01
3.664677988786582685e-02 -2.381606718588217264e-01 -1.747095249807474882e-01
1.822398012798065459e-01 -1.467504507355049670e-01 -1.019172440781646038e-03
4.548602932524548059e-01 3.207146966263729748e-02 2.714810226240419455e-01
2.839171078535840387e-01 -1.095300205638904956e-01 2.772639571621954291e-01
2.460024072974464904e-01 -1.188176865656143111e-01 2.735897375411956434e-01
1.539226411474075018e-01 -6.425681902264934742e-02 -4.391807019335165485e-01
4.550079731437772779e-01 6.977745165862991872e-02 -1.229006175182384419e-01
1.071014499189537617e-01 3.234242332819237120e-02 -7.804879696949118539e-01
2.419549459663228319e-01 1.088822040793241408e-01 -6.892957647754616168e-01
3.001133091294960753e-01 1.527699846304020337e-01 -6.291572454727190067e-01
2.084074238948219193e-01 -1.206722166855578315e-01 2.783620120929116704e-01
1.731569227530296851e-01 -1.149150897379369596e-01 2.878707872486089281e-01
1.504582205892820990e-01 -1.060689490727623197e-01 2.932290302049490593e-01
4.396018294262660220e-01 -2.516805530510657363e-02 3.851240690427695235e-01
1.800000535808371493e-01 -1.297234327630758521e-01 3.361602149720949173e-01
2.186663987138226517e-01 -1.407713773769797561e-01 3.532711803522330385e-01
2.586260093306813612e-01 -1.403980185529474234e-01 3.570629167873438092e-01
2.972678477919266093e-01 -1.295779923848366932e-01 3.489707731150071268e-01
3.202409862875121860e-01 -1.137672006462148167e-01 3.354253963120942261e-01
5.073655281898570291e-01 1.914965406722846097e-01 4.486834704079583069e-01
3.096152432115528708e-01 -9.761911690854996326e-02 2.870116334153781645e-01
1.586233183910031319e-01 -1.463889792440190019e-01 -2.542497736208069181e-01
1.234265405049844722e-01 -2.171099612580233984e-01 -1.339355071328389157e-01
7.831022887926866738e-02 -1.890733945633781277e-01 -2.395446148485677051e-01
3.065291543282804287e-01 8.654285590475585543e-02 -5.690665879412715178e-01
2.484605753425628283e-01 4.959268491196078266e-02 -6.357358459717250554e-01
1.057234028683551319e-01 -2.962816088874276055e-02 -7.498490526652168420e-01
4.185118441606983097e-01 2.765917407810345452e-01 -4.364626719443420733e-01
1.519881066269293535e-01 -1.153752563548177124e-01 3.128915112593776415e-01
8.727160667232225499e-02 -2.376175423413462440e-01 1.282058747117348352e-01
1.795564380320768816e-01 6.249619742129031152e-02 -7.425931901408677760e-01
4.912519542823712282e-01 2.085555892543364820e-01 -1.302808582338604859e-01
7.068328467992959774e-02 -1.140133766040228869e-01 -4.420663641453574932e-01
7.852627083781094086e-02 -1.191898162516813464e-01 -4.623125131898127016e-01
8.435717160296846151e-02 -1.249672417270550895e-01 -4.872828112321170302e-01
9.008878678342918667e-02 -1.166796434083658962e-01 -5.124919181360660936e-01
1.248618243207875178e-01 -8.065397122221196202e-02 -5.511731309271310497e-01
1.391786699614259715e-01 -7.628496472548212948e-02 -3.882104335663039141e-01
1.473778562178046925e-01 -7.641282193058504535e-02 -3.840269554996007528e-01
1.545763007016938140e-01 -7.731915316103354918e-02 -3.785724863150039532e-01
2.278888627342126050e-01 -7.889550671901107703e-02 -3.279987430300406182e-01
3.947798730413367707e-01 -1.429942918449808587e-02 -1.696926410613155412e-01
8.705938614680830412e-02 -2.045494466992425764e-01 2.030819394635302588e-01
1.092470847466839312e-01 -1.449871647771844296e-01 3.366743364024121776e-01
1.339873270371796932e-01 -1.261593436701152759e-01 3.310517274581427083e-01
1.312305929032394625e-01 -7.042088254551592819e-02 -3.923803655119129097e-01
4.000873251811283282e-01 7.004183423528032026e-02 -3.131716417336469771e-01
7.063559701989158279e-02 -2.015738163297925434e-01 3.373634842943361578e-01
1.512290982211179635e-01 -5.156730987691249268e-02 -5.975719269584613969e-01
5.669699556152735243e-02 -2.723487857139023083e-01 1.590051089847860366e-01
1.176807817523484179e-01 -2.245832562660238230e-01 2.217358865264579260e-02
8.238654491350458353e-02 -7.370346844195718727e-02 -6.337003073834384104e-01
2.521122514584321905e-01 -1.661278497677817767e-02 -4.731558154931714277e-01
2.062265220682035771e-01 -1.228134044801654223e-01 -1.403707818081151304e-01
2.059854936455913776e-01 -3.190324080463868839e-02 -5.448804260700925717e-01
3.011145888678226079e-01 -1.072883774419952640e-01 -1.269408363064516987e-01
2.430607122686676558e-01 -1.064604631234497001e-01 -2.030518408963826182e-01
3.361485127226153669e-01 -5.842684773802553355e-02 -2.248610982378119738e-01
9.809660025455751997e-02 -6.056909982389607761e-02 -6.980464221543347669e-01
1.438141611458851332e-01 -1.881460371413840038e-01 -1.047796364479142150e-02
2.912703459639138792e-01 2.880658080374826069e-02 -5.093736711135055106e-01
2.341937194274168466e-01 7.241024654128055960e-03 -5.835093769351662463e-01
2.882336514718411014e-01 -2.016093497644599886e-02 -3.907209306042553898e-01
4.420375193497092514e-01 9.886619487682746232e-02 -2.291761633177727964e-01
3.434699426836951286e-01 2.123281810563232286e-02 -3.909665329576716974e-01
4.668910428507966337e-01 2.075124982298506282e-01 -2.638181604491224297e-01
2.735524926187020700e-01 -7.356294438798927082e-02 -2.817713173384284175e-01
1.145982093009961789e-01 -2.005451546488867809e-01 8.822253034800964233e-02
1.148706833927992665e-01 -2.730486047389106830e-01 -1.210492846132315004e-01
1.416888632298210493e-01 -2.232941699010511094e-01 -1.295964457082000587e-01
9.701168630991935382e-02 -3.104685190249911741e-01 -8.219106862021430260e-02
1.452967934574744824e-01 -1.674308610511787698e-01 3.969495772177906723e-01
2.184993523665035298e-01 -1.827554864924574307e-01 4.440643054665427414e-01
2.821775394052505881e-01 -1.813097208319586207e-01 4.527349586898923306e-01
3.328586162858582220e-01 -1.620075708538437631e-01 4.375720988092237640e-01
3.657964789099932279e-01 -1.315544160026005382e-01 4.051129807268183391e-01
3.841900051084679024e-01 -4.802686996035310241e-02 3.010485306222633328e-01
5.123929577888464149e-01 1.704827841663336674e-01 1.479238702763768787e-01
3.514115958158647857e-01 -6.985898720433869613e-02 2.064843481932677749e-01
3.072516397747282468e-01 -9.352848629665844182e-02 1.861065065209143166e-01
2.495536351867000402e-01 -1.105159182092529946e-01 1.900117498701906493e-01
1.946975513727000617e-01 -1.201603493094965946e-01 2.088842404522744944e-01
1.528488261552826688e-01 -1.236018623863638366e-01 2.318761900318003777e-01
1.240142100667418479e-01 -1.283145017606235339e-01 2.510651446948731769e-01
5.156954504249799953e-01 3.333311748751333070e-01 1.722521914604152604e-01
1.412064405188140359e-01 -1.991621735254237580e-01 -1.427363566585801435e-01
8.788532923628217253e-02 -2.644143188319003634e-01 6.144232928089510271e-02
8.457864017920438404e-02 -3.072183420438628909e-01 -1.303379333355953462e-01
6.150302263136120384e-02 -2.843814641110741226e-01 -1.573719448454906078e-01
8.453462308276926684e-02 -2.838279613266306844e-01 -1.372975293412872499e-01
1.301082796764541638e-01 -1.818019788425976335e-01 -1.588576261377734888e-01
5.243020058476322021e-02 -2.950772022365270031e-01 -1.649847832038271456e-01
5.104467348517743863e-02 -2.398571289109552307e-01 -1.708197049498982323e-01
1.238925725132739020e-01 -1.126864969469920652e-01 2.959600508930325669e-01
1.014800481285296763e-01 -1.376552762154659160e-01 2.797807432551741025e-01
8.787880265529651735e-02 -1.674742649476029799e-01 2.630388045323149848e-01
3.329203841895655991e-01 -9.741574779188910682e-02 3.253365281109713569e-01
3.597709943089033580e-01 -1.001339408002382969e-01 3.491825666758319180e-01
-2.309356457911893035e-01 -1.097111865079825055e-01 3.415195387277775163e-01
-1.852784579460298175e-01 -1.139658347923566684e-01 3.400758679988055144e-01
-2.303699661150404587e-01 -1.156128366999131796e-01 3.933171768252323730e-01
-2.772094035812289192e-01 -1.054193409777293144e-01 3.425318284296127169e-01
-2.319122867824741085e-01 -1.038113279265184818e-01 2.893813258396785715e-01
2.501196134645933267e-01 -1.142441956042644646e-01 3.197224420563856695e-01
2.948157729239631042e-01 -1.182940884067357201e-01 3.177125609969949638e-01
2.494748469835594840e-01 -1.202464105979839104e-01 3.656971044300489915e-01
2.050683312162981942e-01 -1.102121122629795558e-01 3.218147289811327250e-01
2.509329619590605631e-01 -1.082535834211861836e-01 2.737596952380682014e-01
