-1.757952106571472606e-02 -3.074572427652453310e-01 -5.393189583695185974e-01
2.478064195007156911e-02 -5.236748973443274835e-01 -2.273603711324312382e-01
2.755977870351061787e-02 -3.293545670514432810e-01 -2.965249906029072680e-01
-3.690886167538592888e-02 -4.749554490655587546e-01 1.450717754698203077e-01
2.455710841857947080e-02 -5.613128178390183187e-01 -1.230026825140670410e-01
2.340846843134296307e-02 -5.511086813127819006e-01 2.532666966640975681e-02
2.587661394260520886e-02 -4.051183614471047800e-01 4.030129054692666024e-01
-4.858560490450862801e-01 -1.281383831060923795e-01 5.080515169384249852e-01
2.639083042254825040e-02 -3.877391640364278302e-01 6.900545123691745886e-01
2.530459670475583567e-02 -4.184251601608659499e-01 8.285269095443448251e-01
2.376298694592213212e-02 -4.055624555729859804e-01 1.315556819840081992e+00
-1.659778892878269185e-02 -2.942563263381000604e-01 -5.709939443073310805e-01
-1.519443862080765290e-02 -2.681278979021873843e-01 -6.012462819665493896e-01
-1.290689877486304177e-02 -2.302489748134389780e-01 -6.215566022085612374e-01
-2.008054362565276502e-02 -2.125329360130731038e-01 -6.762564006535058958e-01
-2.130396815751189887e-02 -2.160514585281844147e-01 -7.223764687671083706e-01
-2.323680598433132405e-02 -2.266515307684775493e-01 -7.747113774252718521e-01
-2.296561007432157409e-02 -2.144578487053466764e-01 -8.258278040423592259e-01
1.152701673780393010e-02 -1.449872415657013081e-01 -9.044514199441353597e-01
2.360030969102555609e-02 -4.800229826000435018e-01 -2.725738139429423335e-01
-4.552695102895304435e-02 -3.802075070637542797e-01 -2.512065285398796810e-01
-7.537988237271791014e-01 1.558451235774520605e-01 9.659392810092182202e-01
-2.886452583989806975e-01 -1.928923242320494946e-01 3.976603915849707960e-01
-3.625640954908795344e-01 -1.850064349332731783e-01 3.908641601168676427e-01
-4.313942128919516783e-01 -1.645976536864237616e-01 4.032198998434437520e-01
-5.155139340660768177e-01 -1.130892399722247532e-01 4.807513726859777847e-01
-2.235082572917697075e-01 -1.879456618092896214e-01 4.233067033511646038e-01
-3.929507312478865977e-01 -2.510118724708101379e-01 7.113410146608809548e-01
-3.085313109100793483e-01 -2.502574748585888464e-01 6.955050786250724926e-01
-4.676271845163917362e-01 -2.241502084282662732e-01 6.953166407102462365e-01
-5.149514645300774518e-01 -1.897015750192507788e-01 6.555099858211015373e-01
-5.775589789472963531e-01 -6.721896502819618702e-02 4.208158844739462445e-01
-2.585526701543675587e-01 -2.998568059387897444e-02 -1.021457112126772593e+00
-5.094954897031085395e-01 -1.095108468899604337e-01 5.470090965265375083e-01
-7.776759638349406423e-01 2.412323492860193319e-01 5.243874211123396023e-01
-6.564736377979829562e-01 -4.410825613726219313e-03 5.123126396225254897e-01
-3.377330406586511735e-01 -2.021741218444172983e-01 -5.053860944555776946e-02
-9.847045969272327781e-02 -2.967553642689226834e-01 -5.149333935143280971e-01
-8.642325439527415165e-02 -2.554981825907989279e-01 -5.898583441223355095e-01
-1.662676211059536113e-01 -2.489741538782541674e-01 -5.374019686646558380e-01
-2.013762582130665946e-01 -1.974754186419273028e-01 -5.706426196522360605e-01
-1.415861698484244258e-01 -2.243523062816871194e-01 -5.898975342739003480e-01
-1.763552312553051671e-01 -1.756335396661721227e-01 -6.028509851283807564e-01
-3.174122067188260843e-01 -6.679884365705118787e-02 -6.946135211866546477e-01
-3.661592489740736478e-02 -5.159229790617749778e-01 -2.198398519594098044e-01
-4.743359262408819443e-02 -5.508153176389944949e-01 -1.181876899164467365e-01
-6.110058257215711386e-01 -1.794400125284607572e-01 7.594410741568626833e-01
-1.896773002678627806e-01 -2.483423951698826571e-01 2.037296437475450972e-01
-2.034055276383096578e-01 -3.431571470977823335e-01 -1.517056427840959287e-01
-2.090869205509171547e-01 -3.293489853523254851e-01 -9.009666299633933839e-02
-5.498125146155006249e-01 -1.114093797196351043e-01 -8.541870000561530007e-03
-4.281858125197982035e-02 -5.275262939434370857e-01 2.064513571306955675e-02
-4.463856759640774108e-01 -3.133198910020975614e-01 8.556632695872430361e-01
-5.437368814453544807e-01 -2.535215734597406900e-01 8.276018046542739093e-01
-6.818271842085863454e-01 -4.438704353431292826e-03 1.121976312134596920e+00
-1.293572026192580937e-01 -3.675144846724009984e-01 7.322529406229181248e-01
-2.337581990711485869e-01 -2.258067188181682727e-01 6.449941655927333706e-01
-3.546850876059199908e-01 -6.889632169958417873e-02 -5.985082102474907906e-01
-6.882510321655654906e-01 5.507888982070772155e-01 -4.151145448344444322e-01
-1.490836434855005166e-01 -3.083566487105537934e-01 -2.112045057628388900e-01
-9.229661278491585463e-02 -3.088617972128562261e-01 -2.444967584791595261e-01
-2.502660072470583863e-01 -8.154454902347668677e-02 -6.167782216385364613e-01
-2.385789665519768565e-01 -9.846749875613711178e-02 -6.198851395097793038e-01
-5.795752909558173904e-01 -2.282855215890027267e-01 9.012071075423913058e-01
-2.077612108205439956e-01 -2.976289480181897318e-01 -1.901505503232430172e-01
-3.123063142578201834e-01 -3.530410071885112799e-01 8.342392853741111836e-01
-3.233625911147068877e-01 -3.776743066489995915e-01 9.164139906222668053e-01
-3.916301034612792442e-01 -3.037487613913298912e-01 1.302686085781052050e+00
-6.295784329265847745e-01 -1.328267472670489058e-01 9.977820630532541202e-01
-3.489371681994977159e-01 -3.444751199342450665e-01 1.100143251976613001e+00
-6.502174262260251858e-01 -1.252220757964597198e-01 8.196271385846651825e-01
-7.011071979858001235e-01 8.225046323973597695e-03 8.737165832499713680e-01
-9.426242624352892951e-02 -2.836120679840125058e-01 -5.569728101245114971e-01
-1.541855790958336359e-01 -2.394571803015502764e-01 -5.653444417126909372e-01
-1.900621467385129604e-01 -1.919893184973420208e-01 -5.866290113735619371e-01
-1.324638984611895554e-01 -2.900669090105467696e-01 -2.285053770199967360e-01
-2.439085390116730867e-01 -9.036426440815772954e-02 -6.185871804627467441e-01
-2.342405382783017131e-01 -1.241108287822088041e-01 -6.435611614965948135e-01
-2.319088576580383698e-01 -9.981221380870872184e-02 -6.205491394963851270e-01
-1.162204880934321616e-01 -4.135083255849352213e-01 -1.953504703665793762e-01
-1.663656669748136974e-01 -1.610626994695689707e-01 -6.150006442061428658e-01
-1.294076179799560355e-01 -1.933943718057405947e-01 -6.077039489034268271e-01
-7.816028755079140744e-02 -2.212295306252590743e-01 -6.107008208159219187e-01
-8.900337126504334617e-02 -1.398829827276513171e-01 -8.956184575220218491e-01
-1.094925288377510686e-01 -2.110836440328778263e-01 -8.097189444528631874e-01
-1.060041624339234101e-01 -2.231554877415338201e-01 -7.577148268844027257e-01
-9.757306454683711827e-02 -2.112951905002488084e-01 -7.056946969284667581e-01
-8.738940660388910819e-02 -2.075563698972582305e-01 -6.626211801005785773e-01
-1.836355218333204364e-01 -1.558761194088462698e-01 -6.330457326183829281e-01
-2.004740101768174299e-01 -1.627284802708255373e-01 -6.516932016271348438e-01
-2.179770045271343104e-01 -1.695873334510604735e-01 -6.759929179142045719e-01
-2.308070264008736938e-01 -1.536249062275156785e-01 -7.030474667280706136e-01
-2.782145110274647504e-01 -1.839570285237878133e-01 -4.337197194857271842e-01
-7.698202274025081060e-01 5.848246678288937517e-01 1.195258131915885591e-01
2.771610313360961531e-02 -3.821384188551337768e-01 -2.811189152674498093e-01
-2.062860398246745275e-01 -1.226003559393320508e-01 -6.250991306865816277e-01
-2.204027063057403257e-01 -1.269397993967459892e-01 -6.338124179274911008e-01
-6.863165483262639865e-02 -3.092264001877522706e-01 -2.849774312136601484e-01
-1.820173306394904378e-01 -2.380788804534228476e-01 -2.447256286897787625e-01
-8.008600657053710492e-02 -3.102910188455250129e-01 -2.652708140125281666e-01
-2.646936847548626570e-01 -2.153375081051074336e-01 1.517266960719981794e-01
-3.826528159193585132e-01 -1.835817966975923365e-01 9.223942736773371731e-02
-2.209218358917880431e-01 -2.831637383346823356e-01 -1.289852958356539347e-01
-5.675287126571006979e-01 -1.657055851866195972e-01 1.237892115878032939e+00
-5.175341083518598673e-01 -2.471805950657692819e-01 1.078554964933049920e+00
-4.691054203189892746e-01 -3.113896671209692713e-01 9.389580352413822162e-01
-2.702277104560906196e-01 -9.385987105532989094e-02 -7.705794386906914539e-01
-1.496968016716423433e-01 -4.111381271154521677e-01 8.708321263764204900e-01
-1.740974328067195209e-01 -3.984245945169111458e-01 1.086565192455962947e+00
-2.015304936664780167e-01 -3.826246958305210555e-01 1.323629250354688480e+00
-4.867050046909766614e-01 -1.359882244837565812e-01 4.323221129741880997e-01
-6.581994659008505444e-01 -1.627524342859854034e-02 3.530524923814220006e-01
-1.801781818002565760e-01 -1.826541725622072843e-01 4.484560712159642026e-01
-5.808673920980860217e-01 -1.249447778659623087e-01 6.194504028453602373e-01
-1.394504003130869751e-01 -2.829759774523483706e-01 2.647629671973985577e-01
-1.612436216204297112e-01 -4.186512727788191945e-01 -1.264966882511839308e-01
-7.224788042985190728e-01 7.013890092087271544e-02 2.943977815844969204e-01
-6.130770227227628766e-01 -7.188385060895469136e-02 2.657528973541569695e-01
-5.235469286970606539e-01 -1.336815742269050200e-01 2.117036067202655580e-01
-3.847631777671720599e-01 -1.694739481278397797e-01 2.164671021658066685e-01
-2.816225339109940107e-01 -1.922984821632025554e-01 2.539232456259656878e-01
-2.044396862548385485e-01 -2.178315905868644098e-01 2.969901481869998694e-01
-4.263175712874750500e-02 -3.742949495632392765e-01 3.858543116489805413e-01
-7.088555360066486344e-01 7.761706920915090180e-02 7.243642049343324008e-02
-6.387726855876803000e-01 -9.264433624402296230e-02 6.463160641323955069e-01
-1.454505539447827761e-02 -4.757498870367951049e-01 -2.664590722664639255e-01
-1.842895590058560851e-01 -2.646402904656965926e-01 9.134172561698161719e-02
-7.973448479491138663e-01 4.700355515466321243e-01 5.731700223847258080e-01
-1.443114997426432344e-01 -2.358910908696572051e-01 3.464274996850782440e-01
-2.253434996439150906e-01 -2.126681324430552689e-01 -1.230620870988568538e-01
-5.383208168167596952e-01 -9.551984914719630071e-02 5.473345949896673002e-01
-1.651099474976420733e-01 -4.008506805910816428e-01 -5.181933383478104505e-02
-7.380084113358185149e-01 5.863017517242377075e-01 -1.384618876903975226e-01
-1.760966525443748987e-01 -1.707333893115068335e-01 4.849059730654503575e-01
-1.068520433398573721e-01 -4.791697017527907221e-01 -5.017951954971622275e-03
-5.512867526223357295e-01 2.099320816787957344e-01 -7.316995508264469983e-01
-5.443162907939065320e-01 3.510848653941773811e-01 -8.270029362478550361e-01
-7.649626345141502526e-01 3.332526229609265034e-01 9.088844343703195161e-02
-6.342103197524906477e-01 2.808081829643163108e-01 -5.735804268119224503e-01
-7.423176963714710475e-01 1.427474976690914499e-01 7.171354453454004130e-01
-2.672920841525093794e-01 2.431909561906692163e-02 -1.105261217842366417e+00
-2.162349574678201769e-03 -3.767246226474272319e-01 -2.752611245477565305e-01
-2.494372660746003723e-01 -2.270335339228588545e-01 2.280444511792280304e-02
-7.182843711919737473e-01 6.870614505182154330e-02 5.081173681926973718e-01
-4.197002537313316850e-01 -1.655652218998080460e-01 4.569053264275177995e-01
-3.589431766781179256e-01 -1.828729671811377688e-01 4.439131180251145725e-01
-2.456186010645543538e-01 -1.104267853519703135e-01 -6.551971777037053357e-01
-6.915091679526987889e-01 1.282304441863261757e-01 -1.332202489738252837e-01
-1.304107742609723619e-01 5.781450629579695799e-02 -1.237002707959766745e+00
-3.458885423671798076e-01 1.881893460920305294e-01 -1.083353712528814849e+00
-4.382737418065980606e-01 2.608902969569484309e-01 -9.801272548923449790e-01
2.438363415065712692e-02 -4.168029359515705856e-01 1.067624042689053088e+00
2.146533853052609575e-02 3.576671342274989618e-02 -1.259257149543481447e+00
-2.966964125090210125e-01 -1.877209382559656969e-01 4.505385149907483733e-01
-2.356510029063479950e-01 -1.817849569005038912e-01 4.674764134467874754e-01
-1.951521629858279372e-01 -1.700843234537381399e-01 4.770818574128785627e-01
-6.886338041700059698e-01 -2.375145349961066410e-02 6.868437851299447061e-01
-2.494332513390253858e-01 -2.047731972843758186e-01 5.712061413781088781e-01
-3.167685319211983597e-01 -2.185930012814825130e-01 6.092023882675317026e-01
-3.811364316588923273e-01 -2.151274883090792400e-01 6.184730907175546299e-01
-4.417621912851976695e-01 -1.951710678166367341e-01 6.050143468024167248e-01
-4.777074571332429187e-01 -1.690239250675651395e-01 5.807509491833435789e-01
-7.883918182187685808e-01 3.261610753523707107e-01 7.946532472529925784e-01
-4.594432900351885785e-01 -1.452303321153134430e-01 4.809573954224246606e-01
2.548315361757011455e-02 -3.076868510646177945e-01 -3.740442568186812533e-01
-2.130098307214184361e-01 -2.266116202580481520e-01 -3.860326490064964755e-01
-1.485977974526617729e-01 -3.372459231662985335e-01 -1.985346122063895713e-01
-7.672667305193203724e-02 -2.985713465492831897e-01 -3.737672765452606516e-01
2.624376955734868122e-02 -3.697813703882013581e-01 5.502724982855562441e-01
-4.582599787064407515e-01 1.568372203149170918e-01 -8.785057627656240875e-01
-3.687732613600243070e-01 9.591437283638709621e-02 -9.943326981064362080e-01
-1.390485963772788436e-01 -3.996707639016167102e-02 -1.185777974147562475e+00
-6.217573214710099272e-01 4.609990424200272052e-01 -6.483148142393577729e-01
-1.995438432697367315e-01 -1.853394716480589732e-01 5.178690690675193942e-01
-9.128589712688178759e-02 -3.757872115306304384e-01 2.141852214999837578e-01
1.578425688697425444e-02 -5.966777934682587770e-02 -1.206255378040558490e+00
-2.470665223680394984e-01 1.103170193703327806e-01 -1.174192593384417727e+00
-7.392570787987020609e-01 3.521552854737166616e-01 -1.406576532721116601e-01
-1.435206314425289675e-01 -1.843449767938117878e-01 -6.451494116541143242e-01
-1.597930831662137674e-01 -1.910196149911143060e-01 -6.776135267371223847e-01
-1.727046418946267536e-01 -1.997317479285594111e-01 -7.185145743527634465e-01
-1.807412848857525844e-01 -1.861365785265953754e-01 -7.649632479034971233e-01
-1.915954467636260539e-01 -1.255203158290127963e-01 -8.443039721589618019e-01
-2.023326347429019734e-01 -1.368038699214653153e-01 -6.202539829031608054e-01
-2.133027380074714596e-01 -1.402085148197584341e-01 -6.135827111649705401e-01
-2.228293890585661963e-01 -1.432446117474073244e-01 -6.055106604155959804e-01
-3.232150554239505702e-01 -1.333321062067224783e-01 -5.115317577105673585e-01
-6.030463498770659569e-01 -6.422892526486145837e-03 -2.161962888422783724e-01
-8.977133389626501536e-02 -3.241402301497504634e-01 3.331969045026161869e-01
-1.258959754194306502e-01 -2.281810368251777632e-01 5.578927673332794157e-01
-1.704857970112367838e-01 -2.018668336447115852e-01 5.518869795654230970e-01
-1.911543806110698185e-01 -1.279526212718959943e-01 -6.263203632131941756e-01
-6.077707958387597031e-01 1.301318162288447877e-01 -4.485262245578598428e-01
-6.700497964711443766e-02 -3.198930803465411810e-01 5.476129996763237084e-01
-2.287494492945987279e-01 -7.373767908019390749e-02 -9.259849532416404294e-01
2.422233537300702566e-02 -5.008414815439432566e-01 1.541163207432401094e-01
-4.122255953220843594e-02 -4.309106490028227210e-01 2.585344366699564578e-01
2.526176650619293973e-02 -4.506675185033945930e-01 2.739216137633129211e-01
-1.425865016905907279e-01 -3.521009492307125566e-01 5.034389983958217907e-02
1.377203975950722081e-02 -1.116228983196090319e-01 -1.119019178393785729e+00
1.304147240804508917e-02 -1.271697179156606183e-01 -1.000481979643679686e+00
-1.102518996758206082e-01 -1.102796959250171294e-01 -9.887919095312409645e-01
-3.868259803045130951e-01 -1.602942854964083813e-02 -7.194916000407292067e-01
-2.892870062577266310e-01 -1.844479293134111408e-01 -1.962693775033026444e-01
-3.209039411014156240e-01 -3.969060039165347997e-02 -8.362791878154447467e-01
-4.524209246210979529e-01 -1.564038663546898356e-01 -1.597294225957828218e-01
-3.577651780594317543e-01 -1.581512757787495449e-01 -2.898254715894272859e-01
-5.127889958188518449e-01 -7.779027879250210997e-02 -3.126023883016160188e-01
-1.319893386156873460e-01 -8.986537603248889727e-02 -1.101560510024896633e+00
-1.852890757057147342e-01 -2.929908285131210821e-01 9.957560614719529468e-04
-4.431840449987161090e-01 6.262439787605286745e-02 -7.827820985163631562e-01
-3.548190155518620159e-01 2.686295410290498453e-02 -9.099947154534651084e-01
-4.337593214074133563e-01 -2.783852548632038959e-02 -5.896304029032657379e-01
-6.705704754895762676e-01 1.764086669517828110e-01 -3.072811188640660607e-01
-5.257538006823272436e-01 5.073973219473434937e-02 -5.816591846275893651e-01
-7.016387015444531805e-01 3.488893707241389475e-01 -3.600574775478335710e-01
-4.128544800190703246e-01 -1.109423577711983744e-01 -4.136918678410463901e-01
-1.364571015554023603e-01 -3.171902654945100153e-01 1.547323878461561719e-01
-1.386394914861899252e-01 -4.290944820642954571e-01 -1.784496618936080026e-01
-1.806658112443981778e-01 -3.459550148317167562e-01 -1.892613528277446999e-01
-1.085691982586979853e-01 -4.878579283333124295e-01 -1.185527631546021143e-01
-1.851989728427470006e-01 -2.621238135517449663e-01 6.621766936188584474e-01
-3.065702904497302761e-01 -2.799528985041961349e-01 7.420530408664198774e-01
-4.111582516127647580e-01 -2.744575894324798870e-01 7.603406886904098272e-01
-4.961305874322916587e-01 -2.421294817588095505e-01 7.415443580958180902e-01
-5.533637091597953805e-01 -1.929261360979046547e-01 6.960181548645967275e-01
-5.888863605642762344e-01 -6.182136479528382855e-02 5.298128623044222607e-01
-7.821024723734577577e-01 2.893178367165725184e-01 3.112982665680998906e-01
-5.406583754305298584e-01 -9.885801874765098862e-02 3.674436659304383124e-01
-4.703826144262115427e-01 -1.381534035649906178e-01 3.251231242256558129e-01
-3.751587783645509155e-01 -1.685892155978381268e-01 3.163704358420917906e-01
-2.828604954123442594e-01 -1.870371119028388929e-01 3.354120099171886693e-01
-2.096065662407833319e-01 -1.930789332071298769e-01 3.670688536627246812e-01
-1.587917870311791324e-01 -2.023873602048305020e-01 3.964671765474165888e-01
-7.866821168174511492e-01 5.494966887502683583e-01 3.533042857552051164e-01
-1.802438420544039133e-01 -3.071795883323495957e-01 -2.109247728541712164e-01
-9.207886669228554366e-02 -4.186669590452429812e-01 1.079907086667724614e-01
-8.955329309899312529e-02 -4.832052733849854231e-01 -1.971367774694974262e-01
-5.312592018569844976e-02 -4.470957066234755306e-01 -2.435855724316300375e-01
-8.975908641178942382e-02 -4.465138258183731779e-01 -2.080389184566224792e-01
-1.609164768193950268e-01 -2.787787671338477491e-01 -2.384557440549981422e-01
-3.833322380465467583e-02 -4.651264740981697621e-01 -2.570561647067615141e-01
-2.762037295757549527e-02 -3.774840108587602661e-01 -2.673233165638106978e-01
-1.524759811986610147e-01 -1.794183973276435307e-01 4.799105361296691630e-01
-1.186594490530054613e-01 -2.179459682012201416e-01 4.490855610983852664e-01
-9.915499907141839264e-02 -2.644905086431057484e-01 4.218550964324108143e-01
-4.963381340156871602e-01 -1.425923628657339570e-01 5.622634479835180166e-01
-5.419228307987125071e-01 -1.436067527210138639e-01 6.094528673174890443e-01
8.549918092972796924e-02 -4.745226029752125374e-01 1.397488662082851940e-01
5.193846134751152199e-01 -1.391623726802536654e-01 4.702182934513650103e-01
9.746560967223283356e-02 -3.844965400917168541e-01 -2.575868723264729265e-01
7.641445093271057587e-01 1.338688337158524533e-01 8.855824476283760127e-01
3.169407759352340648e-01 -1.958429685417264476e-01 3.799820701224145836e-01
3.870114974484146764e-01 -1.906007063899222143e-01 3.692449332765472825e-01
4.536771811200051019e-01 -1.728367719565486738e-01 3.728826355337111487e-01
5.419968238999426369e-01 -1.238648241351134605e-01 4.372776455718949684e-01
2.589810209482829029e-01 -1.904077280453220222e-01 4.069148662668462535e-01
4.244782972599421278e-01 -2.600559367538135547e-01 6.810467853625219448e-01
3.417431686046232819e-01 -2.574894873928315064e-01 6.679571879380881150e-01
4.991117911638136562e-01 -2.369917043708302806e-01 6.612243450192125671e-01
5.451836091966040243e-01 -2.050869564924766575e-01 6.155554079794538502e-01
5.939611218495595146e-01 -8.104053076580836068e-02 3.668089490723072110e-01
2.776457551122453182e-01 -4.107820607862244788e-02 -1.031653916379891900e+00
5.445638153349263710e-01 -1.212265330290954735e-01 5.058188117327091504e-01
8.024375654357029930e-01 2.208944442148903509e-01 4.469386930846723782e-01
6.680674487867914735e-01 -2.159240323002567519e-02 4.481002305341090786e-01
3.728096329189947156e-01 -2.115698566360144639e-01 -8.320223384763664187e-02
6.352236377720840710e-02 -2.974507692047763108e-01 -5.250762276877469770e-01
5.610560818853663201e-02 -2.533253085969097151e-01 -6.021710756965128475e-01
1.377128334848625180e-01 -2.445566194659392067e-01 -5.573016904968988161e-01
1.823578272619980067e-01 -1.858038783450064457e-01 -5.914265307473947075e-01
1.155890304657557488e-01 -2.171680756074640950e-01 -6.078853438184830260e-01
1.592665366795417148e-01 -1.645592731038844070e-01 -6.198364081297387251e-01
2.965428974576584942e-01 -7.205134427925760643e-02 -7.323106073242202640e-01
8.396599237520951942e-02 -5.195231533506108335e-01 -2.254571682282029421e-01
9.310418272666193262e-02 -5.548033221897727962e-01 -1.248282522332448408e-01
6.298688490729880129e-01 -1.960971673688920447e-01 7.094275176423758822e-01
2.319661193613874461e-01 -2.505428090612262793e-01 1.843768159803149675e-01
2.474256125145313234e-01 -3.508397471739113094e-01 -1.698911966233132009e-01
2.516090516827299561e-01 -3.369854189714509562e-01 -1.089378137119182410e-01
5.756245201130298916e-01 -1.240779269770262427e-01 -6.081478765674830367e-02
8.950996105848335604e-02 -5.282828259720400155e-01 1.507384641864940866e-02
4.811822870025501686e-01 -3.293005713680499102e-01 8.179899395810732443e-01
5.712020771295254207e-01 -2.706991532214155782e-01 7.855687876699581906e-01
6.967418082909730970e-01 -2.594503050767305030e-02 1.046610001939696222e+00
1.796899425228630776e-01 -3.715124837125853841e-01 7.118534762729726850e-01
2.716229489591637236e-01 -2.293870498400536473e-01 6.186502482119942137e-01
3.479476839604456195e-01 -6.958140654993105745e-02 -6.461292666738238655e-01
7.343769220800240305e-01 5.289320951075593413e-01 -4.720751388576005514e-01
1.969481853841598129e-01 -3.163418092749874511e-01 -2.249421173077459368e-01
1.438596486096188620e-01 -3.185591288616076433e-01 -2.546772244248352024e-01
2.309727698753030189e-01 -6.727521922916943065e-02 -6.608819065054722941e-01
2.143087862543202604e-01 -8.757897866298505751e-02 -6.611925863523053781e-01
6.041872123728642130e-01 -2.461339856870141674e-01 8.497298086753688473e-01
2.499903678942581031e-01 -3.065428002278265396e-01 -2.083895918390239466e-01
3.561529862729400087e-01 -3.667615100044341325e-01 8.021137573302756785e-01
3.673114440791445112e-01 -3.921406694116171820e-01 8.782990602311437911e-01
4.235160481476993866e-01 -3.182089241825531989e-01 1.254286330948021444e+00
6.511957342805678728e-01 -1.508060714170298411e-01 9.346673839995376376e-01
3.865665224522807364e-01 -3.566636199825281572e-01 1.060403535876016434e+00
6.676707183768075815e-01 -1.420362356206193444e-01 7.560684198129878908e-01
7.207950546900323552e-01 -9.935471949274583825e-03 8.043059590010139814e-01
6.042689902159267823e-02 -2.828215360881021212e-01 -5.685541493298682525e-01
1.264520633993753140e-01 -2.336169952181380571e-01 -5.847880868637025387e-01
1.711233402978911133e-01 -1.809961054715366613e-01 -6.056664451941999872e-01
1.816533219215796802e-01 -2.990726364621234534e-01 -2.408869295874276339e-01
2.220316615422064377e-01 -7.847413851697676579e-02 -6.615509850387439883e-01
2.026540941301309129e-01 -1.159263127950398986e-01 -6.750555454129969490e-01
2.066412044500616219e-01 -8.908399086398560707e-02 -6.599741571640922455e-01
1.618313653567576837e-01 -4.160339332788043354e-01 -2.073949698956978338e-01
1.503246941506239942e-01 -1.500280747425692951e-01 -6.296396815538223279e-01
1.072928551334823011e-01 -1.847265065625025571e-01 -6.224481037177462817e-01
5.258194544245511914e-02 -2.166470884282556408e-01 -6.221652044636685197e-01
1.056008546347148580e-01 -1.419395796913677232e-01 -9.014707653461506709e-01
6.497105238432709928e-02 -2.085978401426339390e-01 -8.192648948183434143e-01
6.052669022783307984e-02 -2.190477502272039079e-01 -7.673141233817628581e-01
5.613032930466560488e-02 -2.063840240300710560e-01 -7.156362447207054167e-01
4.880805538183075054e-02 -2.020344364234519796e-01 -6.726810657864423781e-01
1.513759685402913391e-01 -1.471547188460234912e-01 -6.563422890789460951e-01
1.655968998225875177e-01 -1.564924582163278455e-01 -6.762909873092528557e-01
1.801050713330780706e-01 -1.647516194347863339e-01 -7.017229946218757064e-01
1.941182296964477638e-01 -1.495275287330785075e-01 -7.286052802823972385e-01
3.006454873462551802e-01 -1.891496183659343577e-01 -4.656938812093569524e-01
8.099471198588088505e-01 5.613804415707286388e-01 4.410703693405459980e-02
1.785627256806446850e-01 -1.107643808610991876e-01 -6.523355840420532736e-01
1.904919480755640215e-01 -1.174822428500667537e-01 -6.631650387967291671e-01
1.214200559547841118e-01 -3.146537159609510415e-01 -2.929141725480663982e-01
2.285609240281838428e-01 -2.494541840353055040e-01 -2.610772722032159709e-01
1.323705584141155467e-01 -3.182958223543130849e-01 -2.747387595835002472e-01
3.036252701578208146e-01 -2.189285789681512107e-01 1.254626550143329577e-01
4.166493257313428344e-01 -1.916412513157834674e-01 5.447518132493109344e-02
2.637216613707770163e-01 -2.916343560831522463e-01 -1.488913305245747054e-01
5.899705763268983105e-01 -1.862810203093623329e-01 1.171749330340318807e+00
5.460271441024775463e-01 -2.643855495645293097e-01 1.023694907666426790e+00
5.038823134156507066e-01 -3.280655235144587234e-01 8.942155725871465677e-01
2.634135281399376805e-01 -9.654441229997712259e-02 -7.891363916032609893e-01
2.025704118192748204e-01 -4.174703984457714956e-01 8.396582636504650310e-01
2.172442534060377017e-01 -4.055539856667096377e-01 1.064695271265864385e+00
2.409392397094202165e-01 -3.924859366710660158e-01 1.296509017013340426e+00
5.099196626094277818e-01 -1.462322881481796788e-01 3.939725542688992110e-01
6.660381947614801845e-01 -3.450163134416536770e-02 2.902929262067301952e-01
2.209661843210509735e-01 -1.822415864876740788e-01 4.328974266354972400e-01
6.048091745305486100e-01 -1.402140741415970893e-01 5.710717700078791204e-01
1.843111572668607590e-01 -2.837825835668570384e-01 2.501607024671317347e-01
2.053484733186650146e-01 -4.249614884731949260e-01 -1.427979783104984524e-01
7.486046028837742838e-01 5.112128143960500970e-02 2.237122803941542504e-01
6.205117709336360754e-01 -8.723231009180576478e-02 2.096012538153066984e-01
5.332158349058824243e-01 -1.461924795886808681e-01 1.653577702796229509e-01
4.021748657383250602e-01 -1.767928619004777158e-01 1.845534759174476402e-01
3.056097353187428034e-01 -1.966544533222502888e-01 2.326122677456921028e-01
2.338690701443059128e-01 -2.209154495824556808e-01 2.816032145857969571e-01
9.338150439796194524e-02 -3.747601845751862282e-01 3.793333513351195840e-01
7.376613484562390965e-01 6.071191211245327568e-02 5.115272815671742523e-03
6.537358930524681533e-01 -1.089513112793651373e-01 5.867906137622140861e-01
6.046317637483591967e-02 -4.765906380731061986e-01 -2.694910485081909446e-01
2.279941568130965379e-01 -2.672278129534941815e-01 7.315667424453836665e-02
8.231075247124897132e-01 4.491872093680007172e-01 4.913724584475782642e-01
1.808294498336571188e-01 -2.370846700621194181e-01 3.360555512714282766e-01
2.720994150668331057e-01 -2.212705758128101774e-01 -1.437036823284403297e-01
5.697128643283937421e-01 -1.075751277085750246e-01 5.018783225125573733e-01
2.076196448070412037e-01 -4.072334325628079732e-01 -6.789047279976473392e-02
7.834474934901409782e-01 5.618374777134000908e-01 -2.052687884404171825e-01
2.209881044384941484e-01 -1.685444606130739320e-01 4.686136983547262158e-01
1.498275939643616272e-01 -4.826144465150044027e-01 -1.625944702206187642e-02
5.811540658021647765e-01 1.893066063497723661e-01 -7.682660278489397143e-01
5.818614202986776007e-01 3.290828270174976922e-01 -8.594298707879577393e-01
8.054915426019513269e-01 3.127555308827572045e-01 1.875920597860894490e-02
6.679532744501863739e-01 2.596022885736526398e-01 -6.216430116159044061e-01
7.651106884758607229e-01 1.237822188081165176e-01 6.426527968838278149e-01
2.942978028108109712e-01 1.213781697924921216e-02 -1.114419215423610332e+00
5.814643720863044152e-02 -3.786950999198401835e-01 -2.780380516478713204e-01
2.894793070098247156e-01 -2.331061518063706206e-01 -1.618907406530062376e-03
7.225240674776598482e-01 5.094401303956863636e-02 4.312347687005408936e-01
4.509889006271441403e-01 -1.739832584701144214e-01 4.281400478570707158e-01
3.907631916140830164e-01 -1.887362767407485542e-01 4.210093327241763994e-01
2.144014942527181500e-01 -1.024366784727188118e-01 -6.888253445037966216e-01
7.227586500018894355e-01 1.108381828423386506e-01 -1.952218194950445795e-01
1.701255888371164815e-01 5.137440959542219354e-02 -1.239768233997867952e+00
3.843339906763372227e-01 1.729542326167889943e-01 -1.094913728563848387e+00
4.767158005064087156e-01 2.426678967609841031e-01 -9.993865343389942701e-01
3.310453381813514007e-01 -1.916821101436605446e-01 4.302710870947925592e-01
2.750515839596398004e-01 -1.825371862167184389e-01 4.487251570666295208e-01
2.389957688948757264e-01 -1.684855100653905868e-01 4.591241130790537639e-01
6.982867191957780051e-01 -3.997826594145850732e-02 6.131916414727922593e-01
2.859215736978846234e-01 -2.060595388903765368e-01 5.424424195400632254e-01
3.473412345792841194e-01 -2.236086765005820265e-01 5.756503680964186742e-01
4.108151865289477733e-01 -2.230156136631125108e-01 5.830091384975575330e-01
4.721959197211011983e-01 -2.058285137267830134e-01 5.673043894207476789e-01
5.086876639220960783e-01 -1.807138186731724883e-01 5.410163262781790827e-01
8.059261504328030234e-01 3.041831998240560608e-01 7.127124736392240756e-01
4.918091734908514034e-01 -1.550633512281456294e-01 4.470577601299643433e-01
2.461796817593856490e-01 -2.326179760794200302e-01 -4.093835804662466771e-01
1.960572232908928125e-01 -3.450646057762145613e-01 -2.128675085865012750e-01
1.233152359037355539e-01 -3.002382742777065516e-01 -3.824724730512503168e-01
4.869051887936652889e-01 1.374692350777803052e-01 -9.039352473864563642e-01
3.946724525139064799e-01 7.878229567357325491e-02 -1.009743268219486456e+00
1.679366262590584746e-01 -4.706293258562288528e-02 -1.191022869568318931e+00
6.647862748545865230e-01 4.393529028294145267e-01 -6.933003159727695319e-01
2.414259205240588679e-01 -1.832681391283668138e-01 4.972838983337246610e-01
1.386268205064005166e-01 -3.774442301149090184e-01 2.036489696845042996e-01
2.852169113753180163e-01 9.927225478499185352e-02 -1.179574168554655245e+00
7.803305002211966546e-01 3.312806932612935018e-01 -2.069449828925054025e-01
1.066224853427786279e-01 -1.769595465783977417e-01 -6.644116769750585405e-01
1.202576704899503968e-01 -1.849052806517395009e-01 -6.973396766166262140e-01
1.311864477353673064e-01 -1.940009677939192878e-01 -7.375375571914384309e-01
1.412503079936738848e-01 -1.810885824809931322e-01 -7.823038283094176926e-01
1.974143410157611633e-01 -1.254007065165796408e-01 -8.544098183723374262e-01
1.884585702975003496e-01 -1.229963306263560097e-01 -6.423711861405358992e-01
1.990526978138262848e-01 -1.240587616013164030e-01 -6.382749144589496826e-01
2.090491339530253789e-01 -1.261544700560038867e-01 -6.316183192545814507e-01
3.350169723648726006e-01 -1.314605304901653171e-01 -5.495985085584973451e-01
6.274038104551542538e-01 -2.344157481310461810e-02 -2.705494599965084790e-01
1.382897182366020772e-01 -3.249171238330417211e-01 3.221312680012999863e-01
1.735338283032791251e-01 -2.303052554396594065e-01 5.400405625155331180e-01
2.128325333238790806e-01 -2.003981518963937614e-01 5.319307827525374677e-01
1.779480527684063063e-01 -1.130258650709997648e-01 -6.466935985550028576e-01
6.353640303347627416e-01 1.092425908565968218e-01 -5.014831145814291347e-01
1.122013058176506428e-01 -3.201904756957161258e-01 5.366739255889498850e-01
2.401738813811933326e-01 -8.082298846286223304e-02 -9.350840837308691533e-01
9.006049649653935507e-02 -4.326131679236178140e-01 2.525720969661626736e-01
1.869303572041318695e-01 -3.567398830186403469e-01 3.522169699442233293e-02
1.305999296386798902e-01 -1.159990147095241730e-01 -9.935800702003496632e-01
3.773236134364221783e-01 -2.822929821026155806e-02 -7.577409355147386449e-01
3.275810787550770264e-01 -1.950832857079887184e-01 -2.229723493818529523e-01
3.237771844176493552e-01 -4.976115851183685046e-02 -8.537409365805288530e-01
4.783178300700108299e-01 -1.704492047721342107e-01 -2.016762227313791955e-01
3.856159558646587993e-01 -1.704765996071795353e-01 -3.254593707985262707e-01
5.339356519161471137e-01 -9.673979322842229944e-02 -3.644900292559634103e-01
1.558018258366994369e-01 -9.614896951522194923e-02 -1.107792829400444656e+00
2.284419946375518817e-01 -2.988610833958784685e-01 -1.664375041062214622e-02
4.567518437849211743e-01 4.571414803794135451e-02 -8.107525072863461801e-01
3.712136754878045952e-01 1.178116393385973681e-02 -9.261653090066523930e-01
4.320598141429443650e-01 -3.843970680415206842e-02 -6.430568196051653640e-01
7.021587172266352539e-01 1.570372790406003860e-01 -3.640451167482283701e-01
5.369512685702160226e-01 2.948842368464124619e-02 -6.323696248675965137e-01
7.416343443330957186e-01 3.296237896672200574e-01 -4.190626730664737121e-01
4.245301060578607899e-01 -1.226010641607486185e-01 -4.640041277365232197e-01
1.820338366265279451e-01 -3.185564952565091978e-01 1.401373163877632777e-01
1.824666488372490569e-01 -4.337769561240918392e-01 -1.923109139180172455e-01
2.250660593939272092e-01 -3.547895152605156088e-01 -2.059104282367421046e-01
1.540984764449572220e-01 -4.931645617728168673e-01 -1.305566260470509832e-01
2.307970859573140743e-01 -2.659560057066636674e-01 6.412372261426839692e-01
3.470758893554588553e-01 -2.902984485856223706e-01 7.163397921480916253e-01
4.482256784035500985e-01 -2.880019181978548115e-01 7.291897811551879549e-01
5.287301725419313314e-01 -2.573413656718708253e-01 7.050536170012313697e-01
5.810504098329052347e-01 -2.089679691871721978e-01 6.537508982059763163e-01
6.102676564497753198e-01 -7.628841195139357545e-02 4.756613477907762899e-01
8.139119846256401836e-01 2.708038412629911740e-01 2.349700732611677001e-01
5.582007032360891685e-01 -1.109676978481264342e-01 3.187506745386550211e-01
4.880547011959244230e-01 -1.485655779291865652e-01 2.843650997999072061e-01
3.964041491941272533e-01 -1.755493102609850808e-01 2.876381713636950721e-01
3.092678539598701093e-01 -1.908690330207567509e-01 3.157744968726068358e-01
2.427931327951861062e-01 -1.963357138092589604e-01 3.520515918446243120e-01
1.969907086014210940e-01 -2.038215186151659530e-01 3.844907262090009326e-01
8.191578380177055863e-01 5.294808095157659267e-01 2.736144610821076295e-01
2.242898701449488330e-01 -3.165020356988919037e-01 -2.268036580876993114e-01
1.396016897789950084e-01 -4.200096424677939311e-01 9.759823542990042622e-02
1.343491705706901240e-01 -4.880347828545290589e-01 -2.070568073631140482e-01
9.769464324097021368e-02 -4.519107450915964552e-01 -2.501943070796841528e-01
1.342792514943789151e-01 -4.509676938125259937e-01 -2.181949408131076407e-01
2.065734315611156280e-01 -2.890031373389641001e-01 -2.524519607656019460e-01
8.328289443402248082e-02 -4.688726549169484059e-01 -2.622708989894708687e-01
8.103202311390250712e-02 -3.813710053619971951e-01 -2.718059310112073135e-01
1.967974930994451643e-01 -1.789971719487084556e-01 4.646127996586768560e-01
1.611962579045324029e-01 -2.186588971523124592e-01 4.369373292647944496e-01
1.395913226137127650e-01 -2.660249507437530969e-01 4.125087796246629246e-01
5.288282879362364852e-01 -1.547403090027659189e-01 5.214364473931818456e-01
5.714792124628873538e-01 -1.590580300650696888e-01 5.656811726020509745e-01
-3.668303534026482460e-01 -1.742710320057594409e-01 5.432962839036414859e-01
-2.943060694393366816e-01 -1.810293396217788064e-01 5.411068581106519559e-01
-3.659317979856036018e-01 -1.836455242724155390e-01 6.303485320003248127e-01
-4.403340295685058692e-01 -1.674536383235563086e-01 5.452381106583366055e-01
-3.683817014362231745e-01 -1.648993856276121939e-01 4.562096214567534780e-01
3.973031789259233726e-01 -1.814715026090290007e-01 5.101068943690536539e-01
4.683009147412371398e-01 -1.879045658240368066e-01 5.064921035006424432e-01
3.962789978589880135e-01 -1.910057373080569221e-01 5.986174591084023611e-01
3.257413473526051817e-01 -1.750667288809841793e-01 5.143034576052714080e-01
3.985951445496915824e-01 -1.719556984260584009e-01 4.215556558110102880e-01
