-1.561699962970715394e-02 -2.946462398685486539e-01 -5.010955976623410191e-01
2.341366768540620313e-02 -4.947693580888663512e-01 -2.148045084472415267e-01
2.629691819559418220e-02 -3.107016990624754671e-01 -2.794000875702579156e-01
-3.487285856658831062e-02 -4.487554871338491624e-01 1.370691828010704993e-01
2.320246493152088030e-02 -5.303491253746057676e-01 -1.162174873444349610e-01
2.211718735858669155e-02 -5.207078795132924487e-01 2.392957545145245335e-02
2.444918258761885621e-02 -3.827708219702271597e-01 3.807815077153025030e-01
-4.590547774430522310e-01 -1.210698869640320363e-01 4.802416264266948787e-01
2.493503334983895869e-02 -3.663503130248773054e-01 6.519890433016088949e-01
2.390871953003085443e-02 -3.953435779007770101e-01 7.828228892364053060e-01
2.245214957245526832e-02 -3.831904185369897631e-01 1.242986774235544711e+00
-1.442463826325801612e-02 -2.832014286826174954e-01 -5.287929473752608356e-01
-1.252204457856509121e-02 -2.594915258538121328e-01 -5.552271070789276397e-01
-9.675068844896248660e-03 -2.239132644458022292e-01 -5.733006495183052831e-01
-1.674650295562785454e-02 -2.043314163842244180e-01 -6.782258663734130888e-01
-1.770762480875709421e-02 -2.077927266004805928e-01 -7.200976671443473087e-01
-1.962731473447982405e-02 -2.176201775895778567e-01 -7.653801881332491508e-01
-1.937569147223858201e-02 -2.057871778816304231e-01 -8.073074788930205692e-01
1.262390849605879439e-02 -1.394206244897771563e-01 -8.695219005055645489e-01
2.229844608108499937e-02 -4.533834189442749185e-01 -2.573143411437431860e-01
-4.299056713073332037e-02 -3.588205296964755986e-01 -2.369198000116018443e-01
-7.122170279510167124e-01 1.472482408319122360e-01 9.126551836468754786e-01
-2.727227233555351571e-01 -1.822518071862052613e-01 3.774558374788574699e-01
-3.425639764937089549e-01 -1.748009271074139059e-01 3.711346986643201395e-01
-4.075972189263790124e-01 -1.555179552239311924e-01 3.826197740186310092e-01
-4.870766448963872453e-01 -1.068508995384269689e-01 4.548328817986810879e-01
-2.111788738854140091e-01 -1.775780174453365223e-01 4.013810045538601656e-01
-3.712743946146563889e-01 -2.371653074591207888e-01 6.701952911280646408e-01
-2.915118017824585017e-01 -2.364525246736384201e-01 6.552666172491217189e-01
-4.418314715570677009e-01 -2.117854130788087152e-01 6.551884454883756259e-01
-4.865452028608827639e-01 -1.792370692352489581e-01 6.178322542392171712e-01
-5.456990996859731879e-01 -6.351096641966161305e-02 3.982165522506262434e-01
-2.399924471385411207e-01 -2.804270775214724037e-02 -9.640911904067142046e-01
-4.813901959100550521e-01 -1.034699009320862728e-01 5.164153049615860525e-01
-7.347770336557679638e-01 2.279252519984205083e-01 4.954606454003556149e-01
-6.202605901251601050e-01 -4.167511088637753866e-03 4.840741866249286263e-01
-3.191026768513800516e-01 -1.910215931044650928e-01 -4.775074871849327440e-02
-9.218929898437439041e-02 -2.828913476458423393e-01 -4.802508295946980033e-01
-7.975054542657220025e-02 -2.460168305505164854e-01 -5.466350535837920521e-01
-1.588785870430820535e-01 -2.351850398552870480e-01 -4.992592915201129466e-01
-2.008171637619807215e-01 -1.819147932591760886e-01 -5.253189291594673183e-01
-1.345330826606004893e-01 -2.132395292878423443e-01 -5.467152491280513615e-01
-1.751695350814201912e-01 -1.624124320839004376e-01 -5.568406903530955798e-01
-3.044803835946296999e-01 -5.926626861070147245e-02 -6.604388110658903077e-01
-3.459608086659950177e-02 -4.874455089379716721e-01 -2.077000967156162892e-01
-4.481701390395692597e-02 -5.204306986564418702e-01 -1.116681033672737022e-01
-5.773009184393129711e-01 -1.695415651971990956e-01 7.174252650685755128e-01
-1.792141335516904133e-01 -2.346430865036031044e-01 1.924913092916684665e-01
-1.921850708748218950e-01 -3.242194721314831662e-01 -1.433363419735423916e-01
-1.975530611760428767e-01 -3.111811110907396483e-01 -8.512666181976091817e-02
-5.194832132445097450e-01 -1.052637057776771023e-01 -8.070674734628788261e-03
-4.045658016057816775e-02 -4.984263671050650490e-01 1.950628776072672876e-02
-4.217617080948194985e-01 -2.960362294863639887e-01 8.084623265647881141e-01
-5.137427301565071769e-01 -2.395365658414883026e-01 7.819484654645634247e-01
-6.442155591489822086e-01 -4.193852204155541080e-03 1.060084748874448701e+00
-1.222214727505200327e-01 -3.472412874141889150e-01 6.918596801467029600e-01
-2.208633982452216094e-01 -2.133505454052727623e-01 6.079354029119510283e-01
-3.527248377777466581e-01 -5.424499116358784401e-02 -5.514945418380954312e-01
-6.502850484555677824e-01 5.204057381201293575e-01 -3.922155860092343405e-01
-1.408429600096491319e-01 -2.910797392831759867e-01 -1.994365584824243642e-01
-8.708546484303436586e-02 -2.913517204486247847e-01 -2.307193008670278545e-01
-2.551920031079663032e-01 -6.571365574302270862e-02 -5.752461585449328840e-01
-2.413640176574105567e-01 -8.320287978777445026e-02 -5.835285817335396086e-01
-5.476041858985387645e-01 -2.156926100075908792e-01 8.514938303147041587e-01
-1.963004815561603111e-01 -2.811244255018414684e-01 -1.796385252084615747e-01
-2.950785646642830606e-01 -3.335662102009844254e-01 7.882201533444850305e-01
-3.055249442490639566e-01 -3.568406632488524410e-01 8.658618593210800629e-01
-3.700266166033345794e-01 -2.869930719873784453e-01 1.230826028330231470e+00
-5.948490051283470414e-01 -1.254996269471194137e-01 9.427414226740982173e-01
-3.296887512345552107e-01 -3.254728428860401701e-01 1.039456062519321655e+00
-6.143494898796320047e-01 -1.183144518807184298e-01 7.744140562390193772e-01
-6.624320297496735233e-01 7.771328854283575394e-03 8.255197685367672289e-01
-8.781584478901224844e-02 -2.715531282787662648e-01 -5.176291274774009743e-01
-1.470483624508250320e-01 -2.268185086698282782e-01 -5.243331707140663767e-01
-1.889261214972855485e-01 -1.774637260047885468e-01 -5.409579137236464330e-01
-1.250788566153835935e-01 -2.737144349805546995e-01 -2.157599855397915878e-01
-2.479170479951422479e-01 -7.472517557712456127e-02 -5.794973412302497628e-01
-2.267866172933238333e-01 -1.129137335925404217e-01 -6.243926468557723375e-01
-2.334496246340845849e-01 -8.541997501662738912e-02 -5.866613698471054850e-01
-1.098094186558177532e-01 -3.905547944937999283e-01 -1.844785670329235350e-01
-1.647622588026345092e-01 -1.489419808247420818e-01 -5.689620815338549686e-01
-1.230791964896585378e-01 -1.839478703701420970e-01 -5.632574953748550328e-01
-7.146742944348410953e-02 -2.139906313736009147e-01 -5.654493897896444299e-01
-8.007337358831446983e-02 -1.338905163538894882e-01 -8.603552761977888430e-01
-9.928038445969467052e-02 -2.017694946353477681e-01 -7.927227187900218741e-01
-9.612648184115168970e-02 -2.134178634296409749e-01 -7.495382059215485171e-01
-8.820331501241918115e-02 -2.023298422737649926e-01 -7.032170536902431213e-01
-7.908391119069888009e-02 -1.987100995577218976e-01 -6.638657850306444175e-01
-1.723181322030778451e-01 -1.463209473835486163e-01 -6.280272368763744062e-01
-1.868722251967707138e-01 -1.531355009294129710e-01 -6.455939944150694831e-01
-2.017271830348744688e-01 -1.600948916156914592e-01 -6.674568138681638008e-01
-2.122931434649931726e-01 -1.452586542162283001e-01 -6.914504054943242384e-01
-2.691682109297455217e-01 -1.702568450755188034e-01 -4.024818499131145311e-01
-7.273546431211037611e-01 5.525639914560098731e-01 1.129324110033046724e-01
2.624877135148405427e-02 -3.606391172124118194e-01 -2.650219781794994622e-01
-2.004137408194959780e-01 -1.116944825501458571e-01 -6.088833809837830291e-01
-2.136555984104263617e-01 -1.157108490157222891e-01 -6.165651465095056682e-01
-6.460307602050660569e-02 -2.916904972328190349e-01 -2.686965897346855758e-01
-1.718328160469806964e-01 -2.247138261042150864e-01 -2.311765170740627262e-01
-7.548825000885828196e-02 -2.926819134824427682e-01 -2.502215263442172377e-01
-2.500923900907306985e-01 -2.034588476414304070e-01 1.433569973348119420e-01
-3.615445430700352514e-01 -1.734548761742152889e-01 8.715122414457826538e-02
-2.087351272191409479e-01 -2.675435803190087114e-01 -1.218700810763121145e-01
-5.362221328588852032e-01 -1.565647699116234914e-01 1.169606287437961356e+00
-4.889853803314589964e-01 -2.335453747651667911e-01 1.019058652945294297e+00
-4.432281634552204252e-01 -2.942124825228176199e-01 8.871623070681737833e-01
-2.474122784717853740e-01 -8.864860954073733312e-02 -7.450912691307016722e-01
-1.414390787361289870e-01 -3.884585193747851495e-01 8.227944238827227252e-01
-1.644936981387237207e-01 -3.764463032276179622e-01 1.026627012380205484e+00
-1.904134693802453371e-01 -3.615179741693324011e-01 1.250613905359239553e+00
-4.598569021584884009e-01 -1.284867076327657620e-01 4.097039043789750812e-01
-6.218912163923928649e-01 -1.537745160359510477e-02 3.335770618363317341e-01
-1.702390148460107833e-01 -1.725784225582586151e-01 4.248313209618538311e-01
-5.488250108804728633e-01 -1.180524501525499204e-01 5.843237865801502728e-01
-1.317578994969520467e-01 -2.673661768880506440e-01 2.501617652574362749e-01
-1.523489415899177968e-01 -3.955572174710069167e-01 -1.195187532835734479e-01
-6.826247143910770809e-01 6.626982878194359605e-02 2.781579201712448546e-01
-5.792578620243347132e-01 -6.791852297119829740e-02 2.510931733576872160e-01
-4.946665155376506195e-01 -1.263072994774941116e-01 2.000254015957727560e-01
-3.635384910516985535e-01 -1.601252586915953291e-01 2.046418911830847343e-01
-2.660873925766865100e-01 -1.816907232205190459e-01 2.404020718479009666e-01
-1.931621822115738851e-01 -2.058153490801545304e-01 2.812996337368797173e-01
-4.028006200438880025e-02 -3.536477215988446110e-01 3.645694362486200379e-01
-6.697529462900870811e-01 7.333547972000720172e-02 6.844061182974109370e-02
-6.035360753364669151e-01 -8.753379817780906902e-02 6.101544344409648435e-01
-1.374270662481626507e-02 -4.493498542386964445e-01 -2.515562999817888556e-01
-1.741235961984717862e-01 -2.500419411901190214e-01 8.630304382588599443e-02
-7.533609233435283326e-01 4.441069858647337387e-01 5.415522541249686572e-01
-1.363508461550195228e-01 -2.228786333581709300e-01 3.281636386000229555e-01
-2.129128787849598470e-01 -2.009367227180839377e-01 -1.162736142344084900e-01
-5.086254318382432693e-01 -9.025068843563996412e-02 5.167384519583294589e-01
-1.560019893775791422e-01 -3.787385591437991694e-01 -4.896082414288135953e-02
-6.972976618953778960e-01 5.539595949895554927e-01 -1.308239165648074354e-01
-1.663826349411632877e-01 -1.613152253358456356e-01 4.587500624687406159e-01
-1.009577653115970308e-01 -4.527372690489417373e-01 -4.741146349244357294e-03
-5.208761278772613412e-01 1.983516006904203488e-01 -6.913368169851603628e-01
-5.142901775538808451e-01 3.317179750337782007e-01 -7.813829828612057771e-01
-7.227650095729432067e-01 3.148694108623953936e-01 8.587476452478687294e-02
-5.992253832349625497e-01 2.653179629014473795e-01 -5.419400163759284794e-01
-7.013692338905566093e-01 1.348731191097231052e-01 6.775761110859557235e-01
-2.513292379355361317e-01 2.306196562433686370e-02 -1.043711723299675986e+00
-1.974099669217407177e-03 -3.555096987102417394e-01 -2.595165639364305221e-01
-2.356775610572942603e-01 -2.145096857225630149e-01 2.154648368115438112e-02
-6.786616587493714547e-01 6.491610914888126804e-02 4.800880957005492222e-01
-3.965483334993944453e-01 -1.564321494831754089e-01 4.327503335586893041e-01
-3.391427983834465198e-01 -1.727851478121610329e-01 4.206865475412092659e-01
-2.376357782489041948e-01 -9.984897999374861555e-02 -6.327355390799578316e-01
-6.533634557360397110e-01 1.211568700601609871e-01 -1.258714215436088357e-01
-1.232169262319741110e-01 5.462528478482032990e-02 -1.168765941918381568e+00
-3.268081245376922572e-01 1.778082695028129212e-01 -1.023592582961480479e+00
-4.140972524672457133e-01 2.464988100506168012e-01 -9.260605064911366924e-01
2.303856002262923836e-02 -3.938108404267361973e-01 1.008730713038345383e+00
2.028124630996623601e-02 3.379371500497110881e-02 -1.189792761998959669e+00
-2.803297517447222997e-01 -1.773656903147798891e-01 4.268384946945581460e-01
-2.226517893643989443e-01 -1.717571554300268977e-01 4.425660155452286748e-01
-1.843869864810022685e-01 -1.607019638904658709e-01 4.514850533673258060e-01
-6.506467056123639292e-01 -2.244125196531196464e-02 6.489516273479134512e-01
-2.356737677865312630e-01 -1.934772957760544365e-01 5.388832382747799077e-01
-2.992946330664167931e-01 -2.065347580854507425e-01 5.741642809433908923e-01
-3.601118070969531182e-01 -2.032604131649762280e-01 5.827725004740391679e-01
-4.173932686476911069e-01 -1.844048484648482811e-01 5.702755128314702660e-01
-4.513556862123935254e-01 -1.597000602481785103e-01 5.477459726795048667e-01
-7.449017694884256802e-01 3.081690542123739496e-01 7.508177993854094900e-01
-4.340990251522736099e-01 -1.372189929881660886e-01 4.550836492874263950e-01
2.465575981599406330e-02 -2.913604636086983835e-01 -3.515976692661829661e-01
-2.008448455829818236e-01 -2.140148552919363123e-01 -3.631962183824012369e-01
-1.404006988741417494e-01 -3.184169764161574046e-01 -1.874686772855654882e-01
-7.190713025169298556e-02 -2.825372261965232168e-01 -3.514654829323254903e-01
2.479608480144184640e-02 -3.493831249395235039e-01 5.199178228407056457e-01
-4.324280405332683319e-01 1.482239146439497945e-01 -8.297123180899206307e-01
-3.466753223093794745e-01 9.074503641763312367e-02 -9.385558010591898981e-01
-1.313320512677189078e-01 -3.775917219035282435e-02 -1.120374201729708474e+00
-5.874593295533434567e-01 4.355689575863397334e-01 -6.125518316559324106e-01
-1.885364085563127068e-01 -1.751155925217621201e-01 4.893576182007004505e-01
-8.625029424174437964e-02 -3.550576659366250221e-01 2.023701230881611579e-01
1.491355010726960056e-02 -5.637632632631173202e-02 -1.139772254976696875e+00
-2.334375946583396866e-01 1.042316021490709566e-01 -1.109420620965335669e+00
-6.984774491294793997e-01 3.327293460220887011e-01 -1.328985575353850979e-01
-1.311451146593649308e-01 -1.757100704316886808e-01 -6.445805412169107740e-01
-1.457480668532732393e-01 -1.820887434703502006e-01 -6.742799975697715276e-01
-1.575277216157555671e-01 -1.903108396956947335e-01 -7.124073630608958041e-01
-1.646247623064585053e-01 -1.773265123880440886e-01 -7.526635372699177484e-01
-1.742311283726010185e-01 -1.194491240325009640e-01 -8.152743104312099032e-01
-2.078724068055147756e-01 -1.204398938322513990e-01 -5.708663310678804281e-01
-2.202694659557433710e-01 -1.222451306228304613e-01 -5.630552410163778276e-01
-2.307630248672689621e-01 -1.240241007582877364e-01 -5.542868957700594068e-01
-3.225963410918872842e-01 -1.147676902125157883e-01 -4.672934998408915241e-01
-5.697805110685618679e-01 -6.068586960690819376e-03 -2.042702554667507053e-01
-8.481927884506318405e-02 -3.062596863910308498e-01 3.148539520794365609e-01
-1.189511771865984224e-01 -2.155938889355817345e-01 5.267272787865990846e-01
-1.610812909667656001e-01 -1.907312558401580427e-01 5.209996853458267463e-01
-1.952954955281989147e-01 -1.133934084751455629e-01 -5.781136676984436340e-01
-5.742443424724306134e-01 1.229533559783424213e-01 -4.237841776313336917e-01
-6.330878473147918961e-02 -3.022468220631883140e-01 5.173522507205378096e-01
-2.100541664253855467e-01 -6.966178844789833180e-02 -8.850685485952405340e-01
2.288615896758107449e-02 -4.732135687026672866e-01 1.456148054491939181e-01
-3.894859995853394707e-02 -4.071403298664612036e-01 2.442729045365418239e-01
2.386825197321484904e-02 -4.258073514037701290e-01 2.588112789582465156e-01
-1.347210041505183531e-01 -3.326780086494157684e-01 4.756678006635380040e-02
1.300962997992409498e-02 -1.055309130643766746e-01 -1.058387279673468573e+00
1.300038290917361269e-02 -1.210829941499802220e-01 -9.566581977638493051e-01
-1.013151517724655282e-01 -1.046986491490907445e-01 -9.442107601544000861e-01
-3.649274045893236007e-01 -1.363436210772661292e-02 -6.811717700604049686e-01
-2.733290704845874330e-01 -1.742732303265868143e-01 -1.854425721069988819e-01
-2.960275393419345979e-01 -3.706811277895306900e-02 -7.984664011677888862e-01
-4.274640344001259251e-01 -1.477761616878054962e-01 -1.509182703085167887e-01
-3.379480302019177707e-01 -1.494271787860596001e-01 -2.738284355095498279e-01
-4.845020223861098430e-01 -7.349913454511963762e-02 -2.953583063790327090e-01
-1.233242868850898677e-01 -8.486657600086222608e-02 -1.040944612940766900e+00
-1.750679765702012891e-01 -2.768285788358376687e-01 9.408271813945434658e-04
-4.163782319781014207e-01 5.933321446513360742e-02 -7.390012122024609553e-01
-3.303382108661980787e-01 2.572107459368387639e-02 -8.583629700369608262e-01
-4.172063116858086840e-01 -2.129819469870009724e-02 -5.509723263207101374e-01
-6.335798041225650934e-01 1.666774377014318409e-01 -2.903305740657887712e-01
-4.967555086371130413e-01 4.795422634928271644e-02 -5.496105298439715181e-01
-6.629342139836811310e-01 3.296435919315637841e-01 -3.401956310872016331e-01
-3.930545921698990197e-01 -1.010155104067897158e-01 -3.875047839901822888e-01
-1.289297200439429858e-01 -2.996931025555120698e-01 1.461968884496525067e-01
-1.309917228242740705e-01 -4.053757665467369042e-01 -1.685826950655510137e-01
-1.706997451927771969e-01 -3.267682347281883892e-01 -1.787761210093494757e-01
-1.025801968335527670e-01 -4.609462270873052603e-01 -1.120130388350182582e-01
-1.749828440504190841e-01 -2.476642806630038329e-01 6.245763166014832724e-01
-2.896589570710339512e-01 -2.645098600088755525e-01 6.998605483657831527e-01
-3.884775337446857435e-01 -2.593176886077875887e-01 7.172321948162756478e-01
-4.687625415882938906e-01 -2.287728959630126457e-01 6.995304949330631850e-01
-5.228385132853186068e-01 -1.822837538884961583e-01 6.565353339568191782e-01
-5.564016290821085509e-01 -5.841111394583511918e-02 5.004954439661444265e-01
-7.389593627550814503e-01 2.733582002431893532e-01 2.941261254183749063e-01
-5.108340437332961059e-01 -9.340471500531372095e-02 3.480256320432010275e-01
-4.444349037187096396e-01 -1.305324489654377529e-01 3.083383309654798010e-01
-3.544638990220019270e-01 -1.592893306518914365e-01 3.003942645958646018e-01
-2.672570644220866876e-01 -1.767195858668445529e-01 3.184770350845191889e-01
-1.980440416567420536e-01 -1.824281222525562240e-01 3.482865867630184908e-01
-1.500323575236954254e-01 -1.912230685996744173e-01 3.759107598211919310e-01
-7.432863803256923863e-01 5.191848092778206247e-01 3.338149655351553280e-01
-1.702944003966225806e-01 -2.900613580575608363e-01 -1.992219870093675516e-01
-8.699952123620288691e-02 -3.955720384360977837e-01 1.020336195968725990e-01
-8.461326582976394506e-02 -4.565162049385943499e-01 -1.862421291369058540e-01
-5.019533566626446786e-02 -4.222225641868168067e-01 -2.299165053685832127e-01
-8.480770696843176193e-02 -4.217540541045505798e-01 -1.964617383585375299e-01
-1.519406565111844354e-01 -2.631112600590711503e-01 -2.251995548153700177e-01
-3.621864843413112600e-02 -4.392984175472314234e-01 -2.426696250280069300e-01
-2.604431168322610124e-02 -3.562340296995659683e-01 -2.520690704995610654e-01
-1.440649504151115257e-01 -1.695211423554540131e-01 4.540897813763012936e-01
-1.121138393766185348e-01 -2.059234172834952803e-01 4.251638193137901034e-01
-9.368531300692337083e-02 -2.499004217804716710e-01 3.992377013382166773e-01
-4.689586392819151683e-01 -1.347265420057250918e-01 5.306251235851244807e-01
-5.120287479646596918e-01 -1.356849750851757408e-01 5.747313239734679335e-01
8.078279060310172843e-02 -4.483465181273676992e-01 1.320399018818269599e-01
4.907338060620489717e-01 -1.314857603290902621e-01 4.458513513084909619e-01
9.211743929420623811e-02 -3.629059405735753918e-01 -2.429510014674745033e-01
7.219920146161089569e-01 1.264842287932261833e-01 8.367310763760003045e-01
2.994573755859026853e-01 -1.850396851380277097e-01 3.658878336827320332e-01
3.656627867004245136e-01 -1.800866018325416595e-01 3.564156477425290959e-01
4.286509920363448245e-01 -1.633025791084188327e-01 3.595600431203593850e-01
5.120986593853043001e-01 -1.170320702770354382e-01 4.166428579651368924e-01
2.446948538914991977e-01 -1.799042687501278825e-01 3.898409944053160547e-01
4.010628058682172981e-01 -2.457104741289084515e-01 6.368088849806037288e-01
3.228915941559489244e-01 -2.432855977842791617e-01 6.241702277089280493e-01
4.715792932129283521e-01 -2.239185337295357403e-01 6.184286695285710067e-01
5.151096520815832136e-01 -1.937737470885955160e-01 5.759029062638374441e-01
5.611964513694320811e-01 -7.657009328669231452e-02 3.490437412807123607e-01
2.622317743266462386e-01 -3.904418118121438797e-02 -9.758384636267181111e-01
5.145240479015134039e-01 -1.145393151927189268e-01 4.772754208523788400e-01
7.581727113144332009e-01 2.087092465489984727e-01 4.222842191384009736e-01
6.312148518527740393e-01 -2.040130155082157948e-02 4.239893988027908511e-01
3.522443394594305666e-01 -1.998990310866570752e-01 -7.861254960607941267e-02
6.298290552759099048e-02 -2.840328250605796967e-01 -4.874521230960499052e-01
5.751874155572529734e-02 -2.445621029692366943e-01 -5.543742515474407995e-01
1.388775988079127277e-01 -2.327482267031343310e-01 -5.136556884868336281e-01
1.901238410736897921e-01 -1.760057699466480718e-01 -5.412822504688254988e-01
1.185448282142299581e-01 -2.083458769007806577e-01 -5.584160962356194968e-01
1.676736347761152435e-01 -1.567440278748568061e-01 -5.685916980337775151e-01
3.103088586464028964e-01 -6.562777454213418460e-02 -6.858355312911164070e-01
7.933417731104536186e-02 -4.908451858690723313e-01 -2.130055938610055932e-01
8.796827777405916149e-02 -5.241987129584095850e-01 -1.179423531823534932e-01
5.951234010522323814e-01 -1.852798615982367281e-01 6.694199591039597941e-01
2.191701750077184596e-01 -2.367221189889630040e-01 1.742060398174599678e-01
2.337768763192427102e-01 -3.314736203753900767e-01 -1.605168093636669679e-01
2.377295444810952341e-01 -3.183962962106453576e-01 -1.029284775964054988e-01
5.438713513819595224e-01 -1.172334177293498092e-01 -5.746006146973453577e-02
8.457232411410256501e-02 -4.991411665661429353e-01 1.424232866871957132e-02
4.546388340818960927e-01 -3.111353677665175121e-01 7.728671700250862031e-01
5.396928635694946408e-01 -2.557665789698710945e-01 7.422130602961614088e-01
6.583074479959840630e-01 -2.451382433010679263e-02 9.888758695752766226e-01
1.697777083062170789e-01 -3.510187448796594500e-01 6.725855112122482993e-01
2.566394153740453321e-01 -2.167333746684966256e-01 5.783145857141480661e-01
3.623999660333672157e-01 -5.952258719600683756e-02 -5.832552115761796552e-01
6.938664964393090884e-01 4.997546200758651302e-01 -4.460340634445075780e-01
1.861049157097042772e-01 -2.986558051158447746e-01 -2.124058346650437024e-01
1.360473377607319678e-01 -3.005828716148359891e-01 -2.403225938093566105e-01
2.583681378208514401e-01 -5.868201769299745407e-02 -6.023686315614389386e-01
2.412919658160969094e-01 -7.865438437298095942e-02 -6.076416297128123256e-01
5.708584401797278662e-01 -2.325564994874409486e-01 8.028561761299985999e-01
2.362001521276850813e-01 -2.895505580957873359e-01 -1.968622033382265712e-01
3.365065232192490097e-01 -3.465298490791035579e-01 7.578667684733486620e-01
3.470494471468248410e-01 -3.705090182100718721e-01 8.298494593517653506e-01
4.001536372926000062e-01 -3.006555689861537539e-01 1.185096148612065470e+00
6.152738315383012857e-01 -1.424871578474089517e-01 8.831083409710511756e-01
3.652423578548447125e-01 -3.369889888474337791e-01 1.001908507917368851e+00
6.308400062777976824e-01 -1.342010920211897662e-01 7.143614263342503712e-01
6.810338454427273813e-01 -9.387401577771774946e-03 7.599380387071570375e-01
6.085364935031152556e-02 -2.714191268934245116e-01 -5.252003851602704554e-01
1.286286740438489784e-01 -2.231823581906731691e-01 -5.378852198026387033e-01
1.789597898109904772e-01 -1.719480537970187739e-01 -5.549751874475734592e-01
1.717145295149402617e-01 -2.822824576497880988e-01 -2.274473371034180236e-01
2.495292015625615312e-01 -6.961705951821497984e-02 -6.053109046820419614e-01
2.150112258032566004e-01 -1.097657695623441010e-01 -6.506445600938790541e-01
2.328019075059295506e-01 -8.052408320934981156e-02 -6.086937018971813051e-01
1.529042636253311049e-01 -3.929373272938202488e-01 -1.958433712929701365e-01
1.588111559119467220e-01 -1.432194924543065406e-01 -5.783087037054206458e-01
1.113432899147328015e-01 -1.778279287228834438e-01 -5.716839933186959044e-01
5.474718909284830015e-02 -2.101503080666680123e-01 -5.721450007679549365e-01
1.003361123417456369e-01 -1.366581503022655242e-01 -8.675391552049354082e-01
6.246183831793922225e-02 -2.007474362395834100e-01 -8.013136241433405083e-01
5.834889557022410189e-02 -2.109435204262452013e-01 -7.584740165776693299e-01
5.468049007422604024e-02 -1.991176890403680289e-01 -7.131591812085444904e-01
4.832870510208289727e-02 -1.948015784077002377e-01 -6.738174277358555120e-01
1.530898668891846892e-01 -1.415942155960460691e-01 -6.508106465219003489e-01
1.657370135643064235e-01 -1.505508862436059081e-01 -6.694207314468361147e-01
1.781409922782751787e-01 -1.584573935018937507e-01 -6.921966666285901404e-01
1.905801447617712641e-01 -1.439801644845561390e-01 -7.157217273095333177e-01
2.954580785913689667e-01 -1.767230547152932041e-01 -4.272174573563527478e-01
7.652680162739387004e-01 5.304130187791875617e-01 4.167396096689535145e-02
1.899807009311435535e-01 -1.053574584405265746e-01 -6.324940540573080749e-01
2.019235586490083501e-01 -1.115968650763426162e-01 -6.420623730304437782e-01
1.149845995210222460e-01 -2.968953611998949027e-01 -2.761680938472024227e-01
2.160951958500270109e-01 -2.355276817751668084e-01 -2.466021319361197950e-01
1.252610026841277369e-01 -3.003225912022617905e-01 -2.591431450414060089e-01
2.868763928993520729e-01 -2.068518243040793347e-01 1.185417600299846219e-01
3.936657038053064106e-01 -1.810697471907183331e-01 5.147016771901109788e-02
2.491739864213148858e-01 -2.755469334788006597e-01 -1.406780397846110198e-01
5.574260362631839882e-01 -1.760052025451752655e-01 1.107112135612219106e+00
5.159066550812212437e-01 -2.498012525583301890e-01 9.672248403818002327e-01
4.760866592010812859e-01 -3.099684488433588347e-01 8.448879693211583941e-01
2.562809393768489263e-01 -9.275874195526029320e-02 -7.614084450806095639e-01
1.913960225400328508e-01 -3.944414836951058989e-01 7.933402045849904383e-01
2.052604111734260828e-01 -3.831824158560551696e-01 1.005963498357651087e+00
2.276483112219979676e-01 -3.708352394956896392e-01 1.224989705135356211e+00
4.817909701712594917e-01 -1.381656781320047545e-01 3.781750367683015535e-01
6.292975375437404040e-01 -3.259841768393169359e-02 2.742795008831034886e-01
2.087770292565144792e-01 -1.721885959645726993e-01 4.129211872214570977e-01
5.714460930461169319e-01 -1.324794471751086500e-01 5.362361360169936031e-01
1.741440030348549994e-01 -2.681282881988138467e-01 2.364303123631548154e-01
1.940208378651320231e-01 -4.015193428101739848e-01 -1.349208150880932822e-01
7.073093358517916762e-01 4.830127821379094633e-02 2.113716424637664959e-01
5.862824873058258834e-01 -8.242031518130010781e-02 1.980390238013185478e-01
5.038020559853451097e-01 -1.381280655316121653e-01 1.562361399935219275e-01
3.799896982811135082e-01 -1.670404393086249994e-01 1.746095959638496176e-01
2.887513890316035781e-01 -1.858064059930092382e-01 2.213947580056753184e-01
2.209681533386554375e-01 -2.087290931977162645e-01 2.684430242442447101e-01
8.823030155321961998e-02 -3.540872928572199596e-01 3.584081885513934473e-01
6.969697440414019951e-01 5.736286179838963328e-02 4.833099555877025388e-03
6.176738675613095975e-01 -1.029412317382868702e-01 5.523419446997299698e-01
5.712784706738342766e-02 -4.501409222627188456e-01 -2.544090418239138840e-01
2.154173177834408648e-01 -2.524867282049135797e-01 6.912113385132526155e-02
7.777024538672150378e-01 4.244086990232659451e-01 4.642668836968257828e-01
1.708543569884335422e-01 -2.240063711554738379e-01 3.203593876349094538e-01
2.570895981873399516e-01 -2.090646296039418983e-01 -1.357765577657912281e-01
5.382858001968506834e-01 -1.016409621856642076e-01 4.738167350464700389e-01
1.961667247470195163e-01 -3.847692194424900958e-01 -6.414543105541634094e-02
7.402301884874948890e-01 5.308448434424182238e-01 -1.939455486428993680e-01
2.087977401947732070e-01 -1.592470444858330447e-01 4.445011734980234275e-01
1.415626561351209789e-01 -4.559919913957646287e-01 -1.536252704929542273e-02
5.491284019418285478e-01 1.788638882179069967e-01 -7.258572522919459757e-01
5.497642055149567497e-01 3.109296348450509839e-01 -8.120211507871255563e-01
7.610582219736576892e-01 2.955030026785335773e-01 1.772439268693991321e-02
6.311069757137757197e-01 2.452818505380516267e-01 -5.873513253714501836e-01
7.229048964356799001e-01 1.169540220869312031e-01 6.072021511397347471e-01
2.780634565254929136e-01 1.146825867438476185e-02 -1.053150326376910417e+00
5.500915003022194272e-02 -3.573872400159482376e-01 -2.621405043811718683e-01
2.735107633525264426e-01 -2.202473198561528678e-01 -1.529603445929492156e-03
6.826674807179915483e-01 4.813378903874665493e-02 4.074465686322628066e-01
4.261110051291523426e-01 -1.643858219997254011e-01 4.088476456682970106e-01
3.692075262043170714e-01 -1.783250196944952126e-01 4.025661498186863252e-01
2.282322308744935135e-01 -9.647267321433680709e-02 -6.597539742370810423e-01
6.828891229691560483e-01 1.047240170667082804e-01 -1.844528005290083650e-01
1.607409529519792102e-01 4.854044420467383547e-02 -1.171378913275697542e+00
3.631329792033808346e-01 1.634135602876197746e-01 -1.034515015245961234e+00
4.504187323285713251e-01 2.292816103846628817e-01 -9.442573865289001223e-01
3.127838880283200229e-01 -1.811083521235468119e-01 4.107248915386589871e-01
2.598789166217306268e-01 -1.724678895291900105e-01 4.269812130796095673e-01
2.258120480654698947e-01 -1.591913458265282744e-01 4.361417311609467884e-01
6.597671369984539069e-01 -3.777294513060973358e-02 5.788589161720325560e-01
2.701492852420360746e-01 -1.946926789349530118e-01 5.095374204876100821e-01
3.281808540821353759e-01 -2.112737536705745489e-01 5.387905397467411817e-01
3.881533931561109707e-01 -2.107134059515343161e-01 5.452729373119347134e-01
4.461481816746348805e-01 -1.944743978097810411e-01 5.314385083131796250e-01
4.806269322132372679e-01 -1.707451043883144726e-01 5.082811639210027543e-01
7.614688555377735479e-01 2.874035454978756121e-01 6.733971267583178655e-01
4.646795097540168396e-01 -1.465095933816492613e-01 4.255123917882626117e-01
2.376517469390084236e-01 -2.197194829976429897e-01 -3.818251859466954556e-01
1.852421209549491854e-01 -3.258191011688570393e-01 -2.009988151912940335e-01
1.175578105169063636e-01 -2.837794603699619334e-01 -3.593479160831919428e-01
4.600476437318157252e-01 1.298860204961633236e-01 -8.540715790921706851e-01
3.728972413104957306e-01 7.443075459856704490e-02 -9.541466312968334140e-01
1.586727400912428809e-01 -4.446680058089724774e-02 -1.125405280525255680e+00
6.281146772801600164e-01 4.151168822222807142e-01 -6.550557986786400555e-01
2.281081452684997068e-01 -1.731585208938454246e-01 4.697569549475910655e-01
1.309797508135959188e-01 -3.566232784239451448e-01 1.924150839302439797e-01
2.694834941990016386e-01 9.379610016473102774e-02 -1.114505332366833912e+00
7.372851378821170254e-01 3.130062586979270867e-01 -1.955292791998554103e-01
1.055579573004662430e-01 -1.707292892504721493e-01 -6.625034193503531732e-01
1.174383306270559424e-01 -1.784725129795429188e-01 -6.929256543083859299e-01
1.263444223501170305e-01 -1.871358670842411809e-01 -7.303836146007900432e-01
1.350357725623995697e-01 -1.747210286160192361e-01 -7.683647254688199535e-01
1.873104708462214330e-01 -1.207955321844048635e-01 -8.266571594791307653e-01
2.060316076577733968e-01 -1.147269822306167530e-01 -5.848023664596141424e-01
2.181070533154769731e-01 -1.149918299751975514e-01 -5.787360383345424575e-01
2.287731310808072127e-01 -1.164078101144305211e-01 -5.706702303641226770e-01
3.395780200249971514e-01 -1.189813116726403386e-01 -4.946434254485875259e-01
5.925262936872861541e-01 -2.152862364767527820e-02 -2.547726340759002839e-01
1.306612441123990997e-01 -3.069937242970754987e-01 3.045217167553564419e-01
1.639611837439740039e-01 -2.176009293032540315e-01 5.084015772080687778e-01
2.010920547550243964e-01 -1.893435909660995398e-01 5.004498465161282272e-01
1.942957223019594615e-01 -1.058611518957799924e-01 -5.909119066024328681e-01
6.004481487476860391e-01 1.049334761927767645e-01 -4.703911350458573892e-01
1.060119464853297999e-01 -3.025278121961637590e-01 5.067918715991230894e-01
2.269646918017431680e-01 -7.729247063660230066e-02 -8.963570479747100528e-01
8.509249037217020417e-02 -4.087489327557619623e-01 2.386394653087203777e-01
1.766187200763449372e-01 -3.370610449865688585e-01 3.327876302641444989e-02
1.236232740302208588e-01 -1.105163387393197361e-01 -9.506369533914693637e-01
3.762261813181586589e-01 -2.510402818536772857e-02 -7.111207536889043723e-01
3.095107275046238282e-01 -1.843219086796421546e-01 -2.106725282573204128e-01
3.088310195569550221e-01 -4.779620360344356833e-02 -8.173851800627591757e-01
4.519225548660786851e-01 -1.610239799052793908e-01 -1.905198893949165417e-01
3.647513245687011851e-01 -1.599061996892067183e-01 -3.050177274742772449e-01
5.044995150019450092e-01 -8.805411393212442261e-02 -3.381573504300117161e-01
1.472243566916651702e-01 -9.089807699546645359e-02 -1.047828018262219496e+00
2.158404515351765585e-01 -2.823750129165382150e-01 -1.572563073428987629e-02
4.365969754576359829e-01 4.322968372900441725e-02 -7.647503357459690676e-01
3.514110965189886082e-01 1.089348338667088523e-02 -8.759825749436935816e-01
4.301927629924267027e-01 -3.085435337845661430e-02 -5.886125529408102741e-01
6.634229715348545220e-01 1.483805937649718687e-01 -3.439551066407326996e-01
5.146870944109438462e-01 3.147284523216033192e-02 -5.878276595314178010e-01
7.007235775927536103e-01 3.114407578991850167e-01 -3.959459236893619893e-01
4.096316636366211794e-01 -1.109398058559389610e-01 -4.244135203753198748e-01
1.719923062066089914e-01 -3.009839670009857304e-01 1.324069247489509937e-01
1.724012432023667163e-01 -4.097923632569688834e-01 -1.816703303869275921e-01
2.126507429682663042e-01 -3.351135180180969675e-01 -1.944951564788487408e-01
1.455979439749422455e-01 -4.659601307678942206e-01 -1.233547323976678101e-01
2.180656289797640035e-01 -2.512850776464987668e-01 6.020957043178050139e-01
3.279301460938164325e-01 -2.742847186310728436e-01 6.729627441925893905e-01
4.235002105010505780e-01 -2.721148717224671776e-01 6.854289367125618870e-01
4.995638361623844226e-01 -2.431456469000949916e-01 6.626420437136155694e-01
5.489979328101075584e-01 -1.974406715249974464e-01 6.140788046117451326e-01
5.766034687905012834e-01 -7.208011516715939759e-02 4.503170052227243314e-01
7.690141672515931059e-01 2.558654921062226695e-01 2.220084218333432391e-01
5.274086843134462299e-01 -1.048463880179300034e-01 3.044216249371897165e-01
4.611321453707777351e-01 -1.403702566758665560e-01 2.726429899655606892e-01
3.745373117067563040e-01 -1.658654856938079902e-01 2.767674956073939985e-01
2.922077149165307475e-01 -1.803401267645495798e-01 3.040003719345676370e-01
2.293999380249617803e-01 -1.855052491040786178e-01 3.383624341430115923e-01
1.861241124261125979e-01 -1.925781145462435173e-01 3.683224103211621969e-01
7.739706436937954237e-01 5.002730657575318318e-01 2.585210697368344190e-01
2.119280123528081705e-01 -2.988895786270281407e-01 -2.142131319985732807e-01
1.319008433838057548e-01 -3.968406554285732746e-01 9.221442433972432129e-02
1.269380688317079120e-01 -4.610778229856036248e-01 -1.956121483694654994e-01
9.230551476822357326e-02 -4.267836293353287624e-01 -2.361598270205209626e-01
1.268720067005928431e-01 -4.259613346443777981e-01 -2.060463471390888701e-01
1.952831147891136432e-01 -2.728247491409948600e-01 -2.384030681343466407e-01
7.868876109367040073e-02 -4.428397636579581853e-01 -2.475875103820095458e-01
7.661591897685351982e-02 -3.599358157477852149e-01 -2.563095819782063023e-01
1.859415552686326523e-01 -1.691231530272148120e-01 4.409224227351480341e-01
1.523041905981315502e-01 -2.065970189431218795e-01 4.154693261116728653e-01
1.318910481023418124e-01 -2.513502194693063574e-01 3.916257629170225574e-01
4.996565392183307530e-01 -1.462043711308038674e-01 4.910331099023753643e-01
5.399547112896745382e-01 -1.502839137961934357e-01 5.305949951377442186e-01
-3.465948948697399334e-01 -1.646577210871591479e-01 5.130856797165578298e-01
-2.780712671420850768e-01 -1.710432202584899475e-01 5.109861328599791808e-01
-3.457459064547507843e-01 -1.735150883455671700e-01 5.939144632297386206e-01
-4.160438885992236990e-01 -1.582163952136286245e-01 5.148209929185525446e-01
-3.480606659097200684e-01 -1.558030427295451492e-01 4.320735597916516291e-01
3.753867482718777904e-01 -1.714609922139994636e-01 4.811779486378789938e-01
4.424680368093290017e-01 -1.775391884374418749e-01 4.779112492015289426e-01
3.744190640932667513e-01 -1.804692900348339180e-01 5.593534529214714279e-01
3.077724811841826558e-01 -1.654095249448785943e-01 4.848355339238032968e-01
3.766074452109169357e-01 -1.624701082268786845e-01 4.029850070115098548e-01
