-1.584015674344827970e-02 -2.732171112054546658e-01 -4.811669088576224773e-01
2.206934250903311995e-02 -4.663827646254812276e-01 -2.024876567011398842e-01
2.448482506505749584e-02 -2.934314145848291311e-01 -2.642592947917319357e-01
-3.287058953411274576e-02 -4.229896264624076752e-01 1.291991832853937039e-01
2.187026622688140881e-02 -4.998984633472753347e-01 -1.095447137011806987e-01
2.084730123069733487e-02 -4.908107817424089969e-01 2.255562811230581513e-02
2.304540202081918621e-02 -3.607935538348153170e-01 3.589184603451776034e-01
-4.326975700655985024e-01 -1.141185071403643669e-01 4.508217829421505840e-01
2.350335705049587040e-02 -3.453158490618273291e-01 6.145542724059719353e-01
2.253597032939633898e-02 -3.726444291714774426e-01 7.378761285331445485e-01
2.116303116779118254e-02 -3.611890587369914751e-01 1.171619125349627755e+00
-1.489801799796586224e-02 -2.615211416094814223e-01 -5.089020313595753464e-01
-1.343762565837900401e-02 -2.383468728472474540e-01 -5.351098766841954069e-01
-1.109064387785119524e-02 -2.047613655733719340e-01 -5.524918403743630524e-01
-1.697994619868037000e-02 -1.907088405595920022e-01 -6.099879828403754756e-01
-1.799044901075161698e-02 -1.938979463584443730e-01 -6.505521787656571853e-01
-1.974974670701771379e-02 -2.032619897627802596e-01 -6.962356994286175160e-01
-1.951009490546412942e-02 -1.922758367554686099e-01 -7.403383385774442438e-01
1.096905107631184276e-02 -1.301106311505749180e-01 -8.078059158558710262e-01
2.101815275568324343e-02 -4.275397595187614419e-01 -2.428026986581486302e-01
-4.055153880572352071e-02 -3.387039780879870232e-01 -2.238209180394644671e-01
-6.713241915709673435e-01 1.387937978976951925e-01 8.602539384763616681e-01
-2.570640052041538448e-01 -1.717875904674968368e-01 3.409666828374126046e-01
-3.228952349574987224e-01 -1.647645120390338336e-01 3.341511524271005840e-01
-3.841945119867943848e-01 -1.465886962374843283e-01 3.465947745184049245e-01
-4.591105267573789561e-01 -1.007159207603198908e-01 4.235737303283985122e-01
-1.990537732520249459e-01 -1.673821522425950337e-01 3.661401530003215443e-01
-3.499572083143546175e-01 -2.235481630602411118e-01 6.480249734542308238e-01
-2.747742850630977562e-01 -2.228763055948189131e-01 6.336650173979306855e-01
-4.164631619479605140e-01 -1.996254872348165177e-01 6.327367630472323645e-01
-4.586095981347114714e-01 -1.689459474874820399e-01 5.953467449941646228e-01
-5.143670995786496780e-01 -5.986440396169603884e-02 3.700973661845006757e-01
-2.285197187919469630e-01 -2.658765042705951015e-02 -9.082700062736775992e-01
-4.537505723911636757e-01 -9.752904688744697126e-02 4.903511742954710928e-01
-6.925888861755732373e-01 2.148386370045790583e-01 4.670131475427901635e-01
-5.846475482719604155e-01 -3.928228530793778477e-03 4.560901246035292123e-01
-3.007809953402539316e-01 -1.800538480979324285e-01 -4.500907942705856257e-02
-8.792085712819358578e-02 -2.638293042716570724e-01 -4.597048028834018751e-01
-7.684429097127612462e-02 -2.270965596290214772e-01 -5.254954061771857088e-01
-1.493948043045150720e-01 -2.209938774661304728e-01 -4.785567050911548881e-01
-1.842661848793159807e-01 -1.735757188131412387e-01 -5.048301683708151799e-01
-1.270523100173650000e-01 -1.989425719576807250e-01 -5.246508750956706546e-01
-1.611604241482400002e-01 -1.543906500940424864e-01 -5.334470933875423704e-01
-2.845621291931745844e-01 -5.792866355764675346e-02 -6.180767265277403721e-01
-3.260970359704321725e-02 -4.594788949829491376e-01 -1.957896824701048089e-01
-4.224378868651244845e-02 -4.905495155730511536e-01 -1.052565392193430954e-01
-5.441544601642172019e-01 -1.598071230073342119e-01 6.772839262375381919e-01
-1.689243286850400372e-01 -2.211707585929573172e-01 1.814391768963799501e-01
-1.811505233288555894e-01 -3.056135146253692314e-01 -1.351074028347623024e-01
-1.862103037158752694e-01 -2.933142562403234788e-01 -8.023900747177376003e-02
-4.896564312276509012e-01 -9.921985727910931363e-02 -7.607287017835114365e-03
-3.813371495359706848e-02 -4.698085903914593908e-01 1.838631038640244075e-02
-3.975457291956491224e-01 -2.790389370602339714e-01 7.620434453218618565e-01
-4.842455451956684254e-01 -2.257832726603702378e-01 7.370549319845907110e-01
-6.072271126222963389e-01 -3.953056849656613227e-03 9.992186462305423511e-01
-1.152039731806284995e-01 -3.273039921890559256e-01 6.521356864932706943e-01
-2.081822484659653916e-01 -2.011007555203668806e-01 5.856853985912133798e-01
-3.231352928340097685e-01 -5.695450794733163818e-02 -5.271590378101690400e-01
-6.129481145670466757e-01 4.905259863918446928e-01 -3.696960348683088204e-01
-1.327759897570935654e-01 -2.746805420528156683e-01 -1.881233447894912203e-01
-8.222598367040481748e-02 -2.751779412474687492e-01 -2.178130714006631941e-01
-2.307821222468532385e-01 -6.801073069364083068e-02 -5.445501710821510910e-01
-2.192756186563671050e-01 -8.368534200583480076e-02 -5.488233239089719273e-01
-5.161628028703879600e-01 -2.033083475380436378e-01 8.026042411653757647e-01
-1.850296425301758141e-01 -2.650847746265981852e-01 -1.693510658970502902e-01
-2.781362577683205717e-01 -3.144140867325180277e-01 7.429635019345859348e-01
-2.879828453313447723e-01 -3.363522077875105154e-01 8.161473081454332368e-01
-3.487810730468218212e-01 -2.705150038221859621e-01 1.160156603964438204e+00
-5.606950013866367488e-01 -1.182939080312571667e-01 8.886127382518572704e-01
-3.107592569491353096e-01 -3.067854102805903649e-01 9.797743854171330202e-01
-5.790758412811286560e-01 -1.115212788277341049e-01 7.299500992576783975e-01
-6.243976616534919755e-01 7.325127453351117784e-03 7.781215092397603117e-01
-8.406521182305190520e-02 -2.521047024656570823e-01 -4.968402387879725657e-01
-1.385039492265519590e-01 -2.124297369446319084e-01 -5.031589100405086112e-01
-1.737110940299243511e-01 -1.688613606843735182e-01 -5.191681664961241838e-01
-1.179887989324432396e-01 -2.584114736230759268e-01 -2.035366345959475076e-01
-2.246267185283074563e-01 -7.613451639583604380e-02 -5.468646967049970442e-01
-2.109296004587190299e-01 -1.087658827410913076e-01 -5.753198889755102297e-01
-2.126805818427688621e-01 -8.526979433847287071e-02 -5.501729003198130297e-01
-1.035045727818020428e-01 -3.682986953956433052e-01 -1.739989573199770545e-01
-1.518524313047059371e-01 -1.415589045612721530e-01 -5.442086701120750769e-01
-1.161993695540520788e-01 -1.713127573023210948e-01 -5.399270346508430185e-01
-6.926244106386793276e-02 -1.966607258036029704e-01 -5.434699228825901063e-01
-7.763371936803176165e-02 -1.252777393644500803e-01 -7.997777998331796478e-01
-9.581946827270440559e-02 -1.889341186700157216e-01 -7.263035179904593353e-01
-9.277041502463520550e-02 -1.997835522758574234e-01 -6.813589934568418105e-01
-8.527916934827681206e-02 -1.892688141678701419e-01 -6.356772452258685480e-01
-7.641365937007531250e-02 -1.859036893566411996e-01 -5.977541118096766359e-01
-1.630628990810567558e-01 -1.384331807042687434e-01 -5.697270530222932061e-01
-1.775076725840731562e-01 -1.446738748089599902e-01 -5.863467545179839036e-01
-1.924127897403611065e-01 -1.509766426106535220e-01 -6.077904510288526518e-01
-2.032074311017810220e-01 -1.368603937509409452e-01 -6.315368351904325772e-01
-2.507339876375398457e-01 -1.623647724593231534e-01 -3.844447154536725364e-01
-6.855926615282313952e-01 5.208378349540738750e-01 1.064482559351329766e-01
2.466937749020506332e-02 -3.404249696404035852e-01 -2.504976003122127981e-01
-1.860573000899670704e-01 -1.075050487223743467e-01 -5.593943164223926789e-01
-1.985896367554690345e-01 -1.113357357741361631e-01 -5.669948113748508600e-01
-6.117869377883117243e-02 -2.755039747772790037e-01 -2.539272490995432285e-01
-1.621357580555389810e-01 -2.120838747376440903e-01 -2.179611243011671529e-01
-7.136529423099055580e-02 -2.764554617954191329e-01 -2.363433307304559361e-01
-2.357330209848025881e-01 -1.917770020239360773e-01 1.351259759325450505e-01
-3.407860084329224493e-01 -1.634957463130267408e-01 8.214732789725848194e-02
-1.967503373739757089e-01 -2.521822291786225412e-01 -1.148727575476926888e-01
-5.054342647206531147e-01 -1.475754067433555639e-01 1.102451871488547841e+00
-4.609096697469237114e-01 -2.201360733545213444e-01 9.605481151956589692e-01
-4.177796610242300313e-01 -2.773199028222362861e-01 8.362247638966042729e-01
-2.374517956095607008e-01 -8.357681046091230970e-02 -6.894158201784403861e-01
-1.333181761495381146e-01 -3.661546849397541159e-01 7.755526472475151589e-01
-1.550490855844746940e-01 -3.548321652898485112e-01 9.676819277552620724e-01
-1.794806405621460210e-01 -3.407609650190678297e-01 1.178808335147588426e+00
-4.334536397817050357e-01 -1.211094817226330278e-01 3.756554482439850573e-01
-5.861845500813016585e-01 -1.449453677305094328e-02 3.144243153075743091e-01
-1.604645277074113474e-01 -1.626696153837027259e-01 3.909115680325859765e-01
-5.173135326506128617e-01 -1.112743207046645033e-01 5.589535409368527885e-01
-1.241928539919203434e-01 -2.520150115887644926e-01 2.357649275340485684e-01
-1.436016355067800399e-01 -3.728458023570986879e-01 -1.126564333045841637e-01
-6.434309579108652422e-01 6.246486411087091156e-02 2.621871333591105913e-01
-5.459990433721533254e-01 -6.401889511065966820e-02 2.366763430218510045e-01
-4.662646154303683455e-01 -1.190552065811610327e-01 1.885406933865436674e-01
-3.426654713835285415e-01 -1.509314655821741291e-01 1.919015572270039161e-01
-2.508096511796402139e-01 -1.712587218433481995e-01 2.224404967116304643e-01
-1.820715325893431935e-01 -1.939982019689001635e-01 2.592240658226823147e-01
-3.796733158615875348e-02 -3.333425928979433239e-01 3.436372217799217865e-01
-6.312982385635819149e-01 6.912483092146577690e-02 6.451100713441432211e-02
-5.688832925334578183e-01 -8.250793462211834794e-02 5.794763357561372175e-01
-1.295365189622405683e-02 -4.237333090248137646e-01 -2.373524942560049922e-01
-1.641260709360743419e-01 -2.356854686712666624e-01 8.134784513280052254e-02
-7.101057584648691190e-01 4.186080247398496490e-01 5.104583467998575763e-01
-1.285220908412923191e-01 -2.100817763204428645e-01 3.020815532227961175e-01
-2.006882180794908599e-01 -1.893996880750156708e-01 -1.095976188879173585e-01
-4.794220629961215008e-01 -8.506883210163596054e-02 4.905222560958324429e-01
-1.470449389614547075e-01 -3.569928084497449028e-01 -4.614967729547268804e-02
-6.572614396807640036e-01 5.221533081555591593e-01 -1.233124964180796479e-01
-1.568295667047795439e-01 -1.520531087949824334e-01 4.273365063808717279e-01
-9.516114824662774696e-02 -4.267427893611545620e-01 -4.468927915265972529e-03
-4.909693699149628721e-01 1.869629940797508938e-01 -6.516428441777273317e-01
-4.847615602122243850e-01 3.126719703118712168e-01 -7.365188961933764045e-01
-6.812665475623944644e-01 2.967907894274747771e-01 8.094415781187772052e-02
-5.648201042403061534e-01 2.500844001696176933e-01 -5.108238487644649606e-01
-6.610992372492243696e-01 1.271292093527660594e-01 6.386722265138871091e-01
-2.375527190510627884e-01 2.169254116775234942e-02 -9.839998678646002528e-01
-1.941726265901794896e-03 -3.356068091504579298e-01 -2.452739533958612772e-01
-2.221458374891407406e-01 -2.021933423385461892e-01 2.030936533424304927e-02
-6.396954460929678010e-01 6.118886865393881325e-02 4.525232339027738249e-01
-3.737800122122385549e-01 -1.474504008835970104e-01 3.989248723196494595e-01
-3.196704880910840041e-01 -1.628644712471641609e-01 3.857419650827993429e-01
-2.210973472596038936e-01 -9.652402019946990097e-02 -5.850230928086749271e-01
-6.158497712219492826e-01 1.142004955462652405e-01 -1.186443560197709413e-01
-1.161422714485121077e-01 5.148890602892660512e-02 -1.101659775463835755e+00
-3.080441174706536889e-01 1.675991786525113381e-01 -9.648217818498558973e-01
-3.903213379271404104e-01 2.323457690766822514e-01 -8.728895778503060754e-01
2.171577212446890170e-02 -3.711996957471571656e-01 9.508131669474080283e-01
1.911677304635596431e-02 3.185340591090195239e-02 -1.121479314225092505e+00
-2.642342664913913675e-01 -1.671820161412727046e-01 3.924646101234945395e-01
-2.098679568598638689e-01 -1.618955023405055926e-01 4.096511209241420759e-01
-1.738001757577733730e-01 -1.514750585267577998e-01 4.193975520229651921e-01
-6.132890067233469633e-01 -2.115275970683688778e-02 6.117237872068563842e-01
-2.221422620137891990e-01 -1.823685535122162582e-01 5.149033774977124223e-01
-2.821102553008044689e-01 -1.946763052013920636e-01 5.534573244902611933e-01
-3.394355347976162340e-01 -1.915899609125087388e-01 5.628641029957091035e-01
-3.934281091933484742e-01 -1.738170121733527140e-01 5.492078142464951185e-01
-4.254405318407155079e-01 -1.505306804421371880e-01 5.245882847505186630e-01
-7.021322975670177824e-01 2.904751421812225565e-01 7.077086511671671909e-01
-4.091746836782140240e-01 -1.293403919321883255e-01 4.233299732586356390e-01
2.256112764380546754e-02 -2.738725687684836485e-01 -3.335390169352028256e-01
-1.899118925578231476e-01 -2.017977779189182308e-01 -3.440687627162752893e-01
-1.323394161732460717e-01 -3.003993587963829648e-01 -1.768389712751609055e-01
-6.846774044239700707e-02 -2.658031494799304451e-01 -3.332623635853618760e-01
2.337238640775372855e-02 -3.293228534191899870e-01 4.900660871672941621e-01
-4.078964302469495484e-01 1.396928928274843440e-01 -7.822517765183774063e-01
-3.277126646448246250e-01 8.546953515778843435e-02 -8.850826726283258505e-01
-1.238162585963584195e-01 -3.559290008625631829e-02 -1.056020244301925093e+00
-5.537296133284028699e-01 4.105602180929167067e-01 -5.773813978651688439e-01
-1.777113535461062876e-01 -1.650611105428780867e-01 4.607834351221354874e-01
-8.129812512511190581e-02 -3.346715835083525215e-01 1.907507897456059420e-01
1.405726987182402341e-02 -5.313940864856042667e-02 -1.074263256461088556e+00
-2.200344815780773955e-01 9.824701451747391845e-02 -1.045721840748992992e+00
-6.583734879470595214e-01 3.136252739484143848e-01 -1.252680188217883961e-01
-1.260083031725952596e-01 -1.647980355751056392e-01 -5.818311419739188306e-01
-1.401870980223950403e-01 -1.707717015073079159e-01 -6.104293519601968754e-01
-1.515156594748329477e-01 -1.785267876218744054e-01 -6.466783095352992561e-01
-1.584715864361142812e-01 -1.663626366773194865e-01 -6.871525011726542509e-01
-1.678747608850914008e-01 -1.121330253607547844e-01 -7.549716094350673590e-01
-1.874998252121217457e-01 -1.179837273750523607e-01 -5.458542511518794660e-01
-1.980962655098406633e-01 -1.204592895277952769e-01 -5.394439639712741430e-01
-2.071890315122594250e-01 -1.227399340687409524e-01 -5.319447646033744759e-01
-2.951396344904516078e-01 -1.141782593115890643e-01 -4.499025732046918469e-01
-5.370658464407033206e-01 -5.720150961810640047e-03 -1.925418218484979405e-01
-7.994927327714869414e-02 -2.886754013291816245e-01 2.964580303473262624e-01
-1.121214457493989181e-01 -2.032152946605405575e-01 4.998256701399118596e-01
-1.518326060619108464e-01 -1.797801809127984596e-01 4.948813318807715467e-01
-1.767076902227331381e-01 -1.106415528212781885e-01 -5.517251602799840837e-01
-5.412733813505781200e-01 1.158938348588414713e-01 -3.994520761001641995e-01
-5.967383123578404169e-02 -2.848929406535038455e-01 4.880994508664007192e-01
-2.012552934871558175e-01 -6.566652414074825028e-02 -8.263973878098433978e-01
2.157212136766362143e-02 -4.460434165182289856e-01 1.372541464762888352e-01
-3.671231710818081972e-02 -3.837638557868585654e-01 2.302476685125875444e-01
2.249782626824898407e-02 -4.013590868060101791e-01 2.439513038826733315e-01
-1.269858282652515380e-01 -3.135768823900799696e-01 4.483567334326522824e-02
1.226411647316656001e-02 -9.943658399701454931e-02 -9.962087136129126330e-01
1.188986960329406657e-02 -1.136325853534786573e-01 -8.932907753636110115e-01
-9.703036686021102031e-02 -9.841763418779894690e-02 -8.824559388941237703e-01
-3.442752660969888301e-01 -1.366245353694301931e-02 -6.403411132746072987e-01
-2.576355381502187791e-01 -1.642671136325361547e-01 -1.747951536074953682e-01
-2.828815239131489134e-01 -3.517222808661969735e-02 -7.461118800424131337e-01
-4.029206492646015825e-01 -1.392914075137073049e-01 -1.422531080162853789e-01
-3.186402991811974061e-01 -1.408476293888623887e-01 -2.581172639726392881e-01
-4.566837294365051481e-01 -6.927908929897376444e-02 -2.783999377607005998e-01
-1.169863834204449560e-01 -8.001616005240373697e-02 -9.803688311339791017e-01
-1.650162285210603486e-01 -2.609341178283227647e-01 8.868084055428149303e-04
-3.937372303621647918e-01 5.583883875425833115e-02 -6.963716418761460858e-01
-3.140057084133482945e-01 2.406179600426332915e-02 -8.088817349786849853e-01
-3.892938454553601657e-01 -2.276154147701336949e-02 -5.225827488851182423e-01
-5.972020228467853631e-01 1.571074429938083550e-01 -2.736608790213525544e-01
-4.682315952083843658e-01 4.519365565793609374e-02 -5.180058403572792569e-01
-6.248710123481313605e-01 3.107166887388418952e-01 -3.206628710810572880e-01
-3.689630441405514771e-01 -9.725891263311876866e-02 -3.672121365604023580e-01
-1.215270580190676575e-01 -2.824858461630478934e-01 1.378028084492190497e-01
-1.234706683164868146e-01 -3.821576441831773252e-01 -1.589304870486573096e-01
-1.608988046418802775e-01 -3.081271970865201992e-01 -1.685643090825024171e-01
-9.669042582229822602e-02 -4.344804197497436071e-01 -1.055816688906597856e-01
-1.649359839919684045e-01 -2.334443245135821576e-01 5.978948074108019206e-01
-2.730278237610111458e-01 -2.493226937354561246e-01 6.704471916648078178e-01
-3.661726075756933652e-01 -2.444286373852996019e-01 6.860273395758600401e-01
-4.418479507234648329e-01 -2.156376124249040904e-01 6.688476795576436817e-01
-4.928190824968210482e-01 -1.718177029096979447e-01 6.281527545281393454e-01
-5.244551297894626263e-01 -5.505736593148731484e-02 4.725405986620805354e-01
-6.965310815897406416e-01 2.576629953870954726e-01 2.772385022340743133e-01
-4.815038646615575901e-01 -8.804176582277867258e-02 3.207591478245933048e-01
-4.189171147778333326e-01 -1.230377642438616748e-01 2.807944726534459257e-01
-3.341119084678838558e-01 -1.501435334021752888e-01 2.705186828108572250e-01
-2.519121648449981210e-01 -1.665730085927893123e-01 2.867795300242773626e-01
-1.866730939347930884e-01 -1.719537821825705415e-01 3.157418084879078934e-01
-1.414180610281733919e-01 -1.802437556241985595e-01 3.430844372633384820e-01
-7.006096580046580202e-01 4.893751604999971860e-01 3.146485594663301910e-01
-1.605245438003705116e-01 -2.736105666764120370e-01 -1.878627071849707231e-01
-8.200433430941775348e-02 -3.728597723578392364e-01 9.617522966595681844e-02
-7.975508875821527011e-02 -4.303446958218479779e-01 -1.755722776366124283e-01
-4.731330734078699474e-02 -3.982266830942519098e-01 -2.169881257690658982e-01
-7.993836581436744582e-02 -3.976896553792435562e-01 -1.853003739628830693e-01
-1.433332423954383483e-01 -2.483439744308631736e-01 -2.123894946921503490e-01
-3.413910940706178093e-02 -4.142754753157850689e-01 -2.289789469316481640e-01
-2.461051062040901793e-02 -3.362815296125434839e-01 -2.381924985240835846e-01
-1.357932801036425274e-01 -1.597878727687327138e-01 4.224338594355714904e-01
-1.056766811218428359e-01 -1.941000653004341103e-01 3.934691676888207867e-01
-8.830625293723162739e-02 -2.355520747765060818e-01 3.707239345399196973e-01
-4.420327892213841148e-01 -1.269910481575368677e-01 5.054826895849570123e-01
-4.826299734469567948e-01 -1.278944515963568174e-01 5.511647577382778884e-01
7.614454508409171374e-02 -4.226041389257738090e-01 1.244586639624682134e-01
4.625577074152829593e-01 -1.239363400366373658e-01 4.161221629124726151e-01
8.679514703106569473e-02 -3.425161072281549535e-01 -2.295025237733981927e-01
6.805379350831644025e-01 1.192219777240845630e-01 7.886891057394945781e-01
2.822636537538608659e-01 -1.744153989005388095e-01 3.268358164231630614e-01
3.446677979259609725e-01 -1.697467031022859008e-01 3.161398994428531450e-01
4.040394562353590846e-01 -1.539263561513064538e-01 3.198727456706526584e-01
4.826958708154608368e-01 -1.103125267766146833e-01 3.835584138656917830e-01
2.306453911146650881e-01 -1.695748389031102310e-01 3.533394099317772596e-01
3.780352804723762228e-01 -2.316026982388480482e-01 6.177711236921843430e-01
3.043523671926465779e-01 -2.293170492191931309e-01 6.065705736900113276e-01
4.445029750110811584e-01 -2.110619695041543453e-01 5.995297722862962253e-01
4.855339835793059944e-01 -1.826479836998156636e-01 5.578061144370261015e-01
5.289746513249475868e-01 -7.217372463583617004e-02 3.225148163121802636e-01
2.472281211029283277e-01 -3.667790190117950488e-02 -9.181368785320829229e-01
4.849820025997202966e-01 -1.079628963604793712e-01 4.515562209345845290e-01
7.146412715778759361e-01 1.967259426750582185e-01 3.980382396105268672e-01
5.949728572858483666e-01 -1.922993538775478323e-02 3.980485787675961951e-01
3.320197877090282357e-01 -1.884215768136608404e-01 -7.409891164968801514e-02
5.720704175462426599e-02 -2.644476115582805598e-01 -4.678765400862763268e-01
5.114651134116364462e-02 -2.254017954244375566e-01 -5.349078115309253700e-01
1.255990938790352562e-01 -2.177318411484351901e-01 -4.946746601992100256e-01
1.690222060950873351e-01 -1.653298256238215636e-01 -5.224393809496785668e-01
1.060795021545366257e-01 -1.934848945162352674e-01 -5.388558780409355986e-01
1.481683735858751461e-01 -1.466330105336879630e-01 -5.477414098182734614e-01
2.763216580210651196e-01 -6.317415100585736798e-02 -6.472869171189323811e-01
7.477910574604826333e-02 -4.626856070349104622e-01 -2.007928485926683826e-01
8.291746847229566897e-02 -4.941011845950254999e-01 -1.111705441977364484e-01
5.609536425234581403e-01 -1.746417853272268506e-01 6.332795044115732130e-01
2.065862437701268539e-01 -2.231304208134736733e-01 1.642037809509930280e-01
2.203542829557219584e-01 -3.124566239582199367e-01 -1.513036826776406329e-01
2.240800037039857306e-01 -3.001151724323871672e-01 -9.701871049987526030e-02
5.126442937421799018e-01 -1.105023136117296301e-01 -5.416092066850232423e-02
7.971649776264895515e-02 -4.704823487425116579e-01 1.342458667518383990e-02
4.285351736462372774e-01 -2.932711393265906574e-01 7.284920294611603175e-01
5.087057190625459135e-01 -2.410814191732995604e-01 6.996542124873548207e-01
6.205098979484736654e-01 -2.310633316910443158e-02 9.320983142922292242e-01
1.600297076627624215e-01 -3.308645621834245265e-01 6.339681682083597725e-01
2.419041405776048148e-01 -2.042893553870251122e-01 5.614258968940539773e-01
3.234890445756858357e-01 -5.944381522148077523e-02 -5.639212329206124696e-01
6.540272789045630253e-01 4.710605800474628735e-01 -4.204244567367901309e-01
1.753948354651436725e-01 -2.817847644868235468e-01 -2.003603336405320179e-01
1.280911109765156541e-01 -2.837983545862420298e-01 -2.268832803503399442e-01
2.217441181747175638e-01 -5.793313403009062862e-02 -5.781304701875626950e-01
2.063099941025768602e-01 -7.633547545969118775e-02 -5.799577431261786487e-01
5.380818848962933831e-01 -2.192039755945258128e-01 7.567591754939088089e-01
2.226384233359879339e-01 -2.730224197698968291e-01 -1.855966770207418959e-01
3.171855779809522602e-01 -3.266334019807204947e-01 7.143528912588257285e-01
3.271231666719106590e-01 -3.492357769586154626e-01 7.822026089823326256e-01
3.771783129539443835e-01 -2.833930513731277578e-01 1.117052362802505971e+00
5.799471107009663839e-01 -1.343060784805265584e-01 8.324035613614213514e-01
3.442715085313027279e-01 -3.176403422383214936e-01 9.443826708843593432e-01
5.946195339409841019e-01 -1.264957679910656829e-01 6.733454666241234232e-01
6.419314307039425405e-01 -8.848412165908054600e-03 7.163052404781813376e-01
5.471942753493244660e-02 -2.515253880156305133e-01 -5.058576626407108590e-01
1.156950193178462871e-01 -2.080531457408461016e-01 -5.187364229502284818e-01
1.587737995949402570e-01 -1.611816399185180826e-01 -5.352393722348036675e-01
1.617593481557385027e-01 -2.664181920323715480e-01 -2.145660886452551985e-01
2.135915458191302019e-01 -6.805038083437227325e-02 -5.794244505023986580e-01
1.899769890388647298e-01 -1.033376723975825140e-01 -6.015679401898528234e-01
1.989637077375115692e-01 -7.785751693465779721e-02 -5.796366875746663538e-01
1.441250730291289139e-01 -3.705488404236708666e-01 -1.847291819968434057e-01
1.400455188456949385e-01 -1.337690351607709882e-01 -5.564402741956446796e-01
9.897374542852570289e-02 -1.646808447743891290e-01 -5.513926713574945904e-01
4.826467280958940398e-02 -1.928860590257392427e-01 -5.520533292525839908e-01
9.427433663122897212e-02 -1.274439319729100684e-01 -8.054521358649935348e-01
5.829863401690821290e-02 -1.872586923131004388e-01 -7.344697377564016749e-01
5.437554447460891949e-02 -1.966961911455090972e-01 -6.895779454402357622e-01
5.065721039332997389e-02 -1.854745729842141588e-01 -6.442915322402249512e-01
4.436602008021427179e-02 -1.815170922406466603e-01 -6.063679992904201788e-01
1.388981337446068554e-01 -1.320919661820640079e-01 -5.899247339834137183e-01
1.512427858744832543e-01 -1.404624396449360157e-01 -6.076598312235423904e-01
1.636344185097410864e-01 -1.478597295717785642e-01 -6.300855058772276696e-01
1.757892892414254227e-01 -1.342636159871913315e-01 -6.537144329905542062e-01
2.720875381002298976e-01 -1.676111122328354519e-01 -4.105992480698874569e-01
7.213291906797163477e-01 4.999586882316774950e-01 3.928119808669497393e-02
1.675980474134823317e-01 -9.893080695243458567e-02 -5.823507752199604814e-01
1.785010320444747334e-01 -1.048698724188614206e-01 -5.917631072248867863e-01
1.080745008908605420e-01 -2.803196693886252922e-01 -2.610019631457006772e-01
2.035206628529619977e-01 -2.221992959768420706e-01 -2.325292623886791588e-01
1.178430980593058869e-01 -2.835665184998489852e-01 -2.447809354475693200e-01
2.704050240107402359e-01 -1.949751666643195214e-01 1.117355357937358795e-01
3.710628923273777691e-01 -1.706733999332694096e-01 4.851494308474699202e-02
2.348673486170972657e-01 -2.597260597513222358e-01 -1.326008332065427009e-01
5.254207193438898971e-01 -1.658996424879782827e-01 1.043545899985694136e+00
4.862852256493683800e-01 -2.354585994799741344e-01 9.116904061693281713e-01
4.487515449123322120e-01 -2.921712205209815449e-01 7.963776639886404052e-01
2.375953962356991966e-01 -8.660629813473566530e-02 -7.054620911288800311e-01
1.804067791965556777e-01 -3.717941298391443938e-01 7.477895789938815430e-01
1.934751265200045922e-01 -3.611815155400471822e-01 9.482048389487514051e-01
2.145775971311296160e-01 -3.495432678388470382e-01 1.154655380605852821e+00
4.541283356941270277e-01 -1.302327219578942319e-01 3.408653636567059997e-01
5.931656279891796002e-01 -3.072673920474025891e-02 2.585313983920946024e-01
1.967898335531753085e-01 -1.623021711741590156e-01 3.789548536224047748e-01
5.386357969342967511e-01 -1.248729726563111431e-01 5.142074103662195306e-01
1.641453060882819281e-01 -2.527333653201502828e-01 2.226734676827853698e-01
1.828808874486634317e-01 -3.784656047716464800e-01 -1.271741668065532460e-01
6.666982807857815274e-01 4.552800024856415440e-02 1.992354737800157705e-01
5.526203409585828119e-01 -7.768804912919889671e-02 1.866683624003714903e-01
4.748756273339392875e-01 -1.301972689322566934e-01 1.472656473107814001e-01
3.581721118599942577e-01 -1.574496024071953548e-01 1.639623307462481083e-01
2.721723648819683872e-01 -1.751380975133645657e-01 2.044416805739526777e-01
2.082809889139643766e-01 -1.967446498034798041e-01 2.467920181940026769e-01
8.316444782664125790e-02 -3.337569256196919465e-01 3.378297334388848938e-01
6.569523496427803755e-01 5.406930072260721087e-02 4.555600508563451695e-03
5.822093456373067522e-01 -9.703073100755174596e-02 5.260930992588370714e-01
5.384777965794814575e-02 -4.244828367269842251e-01 -2.400555092257192213e-01
2.030488615631646510e-01 -2.379898851649187019e-01 6.515245657463974993e-02
7.330496894003954989e-01 4.000407415964267188e-01 4.376104184692805599e-01
1.610445392068414194e-01 -2.111447636338134037e-01 2.944983212237463621e-01
2.423284755785013456e-01 -1.970609209649543392e-01 -1.279807759421857649e-01
5.073794440030363617e-01 -9.580511851294733205e-02 4.476012508873623563e-01
1.849035655364512087e-01 -3.626772108029223118e-01 -6.046244090519299619e-02
6.977289412644727129e-01 5.003657191387841374e-01 -1.828099210518128181e-01
1.968093553468666657e-01 -1.501036751495223587e-01 4.144135551979547527e-01
1.334346581967498224e-01 -4.298106377311308179e-01 -1.448046857284438632e-02
5.175820433683178123e-01 1.685941931275821148e-01 -6.841967707881968508e-01
5.181988022439789621e-01 2.930772188195501782e-01 -7.653979351757163041e-01
7.173611070136366452e-01 2.785363243547102630e-01 1.670672372017020096e-02
5.948711749910411406e-01 2.311986846105190674e-01 -5.536278103424444597e-01
6.813984026449780851e-01 1.102389593751331165e-01 5.723388724128821714e-01
2.620980934623818315e-01 1.080979423532762995e-02 -9.924407507296527653e-01
5.176826061049192435e-02 -3.373580443670974871e-01 -2.477470057805697679e-01
2.578067988936388888e-01 -2.076015429924164546e-01 -1.441779563559356320e-03
6.434712687553347799e-01 4.537012700559366063e-02 3.840525132542580988e-01
4.016453058708593371e-01 -1.549474032896675235e-01 3.740078433816950154e-01
3.480090117531934313e-01 -1.680862644181503884e-01 3.668890939610976454e-01
2.013013235470703655e-01 -9.110172970006492899e-02 -6.126989403002587320e-01
6.436801851379001516e-01 9.871115636695959594e-02 -1.738622110094421302e-01
1.515118089822697911e-01 4.575343288418473597e-02 -1.104122719784466522e+00
3.422832425079741503e-01 1.540309652065280643e-01 -9.751170345870838752e-01
4.245573743424936319e-01 2.161171183682503161e-01 -8.900416611353825225e-01
2.948250077242990930e-01 -1.707097883153280149e-01 3.761353042330412011e-01
2.449576417869932243e-01 -1.625654287475100379e-01 3.945583992577501586e-01
2.128467653331112541e-01 -1.500511744987910734e-01 4.049398988590274251e-01
6.218857770710874977e-01 -3.560416420394973969e-02 5.469559207340224383e-01
2.546383242764275745e-01 -1.835141539185192738e-01 4.881183536935825851e-01
3.093379376081295540e-01 -1.991432053949948600e-01 5.212705612353134565e-01
3.658670779266672834e-01 -1.986150307449651153e-01 5.286169770973950799e-01
4.205320227252140053e-01 -1.833084056786704608e-01 5.129385902390615204e-01
4.530311324394177830e-01 -1.609415594821598239e-01 4.866946533606248959e-01
7.177481635352351841e-01 2.709019094798457150e-01 6.347331802561670955e-01
4.379993512969805325e-01 -1.380975608197495819e-01 3.928938001282521464e-01
2.209194220573900691e-01 -2.071193761426992630e-01 -3.634068789980182679e-01
1.746062116104381556e-01 -3.073591710381739506e-01 -1.896064806288969562e-01
1.098575805341929224e-01 -2.673647128690337382e-01 -3.408726024445832836e-01
4.336325707833673659e-01 1.224284521708708384e-01 -8.050339308938418981e-01
3.514889701260087707e-01 7.016026479236152358e-02 -8.992324740821906470e-01
1.495623451640219481e-01 -4.191368330184226665e-02 -1.060691519556330231e+00
5.920506831352577715e-01 3.912824261429300732e-01 -6.174449461661237759e-01
2.150110292275408397e-01 -1.632164066437907513e-01 4.430356332315530388e-01
1.234593836938583100e-01 -3.361473043857194920e-01 1.813673298954245339e-01
2.540107604634615490e-01 8.841067955741169215e-02 -1.050514607050583749e+00
6.949529844434474413e-01 2.950346124877240572e-01 -1.843027197270613593e-01
9.691169082383670197e-02 -1.590312298897656185e-01 -5.980345001895220891e-01
1.086481023035592575e-01 -1.662033033294806339e-01 -6.271872901589627958e-01
1.178049146819595827e-01 -1.743319837277433892e-01 -6.629819176288676008e-01
1.264359485893667423e-01 -1.627452178072467115e-01 -7.019912097052278810e-01
1.761338759855409775e-01 -1.126187988774446092e-01 -7.645128728387395878e-01
1.786402746260825625e-01 -1.087320031861877395e-01 -5.637930866610355585e-01
1.889267181165231735e-01 -1.093993873879676310e-01 -5.593287106538575859e-01
1.983369129844786416e-01 -1.110528593577734674e-01 -5.528814671889181742e-01
3.075214557506904534e-01 -1.149492535952666705e-01 -4.803326597764518979e-01
5.586495232582109338e-01 -2.062522616609551579e-02 -2.406021187297697206e-01
1.231591644554809462e-01 -2.893672935256873524e-01 2.866163267239135726e-01
1.545471461734166385e-01 -2.051070982813472110e-01 4.840691032215680423e-01
1.895461015277018491e-01 -1.784721905626817096e-01 4.773341716473857854e-01
1.685584881766580834e-01 -1.000894476736225724e-01 -5.682659925864640416e-01
5.659014393058141579e-01 9.798698795477769896e-02 -4.452233422870932045e-01
9.992513725187615603e-02 -2.851577973846070035e-01 4.784230293380812293e-01
2.139120169039548935e-01 -7.235657450644086830e-02 -8.354975093340087922e-01
8.020679802082221477e-02 -3.852800987182095627e-01 2.249376802829302635e-01
1.664779341385051181e-01 -3.177082611836067882e-01 3.136802088260095406e-02
1.164031118516881125e-01 -1.036791555999780345e-01 -8.873309463264908992e-01
3.440418497023358113e-01 -2.450428866957914814e-02 -6.715881737517191974e-01
2.917397798285636945e-01 -1.737388344802235363e-01 -1.985765000949743508e-01
2.895348485256540316e-01 -4.463325683928383303e-02 -7.625307316703269223e-01
4.259801314741828993e-01 -1.517907896393576317e-01 -1.795977343072584220e-01
3.435813704771268906e-01 -1.513510384186092517e-01 -2.888398761581257856e-01
4.755237288187198486e-01 -8.479603857345993645e-02 -3.220835361406368946e-01
1.387621470054875294e-01 -8.565061740663706957e-02 -9.862131248186012389e-01
2.034477005583899822e-01 -2.661620964208032403e-01 -1.482272464947678378e-02
4.088235427405367828e-01 4.072759560670549672e-02 -7.211750040848401433e-01
3.308722604281678636e-01 1.039565561771063976e-02 -8.242812616998904662e-01
3.937023179411944795e-01 -3.201604518700801316e-02 -5.646210390919608191e-01
6.253330880400960190e-01 1.398579362161145034e-01 -3.242108894252718199e-01
4.811876087312109695e-01 2.772757514214812397e-02 -5.592609352391004762e-01
6.604906521197696501e-01 2.935589933152389919e-01 -3.732121905190701749e-01
3.815234213125447971e-01 -1.071991268891210880e-01 -4.075675467460124213e-01
1.621171516395126799e-01 -2.837025940029281879e-01 1.248046128573507552e-01
1.625026090033591109e-01 -3.863295534754932481e-01 -1.712772323959407816e-01
2.004411331203880264e-01 -3.159955322916616072e-01 -1.833944672333044368e-01
1.372382549102651172e-01 -4.392064438447721431e-01 -1.162721652998905120e-01
2.055451166415004915e-01 -2.368572288845720020e-01 5.774295706808638684e-01
3.091016243342630809e-01 -2.585363165565021659e-01 6.444711330356449608e-01
3.991844132997977024e-01 -2.564910541370635233e-01 6.553674197054777384e-01
4.708807502323143490e-01 -2.291851337910336406e-01 6.338419639087740087e-01
5.174765260501822395e-01 -1.861043670579914933e-01 5.883049400552304853e-01
5.434970554641400664e-01 -6.794154470322982808e-02 4.221107992255068164e-01
7.248602516876392343e-01 2.411746530875292505e-01 2.092615290847352760e-01
4.971268514076901956e-01 -9.882650078974752894e-02 2.783916253477828340e-01
4.346556633011503523e-01 -1.323107218520704620e-01 2.465715510570397062e-01
3.530327809180017207e-01 -1.563421102318542644e-01 2.477474243767392725e-01
2.754302414693616807e-01 -1.699856715814767327e-01 2.717122310948800745e-01
2.162286520782665256e-01 -1.748542319259620559e-01 3.038750485671577461e-01
1.754375624320476112e-01 -1.815209999035709010e-01 3.339272538629695641e-01
7.295321458013964699e-01 4.715492585182932128e-01 2.436777573886903525e-01
1.997474051100454617e-01 -2.819083908996437016e-01 -2.020069863238889707e-01
1.243275905757368904e-01 -3.740555501102146296e-01 8.691981808546295207e-02
1.196497599659845645e-01 -4.346461418873115434e-01 -1.844075835682812969e-01
8.700567754971100243e-02 -4.025122046881103310e-01 -2.228739835877994180e-01
1.195874908752105892e-01 -4.016564248330692921e-01 -1.943477927465693256e-01
1.839475420615594992e-01 -2.574373792189528221e-01 -2.248591325899484406e-01
7.417074691250204188e-02 -4.176113587250889214e-01 -2.336252535709796574e-01
7.215368023478918591e-02 -3.397364792838294956e-01 -2.421834641852542158e-01
1.752654870233574802e-01 -1.594127344983058969e-01 4.105109311785078430e-01
1.435594539494683408e-01 -1.947349912736175692e-01 3.846910877016559427e-01
1.243183577026772402e-01 -2.369186305076972920e-01 3.642203757225952465e-01
4.709681306257152977e-01 -1.378098632882994445e-01 4.671476402728872990e-01
5.089525324665585826e-01 -1.416551738809160299e-01 5.103299284556888082e-01
-3.266947130854824799e-01 -1.552036909490421834e-01 4.856863686892911036e-01
-2.621054556225992371e-01 -1.612225586547235134e-01 4.839717593086072522e-01
-3.258944704080709576e-01 -1.635525013268345762e-01 5.740371462506032030e-01
-3.921562054974126466e-01 -1.491322019014783562e-01 4.881725887286483823e-01
-3.280763250377742857e-01 -1.468574150854229654e-01 3.984533543301924108e-01
3.538334460144421656e-01 -1.616163437079962684e-01 4.556262494237184324e-01
4.170631780056860971e-01 -1.673455526510219948e-01 4.521563902027890824e-01
3.529213226399547931e-01 -1.701074187801554505e-01 5.436412452460798184e-01
2.901013371067172608e-01 -1.559123290427639752e-01 4.598818208561599175e-01
3.549840551035161051e-01 -1.531416826323875602e-01 3.675396577437553547e-01
