-9.666013070696234666e-03 -1.799619292355473799e-01 -3.078841095412521156e-01
1.433752711694458171e-02 -3.029772489028201843e-01 -1.315383863898688666e-01
1.607904846127609921e-02 -1.903057084698028256e-01 -1.711643921100100552e-01
-2.135464473408744956e-02 -2.747986369375863824e-01 8.393529590123621764e-02
1.420819559777846547e-02 -3.247630857614750566e-01 -7.116661079420079361e-02
1.354361810225629056e-02 -3.188591997990092297e-01 1.465344687958091557e-02
1.497163208460533523e-02 -2.343924545830115558e-01 2.331742838918762217e-01
-2.811054811312247992e-01 -7.413801249405191363e-02 2.942472388515795512e-01
1.526914627895177567e-02 -2.243372383118449331e-01 3.992501607987777312e-01
1.464067566000789092e-02 -2.420914717344910816e-01 4.793672035068496928e-01
1.374873461321992479e-02 -2.346493975461973469e-01 7.611518545944722103e-01
-8.988967024528636551e-03 -1.727919788271702062e-01 -3.252707855029072226e-01
-7.953366762581711227e-03 -1.581110863751402917e-01 -3.419294245057885595e-01
-6.376967766298922632e-03 -1.362612849964779105e-01 -3.533130938313892022e-01
-1.077456555204706588e-02 -1.243015168685568661e-01 -4.079531058188815562e-01
-1.140859371698134395e-02 -1.263891212203161196e-01 -4.339514850264873935e-01
-1.256230886322699455e-02 -1.324508928642641470e-01 -4.624848792495194205e-01
-1.240714875735000888e-02 -1.252776952626511175e-01 -4.893905894409218416e-01
7.325839743763704059e-03 -8.480764352900690972e-02 -5.297909472555275556e-01
1.365461317931643270e-02 -2.776475430715727999e-01 -1.575891664201263809e-01
-2.632791640253616394e-02 -2.197649751143550545e-01 -1.451196696213044590e-01
-4.361311986059402956e-01 9.016851499800815350e-02 5.588709389649859638e-01
-1.670037131326579383e-01 -1.116031995821435419e-01 2.324848339091027949e-01
-2.097715047578078140e-01 -1.070405997959785194e-01 2.286919803479529612e-01
-2.495950765881372879e-01 -9.523253384110730302e-02 2.355778553154312949e-01
-2.982648723841397898e-01 -6.543091369478193364e-02 2.789878558659694141e-01
-1.293168960771219900e-01 -1.087411709564288786e-01 2.468972103960684894e-01
-2.273525349440556065e-01 -1.452298748142350493e-01 4.089161311109693608e-01
-1.785093398916950402e-01 -1.447933971699523203e-01 3.998006731534893277e-01
-2.705586664031054411e-01 -1.296883146967774958e-01 3.998304942538751794e-01
-2.979394400470318782e-01 -1.097571032036056549e-01 3.771532310633437524e-01
-3.341627524813888250e-01 -3.889139517431895732e-02 2.443285084387090134e-01
-1.479643614793546835e-01 -1.723958850422719832e-02 -5.908287716460363104e-01
-2.947827346158875539e-01 -6.336053501596282389e-02 3.159045551388739437e-01
-4.499459796943344747e-01 1.395716606672717797e-01 3.033988750043822291e-01
-3.798210152284070551e-01 -2.552005274417585429e-03 2.964435991807198856e-01
-1.954048098708586201e-01 -1.169734408062991782e-01 -2.924051301166002981e-02
-5.652606523926562154e-02 -1.729694274716432334e-01 -2.947467449166318310e-01
-4.913782343324825386e-02 -1.500827582543003413e-01 -3.362393584281709868e-01
-9.674349677301322115e-02 -1.441876107074184787e-01 -3.069615873526557182e-01
-1.203682282639040035e-01 -1.125740901389059301e-01 -3.244225126075755972e-01
-8.206274170471489215e-02 -1.305860176515135918e-01 -3.364754074195379641e-01
-1.051329315910835560e-01 -1.004092924527248964e-01 -3.435826051185021379e-01
-1.853775581059260436e-01 -3.719035731636650965e-02 -4.039448307412770722e-01
-2.118515794473414121e-02 -2.984923953450636658e-01 -1.271878318634717675e-01
-2.744401948392635737e-02 -3.186894661158977127e-01 -6.838076300006311337e-02
-3.535143525556988520e-01 -1.038199918579692516e-01 4.392249936756200679e-01
-1.097430583734925469e-01 -1.436853747457045305e-01 1.178734318988358121e-01
-1.176859047528533708e-01 -1.985388732331812567e-01 -8.777310713138869458e-02
-1.209730320641896895e-01 -1.905539823359383433e-01 -5.212792111919045679e-02
-3.181092666371567734e-01 -6.445898419094255039e-02 -4.942135500961029881e-03
-2.477387666557883533e-02 -3.052149560755613722e-01 1.194481508518952656e-02
-2.582688029892669102e-01 -1.812799056042097567e-01 4.950676966076388297e-01
-3.145940406997057570e-01 -1.466819318697670793e-01 4.788314685851954300e-01
-3.944900120972185675e-01 -2.568135432921692454e-03 6.491504889712277349e-01
-7.484319429910293864e-02 -2.126356896030792698e-01 4.236652308602997241e-01
-1.352472839381403946e-01 -1.306467346877758229e-01 3.711230728874198581e-01
-2.118591406780178654e-01 -3.575036043519615875e-02 -3.410198609353339849e-01
-3.982067073492578935e-01 3.186741812105678417e-01 -2.401760234942083572e-01
-8.624776401337003184e-02 -1.782697197654461996e-01 -1.221373654128000141e-01
-5.333860354439678986e-02 -1.784554563757367318e-01 -1.413097458854581934e-01
-1.518308610206546838e-01 -4.288852745061889904e-02 -3.543818855126422696e-01
-1.440063747548256945e-01 -5.324925788569399160e-02 -3.583513010589410852e-01
-3.353293456695974895e-01 -1.320809147229824454e-01 5.214183461593056013e-01
-1.202060059618506593e-01 -1.721566322479437527e-01 -1.100050640371189603e-01
-1.806934726907500899e-01 -2.042616581183478441e-01 4.826722568435013461e-01
-1.870903880558745236e-01 -2.185139361548152359e-01 5.302167113538726051e-01
-2.265884491411122026e-01 -1.757422633344631335e-01 7.537051347331333861e-01
-3.642600491349383685e-01 -7.685059550248488081e-02 5.772944629380605264e-01
-2.018872683463998063e-01 -1.993056266710520608e-01 6.365183654046835393e-01
-3.762013106524314532e-01 -7.245070208387582866e-02 4.742179943892612659e-01
-4.056449983523292557e-01 4.758828826999111222e-03 5.055129430956920578e-01
-5.392904224986756756e-02 -1.658747848775817546e-01 -3.180404305738118165e-01
-8.958772558366082106e-02 -1.389934780224461874e-01 -3.225694386442414796e-01
-1.133651608871001082e-01 -1.097050923689903423e-01 -3.338999150908464886e-01
-7.660021760549909353e-02 -1.676438467006726718e-01 -1.321352895606874300e-01
-1.476673905731857861e-01 -4.824981613220224314e-02 -3.564637946449924488e-01
-1.375763484464143649e-01 -7.015919355783584166e-02 -3.795174880299563291e-01
-1.395363928630605765e-01 -5.438534854089963760e-02 -3.597416107017047393e-01
-6.724258406789603015e-02 -2.391724067952514243e-01 -1.129757239936632351e-01
-9.899012002726853554e-02 -9.208594239236223000e-02 -3.509255015628883756e-01
-7.504275338182139765e-02 -1.126680130233197186e-01 -3.467736923008180039e-01
-4.418325018622459854e-02 -1.304021566221775508e-01 -3.480162606277131809e-01
-4.997201885399143312e-02 -8.158638387303474016e-02 -5.243316491302181248e-01
-6.176903046078902060e-02 -1.230111053128653542e-01 -4.802993771854632277e-01
-5.980455841139192819e-02 -1.300874703457674531e-01 -4.526954592794663057e-01
-5.494274820540545612e-02 -1.232700885935680002e-01 -4.237800296679753442e-01
-4.924111210994770726e-02 -1.210738617128522265e-01 -3.993926200198196774e-01
-1.057971842140020546e-01 -8.982398764456372975e-02 -3.789564759637720215e-01
-1.150262021494243836e-01 -9.391751325691793939e-02 -3.897183748861946517e-01
-1.245155154274762976e-01 -9.806735160030521925e-02 -4.033077921108113584e-01
-1.313489698417917850e-01 -8.892492883517061353e-02 -4.183032348241885190e-01
-1.632678184955790313e-01 -1.050924544733851385e-01 -2.479178020792426884e-01
-4.454008256845835012e-01 3.383665181293116220e-01 6.915497090816176418e-02
1.606786885550750416e-02 -2.208791431390746962e-01 -1.623432071126724163e-01
-1.214158262271050892e-01 -6.936404354599590150e-02 -3.696277053618745034e-01
-1.295471800261125961e-01 -7.184303363164558365e-02 -3.744462041732613544e-01
-3.958283396047550251e-02 -1.786634427450060625e-01 -1.645906768903419026e-01
-1.052365037654174051e-01 -1.376267949163469395e-01 -1.415672049435576785e-01
-4.624259044390843787e-02 -1.792718963711840141e-01 -1.532638369440645909e-01
-1.531458664591158203e-01 -1.245894827088341317e-01 8.778568424103097567e-02
-2.213943906567424902e-01 -1.062163358654046319e-01 5.336767643159659458e-02
-1.278204503017139892e-01 -1.638322277965515994e-01 -7.462801712595017178e-02
-3.283594639622453570e-01 -9.587355831334576362e-02 7.162167878868022086e-01
-2.994337001998891301e-01 -1.430131830998724318e-01 6.240278652631422451e-01
-2.714139406913051999e-01 -1.801631210877630007e-01 5.432601931048061106e-01
-1.533509552366915107e-01 -5.429247120731148235e-02 -4.531148567475038469e-01
-8.661123297820169653e-02 -2.378753568291066545e-01 5.038440590596717783e-01
-1.007288943073393339e-01 -2.305195902290725352e-01 6.286624043745202561e-01
-1.166010518878431157e-01 -2.213781210000866917e-01 7.658223829704526864e-01
-2.815966679462621469e-01 -7.867975575650396070e-02 2.518419502765561480e-01
-3.808195409031617240e-01 -9.416492707691043185e-03 2.042683031949819594e-01
-1.042470801461819474e-01 -1.056796332157229901e-01 2.610146690220181420e-01
-3.360769265919334448e-01 -7.229026348447163686e-02 3.570712464023174659e-01
-8.068289352576224482e-02 -1.637235935348811955e-01 1.531913927553415489e-01
-9.329196564298794514e-02 -2.422222954556004781e-01 -7.318816463867368338e-02
-4.180101334306958183e-01 4.058080440991737592e-02 1.703319948345350388e-01
-3.547127009773802797e-01 -4.159039399954413130e-02 1.537587032611482107e-01
-3.029125840368102063e-01 -7.734517952620602321e-02 1.224869875714702516e-01
-2.226153989857662108e-01 -9.805384912119052832e-02 1.254039818997456091e-01
-1.629405208730763388e-01 -1.112596157967666310e-01 1.475899958833591930e-01
-1.182842458788653239e-01 -1.260325032442236037e-01 1.727944442674944070e-01
-2.466578449048804911e-02 -2.165587154647076740e-01 2.232467055195305194e-01
-4.101280140348526615e-01 4.490750630133499843e-02 4.191009881621141075e-02
-3.695796388015053502e-01 -5.360194827458865385e-02 3.732365446492237337e-01
-8.415444843796216282e-03 -2.751772043724276529e-01 -1.540613762406700671e-01
-1.066258313622334974e-01 -1.531149737134657740e-01 5.284828699588459133e-02
-4.613259576591984823e-01 2.719520938886886841e-01 3.316234016144049557e-01
-8.349541731065254768e-02 -1.364813275944847248e-01 2.016115718469904672e-01
-1.303787263978644917e-01 -1.230450414462915254e-01 -7.120098056837197154e-02
-3.114604264198150840e-01 -5.526565555585215284e-02 3.161145739916123021e-01
-9.552893562218239820e-02 -2.319232695585485282e-01 -2.998151140096692868e-02
-4.269952179358262878e-01 3.392211259496483722e-01 -8.011096235170385438e-02
-1.018855982885807088e-01 -9.878253371941059235e-02 2.813801597359250062e-01
-6.182221073904496655e-02 -2.772369096144033929e-01 -2.903274962854460184e-03
-3.189622278898319729e-01 1.214620234556783029e-01 -4.233450518581119981e-01
-3.149292740347990893e-01 2.031298780749833943e-01 -4.784854665240892979e-01
-4.425903307062761805e-01 1.928125392621672929e-01 5.258602724026331665e-02
-3.669399556160879428e-01 1.624693551711595130e-01 -3.318608508905409593e-01
-4.294884742113415088e-01 8.259052056965260347e-02 4.149185850341585713e-01
-1.541876439442978752e-01 1.410246102317479211e-02 -6.392810788549369017e-01
-1.215299671810115764e-03 -2.177394400061196666e-01 -1.589691942666759950e-01
-1.443188426484962317e-01 -1.313565425638759665e-01 1.319414362636968027e-02
-4.155833279215217502e-01 3.975184438945501830e-02 2.939853842257816319e-01
-2.428292124548496744e-01 -9.579234724403856704e-02 2.658140252957230665e-01
-2.076765218364281518e-01 -1.058062229057026848e-01 2.585913916241528443e-01
-1.441980651883304765e-01 -6.219054446544712567e-02 -3.851537935260331835e-01
-4.000917920977817843e-01 7.419127718048552922e-02 -7.707826662230536641e-02
-7.545276736880618396e-02 3.345018446679576957e-02 -7.157021962885756761e-01
-2.001233361483306106e-01 1.088821650887796810e-01 -6.268042737120801400e-01
-2.535754186859844328e-01 1.509453118389645909e-01 -5.670797844296711077e-01
1.410782725278401581e-02 -2.411528889634152462e-01 6.177034772831099252e-01
1.241936645046939208e-02 2.069382340880028537e-02 -7.285781201779504279e-01
-1.716619314551687259e-01 -1.086111509171542866e-01 2.622745851491659619e-01
-1.363424180500373561e-01 -1.051767244070950791e-01 2.716907102754780867e-01
-1.129106919173906154e-01 -9.840699868060120981e-02 2.770305717776986310e-01
-3.984281706997364614e-01 -1.374206142095950323e-02 3.973872196794803191e-01
-1.443165198119736869e-01 -1.184772079272022882e-01 3.293561902784739592e-01
-1.832752123760776897e-01 -1.264730385016722969e-01 3.504790822889572999e-01
-2.205170445210795638e-01 -1.244679699358108849e-01 3.556328551766080315e-01
-2.555937578031181046e-01 -1.129216298311423450e-01 3.481508623713098771e-01
-2.763908874683018713e-01 -9.779347580870983991e-02 3.346623424734225249e-01
-4.561459342039438924e-01 1.887095278735346215e-01 4.597686574872990040e-01
-2.658236474603808963e-01 -8.402703324237975613e-02 2.791850643851673253e-01
1.504408156629164633e-02 -1.783562429851436315e-01 -2.154728072955976459e-01
-1.230029604718038960e-01 -1.310717618634589243e-01 -2.225683715525828554e-01
-8.597537363190155268e-02 -1.950059866452498736e-01 -1.148084576228261544e-01
-4.408771238625056044e-02 -1.729729498284355294e-01 -2.153797579108798765e-01
1.518406014006609336e-02 -2.139472591534882784e-01 3.183754029364528892e-01
-2.649294903428139891e-01 9.075703399635043356e-02 -5.081578874901163667e-01
-2.126988814268311323e-01 5.553998937989519658e-02 -5.749656889526363335e-01
-8.043290951127315958e-02 -2.312284671586843643e-02 -6.860723771818264538e-01
-3.597349283650695950e-01 2.667237711153619406e-01 -3.751005017627009330e-01
-1.154516202471069231e-01 -1.072332874163718919e-01 2.997050171414954445e-01
-5.281598548125994441e-02 -2.174221049792393612e-01 1.239227945723424540e-01
9.132419232471055554e-03 -3.452244724396702491e-02 -6.979423279531939972e-01
-1.429471831794386083e-01 6.382696824770614508e-02 -6.793616639183130967e-01
-4.277176690993276242e-01 2.037491984861547478e-01 -8.138138357495292019e-02
-8.134845663446106656e-02 -1.072391911270086651e-01 -3.880636153703518332e-01
-9.047086542644483531e-02 -1.111283561211656723e-01 -4.064597726590843951e-01
-9.778218926028692248e-02 -1.161654215471261686e-01 -4.299208907230014365e-01
-1.022439657065600804e-01 -1.082468496168910166e-01 -4.552919161408909288e-01
-1.082780088870151092e-01 -7.294642633740622273e-02 -4.960386254045957566e-01
-1.232776922208652093e-01 -7.587072034146341570e-02 -3.531992379402601467e-01
-1.303943257392991550e-01 -7.730211513237446319e-02 -3.487366411117811538e-01
-1.364711294747089076e-01 -7.864168692139006378e-02 -3.436001743357388061e-01
-1.934598104373980165e-01 -7.289919706170054636e-02 -2.897058427164831418e-01
-3.489091772342851616e-01 -3.716142658534996035e-03 -1.250863541027030235e-01
-5.193969295288045074e-02 -1.875403126693932498e-01 1.928319997563344157e-01
-7.284060538573183807e-02 -1.320204621674083700e-01 3.222414762536383037e-01
-9.863928233285568226e-02 -1.167956507028436453e-01 3.186928331371758905e-01
-1.160507647347204241e-01 -7.124703127962792037e-02 -3.573156420107633235e-01
-3.516426363684270751e-01 7.529136827159942091e-02 -2.595072766967006506e-01
-3.876758780488527567e-02 -1.850830064544885523e-01 3.167632978630839369e-01
-1.300467592313557241e-01 -4.265983269483439311e-02 -5.401322685419652769e-01
1.401450337509158733e-02 -2.897757183770716116e-01 8.916826899913543603e-02
-2.385045416957787268e-02 -2.493152972996454664e-01 1.495822627956087669e-01
1.461589506172650266e-02 -2.607461816480457495e-01 1.584849405096778185e-01
-8.249737188479916439e-02 -2.037177615361449035e-01 2.912785847200703021e-02
7.967171082155478923e-03 -6.460732757358245149e-02 -6.480354667827328274e-01
7.802528754430463828e-03 -7.392932420553947892e-02 -5.836770405567304199e-01
-6.270752278804822555e-02 -6.399570646639214655e-02 -5.763501918311847438e-01
-2.235966616303761700e-01 -8.701794326099571500e-03 -4.170171337603748585e-01
-1.673750141403376190e-01 -1.067174608923991963e-01 -1.135570873365250866e-01
-1.829493981454256013e-01 -2.280001374701210587e-02 -4.874537104068888960e-01
-2.617606633475206834e-01 -9.049179111555927246e-02 -9.241588383606513801e-02
-2.069525372717107015e-01 -9.150280326174736745e-02 -1.676816821056797413e-01
-2.966882838482050033e-01 -4.500772150573592589e-02 -1.808647745335392742e-01
-7.584162575922366589e-02 -5.197835705562534048e-02 -6.375549934703029775e-01
-1.072041294473652651e-01 -1.695179631458579306e-01 5.761222635790042013e-04
-2.555227596427787629e-01 3.629498217298655210e-02 -4.527872761684057501e-01
-2.034306942633241633e-01 1.567112241643880272e-02 -5.261717607659731621e-01
-2.537577276115644542e-01 -1.421041173606378202e-02 -3.388335588398903586e-01
-3.879771313239306352e-01 1.020661228704741741e-01 -1.777860066383750159e-01
-3.041908931195163590e-01 2.936197423590698047e-02 -3.365553706215963503e-01
-4.059525144651198181e-01 2.018596145816123344e-01 -2.083212314839091306e-01
-2.399794814344154426e-01 -6.274627637601574992e-02 -2.380444186892955449e-01
-7.895103757974242242e-02 -1.835192180219227254e-01 8.952471169386921890e-02
-8.021371975220015216e-02 -2.482392946239435072e-01 -1.032349844240365022e-01
-1.045292116741902699e-01 -2.001084828954717842e-01 -1.094790447781978093e-01
-6.281571830283110003e-02 -2.822637238691498851e-01 -6.859198663341060931e-02
-1.071519979390808119e-01 -1.516589962587395757e-01 3.816292698471225320e-01
-1.773747371609107892e-01 -1.619745074344030034e-01 4.275854961079821326e-01
-2.378870004147133344e-01 -1.587950440859365320e-01 4.382953399683398032e-01
-2.870501000413180348e-01 -1.400907215205796641e-01 4.275005173662189684e-01
-3.201639086508284437e-01 -1.116227623741224417e-01 4.011874302063439535e-01
-3.407165230182719329e-01 -3.576846398223239298e-02 3.064109017774658827e-01
-4.525070588759088075e-01 1.673928519566710849e-01 1.801102395541610557e-01
-3.128128857338192681e-01 -5.719704628224001053e-02 2.137782057026636484e-01
-2.721528967354139850e-01 -7.993248011500850292e-02 1.897077800698689365e-01
-2.170585075559762211e-01 -9.754196259840797190e-02 1.850966227105010908e-01
-1.636567778058508893e-01 -1.082155042304788206e-01 1.962409818897500324e-01
-1.212736874783904573e-01 -1.117111673759509372e-01 2.144165016017562930e-01
-9.187338879657411250e-02 -1.170968157689396549e-01 2.312137635957468573e-01
-4.551567390792713441e-01 3.179265368307165884e-01 2.044139852290372539e-01
-1.042816176283524743e-01 -1.776373451820479898e-01 -1.220013233432978850e-01
-5.327477999795547647e-02 -2.422313711797349778e-01 6.248101771027451956e-02
-5.181353940731110719e-02 -2.795541476435688399e-01 -1.140485704526302824e-01
-3.073747333946226512e-02 -2.585706382610046261e-01 -1.408127159261305383e-01
-5.193260683133699152e-02 -2.582761472376404743e-01 -1.203142042306581394e-01
-9.305121907826938155e-02 -1.611450961191256970e-01 -1.379121172306987386e-01
-2.217874881700315076e-02 -2.690234475366160005e-01 -1.486197870720873393e-01
-1.595332162603012305e-02 -2.181823506899189247e-01 -1.544037672788956539e-01
-8.821920430968580029e-02 -1.038074857845398546e-01 2.785727633541993931e-01
-6.865371270870303244e-02 -1.260986795826211648e-01 2.610142530923003079e-01
-5.736887247842141491e-02 -1.530283132892786835e-01 2.449843576883267149e-01
-2.871701818686354102e-01 -8.250076303010211998e-02 3.244480726772932533e-01
-3.135444714274430167e-01 -8.308766639146508703e-02 3.510833281131237049e-01
4.946792046494927209e-02 -2.745482018370629107e-01 8.085557963503106627e-02
3.005043612198164960e-01 -8.051624715701613533e-02 2.738661535264990121e-01
5.640612669741046359e-02 -2.222636240862644885e-01 -1.488126558107057962e-01
4.421169817075722985e-01 7.745352349555401084e-02 5.123782677565357213e-01
1.833748689235934481e-01 -1.133103766152360747e-01 2.277496688277147463e-01
2.239162266423831982e-01 -1.102773205746758189e-01 2.223113295791088184e-01
2.624875053581194884e-01 -9.999950403726431958e-02 2.240793249072898785e-01
3.135872821866433346e-01 -7.166542652328794505e-02 2.570107926539008103e-01
1.498406465054984149e-01 -1.101656676056259054e-01 2.416135237231570310e-01
2.455936819466174592e-01 -1.504625688326632904e-01 3.863650820737070113e-01
1.977249805219513101e-01 -1.489776784338801008e-01 3.784797935915151790e-01
2.887749580747762668e-01 -1.371181180355934837e-01 3.752975264456532845e-01
3.154310851316526332e-01 -1.186587420118882519e-01 3.495923716853777119e-01
3.436526667907523480e-01 -4.688824505257944975e-02 2.150682783349933125e-01
1.606024321368283436e-01 -2.385483168591298608e-02 -5.975448154820698354e-01
3.150724862173620577e-01 -7.013897009204858590e-02 2.919180867990278649e-01
4.642724904895434435e-01 1.278046020879715639e-01 2.585887663694989569e-01
3.865289358616048609e-01 -1.249288315491711016e-02 2.599600153835270322e-01
2.156993443593500093e-01 -1.224096035429047546e-01 -4.813895788073328796e-02
3.800080810014867111e-02 -1.735987383549296714e-01 -2.996894311411377188e-01
3.431241387267169179e-02 -1.490528153645336029e-01 -3.418816163175995015e-01
8.312964099968145337e-02 -1.422971147178591633e-01 -3.167654799540429722e-01
1.123981706978875172e-01 -1.077450821584582941e-01 -3.349257729685508611e-01
7.055605509271697939e-02 -1.271094265657207734e-01 -3.448031344041079249e-01
9.880540505623172653e-02 -9.578393246190078369e-02 -3.515814410209354701e-01
1.829879074317444232e-01 -4.075934193579298231e-02 -4.219297665827665966e-01
4.858085173928480827e-02 -3.005743895266861365e-01 -1.304368733947742776e-01
5.386800500301903993e-02 -3.209968366636214432e-01 -7.222284474509362007e-02
3.644280774444004223e-01 -1.134574503910052989e-01 4.094540381075437718e-01
1.342104265602647450e-01 -1.449584851800187479e-01 1.066763163028563999e-01
1.431549447347335580e-01 -2.029814380702372745e-01 -9.829386855338867468e-02
1.455753893962150880e-01 -1.949722526257700594e-01 -6.302899059372915613e-02
3.330435177154457138e-01 -7.178872307794453844e-02 -3.518608029279415850e-02
5.178846845446440084e-02 -3.056526686455902642e-01 8.721391914500702808e-03
2.784013465830552647e-01 -1.905259710836960108e-01 4.732707475359663185e-01
3.304847907733878820e-01 -1.566204966629112239e-01 4.544879635581597910e-01
4.031192811714863211e-01 -1.501121598970475701e-02 6.055452216702196244e-01
1.039645957822461497e-01 -2.149488427396143986e-01 4.118625554543204892e-01
1.571549842870481606e-01 -1.327182344179824169e-01 3.507933879187616899e-01
2.140734180053690539e-01 -3.790121929614873042e-02 -3.636190293831204623e-01
4.248941191917037230e-01 3.060283212963754718e-01 -2.731321536481293166e-01
1.139607173735603662e-01 -1.829060442589562907e-01 -1.300801784692229290e-01
8.329802750149611912e-02 -1.841017924019371366e-01 -1.471918479289002213e-01
1.488981324248567217e-01 -3.707404918635024554e-02 -3.743413968576112527e-01
1.387638768329260697e-01 -4.912017206972773414e-02 -3.765112339869691183e-01
3.495692548466072802e-01 -1.424076382403411944e-01 4.916347299483362354e-01
1.446388550337182055e-01 -1.773160615243848381e-01 -1.205529705717536260e-01
2.060621798562535245e-01 -2.122000352426273162e-01 4.640851439151089108e-01
2.125182148412260164e-01 -2.268838512203927849e-01 5.081642605636613741e-01
2.450369460570536173e-01 -1.841085912347780185e-01 7.257021153291085547e-01
3.767673378880854740e-01 -8.725303172928100537e-02 5.407777179270748524e-01
2.236587740273021652e-01 -2.063576211395260485e-01 6.135258513947574599e-01
3.862993964887863063e-01 -8.217900000385790216e-02 4.374443363160269715e-01
4.170359534349369346e-01 -5.748442601619196610e-03 4.653535013633434136e-01
3.652303582665428899e-02 -1.656768881140654459e-01 -3.234480490452652512e-01
7.676988974226967022e-02 -1.363141755878402861e-01 -3.319454381346110816e-01
1.056944454034152159e-01 -1.051610112142281894e-01 -3.432503803775120987e-01
1.051429821887411853e-01 -1.728850154668452599e-01 -1.392931695022175953e-01
1.435836484493637766e-01 -4.368758731167259046e-02 -3.756564321157034314e-01
1.261816700245082523e-01 -6.716115970087559173e-02 -3.964943022030475994e-01
1.338583438779752943e-01 -5.016058183042833296e-02 -3.766697169317672622e-01
9.363202106909010447e-02 -2.406317187378168021e-01 -1.199364717552955373e-01
9.347313050594141526e-02 -8.745550670169249807e-02 -3.574731215100693804e-01
6.599212408143187436e-02 -1.083828651719408454e-01 -3.530937819994428573e-01
3.247845782577023915e-02 -1.279125943461099091e-01 -3.530705341775888240e-01
6.131068807082230843e-02 -8.308869352596690017e-02 -5.283904658236373564e-01
3.799805271963077602e-02 -1.220755492120269847e-01 -4.856955533646021284e-01
3.545932705673579544e-02 -1.282438802426976721e-01 -4.582591971213888504e-01
3.309963002850661862e-02 -1.209697229514098693e-01 -4.298415592853922496e-01
2.907780671347415247e-02 -1.183749183036326424e-01 -4.054979743821321980e-01
9.139624116724381908e-02 -8.610931879521202537e-02 -3.929174652373013110e-01
9.932507275083887754e-02 -9.156271202520410712e-02 -4.043546572626903757e-01
1.072251202109577584e-01 -9.638028627223341194e-02 -4.185316459272170331e-01
1.150293123018056030e-01 -8.753674872700270559e-02 -4.332764043964838496e-01
1.783288069372621631e-01 -1.086903713667479454e-01 -2.643647052975569567e-01
4.686173513044643579e-01 3.248022113454328563e-01 2.551934850453935200e-02
1.113841746541805178e-01 -6.435224331752437132e-02 -3.846778138428602611e-01
1.185392705520266765e-01 -6.819817215646441222e-02 -3.906838355452754152e-01
7.038711646272194367e-02 -1.818434883106263000e-01 -1.691684688223283883e-01
1.323141349966212577e-01 -1.442425642303621913e-01 -1.510154358380410011e-01
7.668649101767981147e-02 -1.839434824646866140e-01 -1.587293014025097926e-01
1.756708140591494161e-01 -1.266671962717634825e-01 7.258989585726477456e-02
2.410640135136834505e-01 -1.108793566769282757e-01 3.151812586069144967e-02
1.525834753937143906e-01 -1.687331384311773763e-01 -8.614520532499292393e-02
3.413438260933308044e-01 -1.077780464863975496e-01 6.779480463768798870e-01
3.159191356273346463e-01 -1.529675863057610163e-01 5.922870588594134622e-01
2.915350759234385247e-01 -1.898113999225749526e-01 5.173731998627788542e-01
1.552084318821718711e-01 -5.644197492946986805e-02 -4.633877867592934852e-01
1.172027253531701119e-01 -2.415390678860367957e-01 4.858075568950455114e-01
1.256926830420730945e-01 -2.346444970472046365e-01 6.160089538363597850e-01
1.394020739991300439e-01 -2.270836151613316312e-01 7.501312204197456701e-01
2.950281516054424902e-01 -8.460674267122142433e-02 2.347724826361743955e-01
3.853548547109353350e-01 -1.996187462129595663e-02 1.679570170027078757e-01
1.278461093144398208e-01 -1.054409201087900816e-01 2.549561865591890575e-01
3.499291082886399895e-01 -8.112473837932383802e-02 3.265739040319898256e-01
1.066383276346649089e-01 -1.641902778549549913e-01 1.448170511349435863e-01
1.188100498187871779e-01 -2.458732456131536015e-01 -8.261972754364915739e-02
4.331259381956666932e-01 2.957763374479228241e-02 1.294349392968583978e-01
3.590142805851975760e-01 -5.047067036983565735e-02 1.212706146165504206e-01
3.085067976669286782e-01 -8.458371032595568551e-02 9.567231957118171870e-02
2.326894135710688705e-01 -1.022884095047835173e-01 1.070507951085292175e-01
1.768189813711454894e-01 -1.137798836227296717e-01 1.364413553692696568e-01
1.353114314699549736e-01 -1.278167553254734856e-01 1.656606225629175255e-01
5.402845714103836350e-02 -2.168278900733792702e-01 2.194738216439839906e-01
4.267944150891009869e-01 3.512655928898381769e-02 2.959583087640108717e-03
3.782370171379952906e-01 -6.303680057727008290e-02 3.371113425120989548e-01
3.498264633506489169e-02 -2.756619293897069056e-01 -1.558093929053287474e-01
1.319123375576332080e-01 -1.546120565537428271e-01 4.232682138617267775e-02
4.762316682313538774e-01 2.598897069865643839e-01 2.842971518716537194e-01
1.046238893147294347e-01 -1.371719059125374729e-01 1.977037367958161540e-01
1.574306569573840908e-01 -1.280222234472398468e-01 -8.314374770193766473e-02
3.296231654384935705e-01 -6.224057123855164519e-02 2.899424521214632455e-01
1.201240990216864979e-01 -2.356161875894752233e-01 -3.927991420969532965e-02
4.532852581159512173e-01 3.250666422710795089e-01 -1.187639459242637585e-01
1.278587918058329553e-01 -9.751606836173049020e-02 2.731286497650802780e-01
8.668690648364713036e-02 -2.792299621567346790e-01 -9.407353505547198097e-03
3.362551160934253991e-01 1.095285831345775840e-01 -4.444906401757147130e-01
3.366520491537179360e-01 1.903999890555914121e-01 -4.972469681116931106e-01
4.660394536103470431e-01 1.809533802068548636e-01 1.085365876662119228e-02
3.864628771351831249e-01 1.502000981066137220e-01 -3.596687912306639756e-01
4.426759914286687581e-01 7.161763311949388700e-02 3.718245862951167213e-01
1.702741493444250853e-01 7.022670349703752021e-03 -6.448849119283661668e-01
3.367868221185402189e-02 -2.188876928478305506e-01 -1.605759645873272023e-01
1.674862750694681157e-01 -1.348700239236855780e-01 -9.366636442792661277e-04
4.180363216973128626e-01 2.947507049544711988e-02 2.495028249435711221e-01
2.609321261818251525e-01 -1.006628355809175979e-01 2.526885229976888469e-01
2.260868732682103088e-01 -1.091986031344044372e-01 2.490873499547002767e-01
1.337821049881733892e-01 -5.914886849401386482e-02 -4.028840939139504140e-01
4.181720459174149696e-01 6.412850201410845441e-02 -1.129509936211066656e-01
9.843087391169369482e-02 2.972408864583497151e-02 -7.173022680156835307e-01
2.223670809008075899e-01 1.000674641572952273e-01 -6.334926797146083199e-01
2.758171370462353389e-01 1.404022364405482781e-01 -5.782227742632476408e-01
1.915354542741983801e-01 -1.109029966840691106e-01 2.537647467324073425e-01
1.591387160802953116e-01 -1.056119475236356742e-01 2.630844765616238146e-01
1.382776251022586889e-01 -9.748196088874122589e-02 2.683361909341160922e-01
4.040131321877566961e-01 -2.313053353236534798e-02 3.541954064313904693e-01
1.654278498705740730e-01 -1.192214565102232005e-01 3.104138536018202221e-01
2.009638967241973440e-01 -1.293749963931795643e-01 3.271846327581013902e-01
2.376885106035125927e-01 -1.290318634537099829e-01 3.309009841778697281e-01
2.732020347637653668e-01 -1.190877904996980319e-01 3.229697221962177789e-01
2.943153446239588078e-01 -1.045569877024809524e-01 3.096936436654933456e-01
4.662909080146609986e-01 1.759936197287972348e-01 4.123595537632199770e-01
2.845498262512452525e-01 -8.971619894098098458e-02 2.622424033682284605e-01
1.444308769407773030e-01 -1.345668204469353535e-01 -2.347916966098884117e-01
1.134343396377556767e-01 -1.995373528171067723e-01 -1.230948665423273747e-01
7.182899275668637451e-02 -1.737647379481833676e-01 -2.202873547495338147e-01
2.817130963527734178e-01 7.953663508260963577e-02 -5.229968254441709208e-01
2.283472070048142011e-01 4.557953032749485767e-02 -5.842707411170343645e-01
9.716438895201762183e-02 -2.722956384700736532e-02 -6.891422471908470460e-01
3.846305217558207978e-01 2.541997964121162634e-01 -4.011281104207682358e-01
1.396836566712511829e-01 -1.060348605867065808e-01 2.876077592470267508e-01
8.020638860570705742e-02 -2.183808190001772509e-01 1.178267548949018528e-01
1.650201479563765394e-01 5.743671382359465116e-02 -6.824753233663054530e-01
4.514818352826418524e-01 1.916716246886804309e-01 -1.197337546749211445e-01
6.351465275019355095e-02 -1.037229294835372295e-01 -3.992877373644514449e-01
7.102374775822481445e-02 -1.084095019559195294e-01 -4.180543727867684911e-01
7.680890518109910470e-02 -1.136983650460978434e-01 -4.410685424700215851e-01
8.232192267001467445e-02 -1.061461792274598359e-01 -4.651379863771959444e-01
1.145173996352312207e-01 -7.343021675992372765e-02 -5.026254240190419775e-01
1.197564928651339011e-01 -7.064537318521450782e-02 -3.631238066870611791e-01
1.266658756314135714e-01 -7.097542824420415009e-02 -3.599052299687217071e-01
1.329096535603569995e-01 -7.197068922843466443e-02 -3.553363999191048173e-01
2.026062767961591682e-01 -7.408077926182719819e-02 -3.084597524203651076e-01
3.629002941759092993e-01 -1.332790542199123116e-02 -1.562108602739665508e-01
8.001134874579718392e-02 -1.879898060390006176e-01 1.865622574788322607e-01
1.004028053033663992e-01 -1.332494877127841648e-01 3.103283662459398462e-01
1.231401601317400341e-01 -1.159459041775076638e-01 3.053033613435230942e-01
1.129888456937065966e-01 -6.508422283396628205e-02 -3.664358049674525386e-01
3.676577475473280510e-01 6.385593529467475937e-02 -2.888477828005002745e-01
6.491717478338013270e-02 -1.852550727751205994e-01 3.101882736222226766e-01
1.389742291832143373e-01 -4.711398102856605152e-02 -5.464376155932009205e-01
5.210699598849158343e-02 -2.503003368011721963e-01 1.461325859326842447e-01
1.081537383411746989e-01 -2.064017452324564128e-01 2.037848890283021699e-02
7.564845931592438510e-02 -6.746159606678865661e-02 -5.798766888787266760e-01
2.257820191809414290e-01 -1.573868450636177127e-02 -4.368687137331759285e-01
1.895311109821878892e-01 -1.128708410595818945e-01 -1.290068317048552182e-01
1.884345498374645489e-01 -2.908625705722994031e-02 -4.984989404488442410e-01
2.767403093011870374e-01 -9.860949538682389770e-02 -1.166735187766528570e-01
2.232649833377065574e-01 -9.819199577120157896e-02 -1.873607771253083532e-01
3.089298416155470961e-01 -5.470242238992453765e-02 -2.085265706961982879e-01
9.014991495578442149e-02 -5.564972257005058875e-02 -6.415619876813992706e-01
1.321714465413737771e-01 -1.729143617837337055e-01 -9.629702683461600216e-03
2.661765123444156389e-01 2.646330727038354730e-02 -4.686762698300332985e-01
2.150316030602771877e-01 6.726214533904612686e-03 -5.364041886153849692e-01
2.583036419749663581e-01 -2.016963166551739156e-02 -3.649529354711867346e-01
4.062524091891699385e-01 9.086052802659935757e-02 -2.106252860007933325e-01
3.134551959814046995e-01 1.842963574965599677e-02 -3.622152093322743571e-01
4.290931019526096346e-01 1.907129787767852247e-01 -2.424603224926744072e-01
2.488554243833503432e-01 -6.907824263672819598e-02 -2.631572917996208849e-01
1.053207206694968812e-01 -1.843096881114428820e-01 8.108032864559844288e-02
1.055711361680243821e-01 -2.509445374841590137e-01 -1.112501317122729372e-01
1.302182056528592702e-01 -2.052189525659928182e-01 -1.191057953894991139e-01
8.915794389672940246e-02 -2.853340237020547399e-01 -7.553715396146065686e-02
1.335340498882928717e-01 -1.538762172269934059e-01 3.666691781835579311e-01
2.008103738917537129e-01 -1.679602121280511229e-01 4.100152589247798574e-01
2.593333873904433151e-01 -1.666314908311676279e-01 4.178239582676132047e-01
3.059114934003892561e-01 -1.488919785074955815e-01 4.038798469456018614e-01
3.361828165741679308e-01 -1.209042094563360648e-01 3.740930759391226657e-01
3.530872642674861561e-01 -4.413877482534650509e-02 2.762362902604168502e-01
4.709113336889400037e-01 1.566810668304611243e-01 1.359484473340173971e-01
3.229624856155854928e-01 -6.420343670708783534e-02 1.881661528956729001e-01
2.823775722617485329e-01 -8.595673213373328236e-02 1.690884652181378067e-01
2.293506055973554281e-01 -1.015689182426737780e-01 1.721695462178930436e-01
1.789354872841011357e-01 -1.104325683827648841e-01 1.891948852991808261e-01
1.404746952186544939e-01 -1.135954680446359943e-01 2.102830897271120714e-01
1.139744334327402742e-01 -1.179265878603813489e-01 2.282580923348712654e-01
4.739464675410731687e-01 3.063457952231192216e-01 1.583072288142061690e-01
1.297746418356034714e-01 -1.830414975859638305e-01 -1.311823624159926260e-01
8.077042623877003780e-02 -2.430082178820553995e-01 5.646816333829654533e-02
7.773143569392960972e-02 -2.823476255627692666e-01 -1.197866297951463155e-01
5.652394314359526772e-02 -2.613625514615297019e-01 -1.446359386075811715e-01
7.769098207474478546e-02 -2.608525896108070397e-01 -1.261844526484914852e-01
1.195732112809335668e-01 -1.670882557410761637e-01 -1.459993112386711034e-01
4.818562649552271537e-02 -2.711918464917449922e-01 -1.516321481386614378e-01
4.691127274441327100e-02 -2.204464360193970629e-01 -1.569999915473715979e-01
1.138626432497185648e-01 -1.035637741686343816e-01 2.710455926780609426e-01
9.326456205262070864e-02 -1.265111643838355837e-01 2.558336357355638357e-01
8.076442802800296028e-02 -1.539161072887940684e-01 2.408224498235179700e-01
3.059682607807208132e-01 -8.952929390939901033e-02 2.998053541730185123e-01
3.306451351004293659e-01 -9.202743108191097088e-02 3.228246310669592445e-01
-2.122398664984400662e-01 -1.008293349346939261e-01 3.140043989418520032e-01
-1.702789322314419707e-01 -1.047395410909573998e-01 3.126946899175121475e-01
-2.117199823613014065e-01 -1.062532072198257849e-01 3.623947311761003265e-01
-2.547674552649632496e-01 -9.688494289745730459e-02 3.149897056342695345e-01
-2.131374418939449011e-01 -9.540710921722361793e-02 2.653844704613066430e-01
2.298707641624376796e-01 -1.049953667403728530e-01 2.942276294255811719e-01
2.709484716949815963e-01 -1.087173937353162478e-01 2.923072672035060826e-01
2.292781958242391394e-01 -1.105116624365072298e-01 3.391644182201870583e-01
1.884666833969792510e-01 -1.012897074120651109e-01 2.963018929950673730e-01
2.306182666767897516e-01 -9.948973453004661405e-02 2.492914590500923677e-01
