-1.692554256631836895e-02 -3.510478349486254590e-01 -5.773201900397344488e-01
2.746114880744876530e-02 -5.802722671561584278e-01 -2.519164750115578943e-01
3.122798738252813289e-02 -3.636869614343962720e-01 -3.265508336645954746e-01
-4.090127062985099426e-02 -5.263310889999075481e-01 1.607641005412301372e-01
2.721343579080751085e-02 -6.220296814450017031e-01 -1.363078083363233328e-01
2.594054811988917575e-02 -6.107217697224931463e-01 2.806624152951878171e-02
2.867567141894533655e-02 -4.489397664008711875e-01 4.466065604806859213e-01
-5.384108002007472749e-01 -1.419990335001034554e-01 5.634868983642871143e-01
2.924551038047867868e-02 -4.296806718539984971e-01 7.646972861962790802e-01
2.804177942693573955e-02 -4.636859533788202370e-01 9.181481577359695834e-01
2.633341468498742732e-02 -4.494318979162656991e-01 1.457859795039660789e+00
-1.539705423148704511e-02 -3.385471089668935507e-01 -6.085104292391450009e-01
-1.301208148690632255e-02 -3.115376580618750557e-01 -6.388382599640354265e-01
-9.612827429362404141e-03 -2.697170058949792670e-01 -6.603543661753543681e-01
-1.923551873706409038e-02 -2.402960808712885088e-01 -8.195709659042518247e-01
-2.032726787261224244e-02 -2.443806989779696570e-01 -8.679954765034185726e-01
-2.259585413653887598e-02 -2.558727472504682687e-01 -9.187688409100487341e-01
-2.230157420596062812e-02 -2.419373182819034573e-01 -9.643830230233065848e-01
1.512211231300059078e-02 -1.639653284451948467e-01 -1.030315156458581072e+00
2.615314073109620274e-02 -5.315195504679124383e-01 -3.014614424301325091e-01
-5.038489539769425152e-02 -4.202303829861426809e-01 -2.772331936727294721e-01
-8.353367806596359024e-01 1.727027951131545613e-01 1.070424341233726651e+00
-3.198678391556364353e-01 -2.137573687648421927e-01 4.445255797448126600e-01
-4.017824315678937275e-01 -2.050184676520669935e-01 4.372170016239487200e-01
-4.780578605980747575e-01 -1.824020810415989402e-01 4.504887865688189663e-01
-5.712767604739545924e-01 -1.253220337736076218e-01 5.340908209704013920e-01
-2.476850085461610451e-01 -2.082756288984852766e-01 4.722646584965808358e-01
-4.354559710977485842e-01 -2.781636729284715503e-01 7.840479154331858602e-01
-3.419049537832679064e-01 -2.773276725887332539e-01 7.665739632741583875e-01
-5.182101305642667910e-01 -2.483963991437880825e-01 7.665872268690123725e-01
-5.706534489528545251e-01 -2.102214781645721509e-01 7.230408844316547068e-01
-6.400331798468226197e-01 -7.449000030702984665e-02 4.677009165716814465e-01
-2.806959469043522892e-01 -3.283773303107319352e-02 -1.132656239038873913e+00
-5.646073046715658350e-01 -1.213565670892161052e-01 6.052467063022657356e-01
-8.617966963840406613e-01 2.673263047124048164e-01 5.811100912366646831e-01
-7.274839889967243955e-01 -4.887941382155092107e-03 5.677786460583187367e-01
-3.742654167477117433e-01 -2.240431727382585780e-01 -5.600533986578137835e-02
-1.067981659607271094e-01 -3.352910793314891613e-01 -5.545829412680804982e-01
-9.184929201267294507e-02 -2.941676030795272734e-01 -6.298823804364910295e-01
-1.854413409785510281e-01 -2.773097317921981997e-01 -5.770025163397389800e-01
-2.361329937190347339e-01 -2.133344113705756273e-01 -6.089837668973587803e-01
-1.565874560412787719e-01 -2.531681494199310434e-01 -6.318335454645955807e-01
-2.057020307373191859e-01 -1.910664136938766688e-01 -6.472045937136852167e-01
-3.579070446858301224e-01 -6.880997520850135052e-02 -7.799375724971491231e-01
-4.057664655267531617e-02 -5.716830301380242396e-01 -2.435858106470336626e-01
-5.256445527708486498e-02 -6.103966730798473517e-01 -1.309719789098338638e-01
-6.770979515447828057e-01 -1.988499287461074072e-01 8.413163470910633990e-01
-2.101945776281989309e-01 -2.752054399034120635e-01 2.257669585518002897e-01
-2.254077789424305811e-01 -3.802546222342477744e-01 -1.681135094832970633e-01
-2.317037246455744270e-01 -3.649744633155620477e-01 -9.984236383310851615e-02
-6.092853974676897266e-01 -1.234604650814893900e-01 -9.465838337775839273e-03
-4.745024044493886817e-02 -5.845884899596334172e-01 2.287830587230141322e-02
-4.946709410458889344e-01 -3.472115116500191778e-01 9.482198412190676606e-01
-6.025525667798885543e-01 -2.809448467357555934e-01 9.171222069176594438e-01
-7.555800129891991901e-01 -4.918836410729064690e-03 1.243339810535040169e+00
-1.433496919732738517e-01 -4.072683013142242014e-01 8.114602925805085576e-01
-2.590436802479809675e-01 -2.502320932476711501e-01 7.114740423523628898e-01
-4.166787359648174149e-01 -6.164382511733215719e-02 -6.446578272981891011e-01
-7.626987246439842494e-01 6.103673999333405487e-01 -4.600172308208552163e-01
-1.651651307820871661e-01 -3.409986480181170787e-01 -2.337373445056252219e-01
-1.019605437208719323e-01 -3.410104617351772394e-01 -2.701690138950545439e-01
-3.021112223533273244e-01 -7.503314303708913391e-02 -6.768191530953431290e-01
-2.853181845504297875e-01 -9.583038425006693006e-02 -6.888768498521913308e-01
-6.422675950899709996e-01 -2.529790265955380590e-01 9.986901282224698306e-01
-2.302346137058897124e-01 -3.295926223228766716e-01 -2.106582895414015333e-01
-3.460882969303016310e-01 -3.912292366383711695e-01 9.244784377594390534e-01
-3.583405244809458878e-01 -4.185271050094108158e-01 1.015541938646639775e+00
-4.339924918125732667e-01 -3.366050788132011196e-01 1.443596841562981403e+00
-6.976795462922789071e-01 -1.471945351399294166e-01 1.105711537502340747e+00
-3.866814879002160588e-01 -3.817367826078752469e-01 1.219145073517884370e+00
-7.205510468520226475e-01 -1.387672710155225531e-01 9.082857040042062735e-01
-7.769455340444033631e-01 9.114746321485525660e-03 9.682259788783142973e-01
-1.014862639889861362e-01 -3.231333430077586444e-01 -5.966635486322457993e-01
-1.714130130084668968e-01 -2.683165971614461798e-01 -6.056418987725500358e-01
-2.219497336315306990e-01 -2.085066788129907867e-01 -6.276632366596595070e-01
-1.465844126227516808e-01 -3.205050271738754120e-01 -2.528480464920357385e-01
-2.933037957017758934e-01 -8.573901493530758366e-02 -6.829452957813701985e-01
-2.667839321887612858e-01 -1.316396720857575531e-01 -7.444956700483675860e-01
-2.757425257834145160e-01 -9.859774119354677846e-02 -6.935411193424223519e-01
-1.287919870856634730e-01 -4.578551127702672474e-01 -2.162257419209161480e-01
-1.933566362331460287e-01 -1.752709403486560902e-01 -6.621967152670102941e-01
-1.432215835125419945e-01 -2.188923862053947511e-01 -6.521480805612567266e-01
-8.210891601809078288e-02 -2.567919092286597982e-01 -6.522653076542854755e-01
-9.318250769061622862e-02 -1.573502581854673288e-01 -1.019060498803639803e+00
-1.156821057604922043e-01 -2.370738437914832186e-01 -9.472823223141344506e-01
-1.120088903099152322e-01 -2.507800507465882678e-01 -8.998729152982356538e-01
-1.027238711553311035e-01 -2.377967817007299312e-01 -8.470941900733728325e-01
-9.211963001517581295e-02 -2.335354072629935995e-01 -8.014099203245343972e-01
-2.018873889377009734e-01 -1.714407907438635359e-01 -7.548101930197486098e-01
-2.187128431794720385e-01 -1.794953907014897876e-01 -7.753348841264799951e-01
-2.358289820251173730e-01 -1.877451549914024298e-01 -8.002666041355568360e-01
-2.479377015267871798e-01 -1.703889920641834532e-01 -8.275271145871800904e-01
-3.160182196212373285e-01 -1.990892975615706773e-01 -4.683603559351603440e-01
-8.530912097546878847e-01 6.480847938432710009e-01 1.324548441302321744e-01
3.087847854621647570e-02 -4.223546542761311695e-01 -3.099537193611265895e-01
-2.358436036068024544e-01 -1.302475566092236026e-01 -7.272116963025809788e-01
-2.513586860852219385e-01 -1.349429646339136979e-01 -7.359887749859352901e-01
-7.540783120023247799e-02 -3.413992532716318973e-01 -3.143068607940442405e-01
-2.013219607692352531e-01 -2.632127252919607141e-01 -2.710658231553022546e-01
-8.826848999815295471e-02 -3.425403958538111304e-01 -2.928542205862967318e-01
-2.933254384648507074e-01 -2.386304344259524424e-01 1.681388777980864502e-01
-4.240441365773599536e-01 -2.034397271712660160e-01 1.022169076841613622e-01
-2.448188155279668043e-01 -3.137933864243471760e-01 -1.429375552459498100e-01
-6.289179457972622345e-01 -1.836298568133742926e-01 1.371794147632890315e+00
-5.735154557745301140e-01 -2.739179685938371023e-01 1.195221602809669381e+00
-5.198482662279602096e-01 -3.450724966342599842e-01 1.040524558760139495e+00
-2.887400127126373839e-01 -1.039670056150320265e-01 -8.847493030676911729e-01
-1.658894129936873130e-01 -4.556106864334323880e-01 9.650295039536231911e-01
-1.929294454491050637e-01 -4.415219388029103520e-01 1.204098291736107829e+00
-2.233299236946434396e-01 -4.240129747557412898e-01 1.466805415417294256e+00
-5.393515868587237527e-01 -1.506979874102253314e-01 4.818212108703361363e-01
-7.293964988681156392e-01 -1.803572450932533489e-02 3.912419641775624068e-01
-1.996679453357790290e-01 -2.024117625014840716e-01 4.994412105729295615e-01
-6.436994620211669016e-01 -1.384599769229817867e-01 6.843303878648954175e-01
-1.545346646778422706e-01 -3.135853155624066524e-01 2.934109205885104821e-01
-1.786852453819419706e-01 -4.639365244601250104e-01 -1.401797585333507956e-01
-8.006288939182217845e-01 7.772578083187842157e-02 3.262426092497301422e-01
-6.793931886566326739e-01 -7.965948370302239345e-02 2.944992254420626399e-01
-5.801786792125951386e-01 -1.481418292230997635e-01 2.346034520955209146e-01
-4.263827749732955752e-01 -1.878058412651824050e-01 2.401396336546188781e-01
-3.120854688328112969e-01 -2.130992911632374476e-01 2.824706642667087486e-01
-2.265538018629111860e-01 -2.413943002817109384e-01 3.306549645656275960e-01
-4.724320817815491624e-02 -4.147822049381153509e-01 4.275919401977685830e-01
-7.855320050417908817e-01 8.601286003183572504e-02 8.027182574815550087e-02
-7.078683356306800789e-01 -1.026656183499041197e-01 7.150960309139233750e-01
-1.611838499832709409e-02 -5.267944171854042068e-01 -2.947370354869294218e-01
-2.042240476947897454e-01 -2.932662685481386422e-01 1.012221061442001302e-01
-8.835931516423038978e-01 5.208790091806334566e-01 6.351694806602110610e-01
-1.599215862544426381e-01 -2.614072856455749161e-01 3.857818513653075154e-01
-2.497187679391396076e-01 -2.356723140339831435e-01 -1.363736366490671537e-01
-5.965506497586803292e-01 -1.058521716924852307e-01 6.056421129421785121e-01
-1.829697893605095604e-01 -4.442104531213331153e-01 -5.742459841273156451e-02
-8.178383290342177148e-01 6.497216529986089562e-01 -1.534392262651824157e-01
-1.951449195609201714e-01 -1.892015154300645818e-01 5.386764997160509161e-01
-1.184101634028618677e-01 -5.310011948183701591e-01 -5.560739728797392534e-03
-6.109191028965024195e-01 2.326403063348505551e-01 -8.108470429487986131e-01
-6.031946504826866118e-01 3.890615001846140508e-01 -9.164593371816915912e-01
-8.477081740196990012e-01 3.693003509534682482e-01 1.007197886493832462e-01
-7.028124614783237689e-01 3.111830280135727822e-01 -6.356242701645058446e-01
-8.226137467920060509e-01 1.581884070348122950e-01 7.947075471008613334e-01
-2.945539831369633488e-01 2.706403504993593057e-02 -1.224230916451080287e+00
-2.212164704758011469e-03 -4.163171800512293075e-01 -3.035403488759591539e-01
-2.764187423230982654e-01 -2.515916121906029979e-01 2.527118772102505961e-02
-7.959807515523458221e-01 7.613804768265980405e-02 5.630801126017075386e-01
-4.650989730395913568e-01 -1.834743105158247456e-01 5.086617515373506038e-01
-3.977698401855849220e-01 -2.026542240002953132e-01 4.947350148279190396e-01
-2.795379022717393580e-01 -1.162917202151768081e-01 -7.529391090093540129e-01
-7.663092909830488964e-01 1.421010537857766987e-01 -1.476306006704473650e-01
-1.445172278139803534e-01 6.406826449839495008e-02 -1.370808533005019036e+00
-3.833028607471333782e-01 2.085456860862207051e-01 -1.200539282620183723e+00
-4.856815439405357537e-01 2.891106445982332129e-01 -1.086147019559241755e+00
2.702119691760652975e-02 -4.618882541706939016e-01 1.183108289403590252e+00
2.378723104819882583e-02 3.963557791528121710e-02 -1.395470223900209916e+00
-3.287898816730572271e-01 -2.080265971360797383e-01 5.018369777160331946e-01
-2.611412275143693007e-01 -2.014485243141967974e-01 5.199932270183045269e-01
-2.162616528920808801e-01 -1.884822405161243886e-01 5.302895849487043733e-01
-7.631229008616320364e-01 -2.632063265806100505e-02 7.611308020195428625e-01
-2.764142933160358417e-01 -2.269233885761812175e-01 6.311842627918893278e-01
-3.510331899444594228e-01 -2.422380723046722029e-01 6.719135895432164496e-01
-4.223637259604826610e-01 -2.383976969172607596e-01 6.818511351895488737e-01
-4.895473368619662757e-01 -2.162826026468558371e-01 6.674242925816109562e-01
-5.293807800941996433e-01 -1.873071394861935968e-01 6.414156223096556531e-01
-8.736716781712821067e-01 3.614417149848752064e-01 8.806104021479468358e-01
-5.091409892310605478e-01 -1.609398081619233256e-01 5.344438996205211900e-01
2.978329443985647251e-02 -3.426948423547755418e-01 -4.096647669091557642e-01
-2.347133185824096246e-01 -2.509540665277256721e-01 -4.238479931929297617e-01
-1.646715301616668015e-01 -3.731238435431973866e-01 -2.197052390713489789e-01
-8.345918609427205315e-02 -3.320312778716882907e-01 -4.097035173330485502e-01
2.908254203159028883e-02 -4.097803946690492527e-01 6.097951372895169531e-01
-5.070803263439436215e-01 1.738541159176454354e-01 -9.730826694230318985e-01
-4.062844576327027113e-01 1.064541465667094289e-01 -1.100802633679697440e+00
-1.540267755887282375e-01 -4.428595230643256331e-02 -1.314098809346539554e+00
-6.890124300023168225e-01 5.108650263982039696e-01 -7.184426304924311779e-01
-2.211283785416482406e-01 -2.053875287442494812e-01 5.740106294694893307e-01
-1.011602366909433726e-01 -4.164358839682547053e-01 2.373535016255496899e-01
1.749163028389368046e-02 -6.612200648209887177e-02 -1.336888833702007950e+00
-2.737915567222828361e-01 1.222499417380787934e-01 -1.301204286817942979e+00
-8.192220640915399699e-01 3.902477028891679911e-01 -1.558725074793839704e-01
-1.530030409813737946e-01 -2.063644849664071357e-01 -7.767087158922532097e-01
-1.699896486347716174e-01 -2.138589975818381284e-01 -8.111971227519321204e-01
-1.837291159030614018e-01 -2.235007107766282530e-01 -8.557531552633106386e-01
-1.919625247812384305e-01 -2.082464414687250631e-01 -9.011088674577103497e-01
-2.031111874737390188e-01 -1.402535966902789255e-01 -9.678112587526412902e-01
-2.457659421036393343e-01 -1.402166351917666365e-01 -6.675656230058282237e-01
-2.606726861379182747e-01 -1.420429315097843648e-01 -6.578344845342254388e-01
-2.732466841180214434e-01 -1.438916681099100536e-01 -6.470268483382179969e-01
-3.808757441612331540e-01 -1.325974972770174731e-01 -5.434200847660797251e-01
-6.682775040747115369e-01 -7.117653890754638280e-03 -2.395821089493137546e-01
-9.948184408359861397e-02 -3.592022802539738269e-01 3.693212966139645115e-01
-1.395140659478320000e-01 -2.528632397788248554e-01 6.173714300526915721e-01
-1.889271412223667568e-01 -2.237026453622570354e-01 6.105979153410334703e-01
-2.306866646363792128e-01 -1.321789848097819631e-01 -6.766448506485838177e-01
-6.735129904615542173e-01 1.442080940476331841e-01 -4.970430314696103746e-01
-7.425286724358531876e-02 -3.544957188586537189e-01 6.067305970875718213e-01
-2.452579073998435444e-01 -8.170259066072260712e-02 -1.044867090801393505e+00
2.684245055000097913e-02 -5.550171977518769673e-01 1.707869927947265332e-01
-4.568157854097165682e-02 -4.775219898993239287e-01 2.864999482881882553e-01
2.799431631203508353e-02 -4.994159478693265264e-01 3.035515469004674838e-01
-1.580099962199545960e-01 -3.901874931872229002e-01 5.578956914841701198e-02
1.525808988883078920e-02 -1.237858000129361535e-01 -1.243242238112023834e+00
1.537141334464135062e-02 -1.421836690475640208e-01 -1.128929108070837906e+00
-1.183087979839708703e-01 -1.228893128536809320e-01 -1.113774706332126829e+00
-4.279096659478112130e-01 -1.571584431471628046e-02 -8.012057939286054697e-01
-3.205790044870830968e-01 -2.043995488214842560e-01 -2.174997158194267310e-01
-3.458932282572317884e-01 -4.339705995708573183e-02 -9.422278128608936321e-01
-5.013590188525220981e-01 -1.733219767542810708e-01 -1.770072563765037188e-01
-3.962462131899266993e-01 -1.752584023851555539e-01 -3.211506336441523057e-01
-5.682570673260158856e-01 -8.620480558969767504e-02 -3.464163971220191041e-01
-1.443907828350145528e-01 -9.952974085019172801e-02 -1.222419953411052251e+00
-2.053316815036979603e-01 -3.246834669266218665e-01 1.103466384571261116e-03
-4.879268197020960596e-01 6.961983248953815262e-02 -8.677159650258339241e-01
-3.865483656577630711e-01 3.022941747998866835e-02 -1.008478514103529289e+00
-4.906723784401010313e-01 -2.406748501469969936e-02 -6.451952641158162916e-01
-7.431056729847043130e-01 1.954906843756154533e-01 -3.405195292295928322e-01
-5.826294965766993794e-01 5.624644378643359199e-02 -6.446853883001479879e-01
-7.775345300173595042e-01 3.866285242604063921e-01 -3.990046742976787186e-01
-4.613937992805323685e-01 -1.177837796760000111e-01 -4.535701643365099844e-01
-1.512175826274440027e-01 -3.515005421800125873e-01 1.714696994987190415e-01
-1.536360403399594787e-01 -4.753796989641714266e-01 -1.976906617049694059e-01
-2.002083213581373755e-01 -3.831021902027194059e-01 -2.096135000482002297e-01
-1.203130619172237403e-01 -5.406292215450889671e-01 -1.313765439260782819e-01
-2.052318322692463504e-01 -2.904775858681754030e-01 7.314185147165486178e-01
-3.397318109411817666e-01 -3.102352320165833177e-01 8.195216570094876474e-01
-4.556329877852896004e-01 -3.041454987293918943e-01 8.399938271771354437e-01
-5.497967291103926790e-01 -2.683204794551303785e-01 8.192927694936553706e-01
-6.132207225501296044e-01 -2.137948380395113812e-01 7.688857902651506926e-01
-6.525858373933615120e-01 -6.850854496387243087e-02 5.869192430614003086e-01
-8.667020176391790898e-01 3.206131698577734390e-01 3.449712133987596907e-01
-5.991410606555493956e-01 -1.095514300682175479e-01 4.090827570796411461e-01
-5.212636136392618802e-01 -1.530973725861356494e-01 3.628486748841901477e-01
-4.157394735716226641e-01 -1.868254077594597717e-01 3.538736870888135044e-01
-3.134573398713004222e-01 -2.072688017052952691e-01 3.751786383992574692e-01
-2.322795800913419750e-01 -2.139641631184272530e-01 4.100351757952065412e-01
-1.759681973473382621e-01 -2.242794769614728789e-01 4.422744953349133645e-01
-8.717770394168673498e-01 6.089354089121123970e-01 3.915209938863213335e-01
-1.997229511602387486e-01 -3.399444935562381254e-01 -2.335600900975938199e-01
-1.020389812884079928e-01 -4.639539075003773494e-01 1.196720005049439206e-01
-9.924021794687293285e-02 -5.353824839672689517e-01 -2.184075739108930492e-01
-5.887251842351476361e-02 -4.948972398113371529e-01 -2.693144131517968276e-01
-9.946827179623096704e-02 -4.944693436641722784e-01 -2.302724277275902676e-01
-1.780579721332552490e-01 -3.081620852232187513e-01 -2.639764168966900471e-01
-4.247970463058162172e-02 -5.149843937598896915e-01 -2.843104554625108804e-01
-3.046808560402447519e-02 -4.171769486914647107e-01 -2.948838855823001648e-01
-1.689692146674229845e-01 -1.988259754422607717e-01 5.332732245078741773e-01
-1.314947692612024599e-01 -2.415210500525357684e-01 4.995555896959489317e-01
-1.098805345716558635e-01 -2.931002849175650127e-01 4.689398500868038333e-01
-5.500267258805564552e-01 -1.580164913948221006e-01 6.216995757714847137e-01
-6.005422913862141776e-01 -1.591406071792611510e-01 6.729258294604680835e-01
9.474757494809227243e-02 -5.258514222131605020e-01 1.548654174756501911e-01
5.755661289032185657e-01 -1.542154812724313429e-01 5.224585467846933895e-01
1.080840050529532359e-01 -4.250713691119749615e-01 -2.843112129289728784e-01
8.468015527324128655e-01 1.483493434414446810e-01 9.813753665366689027e-01
3.512240654879645874e-01 -2.170271824617249212e-01 4.271006879026604253e-01
4.288742940169796292e-01 -2.112178680247380758e-01 4.157914637836883642e-01
5.027511638472450528e-01 -1.915324196871406315e-01 4.195662604283665331e-01
6.006242882758709989e-01 -1.372632062735161806e-01 4.876325846917173301e-01
2.869948393142923715e-01 -2.110040153308345712e-01 4.556378927364481690e-01
4.703938546093264783e-01 -2.881860281039383409e-01 7.488719433535901970e-01
3.787093177767135721e-01 -2.853419674879660306e-01 7.341289123640839520e-01
5.531004078230585819e-01 -2.626269518348567367e-01 7.272108838981647949e-01
6.041557861856237110e-01 -2.272710869255913924e-01 6.771486229990451022e-01
6.582095324977186301e-01 -8.980663634241742299e-02 4.086496942656667741e-01
3.075454308568290607e-01 -4.583597767817859658e-02 -1.146967541742477170e+00
6.034689496016576449e-01 -1.343395328349626938e-01 5.599713905171608275e-01
8.892367452592608856e-01 2.447884609101611542e-01 4.952837776896015232e-01
7.403318954170092780e-01 -2.392803975099769276e-02 4.971034017265056892e-01
4.131362225024721724e-01 -2.344552384057756456e-01 -9.220216749260862210e-02
7.558302629475840972e-02 -3.371256303851306591e-01 -5.623775318455674910e-01
6.962405683815400814e-02 -2.925755106860045140e-01 -6.381930659935521888e-01
1.657238652643910903e-01 -2.748360017826743107e-01 -5.927060414593563475e-01
2.275140530537268502e-01 -2.071902748970153585e-01 -6.258194990195891094e-01
1.420791613556321442e-01 -2.474198595541148293e-01 -6.439029233783952755e-01
2.011340039699190951e-01 -1.849646539876500517e-01 -6.583244218498567335e-01
3.694471754503396710e-01 -7.652621508089427205e-02 -8.083028510304650638e-01
9.304854232697057359e-02 -5.756675591057529573e-01 -2.498055406540879986e-01
1.031752051300422468e-01 -6.148160576395516053e-01 -1.383308488135523429e-01
6.980013765753092514e-01 -2.173088778202849625e-01 7.854006231944490324e-01
2.570577523739688841e-01 -2.776438712172542012e-01 2.043207432027160930e-01
2.741894894299168328e-01 -3.887558152611818585e-01 -1.882610669500108802e-01
2.788254486498707996e-01 -3.734369252806526429e-01 -1.207215482485918256e-01
6.378894717856389285e-01 -1.374993603192768976e-01 -6.739308394858045670e-02
9.919219870608947387e-02 -5.854268555942656604e-01 1.670437692634636762e-02
5.332314801815449812e-01 -3.649208124202691916e-01 9.064714101874589147e-01
6.329886558541080177e-01 -2.999805147760588042e-01 8.705245279916535850e-01
7.721079428208312834e-01 -2.875148653235248819e-02 1.159821172741053008e+00
1.991268935148795549e-01 -4.116987614611302693e-01 7.888542306699743989e-01
3.010042369327770029e-01 -2.541997064826315711e-01 6.801292613856002589e-01
4.312728885041301474e-01 -6.867798429522198322e-02 -6.800688723299137539e-01
8.138140238105293633e-01 5.861463557743862296e-01 -5.231392174014348750e-01
2.183079503052202108e-01 -3.499313439308071594e-01 -2.489328454387673695e-01
1.597502748845534004e-01 -3.519402590301825562e-01 -2.814090880654764870e-01
3.108582486471123119e-01 -6.793613562963926600e-02 -7.055520807823265628e-01
2.906967237689699335e-01 -9.150488169755402468e-02 -7.136141102552173709e-01
6.695417729677077823e-01 -2.727581481198084745e-01 9.416445695939601457e-01
2.770316728277193441e-01 -3.394813439163697488e-01 -2.308455653403980179e-01
3.946778365937455568e-01 -4.064338778377485362e-01 8.888779191478062280e-01
4.070432979443920907e-01 -4.345582853689506919e-01 9.733041314686436962e-01
4.693275196001538418e-01 -3.526293885542395312e-01 1.389961714902751666e+00
7.216351778894449787e-01 -1.671186717678168066e-01 1.035769790402218948e+00
4.283811863481368221e-01 -3.952437052388497740e-01 1.175106736674027985e+00
7.398922509216423471e-01 -1.574002071915324152e-01 8.378518775635326321e-01
7.987630141461683486e-01 -1.101018573601034861e-02 8.913072418118224149e-01
7.334135322911536359e-02 -3.233436346655689242e-01 -6.047817428254913530e-01
1.538443836663851982e-01 -2.642695121871670993e-01 -6.202106231621233867e-01
2.143615454514669061e-01 -2.026498333032610288e-01 -6.418791205115010889e-01
2.015208453004282418e-01 -3.306425854008170351e-01 -2.665390163125276324e-01
3.004840053799080479e-01 -8.082602291800228267e-02 -7.099178135667063572e-01
2.565872416358481178e-01 -1.287835116581113604e-01 -7.754257898483025713e-01
2.805370246906873088e-01 -9.377942935866506735e-02 -7.155180572123478466e-01
1.793365649981354393e-01 -4.606438917990074433e-01 -2.295322908507904103e-01
1.906462476281558516e-01 -1.691516986962222635e-01 -6.702499479265733306e-01
1.336989606489721316e-01 -2.115814509886280170e-01 -6.598554572631050164e-01
6.641335404577811130e-02 -2.521546720412115583e-01 -6.592568288476172711e-01
1.177832442054495554e-01 -1.607466550816939455e-01 -1.028218960129988702e+00
7.345547379225070284e-02 -2.361169841382714241e-01 -9.576129599092437772e-01
6.864726031643242354e-02 -2.481344712579709455e-01 -9.108974260230824349e-01
6.443321317038591678e-02 -2.342897314145807597e-01 -8.598082889402101081e-01
5.708670756177036676e-02 -2.291898587204986848e-01 -8.142490411973608566e-01
1.813892481501360177e-01 -1.665375792578126513e-01 -7.834526302009834353e-01
1.960787713081632022e-01 -1.770670116335162358e-01 -8.051009469461645196e-01
2.103892711711576879e-01 -1.863590733792926946e-01 -8.309984146946520767e-01
2.248327144590861471e-01 -1.693622438559584387e-01 -8.573236694616737097e-01
3.492075962637999353e-01 -2.069809635507146028e-01 -4.965786411938730716e-01
8.975586035834335341e-01 6.221046199943400801e-01 4.887806809614203551e-02
2.268222960278726275e-01 -1.236986319926358657e-01 -7.554203124448206630e-01
2.409390454801429993e-01 -1.309969656097477730e-01 -7.664451228058317689e-01
1.352544655503682414e-01 -3.476189880491171724e-01 -3.230289195401656599e-01
2.536642370413662029e-01 -2.759947784445029306e-01 -2.891220931783484716e-01
1.472025399852674998e-01 -3.516177794004002877e-01 -3.032821243606724781e-01
3.364682296086227709e-01 -2.426099492241093891e-01 1.390338735399974102e-01
4.617180280270565262e-01 -2.123709680577188230e-01 6.036772882092286685e-02
2.922482719068383306e-01 -3.231802657049736016e-01 -1.649968145261295760e-01
6.537873321107596780e-01 -2.064309241473871737e-01 1.298496737507278453e+00
6.050905657454568320e-01 -2.929839724797642653e-01 1.134427366759640510e+00
5.583869545441197957e-01 -3.635521701970321207e-01 9.909423232146217231e-01
3.019326709037624124e-01 -1.090745754034819770e-01 -9.036382012817414378e-01
2.244823291569013612e-01 -4.626279156739581122e-01 9.304835835958993329e-01
2.407434311978782215e-01 -4.494225118254167040e-01 1.179862706451577203e+00
2.670014896524844916e-01 -4.349408999763191286e-01 1.436751603051172665e+00
5.650773601012835101e-01 -1.620501451649960512e-01 4.417883722034774419e-01
7.380831382270436336e-01 -3.823365014635024539e-02 3.216937341806731521e-01
2.448679610996521427e-01 -2.019545472440478218e-01 4.831438419956541885e-01
6.702310123909311912e-01 -1.553809456512957321e-01 6.299235543403978177e-01
2.042479822264546829e-01 -3.144791717661381547e-01 2.772810776049823289e-01
2.275608918666449654e-01 -4.709293123200799513e-01 -1.582443481362723059e-01
8.295807041299445572e-01 5.665103761024845030e-02 2.479111007025316393e-01
6.876321490264269976e-01 -9.666817562979534983e-02 2.322736970832308678e-01
5.908934650821739964e-01 -1.620060305380057741e-01 1.832444149218090956e-01
4.456778745646650108e-01 -1.959164374565258715e-01 2.047238457445503812e-01
3.386673531501789292e-01 -2.179264450537854447e-01 2.591879510607426607e-01
2.591665441771943135e-01 -2.448117384154666620e-01 3.141439146823403750e-01
1.034825245166200447e-01 -4.152977641362689543e-01 4.203656034836065203e-01
8.174537245755892911e-01 6.727908295667192617e-02 5.668590010659543821e-03
7.244501040794220081e-01 -1.207365088840208212e-01 6.484414296300102798e-01
6.700344162670948678e-02 -5.277172911598722038e-01 -2.980649985342831432e-01
2.526561450703326273e-01 -2.961336817581432523e-01 8.106998789144598261e-02
9.121425613671485522e-01 4.977755105425238913e-01 5.445239121693923323e-01
2.003896606333399610e-01 -2.627299735680153070e-01 3.748961678685416299e-01
3.015322420873963738e-01 -2.452052784325833290e-01 -1.592480216029370510e-01
6.313383558166743015e-01 -1.192114633647314292e-01 5.558363448916303629e-01
2.300777345834396082e-01 -4.512836234633188504e-01 -7.523414263324884610e-02
8.681925288659995132e-01 6.226110934565518562e-01 -2.274725875239376194e-01
2.448922523027693421e-01 -1.867758116554136816e-01 5.208257404637259835e-01
1.660343530085774955e-01 -5.348185555110198663e-01 -1.801822068366364105e-02
6.440612311206703744e-01 2.097837859761018109e-01 -8.513296935636933682e-01
6.448010136432049677e-01 3.646795147967232253e-01 -9.523938733639791820e-01
8.926210692645013545e-01 3.465861091015109974e-01 2.078837931829816132e-02
7.402053709123648240e-01 2.876833090780661628e-01 -6.888857553202187844e-01
8.478722428877394357e-01 1.371716665937014468e-01 7.121681643068522582e-01
3.261318158333486039e-01 1.345075707856605712e-02 -1.235514579160514437e+00
6.462359192584188339e-02 -4.185428719281760745e-01 -3.066181801422593889e-01
3.207921062937186818e-01 -2.583211014300619279e-01 -1.794023121441196134e-03
8.006790531877188144e-01 5.645459571817768030e-02 4.778811653669912118e-01
4.997720937005007968e-01 -1.928029209444606096e-01 4.782410707132007666e-01
4.330318066419969192e-01 -2.091517641626938762e-01 4.707384340058555772e-01
2.724781137492986449e-01 -1.130926191106253476e-01 -7.844690970911196715e-01
8.009390103598725830e-01 1.228274801583438269e-01 -2.163388441032230158e-01
1.885279695507406927e-01 5.693154952797721546e-02 -1.373873204300306128e+00
4.259071629777952950e-01 1.916625859950344957e-01 -1.213349875761534413e+00
5.282818565775992958e-01 2.689171344782192996e-01 -1.107489563464047588e+00
3.668543095907987883e-01 -2.124162465599743754e-01 4.804832535093597201e-01
3.048037452806319214e-01 -2.022821218146777511e-01 4.998998491873143379e-01
2.648477947906374697e-01 -1.867104844631046756e-01 5.108412017337946587e-01
7.738199657916879914e-01 -4.430268996745514998e-02 6.790757966780351929e-01
3.168495351491433798e-01 -2.283488729655998029e-01 5.985052144351203918e-01
3.849129231180850041e-01 -2.477962900392667311e-01 6.334452211189205428e-01
4.552528135615419025e-01 -2.471390759580200935e-01 6.411878188723156846e-01
5.232730630569415453e-01 -2.280928579516026122e-01 6.246639341397237644e-01
5.637120968707520774e-01 -2.002615217210694798e-01 5.970047356453953569e-01
8.931026883581449916e-01 3.370865101850277767e-01 7.898061533734002104e-01
5.450078704705085819e-01 -1.718364589277923127e-01 4.981454847803616914e-01
2.804297094045734573e-01 -2.577318903380980686e-01 -4.452038674985221434e-01
2.172646130158411015e-01 -3.818276219581970832e-01 -2.355561847461187241e-01
1.388736004242653865e-01 -3.329903890514658293e-01 -4.188932888726670800e-01
5.395755933708636931e-01 1.523391959832461895e-01 -1.001713506536302756e+00
4.373586456082760865e-01 8.729643865767194866e-02 -1.119261703920243267e+00
1.861022282317263965e-01 -5.215370116935114098e-02 -1.320076065128765741e+00
7.366957989108353644e-01 4.868774330908458570e-01 -7.682941863870675903e-01
2.675408144326677506e-01 -2.030921414549460291e-01 5.509913139108810753e-01
1.536219987480493820e-01 -4.182721412375887127e-01 2.256775539656123986e-01
3.160686499348703826e-01 1.100104727491338363e-01 -1.307167983677214096e+00
8.647383723448425208e-01 3.671151188263686027e-01 -2.293300949029537517e-01
1.246838728771825222e-01 -2.008868386614852675e-01 -7.994092517324755676e-01
1.384351742412600617e-01 -2.100116133488423298e-01 -8.347436600604689616e-01
1.486219736798744528e-01 -2.201852426210774150e-01 -8.781550374774402812e-01
1.586667557078730306e-01 -2.055851191011317525e-01 -9.200749562267165338e-01
2.198338421955985389e-01 -1.420988492517627488e-01 -9.819156452292032711e-01
2.478807796185811263e-01 -1.347107497246833874e-01 -6.804424625009988237e-01
2.623933583730739816e-01 -1.348431336491476285e-01 -6.727725292031199178e-01
2.751013172158924824e-01 -1.363680395630731956e-01 -6.625720786455140399e-01
4.028771103756358940e-01 -1.386094612494224720e-01 -5.738744071217773968e-01
6.949064390485317766e-01 -2.513722447446777031e-02 -2.986593119669774810e-01
1.532484323322593767e-01 -3.600632100510070543e-01 3.571163457074173486e-01
1.923048761918312310e-01 -2.552172338193894330e-01 5.968366739762447359e-01
2.358544980573621386e-01 -2.220750972090412834e-01 5.875961879795661424e-01
2.337635654339256241e-01 -1.243888347875247158e-01 -6.883870105450684562e-01
7.042707987922507407e-01 1.233862125037736845e-01 -5.510817116143984506e-01
1.243380523255440684e-01 -3.548252832805436352e-01 5.944824750438111316e-01
2.662068996049935521e-01 -9.082307507639747479e-02 -1.058795025267627921e+00
9.980228522518330703e-02 -4.794086692486987378e-01 2.798926659515832416e-01
2.071504994162345348e-01 -3.953282176008541260e-01 3.903160663272157993e-02
1.450353230195844945e-01 -1.297881558964565918e-01 -1.121991052047144333e+00
4.448587026072647888e-01 -2.915781718140188217e-02 -8.358321434150388640e-01
3.630153233448329964e-01 -2.161853252012968518e-01 -2.470911318059634265e-01
3.627494836025362268e-01 -5.620087186148739478e-02 -9.650946526798858116e-01
5.300438493064618672e-01 -1.888557772360928144e-01 -2.234490389225741724e-01
4.278976219535441938e-01 -1.873362462367753611e-01 -3.572928864452407094e-01
5.917146559165284980e-01 -1.026652222890599431e-01 -3.954788067789269945e-01
1.726778863276984266e-01 -1.066211320627252213e-01 -1.230901256577467517e+00
2.531524252378823947e-01 -3.311887036835166054e-01 -1.844409291951958074e-02
5.129898586358314638e-01 5.070952042216489430e-02 -8.974451006961228217e-01
4.122819507563628694e-01 1.273326355011857036e-02 -1.029471662606430193e+00
5.085645964045482081e-01 -3.519168762548360863e-02 -6.876858519723645369e-01
7.781073092184342954e-01 1.740319827170530020e-01 -4.034125501155783056e-01
6.050013253077679565e-01 3.757190546123970187e-02 -6.876834048222155715e-01
8.218564769823091254e-01 3.652789971040089068e-01 -4.643924256648424009e-01
4.820298852523323685e-01 -1.292246999923216122e-01 -4.952074353510220739e-01
2.017243252077036697e-01 -3.530145561783188946e-01 1.552958881026378357e-01
2.022039544500873198e-01 -4.805484465073277534e-01 -2.130272851171941539e-01
2.494113171472899237e-01 -3.928872959904989859e-01 -2.280324613246309529e-01
1.707672142304564877e-01 -5.465098702725281754e-01 -1.446788562984000492e-01
2.557622653428088810e-01 -2.947243039006215426e-01 7.072973363525059121e-01
3.846188756639676853e-01 -3.216998539119066969e-01 7.904425262972285537e-01
4.967099754219246321e-01 -3.191549092391101627e-01 8.049672828318601425e-01
5.859225913685461862e-01 -2.851778235311988041e-01 7.782359621038037467e-01
6.439022766722319879e-01 -2.315719063856911397e-01 7.213045413887546609e-01
6.762799349551111838e-01 -8.454048273253556012e-02 5.278971050137015730e-01
9.019523453429383331e-01 3.000965268589523838e-01 2.603866421266551878e-01
6.185809313121737318e-01 -1.229710057377513266e-01 3.560808627599267862e-01
5.408472792076928215e-01 -1.646358254720772241e-01 3.185979956784419365e-01
4.392829431474276625e-01 -1.945383715980764094e-01 3.231292770376694712e-01
3.427211682434965212e-01 -2.115152193828342408e-01 3.548773857484515126e-01
2.690559172175125413e-01 -2.175732276829560607e-01 3.951540051321971170e-01
2.182990728604905506e-01 -2.258687674083881269e-01 4.304977714001734235e-01
9.077656394824451525e-01 5.867544242839475288e-01 3.032111697019195251e-01
2.485795720568418909e-01 -3.503287996127280035e-01 -2.511250529502626616e-01
1.547023190325870212e-01 -4.654418281661234502e-01 1.081553747312303804e-01
1.488816380395820427e-01 -5.407304448812064734e-01 -2.293931947158869278e-01
1.082622129457446736e-01 -5.002641829034979448e-01 -2.766357272920609844e-01
1.488041558596235880e-01 -4.994025848583301119e-01 -2.414971878965912477e-01
2.291983204504490779e-01 -3.196342184344624915e-01 -2.794315310612029979e-01
9.229155409999911797e-02 -5.191406433170970836e-01 -2.900647388249244507e-01
8.994097829747776940e-02 -4.215623615746113551e-01 -2.998651849112279333e-01
2.180849573560432741e-01 -1.983591863721585469e-01 5.165685647933782043e-01
1.786327583619143899e-01 -2.423110960914773848e-01 4.865089962698925241e-01
1.546908304573878512e-01 -2.948007066801323628e-01 4.587699121037069894e-01
5.860313198449409455e-01 -1.714784734228116392e-01 5.764036144713016174e-01
6.332957687466871377e-01 -1.762632397270855744e-01 6.234698184115843311e-01
-4.065101679841691684e-01 -1.931218227671460674e-01 6.015289388131284110e-01
-3.261409766580172231e-01 -2.006111723773762456e-01 5.990339808494096197e-01
-4.055144163781809752e-01 -2.035103481188138552e-01 6.948368120588770402e-01
-4.879646917673721163e-01 -1.855669957871532993e-01 6.034597848294649403e-01
-4.082293243840711128e-01 -1.827364511420035420e-01 5.078475507114781351e-01
4.402792203745033994e-01 -2.011011638640571864e-01 5.645927604486076223e-01
5.189567377747592580e-01 -2.082300875856859523e-01 5.607172291719404456e-01
4.391442542690429107e-01 -2.116667108891370219e-01 6.579002694769067183e-01
3.609765893237044665e-01 -1.940035896858640641e-01 5.689738627883533795e-01
4.417109371282457175e-01 -1.905560409726647642e-01 4.712585759929044382e-01
