-1.584819732854114704e-02 -2.721658522253999068e-01 -4.800211364846440065e-01
2.200098475248569996e-02 -4.649393924086576702e-01 -2.018614029407181654e-01
2.439181013382369506e-02 -2.925548768374208741e-01 -2.634919980698434139e-01
-3.276877590935146911e-02 -4.216794550381364193e-01 1.287990007102429724e-01
2.180252509078945897e-02 -4.983500738815750952e-01 -1.092054090106572978e-01
2.078272863449899532e-02 -4.892905405337975022e-01 2.248576409282240784e-02
2.297402100979759748e-02 -3.596760290192563825e-01 3.578067435605365998e-01
-4.313573291798042941e-01 -1.137650355711292277e-01 4.494924199695193301e-01
2.343055756593274280e-02 -3.442462650118054412e-01 6.126507471278128669e-01
2.246616723613672345e-02 -3.714901973606463126e-01 7.355906251595949463e-01
2.109748062718123235e-02 -3.600703088814110053e-01 1.167990142977172852e+00
-1.490085980637869886e-02 -2.604971452572690249e-01 -5.076213572032329813e-01
-1.341475489531958852e-02 -2.373936786892421602e-01 -5.336453909231321235e-01
-1.102724095542102420e-02 -2.039376295176835163e-01 -5.508553717290816110e-01
-1.679253993999510128e-02 -1.903314329087857359e-01 -6.088357933046921744e-01
-1.778811609684002176e-02 -1.935189492972690384e-01 -6.492074669210426974e-01
-1.954762465576401209e-02 -2.028426110764948165e-01 -6.946500706556639759e-01
-1.930899446673882761e-02 -1.918715965585744698e-01 -7.384628649857210014e-01
1.103999983107087357e-02 -1.298548498058635647e-01 -8.054589164025025561e-01
2.095305096261616817e-02 -4.262261740409176713e-01 -2.420655510547234657e-01
-4.042760093669690163e-02 -3.376824694494705015e-01 -2.231563053493087756e-01
-6.692448266948720637e-01 1.383638968871372943e-01 8.575893811035606440e-01
-2.562677731153339411e-01 -1.712554942221177212e-01 3.404484289814261322e-01
-3.218950966954499116e-01 -1.642541691324878594e-01 3.336851298713642833e-01
-3.830045048578326616e-01 -1.461346512469775816e-01 3.460314766131484809e-01
-4.576884741700130155e-01 -1.004039624684512078e-01 4.224484893699669286e-01
-1.984372225158063108e-01 -1.668637014365187965e-01 3.654487481845555275e-01
-3.488732480813673820e-01 -2.228557432067344024e-01 6.454257302830885834e-01
-2.739231970129601956e-01 -2.221859667579549613e-01 6.311207232351463414e-01
-4.151732056466452825e-01 -1.990071656671725253e-01 6.302263646506471861e-01
-4.571890971276347249e-01 -1.684226529696098429e-01 5.930312447816941113e-01
-5.127738948443172351e-01 -5.967897945663723502e-02 3.691417832567657209e-01
-2.275516603453905662e-01 -2.648780541393296398e-02 -9.051925438185719486e-01
-4.523451217689682391e-01 -9.722695966935862577e-02 4.887021668001020891e-01
-6.904436558657325307e-01 2.141731941061634781e-01 4.655666172136480041e-01
-5.828366563183620119e-01 -3.916061213295256652e-03 4.546843365489107169e-01
-2.998493538994116414e-01 -1.794961478805985333e-01 -4.486966794741710507e-02
-8.771072053299916460e-02 -2.628693960750619341e-01 -4.586315072432547990e-01
-7.662071732739157703e-02 -2.262093239362336361e-01 -5.241216138935923530e-01
-1.491589119116022433e-01 -2.201628084409295583e-01 -4.772392042942589230e-01
-1.844623512834125401e-01 -1.726757142339094553e-01 -5.028758122669805264e-01
-1.268344495918370118e-01 -1.981281472718854353e-01 -5.231031844801514730e-01
-1.613050654764974778e-01 -1.535801442115807547e-01 -5.313682835203892285e-01
-2.839620749059584837e-01 -5.751624024619143155e-02 -6.159699973650416549e-01
-3.250869805513651595e-02 -4.580568768317441197e-01 -1.951840914573187424e-01
-4.211294244034580192e-02 -4.890300836123450123e-01 -1.049305168052094422e-01
-5.424689918229256280e-01 -1.593121351568983768e-01 6.751479672201615712e-01
-1.684011011294180293e-01 -2.204857025309058249e-01 1.808771856491674934e-01
-1.805894262609623047e-01 -3.046674454290497214e-01 -1.346889710819434427e-01
-1.856335344440755986e-01 -2.924057423363974340e-01 -7.999047453355334625e-02
-4.881397655134802060e-01 -9.891253288076713723e-02 -7.583724159366725566e-03
-3.801559929509663871e-02 -4.683534015369336112e-01 1.832936052081752393e-02
-3.963143679005993736e-01 -2.781746396431720170e-01 7.596830859095892174e-01
-4.827456392028140475e-01 -2.250839297606585521e-01 7.347718621939057781e-01
-6.053462825469717590e-01 -3.940812616842860779e-03 9.961236582666990191e-01
-1.148471394802700329e-01 -3.262901982073867502e-01 6.501157562450117222e-01
-2.075374231182095519e-01 -2.004778644450329883e-01 5.834119017958696585e-01
-3.232228428150258348e-01 -5.612104301562007014e-02 -5.246418020732543930e-01
-6.110495642149179618e-01 4.890066272091414534e-01 -3.685509354373798230e-01
-1.323658482214724597e-01 -2.738475613946019793e-01 -1.875484748704993598e-01
-8.197928890832210935e-02 -2.743571180207311500e-01 -2.171577838137669914e-01
-2.312606993400685151e-01 -6.711132989618640021e-02 -5.420697452333328448e-01
-2.196276202432790314e-01 -8.282712049289583933e-02 -5.465208626693204286e-01
-5.145640361104354410e-01 -2.026786186496830622e-01 8.001182484223183788e-01
-1.844565302476981750e-01 -2.642694650494249453e-01 -1.688280346475690974e-01
-2.772747563172576757e-01 -3.134402180462559917e-01 7.406622408903080768e-01
-2.870908449818583841e-01 -3.353103877910738051e-01 8.136193667963455001e-01
-3.477007557845416263e-01 -2.696771085035497562e-01 1.156563125696645766e+00
-5.589583002417588542e-01 -1.179275035421822188e-01 8.858603421076818307e-01
-3.097967087616353976e-01 -3.058351707172831668e-01 9.767396244639090508e-01
-5.772822071769598828e-01 -1.111758519340763779e-01 7.276891460300776160e-01
-6.224636473833966566e-01 7.302438501079324372e-03 7.757113493018338302e-01
-8.385359347247858808e-02 -2.511551104671926882e-01 -4.956391406967617930e-01
-1.382841810120099268e-01 -2.115947130965650236e-01 -5.017358867975667547e-01
-1.738689355838421435e-01 -1.679951958528708433e-01 -5.171785577950769319e-01
-1.176285396002528100e-01 -2.576345216393182147e-01 -2.029155631292191564e-01
-2.250517954424376410e-01 -7.524978144983461570e-02 -5.444654912609020458e-01
-2.106270800314052061e-01 -1.081655362411833299e-01 -5.736369058582240221e-01
-2.129553040218679083e-01 -8.446452380989699638e-02 -5.479663298664190219e-01
-1.031839768970416737e-01 -3.671674770437407531e-01 -1.734664026773044543e-01
-1.519635986671375172e-01 -1.408109958020856423e-01 -5.420716340203621808e-01
-1.160126700185502568e-01 -1.705729705133745555e-01 -5.382215721010832343e-01
-6.902758209841718118e-02 -1.958772045579271759e-01 -5.419411237775704215e-01
-7.714981268826177907e-02 -1.249940910100362235e-01 -7.974402227963275358e-01
-9.527003462666810973e-02 -1.884899934026691426e-01 -7.245207068501852143e-01
-9.223902625377715381e-02 -1.993205027110184768e-01 -6.798669639027494771e-01
-8.477357852478602240e-02 -1.888454799568407005e-01 -6.343978798018947707e-01
-7.596595633917686829e-02 -1.854855000697063772e-01 -5.966520144461654462e-01
-1.624861683210662711e-01 -1.379464724861744207e-01 -5.685365680947618294e-01
-1.768038690975729521e-01 -1.441884362563775612e-01 -5.851083528700974368e-01
-1.915609366937332803e-01 -1.505006803986099762e-01 -6.064686928508244979e-01
-2.022279021572070956e-01 -1.364430305557578771e-01 -6.301041619171795505e-01
-2.504192470167010964e-01 -1.616420763074855049e-01 -3.830401760578977521e-01
-6.834691013801093007e-01 5.192245877126617781e-01 1.061185423389255228e-01
2.458885822563436352e-02 -3.393985180025363979e-01 -2.497610446568641618e-01
-1.858357295285022748e-01 -1.069211966264058400e-01 -5.578241609402556644e-01
-1.983232701814489907e-01 -1.107349501344226661e-01 -5.653805608283842821e-01
-6.100538852759740394e-02 -2.746825229126558243e-01 -2.531781393058217811e-01
-1.616431583654375781e-01 -2.114424380041956542e-01 -2.172893001376904332e-01
-7.115625490751860405e-02 -2.756320285741719056e-01 -2.356390456984093218e-01
-2.350028596557068306e-01 -1.911829904166405802e-01 1.347074357135708833e-01
-3.397304551471964085e-01 -1.629893332915047510e-01 8.189288416294966677e-02
-1.961409213183171185e-01 -2.514011179415876485e-01 -1.145169497826303562e-01
-5.038687286198673121e-01 -1.471183055079010038e-01 1.099037128316855405e+00
-4.594820444797905190e-01 -2.194542221347347277e-01 9.575729056413878615e-01
-4.164856269882335482e-01 -2.764609299554589006e-01 8.336346344768132965e-01
-2.362374015400207639e-01 -8.331590011815888375e-02 -6.875600633774678894e-01
-1.329052353732170788e-01 -3.650205545141846919e-01 7.731504443260395210e-01
-1.545688353168944706e-01 -3.537331053264559655e-01 9.646846218733817757e-01
-1.789247158023803408e-01 -3.397054893030104772e-01 1.175157084859678847e+00
-4.321110570395748640e-01 -1.207343562532725151e-01 3.748739399006330020e-01
-5.843688974061069796e-01 -1.444964133061030394e-02 3.134504149392426942e-01
-1.599675036064428235e-01 -1.621657612266742543e-01 3.900466046305475776e-01
-5.157112016111113917e-01 -1.109296587664235501e-01 5.569253198979478015e-01
-1.238081780608347865e-01 -2.512344182928188396e-01 2.350358827291443575e-01
-1.431568426618747281e-01 -3.716909468113649972e-01 -1.123074903490781928e-01
-6.414379897579655099e-01 6.227138499602059840e-02 2.613750328525054067e-01
-5.443078616042019702e-01 -6.382060245176152113e-02 2.359432598395950209e-01
-4.648204037119983978e-01 -1.186864440145513622e-01 1.879567060487624119e-01
-3.416040966343508734e-01 -1.504639692634510972e-01 1.913431172274708825e-01
-2.500327914273217655e-01 -1.707282637198405673e-01 2.219024642859253882e-01
-1.815075827800607666e-01 -1.933973103992759346e-01 2.586361986520789857e-01
-3.784973127213674127e-02 -3.323100949065383447e-01 3.425728370218886765e-01
-6.293428503918282457e-01 6.891072312185295146e-02 6.431119017846281816e-02
-5.671212289106297710e-01 -8.225237386557737729e-02 5.775233857807667848e-01
-1.291352915525977377e-02 -4.224312591913880199e-01 -2.366309342197127075e-01
-1.636177055420649229e-01 -2.349554546310840264e-01 8.109587762127851152e-02
-7.079062712558508164e-01 4.173114249235092554e-01 5.088772488644482950e-01
-1.281240054976488796e-01 -2.094310673600430217e-01 3.014087010675929879e-01
-2.000666048008987730e-01 -1.888130399788030545e-01 -1.092581503791836550e-01
-4.779370972952931007e-01 -8.480533925166297560e-02 4.888775649831800796e-01
-1.465894808011156680e-01 -3.558870560930900151e-01 -4.600673294431346927e-02
-6.552256328839229926e-01 5.205359863570182544e-01 -1.229305472881590811e-01
-1.563438015608540343e-01 -1.515821382896748448e-01 4.261970512306049175e-01
-9.486639535120491851e-02 -4.254209928603491786e-01 -4.455085847859873577e-03
-4.894486374940877349e-01 1.863838934188477570e-01 -6.496244404631655867e-01
-4.832600559103644722e-01 3.117034976708293326e-01 -7.342375967220416966e-01
-6.791563871539858521e-01 2.958715073835476161e-01 8.069344078613524540e-02
-5.630706259691276028e-01 2.493097868662653982e-01 -5.092416189233102131e-01
-6.590515432277521679e-01 1.267354383312938593e-01 6.366939980933636889e-01
-2.367431541887316526e-01 2.163046017598965060e-02 -9.808975004787297003e-01
-1.940313623219182357e-03 -3.345962330036626464e-01 -2.445516263486641195e-01
-2.214577612099815629e-01 -2.015670670761350314e-01 2.024645895129928430e-02
-6.377140483440040253e-01 6.099934174143623739e-02 4.511215848485479185e-01
-3.726222630374893541e-01 -1.469936868422840603e-01 3.980151609419724235e-01
-3.186803381855587980e-01 -1.623600135420386059e-01 3.849388539288480238e-01
-2.207682152108034201e-01 -9.595338289220053940e-02 -5.832326507982164010e-01
-6.139422332554810291e-01 1.138467700001239424e-01 -1.182768660756838841e-01
-1.157825314556558821e-01 5.132942392101987744e-02 -1.098247485736653761e+00
-3.070899687518609533e-01 1.670800562403968459e-01 -9.618333290766761801e-01
-3.891123535189116023e-01 2.316260993470457830e-01 -8.701858827478787806e-01
2.164850951963524783e-02 -3.700499388650945187e-01 9.478681104990613893e-01
1.905756060188280865e-02 3.175474289339640793e-02 -1.118005635301337453e+00
-2.634158251783839111e-01 -1.666641852383441702e-01 3.916071379201100933e-01
-2.092179101855572432e-01 -1.613940459273576211e-01 4.086546741479362144e-01
-1.732618457147516722e-01 -1.510058784789363173e-01 4.183222933937679744e-01
-6.113894004891495815e-01 -2.108724100649895031e-02 6.098278481230876569e-01
-2.214541968093357016e-01 -1.818036837079713419e-01 5.130558344545068650e-01
-2.812364447582615945e-01 -1.940733132694367202e-01 5.512980246612460000e-01
-3.383841644796404813e-01 -1.909965286478354507e-01 5.606287375191353339e-01
-3.922095018471559169e-01 -1.732786299810838426e-01 5.470828771606690566e-01
-4.241227689626837494e-01 -1.500644255184860332e-01 5.226624272684052830e-01
-6.999575074190325097e-01 2.895754222731732885e-01 7.055165887773076072e-01
-4.079073027673060792e-01 -1.289397719762549188e-01 4.222229159001084087e-01
2.245265928209478484e-02 -2.729811355621118985e-01 -3.326268894918140706e-01
-1.893736760218898141e-01 -2.011707426230511520e-01 -3.430891045940412942e-01
-1.319295070158393035e-01 -2.994839420917869699e-01 -1.762988466156641953e-01
-6.829483822106120761e-02 -2.649507602284172370e-01 -3.323424516022183139e-01
2.329999259269831258e-02 -3.283028062007323777e-01 4.885481525815666415e-01
-4.065995256825062354e-01 1.392625263982754102e-01 -7.798086931831010871e-01
-3.265913151308119655e-01 8.521216360663746991e-02 -8.822687147914443084e-01
-1.234299510205222189e-01 -3.548246058239995504e-02 -1.052745295672823822e+00
-5.520144868317478082e-01 4.092885456167222324e-01 -5.755930121434773561e-01
-1.771609089899785494e-01 -1.645498489497737027e-01 4.593735197465233511e-01
-8.104631166747090776e-02 -3.336349690908890220e-01 1.901599568378311012e-01
1.401372877261700990e-02 -5.297481422269634255e-02 -1.070931986540488934e+00
-2.193529450294651184e-01 9.794270348612063581e-02 -1.042482813624511451e+00
-6.563342366830972052e-01 3.126538486385964100e-01 -1.248800126158955415e-01
-1.253480271134273794e-01 -1.643804846945753351e-01 -5.807628306871375212e-01
-1.394361655166593827e-01 -1.703400213908622951e-01 -6.092297242738344831e-01
-1.507042257020776155e-01 -1.780705146449696463e-01 -6.453416569616705623e-01
-1.576085560322215418e-01 -1.659356175640381847e-01 -6.855866642693664303e-01
-1.669433029303694638e-01 -1.118373487027783525e-01 -7.528815820148181404e-01
-1.880355723900005716e-01 -1.170297065621846155e-01 -5.431691145017721878e-01
-1.987226179125167469e-01 -1.194153818505351988e-01 -5.367159384946886824e-01
-2.078781412794004635e-01 -1.216267667377844142e-01 -5.292013907487751467e-01
-2.953282090774905777e-01 -1.131425497400746633e-01 -4.477067705180310941e-01
-5.354023344277876184e-01 -5.702433295480378687e-03 -1.919454412822110823e-01
-7.970163776392100163e-02 -2.877812558512540253e-01 2.955513290448861796e-01
-1.117741598939573922e-01 -2.025858539949008386e-01 4.981562243938116863e-01
-1.513623185435177543e-01 -1.792233283543745448e-01 4.932107061167849693e-01
-1.771510330545691403e-01 -1.097912600682377782e-01 -5.490842902593914276e-01
-5.395968368856575159e-01 1.155348644008161452e-01 -3.982148100710904970e-01
-5.948899703756550805e-02 -2.840105109992765442e-01 4.865712135810095207e-01
-2.002639537735307895e-01 -6.546262554066267780e-02 -8.239741311414499059e-01
2.150530370782357745e-02 -4.446618381017696242e-01 1.368290142927870157e-01
-3.659860408595800446e-02 -3.825751825758266778e-01 2.295344975577504609e-01
2.242814132270692928e-02 -4.001159139868495362e-01 2.431956871789400232e-01
-1.265925013534971444e-01 -3.126056068671891897e-01 4.469679896031954203e-02
1.222596583099799447e-02 -9.913255260935488478e-02 -9.930254144741127442e-01
1.189411626684566160e-02 -1.133368328968237387e-01 -8.907449694278180008e-01
-9.655694875706755109e-02 -9.814321127951694534e-02 -8.798877976188981265e-01
-3.431749892516008371e-01 -1.352864898535435095e-02 -6.382438764326396896e-01
-2.568375357907181078e-01 -1.637583113717600014e-01 -1.742537417121895471e-01
-2.815708908949005607e-01 -3.503706358016023953e-02 -7.438963024536975333e-01
-4.016726396494950668e-01 -1.388599652031776710e-01 -1.418124921111259817e-01
-3.176587947860506911e-01 -1.404113668243522073e-01 -2.573183964918686617e-01
-4.552691936304107401e-01 -6.906450369823885493e-02 -2.775376195851376182e-01
-1.165402153021556919e-01 -7.976580087515185158e-02 -9.771958111437208938e-01
-1.645051059458862985e-01 -2.601258984219620984e-01 8.840615981530845768e-04
-3.923748528533431701e-01 5.567577548656617303e-02 -6.940742810172583210e-01
-3.127359127034786135e-01 2.400785266115357253e-02 -8.060964087022972624e-01
-3.885346164286314075e-01 -2.238798939025865922e-02 -5.205835263763554099e-01
-5.953522445640534455e-01 1.566208171536609961e-01 -2.728132396439204577e-01
-4.667815246129580209e-01 4.505448695138174198e-02 -5.163980314187713860e-01
-6.229355319178403461e-01 3.097542723009845678e-01 -3.196696473605871169e-01
-3.680148349284720899e-01 -9.672713903607713104e-02 -3.659007147082273814e-01
-1.211506391455742238e-01 -2.816108722623891225e-01 1.373759768357701028e-01
-1.230882292890409513e-01 -3.809771875082625936e-01 -1.584397591170372821e-01
-1.604004354080901529e-01 -3.071796649613658392e-01 -1.680451997968595568e-01
-9.639093613038193786e-02 -4.331346566511957707e-01 -1.052546393665684116e-01
-1.644251099668353200e-01 -2.327212522110908566e-01 5.957096735286355749e-01
-2.721821452139641107e-01 -2.485504396461854781e-01 6.679795917040780573e-01
-3.650384216364092049e-01 -2.436715421849889873e-01 6.835403067690346557e-01
-4.404793673760377115e-01 -2.149696947736839392e-01 6.664318031769121964e-01
-4.912926207615226915e-01 -1.712855133938013530e-01 6.258690389830108280e-01
-5.228306783103340294e-01 -5.488683078415397543e-02 4.710485710359157974e-01
-6.943736406925533622e-01 2.568649079813314917e-01 2.763797813966547556e-01
-4.800124507717372646e-01 -8.776906455894831205e-02 3.200300406488566507e-01
-4.176195575835577323e-01 -1.226566660969242439e-01 2.802819377110449817e-01
-3.330770275923303769e-01 -1.496784776308366927e-01 2.701391749874015868e-01
-2.511318901581072183e-01 -1.660570640346721860e-01 2.863781029048094728e-01
-1.860948912128985167e-01 -1.714211711736547961e-01 3.152193003655070491e-01
-1.409800316041788237e-01 -1.796854671857863739e-01 3.424298830208694078e-01
-6.984395840925310406e-01 4.878593659960094309e-01 3.136739645223625139e-01
-1.600277776834589660e-01 -2.727746450803604228e-01 -1.872853264631914039e-01
-8.175033343384742468e-02 -3.717048735413145399e-01 9.587733567059968098e-02
-7.950805471365685051e-02 -4.290140127218489141e-01 -1.750297927415810917e-01
-4.716675872732779828e-02 -3.970072246335514810e-01 -2.163315150583666191e-01
-7.969076408600150874e-02 -3.964664376802665702e-01 -1.847331707865195183e-01
-1.428958987657806268e-01 -2.475940502195134174e-01 -2.117384605965352273e-01
-3.403336667146747430e-02 -4.130036572209840329e-01 -2.282834873141949827e-01
-2.453778064422613633e-02 -3.352684076787202372e-01 -2.374886066582020949e-01
-1.353726729207008761e-01 -1.592929445441386149e-01 4.213281008299662456e-01
-1.053493573738394362e-01 -1.934988582185188100e-01 3.925148183708704330e-01
-8.803273244891499094e-02 -2.348224739116311910e-01 3.697786055299558949e-01
-4.406636333537277128e-01 -1.265977050776467272e-01 5.037237394606233210e-01
-4.811350715388520438e-01 -1.274983103074892044e-01 5.491151808954297664e-01
7.590869436614930410e-02 -4.212951615136558692e-01 1.240731646587366066e-01
4.611249775032032483e-01 -1.235524586339116354e-01 4.150392669575687088e-01
8.652441723524646744e-02 -3.414805908086456787e-01 -2.288201249110381474e-01
6.784300314848283886e-01 1.188526986245812961e-01 7.862462136443448824e-01
2.813893680737327707e-01 -1.738751632604746133e-01 3.267234950657585957e-01
3.436002211546678731e-01 -1.692209283176205892e-01 3.161488732784766831e-01
4.027879812186664354e-01 -1.534495834347783250e-01 3.198318008812695012e-01
4.812007647963242318e-01 -1.099708438811482503e-01 3.828273868193026175e-01
2.299309882506854752e-01 -1.690495964519787009e-01 3.529491840230924993e-01
3.768643509959639371e-01 -2.308853302041883326e-01 6.149834837283110200e-01
3.034096637562995746e-01 -2.286067607719372563e-01 6.037820904496163932e-01
4.431261679703650813e-01 -2.104082244856120831e-01 5.968443453087708406e-01
4.840300867671817331e-01 -1.820822483862910568e-01 5.553317025249011607e-01
5.273362010439651693e-01 -7.195017314328044922e-02 3.218394785686070070e-01
2.464564077317035751e-01 -3.657834216408015204e-02 -9.151424603250351009e-01
4.834798154978608986e-01 -1.076284912289017653e-01 4.500735626317124982e-01
7.124277360345646626e-01 1.961166021797336456e-01 3.968053528098114402e-01
5.931299836382071256e-01 -1.917037244603144244e-02 3.968953135117559983e-01
3.309913869849082646e-01 -1.878379583270277098e-01 -7.386939711833924449e-02
5.709585518494085521e-02 -2.634756568940968546e-01 -4.666547388170460553e-01
5.113125033783273710e-02 -2.245555502862247033e-01 -5.332745066953104018e-01
1.256203585055785665e-01 -2.170095094389285495e-01 -4.930771047694570974e-01
1.694546825647911814e-01 -1.647795461844780984e-01 -5.203259136863764844e-01
1.061861978969106113e-01 -1.928363756855990818e-01 -5.370102978626750678e-01
1.486206943920384549e-01 -1.461686308911956667e-01 -5.455401116117278848e-01
2.772895816921442935e-01 -6.283017935364196282e-02 -6.444280047008877910e-01
7.454748435074255719e-02 -4.612537832252490144e-01 -2.001718909188313633e-01
8.266063924772601434e-02 -4.925707516665180918e-01 -1.108262036469364609e-01
5.592161402614714838e-01 -1.741008484760488140e-01 6.312035004187145359e-01
2.059463618999758383e-01 -2.224392948781157564e-01 1.636951748573670651e-01
2.196717558517856106e-01 -3.114896695604168486e-01 -1.508352123414828938e-01
2.233859365230504157e-01 -2.991855933167011372e-01 -9.671820402712927311e-02
5.110564252403111407e-01 -1.101600428690147071e-01 -5.399316225393954033e-02
7.946958325014633062e-02 -4.690250729835244714e-01 1.338300520953579834e-02
4.272078254001297482e-01 -2.923627589733353016e-01 7.262355924705136134e-01
5.071300499331314882e-01 -2.403346916732297667e-01 6.974842923602944111e-01
6.185879256685173910e-01 -2.303476348019558445e-02 9.292112253769480024e-01
1.595340303768491841e-01 -3.298397396640111445e-01 6.320045101753459793e-01
2.411548647737312145e-01 -2.036565879171713944e-01 5.588731073224388890e-01
3.245156578255918856e-01 -5.888302068005327183e-02 -5.604333132831895714e-01
6.520014896229643364e-01 4.696015132702451855e-01 -4.191222306895742711e-01
1.748501662371101106e-01 -2.809276847214966510e-01 -1.997482631979014822e-01
1.276861259472965859e-01 -2.829462430876897305e-01 -2.262009386887917084e-01
2.234384406154789615e-01 -5.745806347223549049e-02 -5.747063070752117531e-01
2.079609094822784110e-01 -7.585115901087928492e-02 -5.767355219205488881e-01
5.364152257978059835e-01 -2.185250114617346973e-01 7.544151834179788629e-01
2.219488213175194458e-01 -2.721822575072857520e-01 -1.850239432181944865e-01
3.162031248557130025e-01 -3.256216850904818383e-01 7.121402487440631202e-01
3.261099327806325499e-01 -3.481540512928320008e-01 7.797798084166298604e-01
3.760100378555213951e-01 -2.825152674878549930e-01 1.113592395953203029e+00
5.781507779199853703e-01 -1.338900777676891585e-01 8.298252677646736908e-01
3.432051592299241172e-01 -3.166564805226641521e-01 9.414575325084657553e-01
5.927777546798738140e-01 -1.261039590212592043e-01 6.712598410346453104e-01
6.399431071985081099e-01 -8.821005027048316530e-03 7.140865509443993231e-01
5.465339723328457161e-02 -2.505899358586441972e-01 -5.044387560890091216e-01
1.157638435464954096e-01 -2.073577863602579230e-01 -5.170166790539507673e-01
1.592007278463586362e-01 -1.606609441956089179e-01 -5.331049532600099505e-01
1.612528591262388789e-01 -2.656124981893757120e-01 -2.139116015800814896e-01
2.152812450032125235e-01 -6.756540224738383227e-02 -5.760883474217618483e-01
1.908025018387725091e-01 -1.030317810608889356e-01 -5.995159324152936620e-01
2.005595302938496804e-01 -7.739559561668742094e-02 -5.765228900209432572e-01
1.436786588846898360e-01 -3.694109029829344415e-01 -1.841644112904702590e-01
1.404996580833035025e-01 -1.333557415892928921e-01 -5.541963627990262875e-01
9.914585518815169363e-02 -1.641363750956838508e-01 -5.494319358027315303e-01
4.829809007235927321e-02 -1.921653903478015013e-01 -5.502578736519683211e-01
9.401627175645344003e-02 -1.272034994485091164e-01 -8.031554064705390683e-01
5.818314120463707884e-02 -1.869000880101771012e-01 -7.326034547518507356e-01
5.427742611551429619e-02 -1.963278909563720420e-01 -6.879972874433463170e-01
5.060000421485780914e-02 -1.851494673838188776e-01 -6.429263953763949546e-01
4.436260807914242654e-02 -1.811917427510552903e-01 -6.051611013952848950e-01
1.390773345684250262e-01 -1.318376580921642172e-01 -5.885460363734723588e-01
1.513359544959990977e-01 -1.401903206955442405e-01 -6.062248969570059876e-01
1.636102508367107689e-01 -1.475709319366224626e-01 -6.285621080045646902e-01
1.756789697718732501e-01 -1.340113029426307223e-01 -6.520939322462345755e-01
2.718771568479612655e-01 -1.669643845795577286e-01 -4.087623358279794950e-01
7.190949399227282157e-01 4.984101122249425808e-01 3.915952819215226532e-02
1.683549439182625285e-01 -9.866695736673800066e-02 -5.804934156197433248e-01
1.792661011305327623e-01 -1.045810946906235855e-01 -5.898438162367726223e-01
1.077222398613812970e-01 -2.794781681121800143e-01 -2.602327697748113011e-01
2.028807768124990807e-01 -2.215221208365110162e-01 -2.318139176218751984e-01
1.174652526748977965e-01 -2.827158923032083715e-01 -2.440521201476635316e-01
2.695674693444442549e-01 -1.943712490364982448e-01 1.113894452588521655e-01
3.699135591813126345e-01 -1.701447547904889612e-01 4.836467250251909322e-02
2.341398686284600072e-01 -2.589215821936319273e-01 -1.321901143339434537e-01
5.237932770400164362e-01 -1.653857836193756425e-01 1.040313612637393081e+00
4.847790019340973977e-01 -2.347292881462242631e-01 9.088665288705477519e-01
4.473615783175033389e-01 -2.912662470649594049e-01 7.939109574951208614e-01
2.373074461592754592e-01 -8.643129589405280921e-02 -7.034856335196335575e-01
1.798479858076373616e-01 -3.706425317522100693e-01 7.454733696202388016e-01
1.928758551284250056e-01 -3.600627890488250493e-01 9.452678617591764310e-01
2.139129627796886590e-01 -3.484605897483721293e-01 1.151078941870928629e+00
4.527217149848802857e-01 -1.298293380918610351e-01 3.405874915585566653e-01
5.913283520678973559e-01 -3.063156599704583427e-02 2.577306211879745734e-01
1.961802951617379887e-01 -1.617994551417398230e-01 3.782927318280592255e-01
5.369674221442688467e-01 -1.244861900949123246e-01 5.121777623648362532e-01
1.636368811151595604e-01 -2.519505469896588523e-01 2.219928303485079746e-01
1.823144307372197570e-01 -3.772933424053360740e-01 -1.267802565335070519e-01
6.646332442424462972e-01 4.538698149750502314e-02 1.986183602431404183e-01
5.509086503309650329e-01 -7.744741754958371638e-02 1.860901742324996277e-01
4.734047437989944984e-01 -1.297939948787063535e-01 1.468095056281199240e-01
3.570627067196019966e-01 -1.569619167597668674e-01 1.634854888828801145e-01
2.713293360400387821e-01 -1.745956233808843572e-01 2.040199990938355579e-01
2.076358577267617411e-01 -1.961352513645472362e-01 2.463387485478340522e-01
8.290685360626032230e-02 -3.327231442708281639e-01 3.367833370442447904e-01
6.549175002238747378e-01 5.390182602897314323e-02 4.541489923702761097e-03
5.804060057918891680e-01 -9.673018722628783095e-02 5.241910069669891703e-01
5.368099110541693642e-02 -4.231786857937575030e-01 -2.393263762769677616e-01
2.024199364087209685e-01 -2.372527334068092464e-01 6.495065281347132957e-02
7.307791354777002368e-01 3.988016523316453288e-01 4.362549605893402127e-01
1.605457185736537395e-01 -2.104907621680772167e-01 2.939585978333704719e-01
2.415778854360300931e-01 -1.964505429052175456e-01 -1.275843672716046595e-01
5.058078828885119727e-01 -9.550837097891347327e-02 4.461655019331336458e-01
1.843308437658539856e-01 -3.615538515333285297e-01 -6.027516408649635782e-02
6.955677901072273572e-01 4.988158823912889339e-01 -1.822436841522496187e-01
1.961997564884708223e-01 -1.496387428354516713e-01 4.133576961673014472e-01
1.330213566280117610e-01 -4.284793388524492652e-01 -1.443561667364944012e-02
5.159808505140676127e-01 1.680719881364544088e-01 -6.820757827402244011e-01
5.165937291634168371e-01 2.921694391172116045e-01 -7.630271855399615166e-01
7.151391470304717668e-01 2.776735836327597351e-01 1.665497614354606581e-02
5.930286162949464090e-01 2.304825679708764896e-01 -5.519129991711657635e-01
6.792878338275910588e-01 1.098975043225522419e-01 5.705661052465864636e-01
2.612862687486590119e-01 1.077631189608786733e-02 -9.893530252099418387e-01
5.160322638878848261e-02 -3.363409923004302415e-01 -2.470170055409974808e-01
2.570082660697531329e-01 -2.069585163264007210e-01 -1.437313796786295539e-03
6.414781757433054565e-01 4.522959721431854541e-02 3.828629460547665619e-01
4.004012465144969335e-01 -1.544674679736337819e-01 3.734162783333165314e-01
3.469310858796884611e-01 -1.675656326894363057e-01 3.663793293326387257e-01
2.022204701528524384e-01 -9.080057957142791125e-02 -6.104662959421921498e-01
6.416864450266102082e-01 9.840540767359268193e-02 -1.733236888179398583e-01
1.510425151032958324e-01 4.561171580018971716e-02 -1.100702801314008550e+00
3.412230516775476286e-01 1.535538684730824721e-01 -9.720966993492644592e-01
4.232423469635023805e-01 2.154477154915175885e-01 -8.872848390341330216e-01
2.939118144067429661e-01 -1.701810304628843529e-01 3.755192932932397976e-01
2.441989080442526494e-01 -1.620618972989949502e-01 3.937306920154151069e-01
2.121874920738108239e-01 -1.495864048006523839e-01 4.039928996399667627e-01
6.199595431322231232e-01 -3.549388359600635229e-02 5.451952901457575162e-01
2.538496055109544236e-01 -1.829457357224886227e-01 4.862155668954056820e-01
3.083797918264307714e-01 -1.985263776509471334e-01 5.189868288151526787e-01
3.647338383373416315e-01 -1.979998389732679498e-01 5.262488283465595051e-01
4.192294635022522087e-01 -1.827406247688699303e-01 5.107505989886750308e-01
4.516279102162356063e-01 -1.604430578191882451e-01 4.848082262149170374e-01
7.155250046801302499e-01 2.700628157565562737e-01 6.327671524658287083e-01
4.366426886319448863e-01 -1.376698163394396435e-01 3.920852205422900028e-01
2.204660544867521055e-01 -2.064697410040605141e-01 -3.621465429450357876e-01
1.740653849455727764e-01 -3.064212132090161633e-01 -1.890276179893143338e-01
1.095027796445477708e-01 -2.665296878405308822e-01 -3.399076804611889657e-01
4.322895307180153468e-01 1.220492413627162764e-01 -8.025404185434004134e-01
3.504000292869841049e-01 6.994260623855778902e-02 -8.964385119259277168e-01
1.490990895697423269e-01 -4.178385952671258285e-02 -1.057400601229744108e+00
5.902168606530098227e-01 3.900704649539072921e-01 -6.155324672921301810e-01
2.143450523600863855e-01 -1.627108588511759768e-01 4.416508833955064550e-01
1.230769796194920995e-01 -3.351061190587048544e-01 1.808055612891522057e-01
2.532239855191206757e-01 8.813683564262078662e-02 -1.047260734773741930e+00
6.928004315568789817e-01 2.941207700401804459e-01 -1.837318590210402225e-01
9.690320701236010414e-02 -1.587524813325414119e-01 -5.967316758732315041e-01
1.085425518636916331e-01 -1.659166184441363268e-01 -6.257738493666029633e-01
1.175850267683373751e-01 -1.740243241542607233e-01 -6.614672923487976419e-01
1.261398330302257453e-01 -1.624604439922355814e-01 -7.002726630024953547e-01
1.756359182750616421e-01 -1.124099904635009611e-01 -7.624637571779839806e-01
1.796707917478607142e-01 -1.082644683785214945e-01 -5.608438833956467251e-01
1.900530727776367224e-01 -1.088892526354096058e-01 -5.562753278926710898e-01
1.995104418884183217e-01 -1.105066398275184048e-01 -5.497808243641374437e-01
3.079258553651839647e-01 -1.142753927296696614e-01 -4.775258950732257923e-01
5.569029265839811060e-01 -2.052380784057435126e-02 -2.398052534460076157e-01
1.227776902825650357e-01 -2.884710049753820282e-01 2.857495525621573385e-01
1.540684506169497370e-01 -2.044717979281661102e-01 4.823274291998461138e-01
1.889589999292994593e-01 -1.779193893839436380e-01 4.755754384083473729e-01
1.695131941295842104e-01 -9.968464925486157646e-02 -5.653859188782711653e-01
5.641566469632144365e-01 9.778745451075826489e-02 -4.436366860393043954e-01
9.961562833911923043e-02 -2.842745473610398532e-01 4.769047835686708314e-01
2.132518371653450706e-01 -7.218864542054342914e-02 -8.331899208873051466e-01
7.995836484841067904e-02 -3.840867290842949755e-01 2.242409565277559969e-01
1.659622840647569375e-01 -3.167241890952696148e-01 3.127086131955780779e-02
1.160563475174799797e-01 -1.034134965986027166e-01 -8.848306845262277065e-01
3.441701360024980172e-01 -2.433343769268026674e-02 -6.689583903821989530e-01
2.908361427203645100e-01 -1.732006944361614287e-01 -1.979614276684181218e-01
2.888145150693149921e-01 -4.454224229510917593e-02 -7.603879626548080140e-01
4.246601017359112884e-01 -1.513192548179186359e-01 -1.790395533419427976e-01
3.425400539926232168e-01 -1.508116128933900402e-01 -2.877944518310078248e-01
4.740518884068649630e-01 -8.433058363196713203e-02 -3.207088869118840391e-01
1.383333749632932319e-01 -8.538853014047305401e-02 -9.830602980577436423e-01
2.028175400368787407e-01 -2.653376838320803399e-01 -1.477681266896257659e-02
4.078624950571549390e-01 4.060370213572055131e-02 -7.187934025691324891e-01
3.298882680663791644e-01 1.034905673368508028e-02 -8.215995997597689282e-01
3.938130182630812381e-01 -3.158595964942412931e-02 -5.616478570395454506e-01
6.233960205984174774e-01 1.394251000535045026e-01 -3.232061798968066668e-01
4.801425851513194121e-01 2.786035560413863826e-02 -5.569438164275457570e-01
6.584448431347049713e-01 2.926497212592862329e-01 -3.720562001197373903e-01
3.808544520700448688e-01 -1.065704835126194405e-01 -4.054598535883290333e-01
1.616150086880677739e-01 -2.828238513378585339e-01 1.244180419580332708e-01
1.619992721332178809e-01 -3.851366803182212362e-01 -1.707488612928939886e-01
1.998202851647082057e-01 -3.150237541389458440e-01 -1.828301986833211212e-01
1.368131720508954929e-01 -4.378460423217043207e-01 -1.159120229727886586e-01
2.049084595667761688e-01 -2.361235854250098021e-01 5.751470361671203735e-01
3.081442105111732443e-01 -2.577355241188206136e-01 6.419688011536578420e-01
3.979479763316052243e-01 -2.556965967114236404e-01 6.528739410460966397e-01
4.694222404613923594e-01 -2.284752539396714965e-01 6.314174977385098586e-01
5.158736901536318253e-01 -1.855279259152363691e-01 5.860096546155391106e-01
5.418136233733811258e-01 -6.773110202373550104e-02 4.209205997407137190e-01
7.226150637942760913e-01 2.404276368039939826e-01 2.086133607646297738e-01
4.955870467547964786e-01 -9.852039480228311219e-02 2.779558608089502392e-01
4.333093574018361815e-01 -1.319009015726818335e-01 2.463274227960671192e-01
3.519392943820355835e-01 -1.558578549394746271e-01 2.476349168010541224e-01
2.745771216546480931e-01 -1.694591566139484473e-01 2.716105115121243418e-01
2.155589037361357874e-01 -1.743126370410039150e-01 3.036849954251871209e-01
1.748941607345528282e-01 -1.809587553185963427e-01 3.335537151147415225e-01
7.272724871461465623e-01 4.700886781045035545e-01 2.429229879700374739e-01
1.991279958800987182e-01 -2.810454313050213537e-01 -2.013865832148762913e-01
1.239424973104878563e-01 -3.728969474821944852e-01 8.665059200218851176e-02
1.192791558503720067e-01 -4.333022342854533360e-01 -1.838379184245968467e-01
8.673618547391617750e-02 -4.012786956726573928e-01 -2.221991990510045756e-01
1.192170796323736848e-01 -4.004209803994019934e-01 -1.937533117736756072e-01
1.833707829812223633e-01 -2.566557443890246648e-01 -2.241708514236587513e-01
7.394100985267301751e-02 -4.163290868839574221e-01 -2.329160155252764930e-01
7.192659693001590693e-02 -3.387107070365753536e-01 -2.414668656236013677e-01
1.747226183135985322e-01 -1.589189682299663176e-01 4.094935635192831214e-01
1.431147917580532503e-01 -1.941318175669565771e-01 3.838448818710664123e-01
1.239332930354024725e-01 -2.361847968622606542e-01 3.633376263188671795e-01
4.695093502020700194e-01 -1.373830099246055036e-01 4.654858239481297622e-01
5.073760988553489559e-01 -1.412164100216904417e-01 5.082404764980907874e-01
-3.256828062897416665e-01 -1.547229618055793732e-01 4.841072165050563925e-01
-2.612936081052631421e-01 -1.607231866226858374e-01 4.823883204717669404e-01
-3.248850422903466484e-01 -1.630459125118825514e-01 5.717428228935007573e-01
-3.909415377558168592e-01 -1.486702786363521822e-01 4.865548608728499369e-01
-3.270601388262130427e-01 -1.464025377630250313e-01 3.975390631916675410e-01
3.527374794920554724e-01 -1.611157519630109780e-01 4.541114533033093204e-01
4.157713632098746226e-01 -1.668272152088109972e-01 4.506718306432674348e-01
3.518281813357432286e-01 -1.695805267118881687e-01 5.411391620444406803e-01
2.892027749240014267e-01 -1.554294049580485781e-01 4.583135418895273316e-01
3.538845246754097618e-01 -1.526673403698411424e-01 3.670151213967285941e-01
