-1.007652144081941543e-02 -2.910766988297628366e-01 -4.347696742666090630e-01
2.177734152766907377e-02 -4.601023642374431621e-01 -1.997236451585219785e-01
2.572328037511050630e-02 -2.866071847730458644e-01 -2.561032878345619324e-01
-3.243567651402405605e-02 -4.173930217614169047e-01 1.274897400477745801e-01
2.158089923743311545e-02 -4.932842725611187862e-01 -1.080953224035814952e-01
2.057146916113459373e-02 -4.843168306936100898e-01 2.225719651426916190e-02
2.274048672924429415e-02 -3.560198696280264530e-01 3.541695763982184442e-01
-4.269725188982935737e-01 -1.126085973610790880e-01 4.468900206921823104e-01
2.319238252457671290e-02 -3.407469514263250510e-01 6.064230627620710301e-01
2.223779536340081409e-02 -3.677139452219271853e-01 7.281132389695523788e-01
2.088302165381932668e-02 -3.564101415777699566e-01 1.156117352505830809e+00
-8.870894743148524317e-03 -2.826963777198438499e-01 -4.588130328915568934e-01
-7.477219737443112878e-03 -2.624442176179377362e-01 -4.843312276336695366e-01
-5.829547150461260666e-03 -2.285444057139029428e-01 -5.046523681452010912e-01
-1.787160275990347727e-02 -1.864193581715872239e-01 -6.669446979408073517e-01
-1.896641868224027694e-02 -1.894976350378617669e-01 -7.059518793210343146e-01
-2.065557011308620516e-02 -1.988319928169684503e-01 -7.452300371814097879e-01
-2.041677629814384054e-02 -1.881476185917268229e-01 -7.799420397734964094e-01
9.955088590949170632e-03 -1.271700317484086851e-01 -8.283847099463662600e-01
2.074006013789878380e-02 -4.209114528763008289e-01 -2.382336989174848041e-01
-3.986337413566129473e-02 -3.317122319210434878e-01 -2.182531128191370073e-01
-6.624418552407433936e-01 1.369574076573978338e-01 8.488718597327579163e-01
-2.536627737554933426e-01 -1.695146570993124602e-01 3.527726658625860434e-01
-3.186229860018821580e-01 -1.625845015022599482e-01 3.469914553418327330e-01
-3.791112081009215817e-01 -1.446491711636992694e-01 3.574886238147249040e-01
-4.530360039521416082e-01 -9.938334151882416423e-02 4.236346417828826261e-01
-1.964200791530722467e-01 -1.651675075291125783e-01 3.747255789588088137e-01
-3.453269005368851952e-01 -2.205903820131163984e-01 6.214897007163359133e-01
-2.711387276893706400e-01 -2.199274139398073036e-01 6.076373633201048730e-01
-4.109529093456908422e-01 -1.969842287490240762e-01 6.076625052209482236e-01
-4.525417031503688459e-01 -1.667106120920741064e-01 5.731664772962576926e-01
-5.075614732761505321e-01 -5.907233624283327045e-02 3.709877570363805388e-01
-2.276510828688537713e-01 -2.638071023102502716e-02 -9.072161992423726229e-01
-4.477469675090296475e-01 -9.623863108468186378e-02 4.799136445271519613e-01
-6.834251952154861698e-01 2.119960922928562641e-01 4.608340738514937751e-01
-5.769120365421651631e-01 -3.876252595933304609e-03 4.502651708675219355e-01
-2.968013414027133035e-01 -1.776715433092216634e-01 -4.441356121632737686e-02
-8.131771577389812489e-02 -2.742845275934756577e-01 -4.190449059373634322e-01
-7.008060680764953421e-02 -2.456898903614489482e-01 -4.773889590313745712e-01
-1.403861646723429946e-01 -2.254922774820410925e-01 -4.414116097025298502e-01
-1.699244477894142624e-01 -1.777366635435045916e-01 -4.819795769359027648e-01
-1.182892683284700319e-01 -2.098595610710145554e-01 -4.857819735922733750e-01
-1.482118273297057254e-01 -1.602310190402548296e-01 -5.149282955668800232e-01
-2.782869091038087106e-01 -5.909152593863928327e-02 -6.306993407386221051e-01
-3.217824122283524657e-02 -4.532925723888796554e-01 -1.931218981987632421e-01
-4.168485822685114028e-02 -4.840590213548224829e-01 -1.038638804365946133e-01
-5.369547152548916902e-01 -1.576927040241675737e-01 6.671658299952933913e-01
-1.666892793294869890e-01 -2.182444331470707044e-01 1.790385519579927309e-01
-1.787537083550979899e-01 -3.015207505259056564e-01 -1.333151492235296054e-01
-1.837465424414794490e-01 -2.894333952389056552e-01 -7.917735967162545241e-02
-4.831777534695270715e-01 -9.790707486355781919e-02 -7.506633328780017503e-03
-3.762916400701683817e-02 -4.635925207740064780e-01 1.814303639372311788e-02
-3.922857744410070957e-01 -2.753469537840209647e-01 7.519607963356069735e-01
-4.778384592410043208e-01 -2.227959187251349615e-01 7.272995952767576933e-01
-5.991928491310303251e-01 -3.900753972348064771e-03 9.859979343875924229e-01
-1.136797015258652760e-01 -3.229734106647331182e-01 6.435072345871659660e-01
-2.054277748866209508e-01 -1.984399776589074738e-01 5.639993869543972194e-01
-3.088772210887843483e-01 -6.164169551889539522e-02 -5.291015077149726631e-01
-6.048381561074525070e-01 4.840358127203034933e-01 -3.648045613255987973e-01
-1.309173493525492837e-01 -2.694254449659765349e-01 -1.849224634505028386e-01
-8.041097035057215292e-02 -2.686701758907628079e-01 -2.131692715127090354e-01
-2.152825394476982346e-01 -7.292296081899127258e-02 -5.586147470710841612e-01
-2.049913124163482148e-01 -8.769432135327241695e-02 -5.669947927495344597e-01
-5.093334174947212745e-01 -2.006183608754907866e-01 7.919849295129642863e-01
-1.825815026647432671e-01 -2.610528885560016166e-01 -1.669722731366868884e-01
-2.744562179036064142e-01 -3.102540524295931967e-01 7.331333009852931681e-01
-2.841725245925940113e-01 -3.319019087032621940e-01 8.053488257077581203e-01
-3.441663267955824557e-01 -2.669358012901013044e-01 1.144806492525688668e+00
-5.532764074442121371e-01 -1.167287532369819802e-01 8.768554422872887333e-01
-3.066475799492443532e-01 -3.027263115179771313e-01 9.668109234589863377e-01
-5.714140491879076134e-01 -1.100457331540312111e-01 7.202920795299596612e-01
-6.161362134526854328e-01 7.228212228952439825e-03 7.678261487502388016e-01
-7.716265271788452784e-02 -2.668923267021562351e-01 -4.502011232770725679e-01
-1.294601113072728626e-01 -2.202568680459574546e-01 -4.637183102225460596e-01
-1.600229787431372286e-01 -1.740139286437810406e-01 -4.970579007125265347e-01
-1.159546374038773198e-01 -2.528588712839050512e-01 -1.999917556566545018e-01
-2.096262370848340773e-01 -8.066348970629663717e-02 -5.630076449356831159e-01
-2.043781921477872687e-01 -1.095083360964206054e-01 -6.054651758159601549e-01
-1.992961121387013812e-01 -8.875524539207707564e-02 -5.697363587437462851e-01
-1.021350966945293176e-01 -3.625566973502021284e-01 -1.711153787895909606e-01
-1.397007969374909064e-01 -1.471678237531653388e-01 -5.285176675698723958e-01
-1.078454250947537829e-01 -1.830514615483314900e-01 -5.058186243358375744e-01
-6.314483162585581011e-02 -2.160934531797852609e-01 -4.979483078725518430e-01
-7.862238425154796650e-02 -1.227557930708368800e-01 -8.191053879069261079e-01
-9.664368299369011095e-02 -1.852660938677485603e-01 -7.652213381292762850e-01
-9.356375345145850897e-02 -1.958504127661902794e-01 -7.286663636439770775e-01
-8.615014107636240204e-02 -1.854156155371814718e-01 -6.873414053578712490e-01
-7.714997363966120958e-02 -1.821387215860609810e-01 -6.503659561937883415e-01
-1.614879748302849860e-01 -1.370812051831995504e-01 -6.110329332003415770e-01
-1.764341747715436060e-01 -1.430687521472467916e-01 -6.271122245221945057e-01
-1.919857217264989147e-01 -1.490480037517609158e-01 -6.462685973884372270e-01
-2.034179003187002732e-01 -1.349953530070207020e-01 -6.675125807427775282e-01
-2.401090207638178764e-01 -1.622387291081745508e-01 -3.711995980425301656e-01
-6.765215380953384372e-01 5.139465939089062907e-01 1.050398248517058208e-01
2.471668453120119680e-02 -3.333751924817396350e-01 -2.436047860496136641e-01
-1.797369632969421649e-01 -1.081599377630471093e-01 -5.915492940110911313e-01
-1.921599046761290064e-01 -1.119819093365225782e-01 -5.986644025027748617e-01
-5.889645116617289733e-02 -2.689572167341914843e-01 -2.471647268046325285e-01
-1.591171545437810586e-01 -2.078701809981680915e-01 -2.147779489620799953e-01
-6.932870164020482617e-02 -2.698082588511105384e-01 -2.306903765511550963e-01
-2.326140212484353320e-01 -1.892395873831907160e-01 1.333381102804875318e-01
-3.362770454288448452e-01 -1.613325229024195062e-01 8.106042636369759080e-02
-1.941471201927935653e-01 -2.488455888427090201e-01 -1.133528659220202350e-01
-4.987468293676045605e-01 -1.456228264353278123e-01 1.087865255315024759e+00
-4.548113423576418679e-01 -2.172234378998476045e-01 9.478390557957943052e-01
-4.122519897325693794e-01 -2.736506642056925065e-01 8.251606352676019718e-01
-2.382756783145754953e-01 -8.248788287530559038e-02 -7.105294461228932601e-01
-1.315542342353920868e-01 -3.613100672403510849e-01 7.652912570858890762e-01
-1.529976205201334372e-01 -3.501373566229498691e-01 9.548784803931182896e-01
-1.771059199215767599e-01 -3.362523333661130986e-01 1.163211441376860167e+00
-4.277185850042340975e-01 -1.195070738801237431e-01 3.822755971822249799e-01
-5.784287021753604652e-01 -1.430275394962831487e-02 3.102641456696728639e-01
-1.583414105576592124e-01 -1.605173225679693005e-01 3.962316221692132601e-01
-5.104689218904577830e-01 -1.098020402431719444e-01 5.425503598027309193e-01
-1.225496498398619682e-01 -2.486805837202281655e-01 2.326823887963758164e-01
-1.417016324379845593e-01 -3.679126540251457245e-01 -1.111658706319177958e-01
-6.349176788644652625e-01 6.163838260291499421e-02 2.587181174511581361e-01
-5.387748926561436447e-01 -6.317185903503373667e-02 2.335448621270420633e-01
-4.600954363882074349e-01 -1.174799813012819272e-01 1.860460893364218604e-01
-3.381316410765038416e-01 -1.489344810299307320e-01 1.904533557268344446e-01
-2.474911669019428939e-01 -1.689927859721304104e-01 2.240770414047388304e-01
-1.796625316790178561e-01 -1.914313984796438550e-01 2.623185208474079211e-01
-3.746498322311193896e-02 -3.289321142343042403e-01 3.390905434073673286e-01
-6.229454883573395385e-01 6.821023555201016775e-02 6.365746219853748999e-02
-5.613563587503879182e-01 -8.141626879915785098e-02 5.670136429239742704e-01
-1.278226095286656358e-02 -4.171785158339422761e-01 -2.329733136274456662e-01
-1.619545076572344033e-01 -2.325670981028147843e-01 8.027153084090032920e-02
-7.007103005685076935e-01 4.130693933111667659e-01 5.037044559338856864e-01
-1.268216062601474348e-01 -2.073021699580348265e-01 3.060579461519630229e-01
-1.980328985291496813e-01 -1.868937278378535738e-01 -1.081475229829308993e-01
-4.730787968646024688e-01 -8.394327825359260142e-02 4.802294998996918252e-01
-1.450993773089593597e-01 -3.522694121653034971e-01 -4.553906544865152228e-02
-6.485651685833820901e-01 5.152446619944197614e-01 -1.216809426449604881e-01
-1.547545439728630901e-01 -1.500412837046148085e-01 4.272699880902451897e-01
-9.390206458047996307e-02 -4.210965263049496476e-01 -4.409796916504844788e-03
-4.844733205751979299e-01 1.844892739076297306e-01 -6.430209131020341307e-01
-4.783476468275552618e-01 3.085349860705543512e-01 -7.267739642637733866e-01
-6.722526632395021684e-01 2.928639209470119686e-01 7.987317550407246891e-02
-5.573469307796647954e-01 2.467755071224365659e-01 -5.040651034560208466e-01
-6.523521879895202158e-01 1.254471540819374065e-01 6.302219105683313227e-01
-2.350204746811362377e-01 2.136321863475233382e-02 -9.722728114852796644e-01
-1.497429843078079562e-03 -3.285342087284395252e-01 -2.386277464685726823e-01
-2.192066107076353076e-01 -1.995181083861090332e-01 2.004065015444252140e-02
-6.312315918591229202e-01 6.037927685207453155e-02 4.465358680201901298e-01
-3.688345032857461847e-01 -1.454994745366562370e-01 4.035343370889123982e-01
-3.154409059819880401e-01 -1.607096002801636225e-01 3.925210901656595031e-01
-2.144185514664514458e-01 -9.749642225596855116e-02 -6.120771262391002665e-01
-6.077014207445380345e-01 1.126895032803895275e-01 -1.170745621165517614e-01
-1.146055851051408225e-01 5.080764932745758522e-02 -1.087083639567033799e+00
-3.039684509986936289e-01 1.653816573694121272e-01 -9.520562095963197580e-01
-3.851569695878751531e-01 2.292715955326460886e-01 -8.613403160972474826e-01
2.142844925706460790e-02 -3.662883271644347127e-01 9.382329113141648635e-01
1.886383771365337733e-02 3.143195362457736064e-02 -1.106640944654310399e+00
-2.607381648248412453e-01 -1.649700194422459298e-01 3.981373168918774796e-01
-2.070911795573744663e-01 -1.597534518674341153e-01 4.124952704473402454e-01
-1.715006137358536242e-01 -1.494708816590561429e-01 4.206376110009176772e-01
-6.051745378962989363e-01 -2.087288378764792091e-02 6.035942000310109412e-01
-2.192030825396429350e-01 -1.799556226977295781e-01 5.004250611696327011e-01
-2.783776352027214074e-01 -1.921005296818511510e-01 5.326337813067810734e-01
-3.349444400026461710e-01 -1.890550210255115826e-01 5.404923846722136105e-01
-3.882226349508044461e-01 -1.715172273876660047e-01 5.290836373584691943e-01
-4.198114990429019366e-01 -1.485389987055149852e-01 5.085160009826471539e-01
-6.928423370775723678e-01 2.866318364617752024e-01 6.983449095615417157e-01
-4.037608654308217360e-01 -1.276290803532977858e-01 4.239228511873525118e-01
2.577283416876987449e-02 -2.741731330703868208e-01 -3.181207238723962050e-01
-1.837282371951395321e-01 -1.989777875450294831e-01 -3.310263492603008340e-01
-1.305884242993415323e-01 -2.950563540767404125e-01 -1.738062290495682449e-01
-6.399859446988921674e-02 -2.649324100595204512e-01 -3.186338263345015465e-01
2.306314476337349706e-02 -3.249655602037420099e-01 4.835819892233923500e-01
-4.027767812659404645e-01 1.378254003494294722e-01 -7.720684408846993918e-01
-3.242568118033812841e-01 8.427771882111009805e-02 -8.746828907612038684e-01
-1.222012070929938410e-01 -3.512357043416888119e-02 -1.042274794905912128e+00
-5.464031789121511773e-01 4.051280677448447221e-01 -5.697420250687674770e-01
-1.753600424631524268e-01 -1.628771756909978552e-01 4.552121791161465314e-01
-8.022246406679665875e-02 -3.302435208789787913e-01 1.882269437592782868e-01
1.387127717194220136e-02 -5.243631749538569392e-02 -1.060398776390712339e+00
-2.171231902911516798e-01 9.694709692823159919e-02 -1.031885823495306109e+00
-6.496625032629473884e-01 3.094756672509493267e-01 -1.236105937055121118e-01
-1.265766327513411227e-01 -1.618483538592769277e-01 -6.281657688521926630e-01
-1.409548504778650457e-01 -1.677067656847812116e-01 -6.560357974565850236e-01
-1.523439487183930741e-01 -1.753639818077881718e-01 -6.917245412055516018e-01
-1.594566821355841713e-01 -1.634305264654831724e-01 -7.274943784797487378e-01
-1.690608848996429103e-01 -1.102217367593737174e-01 -7.782085811900004702e-01
-1.712133417515324108e-01 -1.236653080323194820e-01 -5.501454753784102980e-01
-1.806312379988107009e-01 -1.266477046251131833e-01 -5.431015586143490559e-01
-1.888269866912544170e-01 -1.292490604635555540e-01 -5.346967642151890798e-01
-2.794777922819602356e-01 -1.184576746784143930e-01 -4.433179475206805442e-01
-5.299598914647629666e-01 -5.644469560515705947e-03 -1.899942878243026656e-01
-7.889145896996152540e-02 -2.848559173346187356e-01 2.928859776729281217e-01
-1.106379592260746114e-01 -2.005265391869793246e-01 4.895330338230655109e-01
-1.498236984582977382e-01 -1.774014970333464558e-01 4.841537064553396719e-01
-1.617706596618856962e-01 -1.156947200194986258e-01 -5.566926669440686037e-01
-5.341117561922433810e-01 1.143604332893732867e-01 -3.941668983391406478e-01
-5.888428269008227911e-02 -2.811235026550469307e-01 4.811440138320518534e-01
-2.016394598992153619e-01 -6.480184755800830199e-02 -8.350975205367014986e-01
2.128669915325539369e-02 -4.401417855429979875e-01 1.354381366998161362e-01
-3.622657392759675438e-02 -3.786862499426453255e-01 2.272012458502477850e-01
2.220015598893741726e-02 -3.960486772558045043e-01 2.407235674827501171e-01
-1.253056700794060729e-01 -3.094279251951158605e-01 4.424245063410824075e-02
1.210320438846466083e-02 -9.808810541048174070e-02 -9.909467147305572876e-01
1.139243550310710743e-02 -1.116636247062473275e-01 -8.998910124750271189e-01
-9.717805321004620300e-02 -9.686359751537633456e-02 -8.884046754294543380e-01
-3.400009783959729304e-01 -1.423924401494287492e-02 -6.413406506858619904e-01
-2.542267447100279298e-01 -1.620936842081250606e-01 -1.724824269655406139e-01
-2.827360421448606997e-01 -3.492399120325959117e-02 -7.531485640956514516e-01
-3.975895785746187405e-01 -1.374484333665195179e-01 -1.403709474070221619e-01
-3.139281538738666333e-01 -1.389840647635223747e-01 -2.546450616474353890e-01
-4.506413157527323632e-01 -6.836245292636650150e-02 -2.747164091279585829e-01
-1.161325499141412365e-01 -7.897830073465292311e-02 -9.748328152138124869e-01
-1.628328875062829417e-01 -2.574816806546261216e-01 8.750749828278251916e-04
-3.897102318712979963e-01 5.501811482082188953e-02 -6.928315244403646656e-01
-3.123119862413613612e-01 2.357296975320485877e-02 -8.088662168288474064e-01
-3.804441520047920910e-01 -2.496980126112843812e-02 -5.192202163842913887e-01
-5.893004020045480296e-01 1.550287436616913928e-01 -2.700400531991753450e-01
-4.620344560776933340e-01 4.458894782028316461e-02 -5.114223529539687618e-01
-6.166033012118837808e-01 3.066055841923353009e-01 -3.164201586846931424e-01
-3.618407530638763081e-01 -9.788092811896559331e-02 -3.625008389539831066e-01
-1.199191251959974974e-01 -2.787482565965576087e-01 1.359795392886270216e-01
-1.218370194525330436e-01 -3.768064225419219815e-01 -1.566871559097217648e-01
-1.587699415442823392e-01 -3.034259861338550746e-01 -1.660608332611894222e-01
-9.541110817986910020e-02 -4.287317795762334294e-01 -1.041847129102154573e-01
-1.627537046980481183e-01 -2.303556066768849275e-01 5.798752628307071166e-01
-2.694153739363156497e-01 -2.460238881087238594e-01 6.497159312699352096e-01
-3.613277527406675294e-01 -2.411945853531300421e-01 6.659644251929378589e-01
-4.360018302433401050e-01 -2.127844964147058704e-01 6.495564485258862319e-01
-4.862985594832744396e-01 -1.695443711217295424e-01 6.095854103971827254e-01
-5.175160280687272074e-01 -5.432890046183976723e-02 4.654274907784657356e-01
-6.873152311722885432e-01 2.542538386583240717e-01 2.735703498647645837e-01
-4.751330540697059068e-01 -8.687687919279628301e-02 3.245368686677650993e-01
-4.133743937577009087e-01 -1.214098431633247321e-01 2.879158524437098743e-01
-3.296912509372799116e-01 -1.481569740345387021e-01 2.808461381288372971e-01
-2.485790931335283838e-01 -1.643690697143226354e-01 2.977548805721103586e-01
-1.842032094513332274e-01 -1.696786499204282483e-01 3.253821508729246581e-01
-1.395469489827680931e-01 -1.778589381560087279e-01 3.509264000787226667e-01
-6.913398436634854427e-01 4.829002042541236106e-01 3.104854228386148551e-01
-1.583602538375763480e-01 -2.689386394642050426e-01 -1.849671156805379746e-01
-8.091932934904549901e-02 -3.679264391878501739e-01 9.490273554199714356e-02
-7.869984371968985482e-02 -4.244442806202516905e-01 -1.731279110738838112e-01
-4.668730173280689205e-02 -3.916830723388881053e-01 -2.127080435954551429e-01
-7.888069582456691542e-02 -3.916464361712633790e-01 -1.822348297076001877e-01
-1.408347739148223532e-01 -2.433025824912597446e-01 -2.089586972556208566e-01
-3.368741135989498231e-02 -4.077605851151435701e-01 -2.246956269790378324e-01
-2.396660704076975998e-02 -3.292414744658290759e-01 -2.319582814626012235e-01
-1.339965899196610133e-01 -1.576737084867906868e-01 4.229937767016017647e-01
-1.042784670055185992e-01 -1.915319140504657680e-01 3.962839484996448225e-01
-8.713786686013402782e-02 -2.324354691518065452e-01 3.719760163343404091e-01
-4.361842231304416950e-01 -1.253108209069392909e-01 4.929314603413804674e-01
-4.762442632326842062e-01 -1.262022713530230322e-01 5.334848512429865020e-01
7.513707139605715901e-02 -4.170126346367662440e-01 1.228119474757351504e-01
4.564375747268044070e-01 -1.222965298382794608e-01 4.135311555707185116e-01
8.581866757972017590e-02 -3.356740577931670577e-01 -2.238766396881925469e-01
6.715336910818578975e-01 1.176445435761779845e-01 7.782539246573424441e-01
2.785290040303454173e-01 -1.721076968191055656e-01 3.352458005274052688e-01
3.401074746993958953e-01 -1.675007728545275243e-01 3.259388531084682628e-01
3.986935825337645789e-01 -1.518897459969452968e-01 3.290796055445646129e-01
4.763092887085950133e-01 -1.088529741840381371e-01 3.849497504539890480e-01
2.275937061573534703e-01 -1.673311826023351490e-01 3.586282068812526869e-01
3.730334698002646387e-01 -2.285383470854495391e-01 5.972290275878102683e-01
3.003254601896696574e-01 -2.262829396444241969e-01 5.856738761258919457e-01
4.386217257228730571e-01 -2.082693941386392356e-01 5.798758071182432694e-01
4.791098502081954091e-01 -1.802313557253900078e-01 5.398612980065637945e-01
5.219757515054191943e-01 -7.121879145257169197e-02 3.228265075419763930e-01
2.440062734943832801e-01 -3.607629995699988823e-02 -9.166334379750724626e-01
4.785651725267332512e-01 -1.065344318887688352e-01 4.443930629803760635e-01
7.051858039970644310e-01 1.941230482618073738e-01 3.927717684168738899e-01
5.871007306857323194e-01 -1.897550164255724925e-02 3.939089859066398636e-01
3.276268111713884768e-01 -1.859285580335485466e-01 -7.311850157002580675e-02
6.082397906114996033e-02 -2.766892700779138847e-01 -4.272163571609821631e-01
5.491168364555665260e-02 -2.437427034354784361e-01 -4.883477988599426167e-01
1.257518051778426238e-01 -2.217405939171751550e-01 -4.576335199024658129e-01
1.642179536967723341e-01 -1.662985967030128909e-01 -4.951105716525699973e-01
1.066990546487605607e-01 -2.017536272920217311e-01 -4.990091760411651256e-01
1.442895782619066647e-01 -1.485327934358693369e-01 -5.217913660971975620e-01
2.575772808356001642e-01 -6.356625616657235467e-02 -6.668575117609844005e-01
7.378969827935848158e-02 -4.564453181138281579e-01 -1.980470243816907505e-01
8.182038177131115142e-02 -4.875636980008586363e-01 -1.096996414255505814e-01
5.535316264824481358e-01 -1.723310879114861582e-01 6.232807807426055113e-01
2.038528870381581815e-01 -2.201781669426101928e-01 1.620311894856265589e-01
2.174387603548784687e-01 -3.082450544801349501e-01 -1.492854999587861498e-01
2.211151858368997913e-01 -2.961443280433155856e-01 -9.573504468516610966e-02
5.058614620016275154e-01 -1.090402499365469846e-01 -5.344430920463000972e-02
7.866176332422743223e-02 -4.642573645821977957e-01 1.324696908831849568e-02
4.228651954308693117e-01 -2.893908488080098040e-01 7.188533015547231564e-01
5.019749988731716517e-01 -2.378916544144071277e-01 6.903573431150553663e-01
6.122998890153621421e-01 -2.280060707809574913e-02 9.197656761554818816e-01
1.579123436467840813e-01 -3.264868705137883298e-01 6.255800919802332327e-01
2.387034903354975091e-01 -2.015863889424732158e-01 5.424828618681863945e-01
3.027924717870645877e-01 -6.177636307799590221e-02 -5.748773006084408888e-01
6.453737992097865472e-01 4.648279452691738145e-01 -4.148617919720226643e-01
1.732015180974987301e-01 -2.766261972902514521e-01 -1.969336458646693266e-01
1.271454145012956838e-01 -2.775938327338096645e-01 -2.220248594840003586e-01
2.012278325534027634e-01 -5.961457754422530564e-02 -5.969170957217608819e-01
1.872122827076989904e-01 -7.737801871362810779e-02 -6.010723935292056064e-01
5.309624866460000980e-01 -2.163036727891158306e-01 7.467464615044118181e-01
2.196926791174259042e-01 -2.689097586447941057e-01 -1.829468346084290320e-01
3.129888738876132614e-01 -3.223116930813454406e-01 7.049012577187154793e-01
3.227949776623824096e-01 -3.446150144887951683e-01 7.718532327218088351e-01
3.721878408777280489e-01 -2.796434585124055738e-01 1.102272566529017617e+00
5.722737907824136938e-01 -1.325290655630181058e-01 8.213899913247197926e-01
3.397164286368440922e-01 -3.134376211279651381e-01 9.318874791237277133e-01
5.867520821862284297e-01 -1.248220915186321056e-01 6.644363866653164585e-01
6.334379920046586676e-01 -8.731337930422409729e-03 7.068277568109524456e-01
5.852368891355939906e-02 -2.672921262691514421e-01 -4.600533414654260911e-01
1.161325939388861833e-01 -2.143670724493627611e-01 -4.792685999604001101e-01
1.545886377443578819e-01 -1.626139372053794774e-01 -5.074021415881240227e-01
1.601152697700216065e-01 -2.611182287215177422e-01 -2.108073142181387527e-01
1.936990856654281778e-01 -6.942051488745848431e-02 -5.995043120669454328e-01
1.762425861826071583e-01 -1.018529237204113397e-01 -6.370200912692988160e-01
1.807132069838128796e-01 -7.865547208082127040e-02 -6.009925071684228959e-01
1.422181443226464004e-01 -3.647542804995189680e-01 -1.816108601871757600e-01
1.363928578302298633e-01 -1.357969652812803241e-01 -5.323771208637839703e-01
9.911843227161866443e-02 -1.729168296352086021e-01 -5.140303310184044516e-01
5.147962009212107143e-02 -2.110118286650703445e-01 -5.079552061351143566e-01
9.274593503902398006e-02 -1.244799154118072099e-01 -8.260308998915677492e-01
5.698836821982139478e-02 -1.829476473501713829e-01 -7.751584660228361123e-01
5.307393573026700229e-02 -1.920985102664242716e-01 -7.396863359578931263e-01
4.916139398379390513e-02 -1.809555060305186036e-01 -7.003333800944911980e-01
4.266935587620961090e-02 -1.771539087810854729e-01 -6.640715263946550539e-01
1.320139967019789418e-01 -1.290621345800814224e-01 -6.394768132490074031e-01
1.445910906118776929e-01 -1.372546536305792042e-01 -6.564193776582041284e-01
1.574725531547600810e-01 -1.445024508035895883e-01 -6.762400226613740628e-01
1.698682345329690646e-01 -1.311328321802150976e-01 -6.958711925185526725e-01
2.657542934389427458e-01 -1.667494962968578132e-01 -4.007778024695214381e-01
7.117852347834860982e-01 4.933437006059530061e-01 3.876146586604656274e-02
1.553275292783082018e-01 -9.726926570845770281e-02 -6.197853337651280103e-01
1.656838626186501462e-01 -1.031838451528959699e-01 -6.290231323158337329e-01
1.082374291405040767e-01 -2.741761553276584884e-01 -2.539793908044826187e-01
2.016920199810151304e-01 -2.182526441653496185e-01 -2.290075257355529970e-01
1.174516860225825188e-01 -2.772952724251074308e-01 -2.388703903884385471e-01
2.668272766290686882e-01 -1.923954368883057375e-01 1.102571552714501080e-01
3.661533338000666493e-01 -1.684152084963086438e-01 4.787303970579770418e-02
2.317598026510816478e-01 -2.562896064767328785e-01 -1.308463825059769658e-01
5.184688418416663058e-01 -1.637046129625356894e-01 1.029738672753187423e+00
4.798511525430069202e-01 -2.323432306333211850e-01 8.996277864618587028e-01
4.428140825049499130e-01 -2.883054831034062016e-01 7.858407366050579324e-01
2.307422420525773732e-01 -8.468822105997729499e-02 -7.268368238294344863e-01
1.780198047523210980e-01 -3.668748962582624729e-01 7.378955238886768520e-01
1.909152438778166649e-01 -3.564026981853808396e-01 9.356590758208358505e-01
2.117385062558403419e-01 -3.449184369361429359e-01 1.139378056229914504e+00
4.481197325998740877e-01 -1.285096038993544521e-01 3.473622080995214523e-01
5.853174129635907441e-01 -3.032018815367405057e-02 2.551107517637225541e-01
1.941860937953427402e-01 -1.601547400379132458e-01 3.811802863683592113e-01
5.315090698359139498e-01 -1.232207721152707713e-01 5.012217017364429816e-01
1.619734883078265131e-01 -2.493894328642234925e-01 2.198556258997134694e-01
1.804611779087947898e-01 -3.734581004492758538e-01 -1.254915167005761778e-01
6.578771501977956904e-01 4.492561269949384845e-02 1.965993755889399730e-01
5.453085834009849808e-01 -7.666015323349203991e-02 1.841985497506477276e-01
4.685925154038664275e-01 -1.284746199551258239e-01 1.453171562205285705e-01
3.534331121314095991e-01 -1.553663759404593225e-01 1.622317938204337895e-01
2.685712336922567722e-01 -1.728208333571170097e-01 2.047300214971504717e-01
2.055252088929937770e-01 -1.941415078749322287e-01 2.479290869775497286e-01
8.206409332491387820e-02 -3.293409648914506493e-01 3.333598758811275875e-01
6.482601681368478364e-01 5.335390725756047892e-02 4.495327930932904031e-03
5.745060939334634131e-01 -9.574691307154298281e-02 5.152758023360146655e-01
5.313531715327086263e-02 -4.178980686501209130e-01 -2.355678424821488759e-01
2.003623081773070469e-01 -2.348410247041040066e-01 6.429042226969255980e-02
7.233506587833341550e-01 3.947477659314483356e-01 4.318203558379861140e-01
1.589137478852390983e-01 -2.083510928135016704e-01 2.958716875946587610e-01
2.391222109309518729e-01 -1.944535944310208375e-01 -1.262874535355235084e-01
5.006662718497568720e-01 -9.453751443212665695e-02 4.409808235985159808e-01
1.824570938043524881e-01 -3.578786038018537674e-01 -5.966245590335558791e-02
6.884972418836718955e-01 4.937453460592668431e-01 -1.803911504731984250e-01
1.942053572948456153e-01 -1.481176431491549317e-01 4.121528296719775830e-01
1.316691751006640043e-01 -4.241237837631514074e-01 -1.428887477126673106e-02
5.107175683224541851e-01 1.663635118181873151e-01 -6.751586201971041534e-01
5.113424784212381446e-01 2.891994940764717192e-01 -7.552709027045929613e-01
7.078696531040044038e-01 2.748510004120875982e-01 1.648567937649823151e-02
5.870003937563276208e-01 2.281396789890912657e-01 -5.463027228884683728e-01
6.723827737384628911e-01 1.087803824655012991e-01 5.647662360768569423e-01
2.586302556473977221e-01 1.066676881942661692e-02 -9.805588416611052960e-01
5.150966017238095551e-02 -3.303579379297340024e-01 -2.410692730750979840e-01
2.543957394908292202e-01 -2.048547527669412616e-01 -1.422702125655327804e-03
6.349574563533924021e-01 4.476983174963747314e-02 3.789710789328551432e-01
3.963311093366150839e-01 -1.528972835907288219e-01 3.770802316861165959e-01
3.434044806977770703e-01 -1.658623035482773844e-01 3.709010818558459155e-01
1.863409806214839648e-01 -9.005344578843446635e-02 -6.453107614302340256e-01
6.351636085489997807e-01 9.740509999275673292e-02 -1.715618281948612101e-01
1.495071458667756592e-01 4.514806954334208561e-02 -1.089513996502772031e+00
3.377544694973652617e-01 1.519929709625967573e-01 -9.622151943565613319e-01
4.189400266619902613e-01 2.132576579820938401e-01 -8.782654589943337253e-01
2.909241578665872074e-01 -1.684511154211935646e-01 3.789268748800055375e-01
2.417165904613750582e-01 -1.604145144322915439e-01 3.949183242283245132e-01
2.100305752118155622e-01 -1.480658371381270433e-01 4.039295997319071185e-01
6.136575637871273248e-01 -3.513308191648362167e-02 5.387784375379929269e-01
2.512691871781574937e-01 -1.810860655866414204e-01 4.761294083521384612e-01
3.052450661817275868e-01 -1.965083280132369492e-01 5.049058913714574715e-01
3.610262655753408989e-01 -1.959871416781547859e-01 5.112826817943102453e-01
4.149679347474907187e-01 -1.808830396158373210e-01 4.976736497325149888e-01
4.470370465165304230e-01 -1.588121306923435672e-01 4.748936126815629377e-01
7.082515884542719409e-01 2.673175877725211258e-01 6.263350005622321248e-01
4.322041518993010034e-01 -1.362703825398872970e-01 3.934734347373342600e-01
2.193358693968963657e-01 -2.046224632889861450e-01 -3.524937062693308532e-01
1.722959848729793686e-01 -3.020135700727333283e-01 -1.863312898376477955e-01
1.118970370828198113e-01 -2.644537293625107699e-01 -3.263510126670106093e-01
4.278943461811275384e-01 1.208085883248383868e-01 -7.943824210670045183e-01
3.468403506609384901e-01 6.923481466192565881e-02 -8.880549121656855505e-01
1.475834755377462004e-01 -4.135912048912095823e-02 -1.047159944804413989e+00
5.842172200213482380e-01 3.861053323492157352e-01 -6.092754898198380342e-01
2.121662035825159776e-01 -1.610568791954676837e-01 4.369970990875415850e-01
1.218258841375190193e-01 -3.316997163924056413e-01 1.789676463391444983e-01
2.506499267049570046e-01 8.724090949693449892e-02 -1.036615176377899683e+00
6.857580139373576911e-01 2.911309801045597334e-01 -1.818641978269940063e-01
9.321408558786654919e-02 -1.551563995872788371e-01 -6.529444255945209274e-01
1.052979577737519212e-01 -1.621153451093822750e-01 -6.809510393082018886e-01
1.150455356618829694e-01 -1.701016700333024545e-01 -7.144005563537545456e-01
1.239722071176218299e-01 -1.587758827376520854e-01 -7.458556220272716253e-01
1.734092768083748681e-01 -1.099693080442306486e-01 -7.888008283729517345e-01
1.679202716776454773e-01 -1.101470079590629314e-01 -5.603397445605943217e-01
1.768999645393591613e-01 -1.109584952015334608e-01 -5.562627333946004171e-01
1.854504528825604570e-01 -1.127079322954352703e-01 -5.487089461568430693e-01
2.938780391254754432e-01 -1.161153175552487732e-01 -4.774038929568992229e-01
5.513923963086535540e-01 -2.066312644413448307e-02 -2.378461565969997582e-01
1.215296371204343390e-01 -2.855386550581131555e-01 2.831211336479516616e-01
1.525023223037803577e-01 -2.023933122245867855e-01 4.742358638056032305e-01
1.870382040841253590e-01 -1.761108127930828549e-01 4.670535133503958547e-01
1.587598139644145478e-01 -1.012177313771652487e-01 -5.657859510785501200e-01
5.583474223225125543e-01 9.582957160815068487e-02 -4.410517497774066320e-01
9.860302092110911909e-02 -2.813848550486117150e-01 4.715783310624525604e-01
2.110619167151840947e-01 -7.093394675760350543e-02 -8.437145286480998152e-01
7.914557638612412793e-02 -3.801824313599860838e-01 2.219615144383210448e-01
1.642752531966508167e-01 -3.135046414330361908e-01 3.095298902809493630e-02
1.147488388019128336e-01 -1.018479849625127664e-01 -8.939239884505136846e-01
3.296034744272768879e-01 -2.496631347243501164e-02 -6.784229666669825409e-01
2.878797508323213128e-01 -1.714400840689457306e-01 -1.959491208298314580e-01
2.842426929690666793e-01 -4.365159771948430578e-02 -7.693184509583724795e-01
4.203488902569468277e-01 -1.497938361667814355e-01 -1.772371437410357742e-01
3.389219539014569627e-01 -1.499333536396224575e-01 -2.862706697696515978e-01
4.692233426310161715e-01 -8.535344741564651616e-02 -3.209439973738830165e-01
1.369176388644082198e-01 -8.449080727966520876e-02 -9.812340644065626893e-01
2.007558701064863782e-01 -2.626404875044989762e-01 -1.462660012670199787e-02
4.008867729591332196e-01 4.017004091407601341e-02 -7.159089413327858198e-01
3.261561738238316077e-01 1.037733997295998273e-02 -8.223922498682121329e-01
3.774788012794535463e-01 -3.433262291154962065e-02 -5.705630292677761339e-01
6.170605530450390397e-01 1.380044776905708093e-01 -3.199253413258338896e-01
4.711327424431662747e-01 2.555005164263218428e-02 -5.567042667287062097e-01
6.517516550915705142e-01 2.896749034113113019e-01 -3.682741944802672140e-01
3.723658356591216800e-01 -1.082368079023118823e-01 -4.090816700178416254e-01
1.599721685093943024e-01 -2.799489055624831413e-01 1.231533237123497854e-01
1.603525258604754367e-01 -3.808771375335658904e-01 -1.688159838704652027e-01
1.977890827680534591e-01 -3.111788059836839149e-01 -1.806242009373656976e-01
1.354224461657100309e-01 -4.333952733229685106e-01 -1.147337603220805052e-01
2.028255351338348889e-01 -2.337233546765317693e-01 5.628000017565926161e-01
3.050118795849630637e-01 -2.551156048555602851e-01 6.287827103500923664e-01
3.939027770036072074e-01 -2.530974034431897057e-01 6.401376435731660486e-01
4.646504947946186181e-01 -2.261527695983243103e-01 6.189300922294114216e-01
5.106297587132004878e-01 -1.836420074387674906e-01 5.738276801838921859e-01
5.363060087213998850e-01 -6.704260547472259968e-02 4.181847964394134753e-01
7.152695760815152015e-01 2.379836547443359984e-01 2.064927754696481432e-01
4.905493320088206710e-01 -9.751892059321162765e-02 2.807431325485392204e-01
4.289047044682161580e-01 -1.305601096346935552e-01 2.506610185236329835e-01
3.483617800288931199e-01 -1.542735370698970487e-01 2.537351622976860011e-01
2.717860050915234527e-01 -1.677365795254129877e-01 2.785857879316658847e-01
2.133677159819585278e-01 -1.725407236147317447e-01 3.104827676853145757e-01
1.731163360349627367e-01 -1.791192831288944409e-01 3.388582606652151830e-01
7.198796560444664649e-01 4.653101580017068306e-01 2.404536403011531820e-01
1.971691238062971974e-01 -2.772482308020375319e-01 -1.988525485231493750e-01
1.226826037147153992e-01 -3.691063955229340610e-01 8.576977140754921125e-02
1.180666658019541571e-01 -4.286798234705950783e-01 -1.818293693061979743e-01
8.585449947458892450e-02 -3.959825327688213936e-01 -2.185108330813467503e-01
1.180052205977824564e-01 -3.955552658130749855e-01 -1.910947020592146384e-01
1.821503596124942059e-01 -2.525981201859693881e-01 -2.211381324405469750e-01
7.318938868318056179e-02 -4.110633524161811936e-01 -2.292246874553049707e-01
7.152594202635224885e-02 -3.328280012963660273e-01 -2.359278306321409557e-01
1.729465373677834816e-01 -1.573035336964978548e-01 4.086754321749515029e-01
1.416600089877448898e-01 -1.921584392746380210e-01 3.844874173920088678e-01
1.226734930024312165e-01 -2.337839438905787159e-01 3.628733702779295411e-01
4.647367190520533820e-01 -1.359864915541683927e-01 4.579265977507136487e-01
5.022185466721418301e-01 -1.397809245791259425e-01 4.963794282677572167e-01
-3.223721929746836690e-01 -1.531501802905396725e-01 4.769914715813671768e-01
-2.586375203983694027e-01 -1.590894119456209843e-01 4.750083956594609580e-01
-3.215825383629127288e-01 -1.613885269867548211e-01 5.507788638753393640e-01
-3.869675598997300847e-01 -1.471590235301522276e-01 4.785081404466212107e-01
-3.237355247246644363e-01 -1.449143345741673028e-01 4.028858113115523221e-01
3.491518514706378196e-01 -1.594779868018996183e-01 4.481329040338493108e-01
4.115449865498864712e-01 -1.651313921892408887e-01 4.449846930424044000e-01
3.482517964629525120e-01 -1.678567158785724822e-01 5.248715697448332884e-01
2.862629864582775796e-01 -1.538494423451377546e-01 4.517619332578031166e-01
3.502872367720960556e-01 -1.511154545470653476e-01 3.713625338926784814e-01
