-1.293502492177143331e-02 -2.790430364112689854e-01 -4.522574718315631181e-01
2.168739118116547182e-02 -4.582610768727216621e-01 -1.989444781686715569e-01
2.477432816679203675e-02 -2.870100635306550019e-01 -2.575586488556361742e-01
-3.230170238601544341e-02 -4.156689983360635776e-01 1.269631493122441723e-01
2.149176028712551645e-02 -4.912467836791415410e-01 -1.076488382081559475e-01
2.048649961713487969e-02 -4.823163814338570776e-01 2.216526228100131057e-02
2.264655815406182299e-02 -3.545493452945343016e-01 3.527066995976636532e-01
-4.252089277834818493e-01 -1.121434725275889943e-01 4.464370002440349872e-01
2.309658741378785296e-02 -3.393395112063192776e-01 6.039182591085157092e-01
2.214594313268327536e-02 -3.661951190261359956e-01 7.251057994225371672e-01
2.079676525602087989e-02 -3.549380052432413724e-01 1.151342060887954100e+00
-1.161368024236844251e-02 -2.696157064045333063e-01 -4.759269663689286167e-01
-9.481911349305687658e-03 -2.487078722172763046e-01 -4.989526301851056056e-01
-6.502697296909403304e-03 -2.157703915158570573e-01 -5.154668082772825288e-01
-1.423356083856809617e-02 -1.912885492351767969e-01 -6.642160412127668945e-01
-1.501196847925452202e-02 -1.945732473787883388e-01 -7.017246717663203626e-01
-1.684378755436147235e-02 -2.035682508319486272e-01 -7.400247684067360332e-01
-1.661336465684072616e-02 -1.924285838658715275e-01 -7.732990872925524783e-01
1.268800140798801573e-02 -1.305371367502859981e-01 -8.201567154077238353e-01
2.065439423632216970e-02 -4.196968835841730083e-01 -2.379813047112126767e-01
-3.978050029646593155e-02 -3.316960792219589838e-01 -2.187574221576714106e-01
-6.597056684411888305e-01 1.363917111393280202e-01 8.453656320408653446e-01
-2.526150308817646795e-01 -1.688144843016295971e-01 3.624942246672353541e-01
-3.173069278430629137e-01 -1.619129534059203235e-01 3.573836942163798880e-01
-3.775453060146294337e-01 -1.440517041564843836e-01 3.666168350317369207e-01
-4.511647587644622148e-01 -9.897284301996259193e-02 4.257659645337898979e-01
-1.956087746989617626e-01 -1.644852904405619543e-01 3.823783077004021536e-01
-3.439005430395367657e-01 -2.196792431915008947e-01 6.066178003420394926e-01
-2.700188011604498506e-01 -2.190190134785117704e-01 5.930402974607706934e-01
-4.092554865199827252e-01 -1.961705940999459996e-01 5.937100503594925360e-01
-4.506724996503002623e-01 -1.660220212783396487e-01 5.610002024965603518e-01
-5.054650130477493786e-01 -5.882833932466325494e-02 3.734200896400330372e-01
-2.198304621548196336e-01 -2.580928044792163770e-02 -8.940830827386491153e-01
-4.458975684525746108e-01 -9.584112291789147198e-02 4.752255659957822509e-01
-6.806023376577434725e-01 2.111204518050160683e-01 4.589306141022672092e-01
-5.745291268778640603e-01 -3.860242445719901799e-03 4.485489670317933109e-01
-2.955754165822761514e-01 -1.769376788536273504e-01 -4.423011296504326256e-02
-8.397365744292832612e-02 -2.658855891904012281e-01 -4.352504614272068029e-01
-7.171285932707005539e-02 -2.343216092199922884e-01 -4.928150779684234983e-01
-1.472138982624091319e-01 -2.189871290961556971e-01 -4.520031820761898911e-01
-1.910181048685966887e-01 -1.664761275671955421e-01 -4.749697411606240149e-01
-1.239850038190211112e-01 -2.004937838342370215e-01 -4.943819830279036487e-01
-1.661221372849220335e-01 -1.493796845815708596e-01 -5.056276854175245639e-01
-2.846252876166144308e-01 -5.268744825894938755e-02 -6.177543506269316254e-01
-3.204533104223495493e-02 -4.514779389191102554e-01 -1.923658971120151828e-01
-4.151268076264161277e-02 -4.820596369651467539e-01 -1.034348765144335047e-01
-5.347368475398378562e-01 -1.570413612810673265e-01 6.636175592153327196e-01
-1.660007766297855181e-01 -2.173429841635425019e-01 1.782990361550590430e-01
-1.780153740646192584e-01 -3.003018531026434013e-01 -1.327669986116551681e-01
-1.829875854705172722e-01 -2.882379033943949231e-01 -7.885032108756988289e-02
-4.811820091178946046e-01 -9.750267277422060286e-02 -7.475628133967434155e-03
-3.747373903081679253e-02 -4.616776723602496468e-01 1.806809925087358992e-02
-3.906654553908343042e-01 -2.742096453632426045e-01 7.488548555070823065e-01
-4.758647686081571293e-01 -2.218756700316270314e-01 7.242932245545095071e-01
-5.967179095552637147e-01 -3.884641924920206706e-03 9.819253035489632353e-01
-1.132101525439711542e-01 -3.216393832691563093e-01 6.408492564012084891e-01
-2.045792645434719725e-01 -1.976203301033091775e-01 5.521220071430348320e-01
-3.366431859959899686e-01 -4.401564713186758432e-02 -5.030975600067340014e-01
-6.023398988407726584e-01 4.820365192143218902e-01 -3.632977522113807201e-01
-1.304315467375446735e-01 -2.691867777499613590e-01 -1.845425698689379113e-01
-8.047099138431500209e-02 -2.691067168871987825e-01 -2.132390824158733600e-01
-2.466466069384347093e-01 -5.438267379757969616e-02 -5.313008235048133354e-01
-2.321858337454815180e-01 -7.145243474200588252e-02 -5.431288034148334942e-01
-5.072296383290548771e-01 -1.997897156043126066e-01 7.887136707716344564e-01
-1.818273578390778022e-01 -2.602575319242863561e-01 -1.663570855517241542e-01
-2.733225886280068462e-01 -3.089725617809421232e-01 7.301051262940356779e-01
-2.829987625417289543e-01 -3.305310025412251385e-01 8.020223580268623920e-01
-3.427447629967688703e-01 -2.658332347628805659e-01 1.140077919914958438e+00
-5.509911237010773899e-01 -1.162466102817797109e-01 8.732336296446807644e-01
-3.053809856757477292e-01 -3.014759138703947405e-01 9.628175536779181032e-01
-5.690538487173324445e-01 -1.095911941178558391e-01 7.173169449362719607e-01
-6.135912900595765773e-01 7.198354239753548302e-03 7.646546668278104697e-01
-7.960714778674238268e-02 -2.567524019884587227e-01 -4.674707576024311750e-01
-1.359563753275323528e-01 -2.121566838038099756e-01 -4.740480763573435841e-01
-1.793002014860240745e-01 -1.629795148845939179e-01 -4.899526697578976409e-01
-1.157308323617478596e-01 -2.529651947080963637e-01 -1.996251634679598597e-01
-2.391452768634503012e-01 -6.312944831526871858e-02 -5.372350841930425558e-01
-2.130431252463077518e-01 -1.020907116385288138e-01 -5.950261521234878614e-01
-2.239299824159383667e-01 -7.404508746987267798e-02 -5.478922364426604963e-01
-1.017132321925569571e-01 -3.615278830137116928e-01 -1.707221704126881123e-01
-1.559558229382074779e-01 -1.370326261472738505e-01 -5.177464531379676327e-01
-1.134523025336377500e-01 -1.734070798566461347e-01 -5.103079468361981785e-01
-6.381592875986184799e-02 -2.049561671470144231e-01 -5.101160163822309190e-01
-7.186138649450297955e-02 -1.250086041249575675e-01 -8.109138388816263809e-01
-8.956506124070849617e-02 -1.882308091257934302e-01 -7.600667509859740933e-01
-8.672524224253534697e-02 -1.991595473438046993e-01 -7.251936613279361676e-01
-7.941084596767460091e-02 -1.889568036692917674e-01 -6.847329600361369284e-01
-7.125231255481259685e-02 -1.855538966022829139e-01 -6.492338490407324469e-01
-1.589293766719880041e-01 -1.349835750052552630e-01 -6.090234449105693670e-01
-1.716341782105332836e-01 -1.414910120467568200e-01 -6.252101098048306049e-01
-1.844278851890922000e-01 -1.482122425261935272e-01 -6.444262076617390811e-01
-1.933212766817853367e-01 -1.346109129410948402e-01 -6.652780550915449176e-01
-2.522817722387231121e-01 -1.557024677980644312e-01 -3.667317516432028746e-01
-6.737271957881515450e-01 5.118237602219882776e-01 1.046059662323935158e-01
2.441302981710249259e-02 -3.333711890385531174e-01 -2.445286645033760142e-01
-1.886250159100215651e-01 -1.010807185825439991e-01 -5.822104377822828747e-01
-2.008366965382079039e-01 -1.047529048264516094e-01 -5.889046340082964015e-01
-5.944754115512158876e-02 -2.694112765137745558e-01 -2.479791519058809623e-01
-1.589309906081220469e-01 -2.077707830983985260e-01 -2.140522574091628938e-01
-6.963151344673451648e-02 -2.703061892278729728e-01 -2.310998765186106085e-01
-2.316532193164682341e-01 -1.884579416329191237e-01 1.327873655995129853e-01
-3.348880679579675501e-01 -1.606661460483423121e-01 8.072561234518456363e-02
-1.933452040951914030e-01 -2.478177431383169482e-01 -1.128846681647760614e-01
-4.966867776362125508e-01 -1.450213377880542887e-01 1.083371875967481968e+00
-4.529327642131580900e-01 -2.163262060920546348e-01 9.439240385183600424e-01
-4.105492011127493956e-01 -2.725203622340323095e-01 8.217523357831082453e-01
-2.246299075881186269e-01 -8.209326595510432756e-02 -7.060809827814312767e-01
-1.310108552862923881e-01 -3.598176919794765505e-01 7.621302553785136435e-01
-1.523656706118984294e-01 -3.486911297493862083e-01 9.509343870835653689e-01
-1.763743917483815149e-01 -3.348634579673187006e-01 1.158406847938498352e+00
-4.259519122963520421e-01 -1.190134551943217572e-01 3.886370099243167120e-01
-5.760395279907065680e-01 -1.424367954597093727e-02 3.089826133313397505e-01
-1.576873883608986837e-01 -1.598543128628373000e-01 4.017830093309886497e-01
-5.083604525740801350e-01 -1.093485090144285243e-01 5.341384226146149716e-01
-1.220434639285566114e-01 -2.476534195622004386e-01 2.317465610372990426e-01
-1.411163401091790615e-01 -3.663930070714266352e-01 -1.107067036727700515e-01
-6.322951794587153840e-01 6.138379047759635887e-02 2.576494937037681621e-01
-5.365495067787955374e-01 -6.291092921919161363e-02 2.325802153979740217e-01
-4.581950325269159019e-01 -1.169947341871321878e-01 1.852776391672072420e-01
-3.367350032802870485e-01 -1.483193137397472161e-01 1.904140222707934593e-01
-2.464689180667766766e-01 -1.682947687400689063e-01 2.262889241631607651e-01
-1.789204435339745713e-01 -1.906406995505283142e-01 2.657046616040711906e-01
-3.731023576606402881e-02 -3.275734746770402328e-01 3.376899399289168269e-01
-6.203724395552439042e-01 6.792849618932442213e-02 6.339452537565865020e-02
-5.590377011255607265e-01 -8.107998125528674549e-02 5.613862309960171437e-01
-1.272946454462543092e-02 -4.159668790829944562e-01 -2.326791608073011941e-01
-1.612855617226225113e-01 -2.316064899848263026e-01 7.993997034192601436e-02
-6.978160476471996221e-01 4.113632284419991292e-01 5.016239169880262194e-01
-1.262977752216917493e-01 -2.064459175089017884e-01 3.102560941082310730e-01
-1.972149323959016542e-01 -1.861217715567342612e-01 -1.077008256645923534e-01
-4.711247658067981847e-01 -8.359655549814987152e-02 4.756408374681372342e-01
-1.445000507451629779e-01 -3.508143789305705473e-01 -4.535096959652538257e-02
-6.458862988246414361e-01 5.131164666946562702e-01 -1.211783436456859431e-01
-1.541153371699721664e-01 -1.494215448149102954e-01 4.293331028194188326e-01
-9.351420625371009709e-02 -4.193572057177941126e-01 -4.391583689914317634e-03
-4.824722249409064689e-01 1.837272491171793309e-01 -6.403649436454729171e-01
-4.763718530178905897e-01 3.072605959495072203e-01 -7.237720565317269372e-01
-6.694759533312000244e-01 2.916542644462564171e-01 7.954326537275217823e-02
-5.550448339198321701e-01 2.457562167776260464e-01 -5.019830848286029878e-01
-6.496576761145290702e-01 1.249290001574455550e-01 6.276188068259502817e-01
-2.320994472427359845e-01 2.141006892172963791e-02 -9.665854125797845864e-01
-1.717023413742406251e-03 -3.285968945259493124e-01 -2.394764499271285207e-01
-2.183011874922267670e-01 -1.986940076592011439e-01 1.995787344604391805e-02
-6.286243176728038007e-01 6.012988167349189728e-02 4.446914713566364474e-01
-3.673110486744071146e-01 -1.448984953889473348e-01 4.086413975626229655e-01
-3.141379912640258065e-01 -1.600457963804410855e-01 3.990405229652592145e-01
-2.231580701957309176e-01 -8.991138312481838923e-02 -6.005504763501282595e-01
-6.051913368898467205e-01 1.122240430239399983e-01 -1.165909920576952419e-01
-1.141322118020516169e-01 5.059779244483805782e-02 -1.082593488648786684e+00
-3.027126471061732937e-01 1.646985719586904762e-01 -9.481236213658448264e-01
-3.835660957510164115e-01 2.283245943638000097e-01 -8.577825879975145007e-01
2.133993999466181346e-02 -3.647753894210098435e-01 9.343575717918681800e-01
1.878592146586091291e-02 3.130212408495743059e-02 -1.102070013151939198e+00
-2.596611973610711832e-01 -1.642886180695080911e-01 4.039365047408381981e-01
-2.062357985947643746e-01 -1.590935972964634126e-01 4.164531419177083249e-01
-1.707922380320735511e-01 -1.488534987897858763e-01 4.235512900611070330e-01
-6.026748912195103447e-01 -2.078667050849373338e-02 6.010765359563069454e-01
-2.182976738971762476e-01 -1.792123239531897561e-01 4.931065196022008656e-01
-2.772278086863157465e-01 -1.913070669358840070e-01 5.211846888228330865e-01
-3.335609667995733663e-01 -1.882741376184214888e-01 5.280354768689972111e-01
-3.866190985186830353e-01 -1.708087830619315628e-01 5.180898331978562865e-01
-4.180774862040470552e-01 -1.479254649375900399e-01 5.001598567652514316e-01
-6.899805824316570524e-01 2.854479213104941793e-01 6.954604267832247277e-01
-4.020931490245764905e-01 -1.271019140787950641e-01 4.264152128999886271e-01
2.377311410028022653e-02 -2.709241244163135276e-01 -3.227425048671833663e-01
-1.851829060399029503e-01 -1.981489721266398163e-01 -3.340625784693824207e-01
-1.300490345854886931e-01 -2.945756961528488427e-01 -1.734620918622163943e-01
-6.565611998273268579e-02 -2.624109090678689582e-01 -3.228295001748819892e-01
2.296788346344429133e-02 -3.236233043225580364e-01 4.815845751938478414e-01
-4.002278948675332959e-01 1.373174410243840626e-01 -7.683472288662065441e-01
-3.201073544698878059e-01 8.412426458886171354e-02 -8.689589633057970275e-01
-1.216224827667949510e-01 -3.497337161200823885e-02 -1.037810407805247248e+00
-5.441462847356342003e-01 4.034547041698793857e-01 -5.673887308199040413e-01
-1.746357255596219238e-01 -1.622044187168594498e-01 4.536918977721804414e-01
-7.989110872523610962e-02 -3.288794646145404288e-01 1.874494856672756504e-01
1.381398247476906677e-02 -5.221973160394020874e-02 -1.055830517729030138e+00
-2.162263725516749835e-01 9.654666371922863977e-02 -1.027623664716300400e+00
-6.469791010118209895e-01 3.081973966664145470e-01 -1.231000231231967751e-01
-1.189160574439962481e-01 -1.636358635754548152e-01 -6.285251697435754181e-01
-1.319991843093913098e-01 -1.695857096116959450e-01 -6.553427579695343397e-01
-1.426693855700471025e-01 -1.771961700208520840e-01 -6.903079458985306172e-01
-1.489582324391538481e-01 -1.650893021833523822e-01 -7.245611931371989112e-01
-1.574836815854734895e-01 -1.111318831849607419e-01 -7.719076025908938599e-01
-2.012727622098004487e-01 -1.069452734336516081e-01 -5.206853820261265753e-01
-2.139194231446713557e-01 -1.077802571880605437e-01 -5.123504645938899982e-01
-2.244916558252706973e-01 -1.087714278239095139e-01 -5.033228455686217240e-01
-3.081965903845597099e-01 -9.989705606633524082e-02 -4.222668185436198041e-01
-5.277709155601651991e-01 -5.621154083875931975e-03 -1.892095248172208644e-01
-7.856560128611583815e-02 -2.836793325602423033e-01 2.919162792744992574e-01
-1.101809740262882781e-01 -1.996982731812265155e-01 4.849903661340243533e-01
-1.492048582948346525e-01 -1.766687479919571424e-01 4.792904389966104461e-01
-1.884972184854454280e-01 -1.011637919758875404e-01 -5.285088280795093851e-01
-5.319056311939235338e-01 1.138880738196582781e-01 -3.925388093898624642e-01
-5.864106376343508620e-02 -2.799623344545115189e-01 4.788159391629910333e-01
-1.910780627993100000e-01 -6.452089879064247524e-02 -8.295735404136941327e-01
2.119877538339025314e-02 -4.383237993544630839e-01 1.348787104847319340e-01
-3.607694166539957698e-02 -3.771221031272402602e-01 2.262628011477887946e-01
2.210845922599223579e-02 -3.944128157018959024e-01 2.397292694285479975e-01
-1.247881005483323369e-01 -3.081498468284876169e-01 4.405970852520188497e-02
1.204888545238947187e-02 -9.778776591851649769e-02 -9.823267038254557271e-01
1.243132168396797119e-02 -1.126886106020463241e-01 -8.964779531178332928e-01
-9.220611403284387220e-02 -9.726767408083310251e-02 -8.839054279476941112e-01
-3.376999373961949158e-01 -1.176167637675532528e-02 -6.333479997998709976e-01
-2.531766723792020501e-01 -1.614241634109221391e-01 -1.717699959256168141e-01
-2.700824892737725968e-01 -3.408647811048684528e-02 -7.477178920420777253e-01
-3.959473523959290420e-01 -1.368807086884642477e-01 -1.397911514139135725e-01
-3.128991141637167406e-01 -1.384099972278650670e-01 -2.536240239050614464e-01
-4.487799617188023005e-01 -6.808008483654479082e-02 -2.735817051440086467e-01
-1.134369736560295328e-01 -7.858555187490333382e-02 -9.654741951157939095e-01
-1.621603134625337339e-01 -2.564181639547669644e-01 8.714605242943080634e-04
-3.843248131964759340e-01 5.505240450125959556e-02 -6.850231607223851160e-01
-3.031647185308551373e-01 2.401985982026807326e-02 -7.958353044259820486e-01
-3.906797006107873282e-01 -1.685450186874166284e-02 -5.069043456678130610e-01
-5.868663227443375874e-01 1.543884042891068842e-01 -2.689246646966689802e-01
-4.601322208211142684e-01 4.442630957019716442e-02 -5.091554068235601971e-01
-6.140564485334335521e-01 3.053391584019114480e-01 -3.151131992067306986e-01
-3.656637256952143811e-01 -9.138197606762350766e-02 -3.567568219770712035e-01
-1.194238045504501938e-01 -2.775968992448681893e-01 1.354178768340826289e-01
-1.213337770295404572e-01 -3.754090798828449982e-01 -1.561157524362618010e-01
-1.581141493192249892e-01 -3.025094522572908118e-01 -1.655222738301722063e-01
-9.501701681521984577e-02 -4.269609219129603117e-01 -1.037543813144321675e-01
-1.620814577153880109e-01 -2.294041330264714185e-01 5.705547968568316364e-01
-2.683025656438902673e-01 -2.450076973144790227e-01 6.389069136519195391e-01
-3.598353044306156212e-01 -2.401983417804358645e-01 6.556873869855628367e-01
-4.342009439571621332e-01 -2.119055994584920777e-01 6.397201245673256320e-01
-4.842899247803586493e-01 -1.688440755915906477e-01 6.000412099819220080e-01
-5.153784509918004630e-01 -5.410449609547756528e-02 4.629152964170052398e-01
-6.844763059929872551e-01 2.532036544171425430e-01 2.724403746493944123e-01
-4.731705379933250910e-01 -8.651803808371899551e-02 3.286918839897104427e-01
-4.116669690976716423e-01 -1.209083651731112097e-01 2.941505459955069401e-01
-3.283294757994222879e-01 -1.475450182026296908e-01 2.892133150428555233e-01
-2.475523506671548635e-01 -1.636901505378706156e-01 3.066434468486019527e-01
-1.834423662374740083e-01 -1.689777997576471513e-01 3.335045643478352639e-01
-1.389705564787256931e-01 -1.771242996742836140e-01 3.579590924698103915e-01
-6.884842950001988093e-01 4.809056063072563170e-01 3.092029765247171769e-01
-1.577279324535322824e-01 -2.683950805850846555e-01 -1.844242367619967626e-01
-8.058509563624187411e-02 -3.664067352951260181e-01 9.451074025414726854e-02
-7.837477749416499329e-02 -4.228025073067044892e-01 -1.724782693076123419e-01
-4.649446189683111713e-02 -3.907527349475146683e-01 -2.125894721316106128e-01
-7.855488259741751078e-02 -3.904501916934587369e-01 -1.818131875365058825e-01
-1.405777652853258397e-01 -2.432444963788708836e-01 -2.084303599433536824e-01
-3.354826761875705915e-02 -4.066338205930174476e-01 -2.244437175738248635e-01
-2.403928140981367520e-02 -3.292788703318704213e-01 -2.326628576925894865e-01
-1.334431229283727927e-01 -1.570224442039178658e-01 4.254592839050774788e-01
-1.038477502876023889e-01 -1.907407999462282233e-01 4.001420043945271288e-01
-8.677794775303385166e-02 -2.314754047213815613e-01 3.746577105442574496e-01
-4.343825834785063345e-01 -1.247932301006001443e-01 4.868786961844686623e-01
-4.742771573559773080e-01 -1.256809984500232846e-01 5.241651013641404067e-01
7.482672104412121938e-02 -4.152901823836159800e-01 1.223046756663674905e-01
4.545522795014080852e-01 -1.217913894279514520e-01 4.162090802440342463e-01
8.537147446005528828e-02 -3.355335961399724676e-01 -2.243485010326897178e-01
6.687599508562701578e-01 1.171586179894625324e-01 7.750393712674938929e-01
2.773785522916885071e-01 -1.713968135854865293e-01 3.530232895729374376e-01
3.387026758097423373e-01 -1.668089183166931722e-01 3.456319002302410404e-01
3.970467963155244751e-01 -1.512623721154542356e-01 3.479430396106526491e-01
4.743419142470343131e-01 -1.084033617860619414e-01 3.930898372257814466e-01
2.266536404149449013e-01 -1.666400285495406031e-01 3.721401126602832399e-01
3.714926715433543025e-01 -2.275943795454457019e-01 5.761508248143305533e-01
2.990849791523679801e-01 -2.253482879651543813e-01 5.638868124039115859e-01
4.368100180742303662e-01 -2.074091466127847561e-01 5.598425280724806941e-01
4.771309081511604377e-01 -1.794869180777683426e-01 5.217344565999142425e-01
5.198197537379811717e-01 -7.092462413809695609e-02 3.283832673244613254e-01
2.428411865167248718e-01 -3.629866021249217312e-02 -9.062948834583924862e-01
4.765884802367840178e-01 -1.060943961272511199e-01 4.407689967709319534e-01
7.022730652066861978e-01 1.933212315922520075e-01 3.911494419900672370e-01
5.846757370706666679e-01 -1.889712479416070373e-02 3.939778509385222227e-01
3.262735631107244183e-01 -1.851605883436402145e-01 -7.281649007616076974e-02
6.097147558132368084e-02 -2.675444323786287937e-01 -4.403807288679433274e-01
5.692998138243404727e-02 -2.333216279706092355e-01 -4.977030648542407620e-01
1.346537906718925925e-01 -2.177809588543743735e-01 -4.625084387803801711e-01
1.873514659943309180e-01 -1.638250075384606319e-01 -4.866804526832000377e-01
1.162262757872142838e-01 -1.967674823269483231e-01 -5.016334885863760196e-01
1.662459828463219158e-01 -1.466220652497800259e-01 -5.125534839137968479e-01
3.047280704277588459e-01 -5.938300309615555939e-02 -6.357610567585921801e-01
7.348491319251987397e-02 -4.546238855481598562e-01 -1.972770677518879967e-01
8.148242630130875241e-02 -4.855498376992221088e-01 -1.092465306613244480e-01
5.512452885683583048e-01 -1.716192819708352024e-01 6.182689961704810333e-01
2.030108816996487597e-01 -2.192687307571211108e-01 1.613619268201122170e-01
2.165406391672034525e-01 -3.070136269206945601e-01 -1.486776599748453331e-01
2.202018793362891247e-01 -2.949211169875156635e-01 -9.533961780437384681e-02
5.037720235946459013e-01 -1.085898640043536367e-01 -5.322356233726055486e-02
7.833685438809265267e-02 -4.623397700604808258e-01 1.319225088997363904e-02
4.211185694340738861e-01 -2.881955326996510913e-01 7.158841097698603884e-01
4.999016133303395004e-01 -2.369090534519479596e-01 6.874461187275979768e-01
6.097708113907553962e-01 -2.270643266774237390e-02 9.159666147316564144e-01
1.572600936919318626e-01 -3.251383309276189570e-01 6.229961610643368619e-01
2.377175361206537718e-01 -2.007537452741565143e-01 5.229151799739235607e-01
3.550701273776162847e-01 -5.156257560832418207e-02 -5.253733150556665343e-01
6.427081112611675584e-01 4.629079939891520556e-01 -4.131482236794201124e-01
1.724174328799375489e-01 -2.762550255426883261e-01 -1.965386046012009558e-01
1.262162196550589977e-01 -2.777684399300888174e-01 -2.221091228563009112e-01
2.627663936585834525e-01 -5.155241250017204846e-02 -5.477329668961630205e-01
2.462715959928820086e-01 -7.050501042703956334e-02 -5.562457258799177184e-01
5.287693695663263638e-01 -2.154102400304542253e-01 7.436620482983160585e-01
2.187852482179375724e-01 -2.680688709214095744e-01 -1.822959243985187716e-01
3.116960871798237775e-01 -3.209803988809952213e-01 7.019896842770718681e-01
3.214616872764342048e-01 -3.431915974052992535e-01 7.686651270641442490e-01
3.706505354537007468e-01 -2.784884035687753556e-01 1.097719678419386113e+00
5.699100391871879667e-01 -1.319816601162125402e-01 8.179972663183494586e-01
3.383132449456655033e-01 -3.121429808895364033e-01 9.280383590856808862e-01
5.843285286483779206e-01 -1.243065206320630445e-01 6.616919615418821454e-01
6.308216043800730644e-01 -8.695273680652745862e-03 7.039082360070598732e-01
5.954372417573557119e-02 -2.571831509707224739e-01 -4.724313736854763857e-01
1.254403171010412543e-01 -2.097694866260496893e-01 -4.834790135521125354e-01
1.767281874426420984e-01 -1.604482795609890045e-01 -4.994659400116738812e-01
1.591863065204589534e-01 -2.609970357066420110e-01 -2.104327058679776596e-01
2.544054029225064628e-01 -6.188440131027612978e-02 -5.521764593552340727e-01
2.127637789326687068e-01 -1.018073217694460131e-01 -6.179485470275151160e-01
2.377123684534832582e-01 -7.249391067425611790e-02 -5.586981791100531503e-01
1.416307185643339295e-01 -3.637286811699872446e-01 -1.812243375524244526e-01
1.577851895432040297e-01 -1.342220760179635985e-01 -5.221689386344855466e-01
1.098818301055158597e-01 -1.685215481769205825e-01 -5.140224642572776004e-01
5.463399581760867985e-02 -2.015035148630842099e-01 -5.138578797401687215e-01
9.326020288157341187e-02 -1.280455526568633207e-01 -8.188600808418170507e-01
5.847363943942743281e-02 -1.880457741279256134e-01 -7.680423838746255338e-01
5.471346423673109638e-02 -1.976753375201621976e-01 -7.338449025504968359e-01
5.159423886181180308e-02 -1.868014106826062504e-01 -6.950138591272894129e-01
4.603605874253106911e-02 -1.826849877105282960e-01 -6.595700129641222098e-01
1.475809357078460837e-01 -1.326226273075135353e-01 -6.319829430954124749e-01
1.588424369647801204e-01 -1.409958791648956156e-01 -6.489766643327423701e-01
1.695832670779015561e-01 -1.483785496583138463e-01 -6.688877421485723840e-01
1.806454019501982922e-01 -1.349153552266974532e-01 -6.888681248463867091e-01
2.806908726913011076e-01 -1.626060450456311146e-01 -3.866629530709341234e-01
7.088452373359752645e-01 4.913059662590636423e-01 3.860136334475356562e-02
1.882813712103665882e-01 -9.799323228937908969e-02 -6.035784110905675348e-01
1.997189199021555117e-01 -1.037106742007366522e-01 -6.119994170340791184e-01
1.069312304244840195e-01 -2.743567989112388750e-01 -2.548554413564313448e-01
2.003928511372339849e-01 -2.178941437615160570e-01 -2.283017031270937747e-01
1.163367051476487668e-01 -2.775087555884716006e-01 -2.393248239200801986e-01
2.657251583581631271e-01 -1.916007560411589483e-01 1.098017429655647748e-01
3.646409536407657637e-01 -1.677195769224789912e-01 4.767530160922242577e-02
2.308025290312698541e-01 -2.552310135865692997e-01 -1.303059273071546786e-01
5.163273292095700295e-01 -1.630284382953244016e-01 1.025485382685406233e+00
4.778691485694477326e-01 -2.313835471900194118e-01 8.959119037012086562e-01
4.409850585119437505e-01 -2.871146500501113308e-01 7.825948561809273896e-01
2.416330365363577592e-01 -8.680387400344022342e-02 -7.204752344607283643e-01
1.772845018182311605e-01 -3.653595357171249836e-01 7.348476790462330488e-01
1.901266769024670678e-01 -3.549305925954554519e-01 9.317943773693562193e-01
2.108639297157393622e-01 -3.434937665796411466e-01 1.134671905535337810e+00
4.462687938536893384e-01 -1.279788006612686269e-01 3.624901362415363648e-01
5.828997852635443566e-01 -3.019495382377609949e-02 2.540570280808394088e-01
1.933840167189980475e-01 -1.594932279638935080e-01 3.904994032748340116e-01
5.293136951185359873e-01 -1.227118129184379403e-01 4.898486622258979573e-01
1.613044639744763975e-01 -2.483593408361414734e-01 2.191407011702245222e-01
1.797157909908038975e-01 -3.719155482742407814e-01 -1.249731795382491017e-01
6.551598177106366938e-01 4.474005130914825851e-02 1.957873305588270219e-01
5.430562104028400228e-01 -7.634351185935506212e-02 1.834377208049313701e-01
4.666570147333176655e-01 -1.279439612166751727e-01 1.447169351091097123e-01
3.519732722854085893e-01 -1.547246419926725236e-01 1.622220630595312685e-01
2.674619120837938291e-01 -1.721070045445521612e-01 2.083886293096384734e-01
2.046762961029885974e-01 -1.933396149587609247e-01 2.535295739847938101e-01
8.172513121511268408e-02 -3.279806365946207336e-01 3.319829526286571797e-01
6.455825581689689230e-01 5.313353067984670497e-02 4.476758621836787744e-03
5.721331219087520958e-01 -9.535143343499685731e-02 5.073442941715570198e-01
5.291584345231998415e-02 -4.166942781958368758e-01 -2.353021965401514426e-01
1.995347205204797691e-01 -2.338710242328087829e-01 6.402487227785626234e-02
7.203628908632462302e-01 3.931172827128023295e-01 4.300367459255404201e-01
1.582573616744474276e-01 -2.074905078348821541e-01 3.025795346210769510e-01
2.381345272091982546e-01 -1.936504124551255424e-01 -1.257658287912843953e-01
4.985982919460423268e-01 -9.414703140783489688e-02 4.381087708260228974e-01
1.817034628439853083e-01 -3.564004020490226798e-01 -5.941602401128663613e-02
6.856534344613782750e-01 4.917059527335874702e-01 -1.796460528004347190e-01
1.934032006514678215e-01 -1.475058497717293138e-01 4.152994061714240237e-01
1.311253213934013284e-01 -4.223719592228857289e-01 -1.422985613914680772e-02
5.086601522431291045e-01 1.656763546867904835e-01 -6.723235993847795910e-01
5.092304009182261337e-01 2.880049683503727032e-01 -7.521512896280357907e-01
7.049458287935304046e-01 2.737157355262435088e-01 1.641758413963562840e-02
5.845758145785135973e-01 2.271973581300361644e-01 -5.440462436411165337e-01
6.696055264144962216e-01 1.083310686597733496e-01 5.624334841473783708e-01
2.575619948093040845e-01 1.062271035792645285e-02 -9.758349502063967673e-01
5.106694654950366674e-02 -3.303614932565072104e-01 -2.419072471943876368e-01
2.533449691345317500e-01 -2.040086092663269957e-01 -1.416826339734542084e-03
6.323347926484829129e-01 4.458491193866463698e-02 3.774057606224418548e-01
3.946940812094816842e-01 -1.522657481197453311e-01 3.875922565933108688e-01
3.419860636705926993e-01 -1.651772166354832372e-01 3.827107710664647833e-01
2.262261687695198420e-01 -8.917992370409547065e-02 -6.234088370015986591e-01
6.325400933415595839e-01 9.700277377770580300e-02 -1.708531996474643155e-01
1.488896132097985159e-01 4.496158557092821972e-02 -1.085013807102636285e+00
3.363593895916831000e-01 1.513651707149482051e-01 -9.582408070313943593e-01
4.172096134012810431e-01 2.123768066529422294e-01 -8.746378223400477214e-01
2.897225084929426764e-01 -1.677553355353978704e-01 3.890511034115644029e-01
2.407181907696566703e-01 -1.597519293716192779e-01 4.016842510565409308e-01
2.091630532053920244e-01 -1.474542577431398604e-01 4.088030995304696158e-01
6.111228783468923842e-01 -3.498796689701816343e-02 5.351375125623827333e-01
2.502313309079770565e-01 -1.803380975977205702e-01 4.658405172923529847e-01
3.039842649293488797e-01 -1.956966590511106385e-01 4.885737668209587659e-01
3.595350625446980253e-01 -1.951776254531462362e-01 4.936113898721617987e-01
4.132539280368462409e-01 -1.801359102167140458e-01 4.828603415462452420e-01
4.451905797573524337e-01 -1.581561642068751161e-01 4.648642512394035586e-01
7.053261865767173067e-01 2.662134442931118339e-01 6.237479415727193999e-01
4.304189517556451516e-01 -1.357075237486951858e-01 4.005427986646156180e-01
2.236450809370902348e-01 -2.035148055058372818e-01 -3.494518059431522827e-01
1.715843239238771245e-01 -3.014559086842717450e-01 -1.859750725493971857e-01
1.101278946310028650e-01 -2.630234862410129049e-01 -3.299397830224871653e-01
4.261295093553590929e-01 1.203095962804288654e-01 -7.911014217355698541e-01
3.454014994278197803e-01 6.893975927140619242e-02 -8.839801246225338360e-01
1.469738885160264130e-01 -4.118828847023774803e-02 -1.042563664965822756e+00
5.818041366196151642e-01 3.845105463204387952e-01 -6.067589043424137518e-01
2.112898604575136341e-01 -1.603916408755371170e-01 4.349262304146548908e-01
1.213226877084528366e-01 -3.303296453767706753e-01 1.782284283872798136e-01
2.496146282627864088e-01 8.688056602141430718e-02 -1.032333483215875258e+00
6.829255207750073442e-01 2.899284814393486842e-01 -1.811130157972521693e-01
1.005409158743780507e-01 -1.601690138051497514e-01 -6.463407303645336555e-01
1.109696910376292422e-01 -1.674767165250852785e-01 -6.739486018558540348e-01
1.184039638698631547e-01 -1.755411788395388750e-01 -7.080062016544508285e-01
1.259852272996820066e-01 -1.639183889835549857e-01 -7.392486115599335994e-01
1.739515048383666329e-01 -1.132169340042446931e-01 -7.838372891993048430e-01
2.077987171057758820e-01 -1.057506977813069821e-01 -5.278517238212234730e-01
2.201484568293158306e-01 -1.055372043945271704e-01 -5.208491765119781514e-01
2.307096878774134163e-01 -1.064987076615569878e-01 -5.120276024761899469e-01
3.280843201426068001e-01 -1.072180352304176604e-01 -4.426112912370055441e-01
5.486857673151710468e-01 -1.958545180356992960e-02 -2.354989310526671709e-01
1.210276643265765228e-01 -2.843592502657505960e-01 2.823986805077369766e-01
1.518724182029331793e-01 -2.015573355953236556e-01 4.671179788472993311e-01
1.862656510502574414e-01 -1.753833948658927722e-01 4.591579463964468033e-01
1.958730942857605517e-01 -9.783746098141959946e-02 -5.349988487000945092e-01
5.562536324437331592e-01 9.818260975835366167e-02 -4.337409207163703817e-01
9.819574550198201246e-02 -2.802226073435679088e-01 4.688560527298752389e-01
2.102534029100712187e-01 -7.212649719337584087e-02 -8.417315496475006320e-01
7.881866908152436457e-02 -3.786121046333761342e-01 2.210447122148345711e-01
1.635967215251779294e-01 -3.122097243702001146e-01 3.082513876404508607e-02
1.146392896883016710e-01 -1.028940458749909165e-01 -8.912138141312759831e-01
3.598074989226457965e-01 -2.235283538183293825e-02 -6.580338252333277627e-01
2.866906762473524495e-01 -1.707319583802791585e-01 -1.951397616482561936e-01
2.877343319433347535e-01 -4.472005756709240137e-02 -7.668189577095074760e-01
4.185969136837379700e-01 -1.491387182946337375e-01 -1.764550119710870113e-01
3.381065354430466408e-01 -1.474467270383664763e-01 -2.811010457560024767e-01
4.673130114142858282e-01 -7.963900737057204304e-02 -3.096504143447948998e-01
1.363793628104858213e-01 -8.422662646137504816e-02 -9.726011412951369728e-01
1.999266568595081950e-01 -2.615556625809935531e-01 -1.456618777956692791e-02
4.073011306174860180e-01 4.006377874402798633e-02 -7.082085057945515238e-01
3.258891142783600925e-01 9.953783628527113070e-03 -8.134211958612393989e-01
4.110868536569572962e-01 -2.544185335812185547e-02 -5.349412703384109902e-01
6.145076932815547455e-01 1.374439983984739322e-01 -3.185907864952165491e-01
4.809626929821304575e-01 3.122564527086234623e-02 -5.389420783834247830e-01
6.490596236911676531e-01 2.884784090494256215e-01 -3.667530541996804061e-01
3.843471542212104075e-01 -9.994800913350454508e-02 -3.850692502821804197e-01
1.593114105390024404e-01 -2.787925889833149928e-01 1.226446393742550295e-01
1.596901968408588335e-01 -3.794877890547012633e-01 -1.682239084980753918e-01
1.969721237050287010e-01 -3.102364029087695818e-01 -1.800635516239018907e-01
1.348630897382280258e-01 -4.316051533049261035e-01 -1.142598575969237251e-01
2.019877732269517168e-01 -2.327579706918783964e-01 5.499577264027306622e-01
3.037520414995141804e-01 -2.540618611271957539e-01 6.154093825934086048e-01
3.922757789958297714e-01 -2.520519958065435273e-01 6.276244712840775009e-01
4.627312764659375910e-01 -2.252186555806755808e-01 6.065543238999941966e-01
5.085206250674364492e-01 -1.828834822450129405e-01 5.613855684938559021e-01
5.340908204600062215e-01 -6.676568895645551560e-02 4.189538436660381615e-01
7.123151867162995643e-01 2.370006737785809725e-01 2.056398661886697510e-01
4.885231396778952906e-01 -9.711612300256576569e-02 2.886646579549589919e-01
4.271331325463210149e-01 -1.300208368733113684e-01 2.606884682299949185e-01
3.469228870959611966e-01 -1.536363170447556936e-01 2.666297693572980965e-01
2.706634050119063328e-01 -1.670437509985485403e-01 2.931878262414192027e-01
2.124864100631036479e-01 -1.718280517830754750e-01 3.251933834325181349e-01
1.724012866616499717e-01 -1.783794388479729431e-01 3.515269483453963284e-01
7.169062249477541338e-01 4.633882149633097858e-01 2.394604571692424133e-01
1.963198880894025111e-01 -2.766047870672849185e-01 -1.982909897737563376e-01
1.221758686433072894e-01 -3.675818178727281449e-01 8.541550564751108909e-02
1.175789966580452345e-01 -4.270254045371342233e-01 -1.811529271595282709e-01
8.549988125974294917e-02 -3.949963358431559657e-01 -2.183710938834728110e-01
1.175178052505731208e-01 -3.943458184071791939e-01 -1.906730543917377063e-01
1.810546179042546999e-01 -2.523277237619555025e-01 -2.206270249585831067e-01
7.288708314859203286e-02 -4.099170015772750642e-01 -2.289841513334416878e-01
7.105417345243936200e-02 -3.327549602626783676e-01 -2.365990812733046456e-01
1.722321893403593873e-01 -1.566537984042325471e-01 4.123985177526930390e-01
1.410748885827606269e-01 -1.913647373356578141e-01 3.902518603349807158e-01
1.221667955624174406e-01 -2.328183096448551148e-01 3.665990790260539312e-01
4.628171445778888060e-01 -1.354248053621432968e-01 4.514604069787487850e-01
5.001441551658921680e-01 -1.392035656492257301e-01 4.834974095028984897e-01
-3.210406488821985760e-01 -1.525176002409169840e-01 4.734670088348098549e-01
-2.575692295535431109e-01 -1.584323001621931737e-01 4.712926501409986368e-01
-3.202542559038945580e-01 -1.607219188102829432e-01 5.377733781650474443e-01
-3.853692074996261097e-01 -1.465511896886867726e-01 4.743357189255863471e-01
-3.223983494506527103e-01 -1.443157723212070698e-01 4.078700122390566118e-01
3.477096951825411342e-01 -1.588192700272050839e-01 4.440775510880328736e-01
4.098451181754594330e-01 -1.644493242735050875e-01 4.413572827941100729e-01
3.468133578122776228e-01 -1.671633911338119283e-01 5.052833721889418150e-01
2.850805898470860078e-01 -1.532139740245097859e-01 4.468335399256759821e-01
3.488403908252017960e-01 -1.504912788421801650e-01 3.828987204032111569e-01
