-1.505360846135024404e-02 -2.741194279984222604e-01 -4.720116950091455266e-01
2.191412797666809562e-02 -4.630904009035999858e-01 -2.010540508280120875e-01
2.448752944078202987e-02 -2.910383736608813665e-01 -2.618791256621431640e-01
-3.263940941712414889e-02 -4.200147241951681654e-01 1.282905204737410099e-01
2.171645180564459737e-02 -4.963826582802837173e-01 -1.087742817863173034e-01
2.070068136151587135e-02 -4.873588906887144079e-01 2.239699390213611627e-02
2.288332282446972274e-02 -3.582560789319786942e-01 3.563941720134544688e-01
-4.296543914586363755e-01 -1.133159073024790631e-01 4.483885644240191426e-01
2.333805703885721838e-02 -3.428872294503268470e-01 6.102320886360943497e-01
2.237747398567258017e-02 -3.700236066078417263e-01 7.326866174189504699e-01
2.101419075785190479e-02 -3.586488022330073244e-01 1.163379083102033862e+00
-1.393653627381800930e-02 -2.632079504184633434e-01 -4.980236702028210671e-01
-1.209020591073196524e-02 -2.408647465470039051e-01 -5.225710499368378947e-01
-9.287894896944867001e-03 -2.076614401360450668e-01 -5.390598997780036150e-01
-1.532969802255581410e-02 -1.917895986559229327e-01 -6.325976444781677976e-01
-1.619913939330832123e-02 -1.950503938378282953e-01 -6.717071025327836509e-01
-1.801033596121451655e-02 -2.042193868834124570e-01 -7.142149461487086182e-01
-1.777554130761505036e-02 -1.930959982052889989e-01 -7.536426737136923126e-01
1.208334681729730103e-02 -1.308673259550935386e-01 -8.123649411982378776e-01
2.087033128117331618e-02 -4.244241000241956718e-01 -2.409432068433209895e-01
-4.024936443593742780e-02 -3.360408370963908764e-01 -2.219549976641858047e-01
-6.666027427821163975e-01 1.378176557934600588e-01 8.542037395308736958e-01
-2.552560641955212151e-01 -1.705794017545974595e-01 3.444871417998439656e-01
-3.206243003849663653e-01 -1.636057169061013450e-01 3.380619946977982959e-01
-3.814924572476998677e-01 -1.455577323142416835e-01 3.497718189133455224e-01
-4.558815848128995318e-01 -1.000075818265194205e-01 4.226495680119559673e-01
-1.976538204297712265e-01 -1.662049471457078265e-01 3.684362414138628306e-01
-3.474959458452056005e-01 -2.219759402549512650e-01 6.369526438516868172e-01
-2.728417869769159676e-01 -2.213088079888534954e-01 6.228088914259333198e-01
-4.135341605559819667e-01 -1.982215135261929384e-01 6.222285140909009638e-01
-4.553841792404489941e-01 -1.677577441586560747e-01 5.859717084143585275e-01
-5.107495360380789329e-01 -5.944337557078477330e-02 3.695935352382425654e-01
-2.239574471457731475e-01 -2.620202963388273271e-02 -9.011683019350926749e-01
-4.505593272113299630e-01 -9.684312110150108954e-02 4.854699302806342875e-01
-6.877178819739326876e-01 2.133276686301042169e-01 4.637286271965318507e-01
-5.805356996400292680e-01 -3.900600976001240925e-03 4.529584517773458385e-01
-2.986655910631708655e-01 -1.787875224780549333e-01 -4.469252884506494383e-02
-8.672583454151910898e-02 -2.636780130902390273e-01 -4.522021218048743463e-01
-7.500202727539900804e-02 -2.286414600316322154e-01 -5.145102044628062643e-01
-1.495775449514449573e-01 -2.193926765944356483e-01 -4.693912193065453153e-01
-1.902321933336266202e-01 -1.691406323601619688e-01 -4.917882535439416225e-01
-1.266877137997405589e-01 -1.983943948591465056e-01 -5.136898454495590904e-01
-1.659089372728480005e-01 -1.508682109173863917e-01 -5.209469616160884442e-01
-2.857085999153071154e-01 -5.487553939215373405e-02 -6.165496513226610409e-01
-3.238035817169156866e-02 -4.562353923039889625e-01 -1.944040351628842922e-01
-4.194668650036351143e-02 -4.870994620143468401e-01 -1.045162656834287412e-01
-5.403274009741141359e-01 -1.586831933816089391e-01 6.721009390052066212e-01
-1.677362774020809133e-01 -2.196152561644745815e-01 1.801631092392474986e-01
-1.798764847500144981e-01 -3.034586185555963045e-01 -1.341566680447654480e-01
-1.849006795074976117e-01 -2.912513658257269711e-01 -7.967468345455090695e-02
-4.862126587654030940e-01 -9.852204047548590582e-02 -7.553784547285986514e-03
-3.786551894449396993e-02 -4.665044085551030006e-01 1.825699837272822673e-02
-3.947497748338210100e-01 -2.770764455129797743e-01 7.566839645417235971e-01
-4.808398277024253931e-01 -2.241953302435321094e-01 7.318699902828613713e-01
-6.029564610482200937e-01 -3.925254881499497944e-03 9.921911052318842517e-01
-1.143937392184475321e-01 -3.250020506578104595e-01 6.475491911966322345e-01
-2.067180947273972169e-01 -1.996864061933051326e-01 5.765112176635639463e-01
-3.329694440435692071e-01 -4.909294369343757819e-02 -5.138240329816203822e-01
-6.086372269668566259e-01 4.870760993480949264e-01 -3.670959484748970159e-01
-1.318307668847769898e-01 -2.725672624886801843e-01 -1.867205815665323732e-01
-8.156629153764539952e-02 -2.729216682654652115e-01 -2.160839450158149599e-01
-2.420425057928280443e-01 -5.973992832756455651e-02 -5.355356607171765093e-01
-2.287019401037640454e-01 -7.633548727808962819e-02 -5.434468040912112663e-01
-5.125326100796896434e-01 -2.018784721316465025e-01 7.969594947523066519e-01
-1.837283219572031223e-01 -2.631617037586754804e-01 -1.681445538443930854e-01
-2.761801147991499450e-01 -3.122028004007577628e-01 7.377382111281266530e-01
-2.859574509341643589e-01 -3.339866298089047003e-01 8.104073148894723744e-01
-3.463280823821214827e-01 -2.686124614243418085e-01 1.151997178069406491e+00
-5.567516119356822335e-01 -1.174619424387531724e-01 8.823630907798085676e-01
-3.085736751754274976e-01 -3.046277767229245148e-01 9.728835945839444665e-01
-5.750031786781744092e-01 -1.107369453961916383e-01 7.248163322113919671e-01
-6.200062489494801987e-01 7.273610003084487324e-03 7.726489528860331912e-01
-8.262463287612954732e-02 -2.527726724058139696e-01 -4.874742060966056334e-01
-1.384786424443012476e-01 -2.113144630061369877e-01 -4.929110750446599187e-01
-1.789256047213270695e-01 -1.649614250805523652e-01 -5.063914160468634407e-01
-1.171060235663268501e-01 -2.563552130447858679e-01 -2.020097895067624050e-01
-2.350586615832625792e-01 -6.827291591281685335e-02 -5.395776035733615972e-01
-2.132068245113081517e-01 -1.050093426009194031e-01 -5.824467914169101368e-01
-2.210447154979742201e-01 -7.855968343723929159e-02 -5.465063098022630017e-01
-1.027766211513720662e-01 -3.656111535367050358e-01 -1.727101317602332820e-01
-1.560000524602064842e-01 -1.383309782619045747e-01 -5.320701758376569224e-01
-1.159470877138602807e-01 -1.709298572374495784e-01 -5.286587550285747339e-01
-6.714585164294277486e-02 -1.986610211503829493e-01 -5.317513646130590521e-01
-7.432336047635629273e-02 -1.255820059555307622e-01 -8.038310174175609113e-01
-9.227675959858119836e-02 -1.892073437409455550e-01 -7.401442050541071627e-01
-8.934681362241123082e-02 -2.001471771429567670e-01 -6.995942667084268374e-01
-8.193771537451347009e-02 -1.897875445882040157e-01 -6.561728849073094061e-01
-7.348007060216779629e-02 -1.863861511459972697e-01 -6.194407134856250163e-01
-1.610995598784616123e-01 -1.368018318136823841e-01 -5.862018284729511031e-01
-1.745106630626829802e-01 -1.432325487391229446e-01 -6.026692747619857293e-01
-1.881540536510782902e-01 -1.498202748016848607e-01 -6.232113989440907220e-01
-1.978026525249276801e-01 -1.359722179291346644e-01 -6.457159250934610961e-01
-2.533081548938741490e-01 -1.587798172851211664e-01 -3.767274091947677706e-01
-6.807708620428850610e-01 5.171747624834139856e-01 1.056996004931862465e-01
2.453771228474280891e-02 -3.377457775642557225e-01 -2.483352443576962443e-01
-1.885367558934200882e-01 -1.039003276270734355e-01 -5.679598490522608234e-01
-2.009148696225335484e-01 -1.076465210566900643e-01 -5.751289296709494181e-01
-6.058354864968855391e-02 -2.732415266032041101e-01 -2.517604379358547861e-01
-1.608976797985515739e-01 -2.104347049932084879e-01 -2.163946878644583960e-01
-7.074109414482951386e-02 -2.741764866305296255e-01 -2.343983554692382065e-01
-2.340751016063628565e-01 -1.904282270128397625e-01 1.341756292442146115e-01
-3.383892473643131948e-01 -1.623458744581104118e-01 8.156958207262671179e-02
-1.953665847046035520e-01 -2.504086218880244852e-01 -1.140648527794322076e-01
-5.018795261502690952e-01 -1.465375032472785444e-01 1.094698285190361053e+00
-4.576680743607902113e-01 -2.185878479070070823e-01 9.537925455250284568e-01
-4.148414006437521340e-01 -2.753695013087137378e-01 8.303435651242481175e-01
-2.303436615704947399e-01 -8.296585972273257115e-02 -6.962215843654315783e-01
-1.323805443030824647e-01 -3.635795049962228243e-01 7.700981557320700777e-01
-1.539586194184451862e-01 -3.523366170613053128e-01 9.608761857072731782e-01
-1.782183463328537720e-01 -3.383643800817487390e-01 1.170517730911734278e+00
-4.304051437074295494e-01 -1.202577140923625498e-01 3.772174484950342466e-01
-5.820618916566917544e-01 -1.439259562330850659e-02 3.122129570378532892e-01
-1.593359745292147189e-01 -1.615255537392997209e-01 3.919679269290897161e-01
-5.136752467332326155e-01 -1.104917238807438806e-01 5.517552226017112815e-01
-1.233194008862130708e-01 -2.502425803458896425e-01 2.341201593922474511e-01
-1.425916796962291566e-01 -3.702235635281245774e-01 -1.118641165463958864e-01
-6.389056833042281447e-01 6.202554580899587167e-02 2.603431611936597445e-01
-5.421590111575975701e-01 -6.356864802414670390e-02 2.350117892233424544e-01
-4.629853585058469889e-01 -1.182178870050850927e-01 1.872146784249063556e-01
-3.402554919798983502e-01 -1.498699587955576451e-01 1.909475742810732846e-01
-2.490456967660957255e-01 -1.700542526837678647e-01 2.225371616579606415e-01
-1.807910165170465155e-01 -1.926338051733938184e-01 2.597673605875936986e-01
-3.770030588682579675e-02 -3.309981816562935775e-01 3.412204090518015653e-01
-6.268582938374804847e-01 6.863867333422027373e-02 6.405729926349285064e-02
-5.648823145167947146e-01 -8.192765341154958914e-02 5.736614310990979515e-01
-1.286254833329209674e-02 -4.206470120108094513e-01 -2.355445108429491397e-01
-1.629717659839072241e-01 -2.340278837300719950e-01 8.077572313443706631e-02
-7.051115574285347076e-01 4.156639384455866892e-01 5.068682757341467227e-01
-1.276181900467697750e-01 -2.086042631296153305e-01 3.028489945859346166e-01
-1.992767701440742445e-01 -1.880676328041072098e-01 -1.088268143721860537e-01
-4.760502692381989864e-01 -8.447053948420678304e-02 4.856931386380778370e-01
-1.460107662656345839e-01 -3.544820643349839151e-01 -4.582510458659121155e-02
-6.526388947653526396e-01 5.184809839114166152e-01 -1.224452351592865973e-01
-1.557265783467381981e-01 -1.509837134486280985e-01 4.263577178594608053e-01
-9.449187624097682425e-02 -4.237414909552903453e-01 -4.437497515496068023e-03
-4.875163635045678401e-01 1.856480761711737371e-01 -6.470598150599973231e-01
-4.813522135655774470e-01 3.104729363517185758e-01 -7.313389305462862922e-01
-6.764751738025035488e-01 2.947034473883052286e-01 8.037487392860562241e-02
-5.608477027827578620e-01 2.483255459575843260e-01 -5.072312050427765229e-01
-6.564497009563099450e-01 1.262351047471781396e-01 6.341804202476919450e-01
-2.350443575828478071e-01 2.159799903381217495e-02 -9.766793236110883347e-01
-1.881208599232081155e-03 -3.329518118672950555e-01 -2.431682052735975597e-01
-2.205834772933804866e-01 -2.007713088064846940e-01 2.016652872427205853e-02
-6.351964434842266582e-01 6.075852525204540611e-02 4.493406206416051818e-01
-3.711512030495204284e-01 -1.464133765585264313e-01 3.997055929491996618e-01
-3.174222332869527374e-01 -1.617190391739994626e-01 3.873390948063576422e-01
-2.233708887418943689e-01 -9.276036464023230954e-02 -5.902640718404063014e-01
-6.115184761592081797e-01 1.133973193391066003e-01 -1.178099254547916724e-01
-1.153254383986234838e-01 5.112678219040443783e-02 -1.093911760007372447e+00
-3.058775129890075606e-01 1.664204541645608049e-01 -9.580360836110635159e-01
-3.875761929862048816e-01 2.307116734041557427e-01 -8.667505119684442150e-01
2.156304426618019590e-02 -3.685890340491092543e-01 9.441260635412047630e-01
1.898232404827168707e-02 3.162937994368100747e-02 -1.113591907192317487e+00
-2.623758967601006464e-01 -1.660062186092625680e-01 3.936454107875484443e-01
-2.083919474695036800e-01 -1.607568850628274815e-01 4.097675743057632713e-01
-1.725778324553320364e-01 -1.504097286301117886e-01 4.189104143842592443e-01
-6.089757216155462505e-01 -2.100399127814630423e-02 6.074085151594074139e-01
-2.205799269644842797e-01 -1.810859484803765129e-01 5.085016370749144698e-01
-2.801261630545599512e-01 -1.933071392798420551e-01 5.446679676616136279e-01
-3.370482716618832253e-01 -1.902425013687232824e-01 5.534921904629832579e-01
-3.906611142109332468e-01 -1.725945504597548308e-01 5.406816236663452013e-01
-4.224483922619421961e-01 -1.494719923927831928e-01 5.175867625186487686e-01
-6.971941741870109066e-01 2.884322183313808852e-01 7.027313090784019778e-01
-4.062969424334660351e-01 -1.284307359947065019e-01 4.225993059383422179e-01
2.279541084722052496e-02 -2.723857122365702099e-01 -3.299612280359340843e-01
-1.882958717037879481e-01 -2.003126311290542583e-01 -3.406002994852689314e-01
-1.314086679832453253e-01 -2.981334508613222578e-01 -1.755176799747791561e-01
-6.758731116179411691e-02 -2.642299698370174088e-01 -3.297745210877853772e-01
2.320800751766902495e-02 -3.270067131594768250e-01 4.866194335791100833e-01
-4.046474723567291543e-01 1.387367652095260473e-01 -7.765215833695562342e-01
-3.242009037972263807e-01 8.495202774055857220e-02 -8.782197208280473344e-01
-1.229136808415809412e-01 -3.534037297178784648e-02 -1.048597936705208955e+00
-5.498352117188284316e-01 4.076727323314861540e-01 -5.733206523477516470e-01
-1.764615027802612368e-01 -1.639002294212916211e-01 4.577332989979664424e-01
-8.072635229280929192e-02 -3.323178254247646235e-01 1.894092310915041766e-01
1.395840455363020656e-02 -5.276567714930241459e-02 -1.066747010227840908e+00
-2.184869706294236269e-01 9.755603897931724999e-02 -1.038367238932953907e+00
-6.537431219535367877e-01 3.114195343339000166e-01 -1.243870045572536415e-01
-1.220564290443508226e-01 -1.646938594563985836e-01 -6.017298386007376987e-01
-1.356047720739262386e-01 -1.706751761469332829e-01 -6.294583417378671886e-01
-1.465650989340271937e-01 -1.783692230295728098e-01 -6.650969763636058740e-01
-1.531308650162567508e-01 -1.661949724582938437e-01 -7.027977689077267165e-01
-1.620216219952035630e-01 -1.119308315792417186e-01 -7.616735347206179396e-01
-1.976714768394891575e-01 -1.110875701597650311e-01 -5.315777460914690167e-01
-2.095906855114663681e-01 -1.125753167378753666e-01 -5.241775888831524677e-01
-2.196457276957842486e-01 -1.140909235701594165e-01 -5.159481399700691640e-01
-3.049019012599647471e-01 -1.056674450084381239e-01 -4.357333452333865265e-01
-5.332886417428109871e-01 -5.679921179022395100e-03 -1.911876678302397992e-01
-7.938698697162979712e-02 -2.866451361591045299e-01 2.945001252030347016e-01
-1.113328913208762733e-01 -2.017860736986000769e-01 4.949758148802697599e-01
-1.507647615197358903e-01 -1.785157800047307564e-01 4.898847465247162525e-01
-1.855692939994857960e-01 -1.047023397795918132e-01 -5.384476128308753884e-01
-5.374665848982792538e-01 1.150787488146869098e-01 -3.966427143274361411e-01
-5.925414289183361660e-02 -2.828892776744401649e-01 4.844862305061888863e-01
-1.956614700420191699e-01 -6.519898195813515762e-02 -8.275432305244101450e-01
2.142040381065744153e-02 -4.429063760612678147e-01 1.362888338328764326e-01
-3.645411797380923580e-02 -3.810648298693365410e-01 2.286283278284829690e-01
2.233959819317033607e-02 -3.985363129538419535e-01 2.422355850053897752e-01
-1.260927320643516480e-01 -3.113714841485721863e-01 4.452034246207524359e-02
1.217600395358181889e-02 -9.878225799639581139e-02 -9.899458369728073581e-01
1.227265780818941748e-02 -1.134717271819343232e-01 -8.947934757091651203e-01
-9.438490609950447863e-02 -9.807084757371238581e-02 -8.830725259769974800e-01
-3.414688417091272798e-01 -1.252751624850539751e-02 -6.367666438294303788e-01
-2.558235775284545266e-01 -1.631118167216749626e-01 -1.735658125876732849e-01
-2.759589102743798539e-01 -3.462710571953912797e-02 -7.465583971742645319e-01
-4.000868928837665317e-01 -1.383117657019562463e-01 -1.412526364512997623e-01
-3.163437425493402788e-01 -1.398570426089723873e-01 -2.562955304662796197e-01
-4.534718552506663558e-01 -6.879184680664249263e-02 -2.764419403200297221e-01
-1.152118905581324682e-01 -7.942482854692606287e-02 -9.735673388094606695e-01
-1.638556630564548255e-01 -2.590989581691611199e-01 8.805714480119163252e-04
-3.893463890028283636e-01 5.555845202327479304e-02 -6.910546255919343128e-01
-3.084226085132799611e-01 2.412632551259181329e-02 -8.021946754805120428e-01
-3.916265929514861632e-01 -1.916024978061463616e-02 -5.146902498559587924e-01
-5.930018781136261463e-01 1.560025003211679973e-01 -2.717362115625684416e-01
-4.649411577243841576e-01 4.488505475133566791e-02 -5.143880465789799628e-01
-6.204762705505282305e-01 3.085314073823103298e-01 -3.184076368092934040e-01
-3.684142339467681992e-01 -9.395724224520354828e-02 -3.623165535770359602e-01
-1.206723535586876339e-01 -2.804991123718628687e-01 1.368336370451063155e-01
-1.226022943703352908e-01 -3.794369053847246320e-01 -1.577969931133811898e-01
-1.597671971773463317e-01 -3.058902318474601145e-01 -1.673482071560586371e-01
-9.601039834880015222e-02 -4.314247022925693509e-01 -1.048391092219566056e-01
-1.637759828902139170e-01 -2.318025016252105719e-01 5.900232213573555207e-01
-2.711076086041546707e-01 -2.475691976673111139e-01 6.614299590236941695e-01
-3.635973015815762155e-01 -2.427095614031833382e-01 6.772177181663356915e-01
-4.387404171383606499e-01 -2.141210248256523174e-01 6.603563356440034227e-01
-4.893530669868898508e-01 -1.706093024148375159e-01 6.200148796743907287e-01
-5.207666167454791939e-01 -5.467014562342283057e-02 4.689049496525341532e-01
-6.916323517765440299e-01 2.558508416575311362e-01 2.752886742473311665e-01
-4.781174295126716101e-01 -8.742256470678808067e-02 3.214128032163864335e-01
-4.159708546414777608e-01 -1.221724349286575084e-01 2.827501922711387894e-01
-3.317620866003226365e-01 -1.490875681728029423e-01 2.736602416174439556e-01
-2.501404564105568218e-01 -1.654014942342268979e-01 2.901197570302367357e-01
-1.853602149050549430e-01 -1.707444246369644869e-01 3.185331160636756254e-01
-1.404234623806844273e-01 -1.789760943774045820e-01 3.451623641904426609e-01
-6.956822434070962791e-01 4.859333662255655439e-01 3.124356240788395134e-01
-1.593910482654268268e-01 -2.715685113427342423e-01 -1.864955671387942548e-01
-8.142759468083431151e-02 -3.702374352773140642e-01 9.549882636177785267e-02
-7.919416815986624059e-02 -4.272949486530199792e-01 -1.743238854901998924e-01
-4.698055103549440836e-02 -3.952832472731346858e-01 -2.153042963244086450e-01
-7.937615622145265115e-02 -3.948052181844770581e-01 -1.839284340175806332e-01
-1.422577805132895223e-01 -2.464008355085509083e-01 -2.108262707477648323e-01
-3.389900761198588047e-02 -4.112461539259736343e-01 -2.272281836019221790e-01
-2.440179357320659131e-02 -3.336264297042533800e-01 -2.361721865421553823e-01
-1.348382407561417584e-01 -1.586640785306738799e-01 4.216932411091598443e-01
-1.049334534362548199e-01 -1.927349520962099438e-01 3.936111234106505208e-01
-8.768519167322029462e-02 -2.338954279996899310e-01 3.703498887521980976e-01
-4.389239556600347814e-01 -1.260979152449344109e-01 4.998009740387866495e-01
-4.792356183317899587e-01 -1.269949650127178975e-01 5.435207561639496809e-01
7.560901757788998645e-02 -4.196319478071650066e-01 1.235833419217029494e-01
4.593045213170152685e-01 -1.230646910034165764e-01 4.142009570768966364e-01
8.620395851363901740e-02 -3.398485598448260925e-01 -2.275985581569448524e-01
6.757516856827867624e-01 1.183834849818335699e-01 7.831422270742506297e-01
2.802784826504121085e-01 -1.731887287101366857e-01 3.289297068468856611e-01
3.422437360829557740e-01 -1.685528680285069414e-01 3.187393048890205804e-01
4.011978312421849990e-01 -1.528437861844442747e-01 3.222586998870876629e-01
4.793010522415737107e-01 -1.095366945446110268e-01 3.830912611759393904e-01
2.290232532322450387e-01 -1.683822125568361638e-01 3.542912457493272438e-01
3.753765438447679292e-01 -2.299738275787047148e-01 6.091600412229734030e-01
3.022118453203408994e-01 -2.277042536162740272e-01 5.978648326695996662e-01
4.413767685383253592e-01 -2.095775625770690542e-01 5.912700787821276727e-01
4.821192044494911344e-01 -1.813634134247485152e-01 5.502389899810595786e-01
5.252543523126531611e-01 -7.166612432048330428e-02 3.218259870613037754e-01
2.454218263174639814e-01 -3.657944831111838158e-02 -9.124177292174083798e-01
4.815711055733067347e-01 -1.072035891693156329e-01 4.479704250809609656e-01
7.096151721038522764e-01 1.953423615745394359e-01 3.952388214040601921e-01
5.907883903595816388e-01 -1.909469038541787567e-02 3.956378354104332362e-01
3.296846798070102169e-01 -1.870964006367701882e-01 -7.357777090356330818e-02
5.883592027751280429e-02 -2.646225449760369886e-01 -4.586798496245041434e-01
5.387825372939374774e-02 -2.273699636164127902e-01 -5.211790259625520561e-01
1.307324062990582181e-01 -2.173475483451740020e-01 -4.823688746931680260e-01
1.800823176807959947e-01 -1.644732413267749604e-01 -5.067548578900682443e-01
1.117418400446360816e-01 -1.942797948295004740e-01 -5.241585778225802406e-01
1.589396955249445242e-01 -1.464641783638823691e-01 -5.321974580970663116e-01
2.950915930418982480e-01 -6.104591341481827721e-02 -6.385238024073185414e-01
7.425318142708425828e-02 -4.594182597762557219e-01 -1.993706880757873390e-01
8.233430673612021633e-02 -4.906261520118607722e-01 -1.103886777546298770e-01
5.570084340394676481e-01 -1.734135229524024768e-01 6.282669128640221423e-01
2.051333147938013968e-01 -2.215611360054285384e-01 1.630489294613102769e-01
2.188045228317127000e-01 -3.102504360101463465e-01 -1.502377363295766544e-01
2.225040404430490004e-01 -2.980044509133537023e-01 -9.633637367098761561e-02
5.090388467611375312e-01 -1.097251466016351679e-01 -5.378000431936628273e-02
7.915584857625196369e-02 -4.671734283378293773e-01 1.333017149425718903e-02
4.255212693329468165e-01 -2.912085521549021561e-01 7.233685170756795069e-01
5.051279722282946416e-01 -2.393858843052552587e-01 6.947198248082013805e-01
6.161458280357197115e-01 -2.294382492499164733e-02 9.255428331625827898e-01
1.589042125906179326e-01 -3.285375790268381113e-01 6.295094457646581709e-01
2.402028194783675241e-01 -2.028525805147982364e-01 5.535055135066474508e-01
3.443484051946994473e-01 -5.474853467257344286e-02 -5.412248139643658362e-01
6.494274799659411901e-01 4.677475929198341431e-01 -4.174675954066212613e-01
1.741755325517545527e-01 -2.796428494257313657e-01 -1.988643540432917800e-01
1.272740988687648955e-01 -2.815281693006710939e-01 -2.250797713011989942e-01
2.477792613618964301e-01 -5.416876170148647585e-02 -5.588790133429255569e-01
2.315375237612701254e-01 -7.298393528572576228e-02 -5.641113007325372353e-01
5.342975343609714933e-01 -2.176623056263095046e-01 7.514368612527970726e-01
2.210725987650731805e-01 -2.710462376726179290e-01 -1.842696284389079842e-01
3.149547996449374443e-01 -3.243361767361314651e-01 7.093288220412883316e-01
3.248224968934630974e-01 -3.467795883438629101e-01 7.767013480309383766e-01
3.745256034117634414e-01 -2.813999371729031251e-01 1.109196090688886915e+00
5.758683204267637246e-01 -1.333614986790847556e-01 8.265492372530621745e-01
3.418502338068105662e-01 -3.154063655278416256e-01 9.377407913369764092e-01
5.904375519513542780e-01 -1.256061181445409236e-01 6.686098021302947503e-01
6.374167023296681833e-01 -8.786180911461334564e-03 7.112674382470579593e-01
5.691206956766114988e-02 -2.526172939333493073e-01 -4.941110741260055228e-01
1.211661771474858706e-01 -2.082634029790146890e-01 -5.050682432239571584e-01
1.695280383046522399e-01 -1.606868024098375702e-01 -5.196291170428930517e-01
1.606772330582057484e-01 -2.643457613044004617e-01 -2.129540646426115458e-01
2.394147473986417141e-01 -6.445818680750883822e-02 -5.617492611003793712e-01
2.048235777660596391e-01 -1.027719980642458064e-01 -6.060952800455789991e-01
2.233863832571275077e-01 -7.480311541361123195e-02 -5.653058214390183078e-01
1.431114358624062388e-01 -3.678429219397133521e-01 -1.833545049659986992e-01
1.505894853349610818e-01 -1.338316124226754389e-01 -5.411449030370730773e-01
1.051243644762249879e-01 -1.657709247824133980e-01 -5.362662428173012863e-01
5.140056311787995214e-02 -1.952507459381241373e-01 -5.374309095269625969e-01
9.399671210703051949e-02 -1.282998786736593289e-01 -8.106003417345554185e-01
5.862763737549872567e-02 -1.884558840002943936e-01 -7.479563213356805740e-01
5.479144799509864244e-02 -1.980488433417890159e-01 -7.076597845484113858e-01
5.143305245453423657e-02 -1.870019475443739365e-01 -6.650981673656695126e-01
4.557568155771438839e-02 -1.829303387347622767e-01 -6.282944409624763304e-01
1.448414248897538226e-01 -1.329211424816028053e-01 -6.067772387627996533e-01
1.565565240791324253e-01 -1.413249042034572245e-01 -6.242246681894159099e-01
1.679644602747323023e-01 -1.487409543044106164e-01 -6.456345818618249854e-01
1.794830798295135033e-01 -1.351765540621948092e-01 -6.678142727077911456e-01
2.780068751958360007e-01 -1.650618102607995796e-01 -3.989322856009394069e-01
7.162560548141254646e-01 4.964424596007638302e-01 3.900493191386866093e-02
1.810424414421659134e-01 -9.871852300243688649e-02 -5.892892563189950916e-01
1.923306773642883827e-01 -1.045416419851150913e-01 -5.981794706907079817e-01
1.074927250535237383e-01 -2.780756269089231791e-01 -2.587667624084754037e-01
2.021860331891139895e-01 -2.205238612034636225e-01 -2.308440448280842938e-01
1.171450317866603030e-01 -2.812901507887931585e-01 -2.427602793223341271e-01
2.685032551051282912e-01 -1.936038988386375170e-01 1.109496954847334904e-01
3.684531927730286260e-01 -1.694730473651334945e-01 4.817373575834188459e-02
2.332155175456237239e-01 -2.578993964109527193e-01 -1.316682464605198333e-01
5.217254152715339321e-01 -1.647328639390589489e-01 1.036206601644503955e+00
4.828651630052597232e-01 -2.338026101185037842e-01 9.052784546402827814e-01
4.455954580845014612e-01 -2.901163691204418082e-01 7.907767093316837581e-01
2.410112966067191054e-01 -8.705610055373423639e-02 -7.113189672878998948e-01
1.791379713987243383e-01 -3.691792874633272881e-01 7.425303462023540302e-01
1.921144085341935925e-01 -3.586413120876567606e-01 9.415360779467669694e-01
2.130684646600972121e-01 -3.470849166289394772e-01 1.146534645025708787e+00
4.509344336904939077e-01 -1.293167902291150750e-01 3.422647007056316415e-01
5.889938713758751110e-01 -3.051063648185312407e-02 2.567131371508872273e-01
1.954058031056600253e-01 -1.611606937789754612e-01 3.787867773207878042e-01
5.348475507143655161e-01 -1.239947365082805508e-01 5.084585068323090873e-01
1.629908658545515532e-01 -2.509558818679293313e-01 2.211516768267010602e-01
1.815946791525973047e-01 -3.758038416567357487e-01 -1.262797460134684469e-01
6.620093662049160166e-01 4.520779968903373969e-02 1.978342430509794081e-01
5.487337409041332936e-01 -7.714166609984479672e-02 1.853555176810169902e-01
4.715358088324136943e-01 -1.292815865459667202e-01 1.462299213313542623e-01
3.556530736591152486e-01 -1.563422533142765913e-01 1.629605536064966942e-01
2.702581662002203622e-01 -1.739063445558984289e-01 2.040363377862004501e-01
2.068161407300381782e-01 -1.953609371350092105e-01 2.465748615054692561e-01
8.257954907519346466e-02 -3.314096003601178508e-01 3.354537629323797177e-01
6.523319785694613460e-01 5.368902938589026341e-02 4.523561118363318874e-03
5.781146449780258934e-01 -9.634831041296307297e-02 5.210628101545073942e-01
5.346906628737568834e-02 -4.213890228500892232e-01 -2.382203743878187896e-01
2.016208111315818119e-01 -2.363160931741352944e-01 6.469423710687134677e-02
7.278941228177469025e-01 3.972272386833638480e-01 4.345326865777356939e-01
1.599119067855222509e-01 -2.096597744124386320e-01 2.942448768681027449e-01
2.406241701149268164e-01 -1.956749839492741838e-01 -1.270806822361115196e-01
5.038110249121496853e-01 -9.513131743971302290e-02 4.442124254786419257e-01
1.836031316678111702e-01 -3.601264880683785474e-01 -6.003720598085927895e-02
6.928217868582380312e-01 4.968466278438886663e-01 -1.815242118651377301e-01
1.954251876018276435e-01 -1.490479902447696958e-01 4.126104919935245086e-01
1.324962071275882780e-01 -4.267877630300089820e-01 -1.437862668820632031e-02
5.139642373790488383e-01 1.674084637006613696e-01 -6.793648994663754603e-01
5.145542901915928224e-01 2.910159954982258768e-01 -7.600148621397697646e-01
7.123158788326703350e-01 2.765773687352130472e-01 1.658922507893288018e-02
5.906874232002539138e-01 2.295726553937200709e-01 -5.497341247171751988e-01
6.766061015432339731e-01 1.094636448038160681e-01 5.683135932370249055e-01
2.602547475179398662e-01 1.073376850555526202e-02 -9.856007140827811597e-01
5.145190075465448654e-02 -3.347014399148908748e-01 -2.456239984010537281e-01
2.559936337884972657e-01 -2.061414733777175434e-01 -1.431639343422387708e-03
6.389457106409822673e-01 4.505103716213175458e-02 3.813514561643753797e-01
3.988205190290295965e-01 -1.538576522591175166e-01 3.741441271698474624e-01
3.455614510251846516e-01 -1.669041072733253583e-01 3.673670564566504093e-01
2.175271112453542321e-01 -9.024558852719777313e-02 -6.144715638640759758e-01
6.391531577066156267e-01 9.801691675970292117e-02 -1.726394314106964312e-01
1.504462206182604900e-01 4.543164762327175921e-02 -1.096357382346126563e+00
3.398759513346865102e-01 1.529476595201679778e-01 -9.682589990809222780e-01
4.215714460442799849e-01 2.145971583853068521e-01 -8.837819639938857552e-01
2.927514921365688139e-01 -1.695091798263053950e-01 3.761694752657354091e-01
2.432348452966291708e-01 -1.614220998517155448e-01 3.937083194892496696e-01
2.113498058685026881e-01 -1.489958588331287137e-01 4.035915420942007836e-01
6.175120305476908822e-01 -3.535375862229320904e-02 5.427846832755492956e-01
2.528474431747999573e-01 -1.822234918350809085e-01 4.827776919238276898e-01
3.071623520278636277e-01 -1.977426235930493936e-01 5.143386980685289434e-01
3.632939207342907317e-01 -1.972181636155920792e-01 5.213325117920477592e-01
4.175744048793225138e-01 -1.820191906304946539e-01 5.064066358798242629e-01
4.498449471083598161e-01 -1.598096513211941794e-01 4.814223240983723784e-01
7.127002131709063715e-01 2.689966459596708770e-01 6.302690795200314167e-01
4.349188850592611288e-01 -1.371263153775887089e-01 3.921236162037837758e-01
2.228346922922294637e-01 -2.056166500426065968e-01 -3.574404725975120489e-01
1.733781994269285309e-01 -3.050543325205427037e-01 -1.881871645463928100e-01
1.097985236606507514e-01 -2.655544652952964713e-01 -3.370956494311370122e-01
4.305839165928033729e-01 1.215674076541866377e-01 -7.993721660197381507e-01
3.490142535765321519e-01 6.966292337688979874e-02 -8.929785674965882158e-01
1.485104674538206826e-01 -4.161890275952535162e-02 -1.053287889392236831e+00
5.878867679718762229e-01 3.885305207983882347e-01 -6.131024321768154817e-01
2.134988484119495766e-01 -1.620684993954825959e-01 4.398587988940801941e-01
1.225910891128906000e-01 -3.337831675005978327e-01 1.800917665076848528e-01
2.522242930422015084e-01 8.778888359864504831e-02 -1.043126297525311941e+00
6.900653534480107876e-01 2.929596217083323406e-01 -1.830065116300449990e-01
9.954233101922732585e-02 -1.603409166047000678e-01 -6.176181846964682309e-01
1.105067758600366268e-01 -1.676246844703987715e-01 -6.460933096610180781e-01
1.186229202603098221e-01 -1.757439233350513996e-01 -6.812795732887089173e-01
1.266312376661981876e-01 -1.640909933321908765e-01 -7.170584201393920276e-01
1.754356376558359187e-01 -1.134166839042585195e-01 -7.724064785065909433e-01
1.966083117651170609e-01 -1.069439326232536069e-01 -5.446175758973264003e-01
2.082429654434667099e-01 -1.070987731180211011e-01 -5.386755744328914908e-01
2.184267400647615931e-01 -1.083529302303276876e-01 -5.310547950105132253e-01
3.211995651674038332e-01 -1.105463314921994178e-01 -4.600247350868046370e-01
5.545362104575775053e-01 -2.005396419413685988e-02 -2.383237703813408936e-01
1.222929813279319822e-01 -2.873321622512539086e-01 2.847030030749521656e-01
1.534602101665177298e-01 -2.036645721919789209e-01 4.794820171726520974e-01
1.882130165253646237e-01 -1.772169888009161032e-01 4.726093846374337382e-01
1.853563503222087905e-01 -9.874367889944862808e-02 -5.504492643499887539e-01
5.620126751309240110e-01 9.847847185329904052e-02 -4.397345180049005986e-01
9.922235992882216804e-02 -2.831522716579945032e-01 4.748807384522402142e-01
2.124347390198284835e-01 -7.248572457896912402e-02 -8.384286667801119641e-01
7.964270053390337667e-02 -3.825704090059938167e-01 2.233556849497164987e-01
1.653070884422264408e-01 -3.154738067965794368e-01 3.114740845315400186e-02
1.157409602452387221e-01 -1.035799379979861767e-01 -8.892191134267424246e-01
3.551794863404199587e-01 -2.325375434695943488e-02 -6.635335339103226593e-01
2.896879627669619595e-01 -1.725169225933400607e-01 -1.971799039531406117e-01
2.895024443218163213e-01 -4.485568987724109641e-02 -7.645244879641319713e-01
4.229774348245896043e-01 -1.507076050092913122e-01 -1.783131151971210637e-01
3.414447568931673338e-01 -1.494845645106782639e-01 -2.850974740030980392e-01
4.721912815299463828e-01 -8.189674245631109462e-02 -3.155370995414846780e-01
1.377979339904821798e-01 -8.508465680041218948e-02 -9.800532044646237395e-01
2.020168450768556889e-01 -2.642901681876745901e-01 -1.471847540639389593e-02
4.094144080658712603e-01 4.046678003934563173e-02 -7.152192609627894271e-01
3.290091301199443707e-01 1.015903406905269493e-02 -8.190962001792384539e-01
4.060376461402411263e-01 -2.803321269267172733e-02 -5.476005423998825394e-01
6.209333275899304727e-01 1.388784083014215076e-01 -3.219250679268201853e-01
4.828611435242455840e-01 3.001554847383063399e-02 -5.486864111633888985e-01
6.558453960294140517e-01 2.914943826887279599e-01 -3.705873748680996727e-01
3.846982303715754115e-01 -1.030771823461310854e-01 -3.950784680031008689e-01
1.609769754938130126e-01 -2.817073027775152116e-01 1.239268582613987646e-01
1.613597219212347667e-01 -3.835743244420783959e-01 -1.700507958852516543e-01
1.990314229429661907e-01 -3.137019515649573931e-01 -1.820661639825864597e-01
1.362730529995255235e-01 -4.361174880788646346e-01 -1.154544187015628109e-01
2.040995099522045220e-01 -2.351914029088526537e-01 5.709575348871520628e-01
3.069277007543163016e-01 -2.567180207256560265e-01 6.374683280604800384e-01
3.963769340098112215e-01 -2.546871427152621048e-01 6.484959091088244865e-01
4.675690278546729139e-01 -2.275732659543807102e-01 6.271332599220413861e-01
5.138370937939709115e-01 -1.847954879061921574e-01 5.818585879006572537e-01
5.396746198265083283e-01 -6.746370921334372828e-02 4.197143147460677404e-01
7.197622817345410429e-01 2.394784625017901125e-01 2.077897847241780838e-01
4.936305391937783615e-01 -9.813145021907138110e-02 2.785153467346185296e-01
4.315987133493572880e-01 -1.313801754703311786e-01 2.473733238031106119e-01
3.505498878287635067e-01 -1.552425501738841085e-01 2.492010746197113880e-01
2.734931300166144053e-01 -1.687901558332177698e-01 2.734122585111753989e-01
2.147079076744625725e-01 -1.736244754060601303e-01 3.054039635571714206e-01
1.742037033263219292e-01 -1.802443557487697356e-01 3.348036071112806544e-01
7.244013182377995186e-01 4.682328344962350397e-01 2.419639623743912726e-01
1.983498046097053047e-01 -2.798215844498101457e-01 -2.005323421850546683e-01
1.234531898624676438e-01 -3.714248030788914190e-01 8.630850715428235731e-02
1.188082586148181685e-01 -4.315651360289866068e-01 -1.830951551996144455e-01
8.639376328228542956e-02 -3.995465366323207590e-01 -2.211481774364672526e-01
1.187464274649480123e-01 -3.987434785040683272e-01 -1.929046275676838951e-01
1.827251016191591415e-01 -2.554663830228807164e-01 -2.231941916924128078e-01
7.364910120454877529e-02 -4.145598097241850466e-01 -2.318355692649662347e-01
7.168281956056662962e-02 -3.370769275720574276e-01 -2.401385973956845776e-01
1.740328381305812910e-01 -1.582915786220918664e-01 4.088641778134064486e-01
1.425497948034279150e-01 -1.933654126106706950e-01 3.836709636898837372e-01
1.234440219245583614e-01 -2.352523726920074665e-01 3.628564205197810644e-01
4.676557936984155894e-01 -1.368406412339122358e-01 4.628135068509885985e-01
5.053730497841699698e-01 -1.406589076096389501e-01 5.042578082038057241e-01
-3.243970566375421472e-01 -1.541121374375535591e-01 4.814476166251849820e-01
-2.602620578998021128e-01 -1.600886742157992260e-01 4.796394593772032033e-01
-3.236024420975750493e-01 -1.624022303117292343e-01 5.643187062852352831e-01
-3.893981558624765027e-01 -1.480833494053412913e-01 4.835766126688348931e-01
-3.257689516599798774e-01 -1.458245612522157675e-01 3.991709255287838043e-01
3.513449218168701593e-01 -1.604796897636881492e-01 4.519165084370789232e-01
4.141299566777595920e-01 -1.661686049604661486e-01 4.485661669519539485e-01
3.504392134410613813e-01 -1.689110467791783421e-01 5.358245687939731106e-01
2.880610432756230410e-01 -1.548157916523815458e-01 4.559454576085703037e-01
3.524874386280874572e-01 -1.520646313044810571e-01 3.679507846747033240e-01
