-1.507253895809249761e-02 -2.771375207266178475e-01 -4.770042202278109711e-01
2.213620469458628046e-02 -4.677793332546746341e-01 -2.030884239118081747e-01
2.479272668775056587e-02 -2.938803404844791967e-01 -2.643628810117842898e-01
-3.297017562081978187e-02 -4.242711331896709126e-01 1.295906104320161956e-01
2.193652528276223215e-02 -5.014129762422738779e-01 -1.098765952055398010e-01
2.091046106985426645e-02 -4.922977622243569495e-01 2.262396408646908177e-02
2.311522131631622498e-02 -3.618866287885896815e-01 3.600058530579968719e-01
-4.340084883771108126e-01 -1.144642452517896369e-01 4.529477293888406475e-01
2.357456378534034461e-02 -3.463620321261832724e-01 6.164161512443327995e-01
2.260424622973946154e-02 -3.737734080234037526e-01 7.401116283266270246e-01
2.122714755531967395e-02 -3.622833319286444254e-01 1.175168710722399812e+00
-1.412922468278240105e-02 -2.657796231582389423e-01 -5.046555827485144086e-01
-1.278597834393960936e-02 -2.428193930984819948e-01 -5.313014720042250616e-01
-1.068771075616225565e-02 -2.089528020028769695e-01 -5.495311159388883704e-01
-1.767048313833509410e-02 -1.902754685098955179e-01 -6.159693471446088253e-01
-1.873997109286357210e-02 -1.934349433285925401e-01 -6.568046794495101537e-01
-2.047776635769914949e-02 -2.028812921137576053e-01 -7.023875375958869016e-01
-2.023606438131330190e-02 -1.919514057263260187e-01 -7.462697114157822442e-01
1.050487732622148659e-02 -1.298068857426137590e-01 -8.130087307996023416e-01
2.108183021363016496e-02 -4.286897252396096869e-01 -2.433353910568151479e-01
-4.065171394110575487e-02 -3.393546097950103091e-01 -2.241091220292100450e-01
-6.733580628856552508e-01 1.392142932824066981e-01 8.628601991039139829e-01
-2.578428168614548266e-01 -1.723080451998872109e-01 3.481002882239727647e-01
-3.238734916094640481e-01 -1.652636893648658789e-01 3.416170958988858364e-01
-3.853584834435089812e-01 -1.470328073660245594e-01 3.534322502958630041e-01
-4.605014668461878125e-01 -1.010210538461505381e-01 4.269750813838867898e-01
-1.996568347304893964e-01 -1.678892600785875655e-01 3.722704748627144178e-01
-3.510174530311332419e-01 -2.242254337470540315e-01 6.432730573136977714e-01
-2.756067525108982230e-01 -2.235515407946889743e-01 6.289883495487389453e-01
-4.177248958305547211e-01 -2.002302808014201074e-01 6.284091352051668355e-01
-4.599990205896124507e-01 -1.694577930617097716e-01 5.918028627294620314e-01
-5.159254472476118014e-01 -6.004577196132424022e-02 3.733822934032576812e-01
-2.304457473923134381e-01 -2.675112508062681485e-02 -9.132152391702534899e-01
-4.551252737423098216e-01 -9.782452454424107879e-02 4.903600968442375363e-01
-6.946871818815093524e-01 2.154895209539088863e-01 4.684280311165539001e-01
-5.864188204718350228e-01 -3.940129435482126602e-03 4.575502797613507089e-01
-3.016922537845450614e-01 -1.805993466235980005e-01 -4.514544078077796507e-02
-8.736426943249006594e-02 -2.666740060105552423e-01 -4.560387872192544489e-01
-7.640515878012721362e-02 -2.308089297382906191e-01 -5.216961169582287061e-01
-1.482193727557470919e-01 -2.230240176583798140e-01 -4.760673419901362280e-01
-1.805932816671450281e-01 -1.761901608012008680e-01 -5.061306408995629447e-01
-1.260009708441616749e-01 -2.017619525197097974e-01 -5.225184908530128292e-01
-1.580083637142356556e-01 -1.569839790920483091e-01 -5.354773868050334285e-01
-2.840711266664006640e-01 -5.920870423158069995e-02 -6.229207150899673806e-01
-3.270849912041318835e-02 -4.608549560778736898e-01 -1.963712949903499150e-01
-4.237177220194661420e-02 -4.920357045122929485e-01 -1.055754284039589069e-01
-5.458030528429610451e-01 -1.602912812239580265e-01 6.789033184532552445e-01
-1.694361087620568918e-01 -2.218408265976532234e-01 1.819888738517976556e-01
-1.816993443867964686e-01 -3.065320584248567015e-01 -1.355160359211080301e-01
-1.867744540920754648e-01 -2.942028931454828689e-01 -8.048210286095371091e-02
-4.911399144419171803e-01 -9.952045817483129442e-02 -7.630334194107196363e-03
-3.824924624841870291e-02 -4.712319417727872661e-01 1.844201378893046625e-02
-3.987501500478095595e-01 -2.798843248727002075e-01 7.643521634098535689e-01
-4.857126353676079478e-01 -2.264673149269325891e-01 7.392867012735134802e-01
-6.090667927967483575e-01 -3.965033236028696340e-03 1.002245922799890110e+00
-1.155529998645051376e-01 -3.282956057928179128e-01 6.541114235256865195e-01
-2.088129659474721733e-01 -2.017100186202974155e-01 5.822492424152453383e-01
-3.188504364590123985e-01 -6.024189740663013493e-02 -5.331197174167140451e-01
-6.148051273237191694e-01 4.920121054268990490e-01 -3.708160811438842019e-01
-1.331630143059555071e-01 -2.752702733951606362e-01 -1.885868117319531856e-01
-8.236633580378312225e-02 -2.755827776523280814e-01 -2.182094045840278773e-01
-2.255488771297911588e-01 -7.149352769670627716e-02 -5.515388246459409505e-01
-2.147464674299871812e-01 -8.679530899217460793e-02 -5.555347803593158051e-01
-5.177265908757188173e-01 -2.039242988493268904e-01 8.050358439046324532e-01
-1.855902159268063289e-01 -2.658094218283174603e-01 -1.698434809051671823e-01
-2.789789107865680018e-01 -3.153666485498460847e-01 7.452144146432562177e-01
-2.888553299752707471e-01 -3.373712342364907912e-01 8.186199442776447288e-01
-3.498377544959381802e-01 -2.713345671767839473e-01 1.163671462012124458e+00
-5.623937059677136530e-01 -1.186522961085349354e-01 8.913049158627481816e-01
-3.117007459441970552e-01 -3.077148599467410262e-01 9.827427500945666861e-01
-5.808302332089012587e-01 -1.118591482697011419e-01 7.321615860276690091e-01
-6.262893624277832139e-01 7.347320564121607132e-03 7.804789408514387627e-01
-8.351108177163532598e-02 -2.554620136027363486e-01 -4.927474513700533798e-01
-1.373441366728426483e-01 -2.148961806265677899e-01 -5.006457807262501003e-01
-1.703349362728167338e-01 -1.714870561290064988e-01 -5.205765307418861454e-01
-1.182755001515915644e-01 -2.588752115217973770e-01 -2.040258462368588765e-01
-2.196991831565296149e-01 -7.945890806223104841e-02 -5.537459965083536551e-01
-2.098138060860613441e-01 -1.103443390777625460e-01 -5.807304652422502489e-01
-2.085950174439172577e-01 -8.810775978082001358e-02 -5.566540992927573317e-01
-1.038181544822131541e-01 -3.692845128176358016e-01 -1.744391422451052331e-01
-1.489844652479869747e-01 -1.439822909604288881e-01 -5.466859889700919073e-01
-1.151530803345911513e-01 -1.741395043982629232e-01 -5.387986571333174268e-01
-6.899281827478034868e-02 -2.002913395946870345e-01 -5.404104771532884932e-01
-7.902299288798919630e-02 -1.251624231102024809e-01 -8.048702239317541141e-01
-9.730744359890387829e-02 -1.888377116850419868e-01 -7.319093899481957655e-01
-9.420838014728497023e-02 -1.996504190522871980e-01 -6.870806680577200565e-01
-8.668213914440786594e-02 -1.890699442671277541e-01 -6.413887308795122033e-01
-7.764552389790770059e-02 -1.857196464375422962e-01 -6.031681190100558476e-01
-1.638954681942768887e-01 -1.391271797833536494e-01 -5.744789232686813296e-01
-1.787754634502840556e-01 -1.452891259949680158e-01 -5.911008848738734667e-01
-1.942087226189196936e-01 -1.514735178157980422e-01 -6.124599357986717507e-01
-2.054828257004872594e-01 -1.372439840318376292e-01 -6.361875478645980797e-01
-2.489305103556859744e-01 -1.639202920646322115e-01 -3.855580667707629861e-01
-6.876697611849262870e-01 5.224157866284182550e-01 1.067707549032134579e-01
2.480001992776835126e-02 -3.410755407340475553e-01 -2.507212166401570075e-01
-1.848405759963883677e-01 -1.090200049532430993e-01 -5.647049232152014930e-01
-1.974399635886535664e-01 -1.128863246732055570e-01 -5.723663609244356021e-01
-6.114372998357497230e-02 -2.759046113361759978e-01 -2.541875344483604526e-01
-1.624963233627893522e-01 -2.125158505762102246e-01 -2.185766935399156841e-01
-7.141810055579254912e-02 -2.768458387035624968e-01 -2.366815204875630796e-01
-2.364472074171189986e-01 -1.923580174977276291e-01 1.355353584429503377e-01
-3.418184677062532928e-01 -1.639910797341588566e-01 8.239620412190371002e-02
-1.973464202685958624e-01 -2.529462508069809656e-01 -1.152207804219019388e-01
-5.069655491066220598e-01 -1.480225072505283734e-01 1.105791904911144652e+00
-4.623060605931512135e-01 -2.208030066343664999e-01 9.634582339375615812e-01
-4.190453834264408206e-01 -2.781600825780444763e-01 8.387582275125221587e-01
-2.404415122223521606e-01 -8.383968367775808395e-02 -6.936695224190728704e-01
-1.337220823659409641e-01 -3.672640021962869095e-01 7.779022933679327068e-01
-1.555188286557037669e-01 -3.559071793762958458e-01 9.706136593883900598e-01
-1.800244024747429117e-01 -3.417933484198446559e-01 1.182379701245332759e+00
-4.347668487130503800e-01 -1.214763999774869235e-01 3.811269033139115803e-01
-5.879604788449201980e-01 -1.453844932596538159e-02 3.153769081138131369e-01
-1.609506776242873305e-01 -1.631624459246757697e-01 3.960186423747844575e-01
-5.188808069540993273e-01 -1.116114416069730192e-01 5.572792644856228161e-01
-1.245691137579096053e-01 -2.527785266078518278e-01 2.364929981441835916e-01
-1.440366969135738473e-01 -3.739753912974903005e-01 -1.129977422023251132e-01
-6.453803227404196763e-01 6.265410953567286667e-02 2.629814662556676508e-01
-5.476532244758660628e-01 -6.421284972712830441e-02 2.373933873813146855e-01
-4.676772298397472438e-01 -1.194159014649573414e-01 1.891119026261188496e-01
-3.437036247549273837e-01 -1.513887337429014324e-01 1.928907925887559105e-01
-2.515695136989845038e-01 -1.717775742936557548e-01 2.248266203253510842e-01
-1.826231439747279806e-01 -1.945859468811790560e-01 2.624486627755905355e-01
-3.808235897170197254e-02 -3.343525012941718222e-01 3.446783205869770605e-01
-6.332108456088052506e-01 6.933425434536301390e-02 6.470645301885738498e-02
-5.706068046973520325e-01 -8.275790439128169473e-02 5.794389952572160940e-01
-1.299289676833748769e-02 -4.248752055767016089e-01 -2.378862822664480348e-01
-1.646233140145461626e-01 -2.363995110371429065e-01 8.159430059244575373e-02
-7.122571240057963271e-01 4.198762567867602158e-01 5.120048551125981895e-01
-1.289114666408656407e-01 -2.107182486894736972e-01 3.059777292400837068e-01
-2.012962313390646296e-01 -1.899735011409283691e-01 -1.099296599856081913e-01
-4.808745397484855966e-01 -8.532655978048213352e-02 4.905866679833362776e-01
-1.474904323416708074e-01 -3.580743685093590867e-01 -4.628949390609575498e-02
-6.592527059053421290e-01 5.237352452414877346e-01 -1.236860893618390994e-01
-1.573047039946623427e-01 -1.525137751320074508e-01 4.307202282988897291e-01
-9.544945236574298164e-02 -4.280356668247248808e-01 -4.482466817438331488e-03
-4.924568308621452006e-01 1.875294248375598272e-01 -6.536170880748427559e-01
-4.862302137244298716e-01 3.136192541418135749e-01 -7.387502840600761456e-01
-6.833305406467210519e-01 2.976899575994320646e-01 8.118938886306720226e-02
-5.665313064022379219e-01 2.508420647483529109e-01 -5.123714616553834977e-01
-6.631021306227773415e-01 1.275143652214328904e-01 6.406071740955537885e-01
-2.386221203050556405e-01 2.173403925868806763e-02 -9.873296586017956677e-01
-1.884989931242157064e-03 -3.362298325616958072e-01 -2.455082950700813171e-01
-2.228188596328671833e-01 -2.028059155843292827e-01 2.037089533443791137e-02
-6.416334936626530983e-01 6.137424930614037571e-02 4.538942168588788184e-01
-3.749124314731374086e-01 -1.478971226678880702e-01 4.038301962679672341e-01
-3.206389749176340453e-01 -1.633578921314560173e-01 3.913533106678270257e-01
-2.199943148244730418e-01 -9.810430330282714217e-02 -5.904435419149027808e-01
-6.177155749566760612e-01 1.145464823983252250e-01 -1.190038054834569314e-01
-1.164941408393187633e-01 5.164489841338672227e-02 -1.104997409119817142e+00
-3.089774299926894563e-01 1.681069410932704844e-01 -9.677448745795220741e-01
-3.915038714671026931e-01 2.330496947324270096e-01 -8.755341199293359411e-01
2.178156311867828279e-02 -3.723242975754246786e-01 9.536937922906805198e-01
1.917469000632339091e-02 3.194991064156620791e-02 -1.124876993968885186e+00
-2.650348014664781759e-01 -1.676885176367211849e-01 3.977159190765784946e-01
-2.105037814326839729e-01 -1.623859875968418076e-01 4.139819951454264402e-01
-1.743267279011339321e-01 -1.519339735789732582e-01 4.232064468282891734e-01
-6.151470522608828428e-01 -2.121684463032951981e-02 6.135636956486010263e-01
-2.228152733251088646e-01 -1.829210647643755017e-01 5.135973939453795101e-01
-2.829649481050262039e-01 -1.952661045230461856e-01 5.500865582092917538e-01
-3.404639026206126018e-01 -1.921704097188750848e-01 5.589895491734031552e-01
-3.946200551350073638e-01 -1.743436153250087217e-01 5.460646299839120310e-01
-4.267294639314711535e-01 -1.509867343677603890e-01 5.227636157919370863e-01
-7.042595063836638580e-01 2.913551762091564634e-01 7.098527543334738343e-01
-4.104143360880017077e-01 -1.297322468903208403e-01 4.269282674337945283e-01
2.315457188725910526e-02 -2.752893231341786429e-01 -3.329032528696608262e-01
-1.899008934263404502e-01 -2.024007164986635077e-01 -3.438691431227940409e-01
-1.327403570982669534e-01 -3.011047623539133689e-01 -1.772710681091204110e-01
-6.814214820816603957e-02 -2.670042701021713150e-01 -3.327433531813591694e-01
2.344319634856532539e-02 -3.303205834477669911e-01 4.915508114920029703e-01
-4.092909396506470010e-01 1.401051165519922592e-01 -7.847171494294585825e-01
-3.292093949031110189e-01 8.569357478497532932e-02 -8.881840230551437676e-01
-1.242046421947146512e-01 -3.570165217389213719e-02 -1.059259430761324783e+00
-5.554072152840339172e-01 4.118040681746146792e-01 -5.791306562376465905e-01
-1.782497551541669112e-01 -1.655611864557066104e-01 4.623758784226954521e-01
-8.154442926058924623e-02 -3.356855182690617889e-01 1.913286947837891105e-01
1.409985835338645362e-02 -5.330040198127035389e-02 -1.077570120846868651e+00
-2.207011070713084111e-01 9.854466701326126954e-02 -1.048890002542873123e+00
-6.603681232786913213e-01 3.145754445653821119e-01 -1.256475366416521244e-01
-1.276699196940768721e-01 -1.648569309967976571e-01 -5.865610031478458719e-01
-1.421132424739564859e-01 -1.708279612307958550e-01 -6.153729898479738392e-01
-1.535965943269986256e-01 -1.786092550293466585e-01 -6.518184663630957054e-01
-1.607160568198826578e-01 -1.664481835167830048e-01 -6.923681974343134371e-01
-1.703340355388578420e-01 -1.122279188360138791e-01 -7.598649116125533176e-01
-1.822858912055202174e-01 -1.213854293739943802e-01 -5.525737395841605615e-01
-1.923275681749515853e-01 -1.242431151874440615e-01 -5.463087161080353304e-01
-2.010143030704233946e-01 -1.268079138624141622e-01 -5.388276624451857622e-01
-2.905245673849130017e-01 -1.177727939321419059e-01 -4.542886964505606917e-01
-5.386929631644701288e-01 -5.737481311054181549e-03 -1.931251544518100549e-01
-8.019149087572509382e-02 -2.895499841691737131e-01 2.974871979659354237e-01
-1.124611334816962571e-01 -2.038309640550080293e-01 4.999643363731078871e-01
-1.522926043548087360e-01 -1.803248503251315693e-01 4.948179299657579633e-01
-1.720752435666853541e-01 -1.136311930914127438e-01 -5.583026879171579804e-01
-5.429132453947401737e-01 1.162449512307665994e-01 -4.006622724991222295e-01
-5.985462152326645469e-02 -2.857560639954415116e-01 4.893922680465379593e-01
-2.036094285531959147e-01 -6.586785270929090830e-02 -8.304809947242490775e-01
2.163747715164630187e-02 -4.473947679537239042e-01 1.376699786506686563e-01
-3.682354225036931633e-02 -3.849265225098801868e-01 2.309452362959943938e-01
2.256598660577942631e-02 -4.025750607628461042e-01 2.446903887620468232e-01
-1.273705497406927845e-01 -3.145269077787823941e-01 4.497150951139665398e-02
1.230204824246795663e-02 -9.971904804575444647e-02 -1.000452227391706916e+00
1.173117355539580846e-02 -1.137103625500513193e-01 -8.971206570388715607e-01
-9.814387002058223841e-02 -9.857161066709638209e-02 -8.863830990756084161e-01
-3.454790788000643431e-01 -1.413754776483655030e-02 -6.437354512205646362e-01
-2.584160813471825802e-01 -1.647647840197480895e-01 -1.753247201765726626e-01
-2.857980353227644876e-01 -3.540309449327468105e-02 -7.498178992649987551e-01
-4.041413541951319743e-01 -1.397134104769280349e-01 -1.426840838688649138e-01
-3.195314394084411425e-01 -1.412743471457265643e-01 -2.588907347533059289e-01
-4.580673172005808036e-01 -6.948898007038060987e-02 -2.792433896346713240e-01
-1.177381379731602812e-01 -8.027051022015295467e-02 -9.846619136990998333e-01
-1.655161684574741332e-01 -2.617246545376175626e-01 8.894951166733003822e-04
-3.956071327271671878e-01 5.596111413818011249e-02 -6.996307895458401260e-01
-3.163659053932945664e-01 2.403710489544855916e-02 -8.135567057488493070e-01
-3.883561231267440572e-01 -2.426714545186802255e-02 -5.260130707395330729e-01
-5.990113305979323233e-01 1.575834221490974851e-01 -2.744899732485268640e-01
-4.696490611603151288e-01 4.532671473369888349e-02 -5.196170397168138333e-01
-6.267641472051087570e-01 3.116580501482922871e-01 -3.216343644718303030e-01
-3.690908035292620459e-01 -9.864639322562009094e-02 -3.690108732933717883e-01
-1.218952413802020934e-01 -2.833416768727561319e-01 1.382203028724232619e-01
-1.238447401191230673e-01 -3.832713354739484823e-01 -1.593909703681805623e-01
-1.613862702619749956e-01 -3.089673141838727988e-01 -1.690341320160557992e-01
-9.698336310350177958e-02 -4.357967394558079910e-01 -1.059015437918603003e-01
-1.654356808162644465e-01 -2.341515770171659627e-01 5.959268276646416673e-01
-2.738550000579949018e-01 -2.500780519979114436e-01 6.680440857393575849e-01
-3.672819791313794435e-01 -2.451691684138372906e-01 6.839983825649348370e-01
-4.431865914036511311e-01 -2.162909169829485834e-01 6.669702021176768802e-01
-4.943121474091338174e-01 -1.723382488719787109e-01 6.262213163479660727e-01
-5.260440405686551690e-01 -5.522417033147020149e-02 4.736503660490565260e-01
-6.986413207326485075e-01 2.584436217696307048e-01 2.780784367561059955e-01
-4.829626485256620083e-01 -8.830850076879993849e-02 3.247300252661500797e-01
-4.201862832566047867e-01 -1.234105245025577668e-01 2.856966778788084804e-01
-3.351241476141275100e-01 -1.505984144112418321e-01 2.765375887709933811e-01
-2.526753675849782166e-01 -1.670776650139818853e-01 2.931703642901620221e-01
-1.872386463992284644e-01 -1.724747404161995623e-01 3.218645384035278001e-01
-1.418465069881363616e-01 -1.807898295014974954e-01 3.487528939906766601e-01
-7.027322537700138039e-01 4.908577915649266488e-01 3.156018316518729439e-01
-1.610048352989959242e-01 -2.742821748897178447e-01 -1.883705368600508967e-01
-8.225277800521502147e-02 -3.739894036223184171e-01 9.646660712333603171e-02
-7.999671804740585146e-02 -4.316175962201821981e-01 -1.760860447372803173e-01
-4.745664967793450373e-02 -3.992424929639477593e-01 -2.174347353501566993e-01
-8.018055036724706930e-02 -3.987776287970755673e-01 -1.857699460438773653e-01
-1.436774351572068231e-01 -2.488337573421987858e-01 -2.129401146132074152e-01
-3.424253848102411235e-02 -4.153759678547945811e-01 -2.294851326792705648e-01
-2.463746016974523514e-02 -3.369128010531075024e-01 -2.384529995529439117e-01
-1.362046849965362627e-01 -1.602719726640439157e-01 4.260126848754219320e-01
-1.059968440112543653e-01 -1.946881188220416226e-01 3.976599926915844740e-01
-8.857378918426650483e-02 -2.362657130067659095e-01 3.741490815055670827e-01
-4.433719898958678463e-01 -1.273757854473779871e-01 5.048220492970262319e-01
-4.840921690164409208e-01 -1.282819258743221058e-01 5.489510231094162362e-01
7.637523572202936650e-02 -4.238844777641792572e-01 1.248357297276428690e-01
4.639590912240481591e-01 -1.243118226574231600e-01 4.187783450681086816e-01
8.708382160620571633e-02 -3.432082265057638248e-01 -2.298104982034360755e-01
6.825997207332296091e-01 1.195831775193816060e-01 7.910785533751087950e-01
2.831188113003298423e-01 -1.749438149491748806e-01 3.339228119324861299e-01
3.457120176280067403e-01 -1.702609746785785638e-01 3.237917286668770545e-01
4.052635507493913547e-01 -1.543926977553800595e-01 3.272760551689065656e-01
4.841582660303161423e-01 -1.106467341337734611e-01 3.878162702055102384e-01
2.313441638547854839e-01 -1.700885897925736856e-01 3.591802638345026333e-01
3.791805916685862532e-01 -2.323043712759094159e-01 6.137212024439568925e-01
3.052744456116323057e-01 -2.300117975602060938e-01 6.022459963031919772e-01
4.458496594617830100e-01 -2.117014115066710722e-01 5.957342424601015374e-01
4.870049772570361757e-01 -1.832013415251360633e-01 5.544381583335314945e-01
5.305772546320166594e-01 -7.239238545842051342e-02 3.256841531751088481e-01
2.480053261284604627e-01 -3.672243284903932425e-02 -9.226401054066907248e-01
4.864513239732274896e-01 -1.082899851809259600e-01 4.523552210895516734e-01
7.168063780954185837e-01 1.973219516624976910e-01 3.992441525924478318e-01
5.967754114655512421e-01 -1.928819501639651712e-02 3.997941007790592471e-01
3.330256884803826645e-01 -1.889924265535649628e-01 -7.432340440744576726e-02
5.759510277235126846e-02 -2.675256703739625208e-01 -4.647214675958467600e-01
5.122626457404826084e-02 -2.289418596483526469e-01 -5.322037151637497576e-01
1.245934834379425343e-01 -2.193149635842205625e-01 -4.931547531928922590e-01
1.655757688963260810e-01 -1.663163023701483556e-01 -5.237408137282526521e-01
1.049409179501771261e-01 -1.954219563386125069e-01 -5.376599732010863830e-01
1.449008112852361585e-01 -1.475283265844270497e-01 -5.493397024434254483e-01
2.685143320296889957e-01 -6.406855796915184031e-02 -6.555552470348767757e-01
7.500565959294451523e-02 -4.640696573345618470e-01 -2.013878473626836418e-01
8.316867863681799700e-02 -4.955981338164585637e-01 -1.115073513848744147e-01
5.626531306943349797e-01 -1.751708872454696142e-01 6.344226266533967706e-01
2.072121259303242591e-01 -2.238064258912362270e-01 1.647012594629144455e-01
2.210218773323278096e-01 -3.133916719577997667e-01 -1.517596441979984223e-01
2.247588856770340038e-01 -3.010244136722782793e-01 -9.731264167541452126e-02
5.141974219278941938e-01 -1.108370959548708873e-01 -5.432500812554701825e-02
7.995801013497602638e-02 -4.719077413697835288e-01 1.346525895786882150e-02
4.298334813907777052e-01 -2.941596456029791362e-01 7.306990988030723777e-01
5.102469147808139649e-01 -2.418118093322084161e-01 7.017549081736648153e-01
6.223898201943325326e-01 -2.317633637371559890e-02 9.349222403500417888e-01
1.605145402309907654e-01 -3.318669630361287259e-01 6.358888641819802068e-01
2.426370232870357357e-01 -2.049082787999374766e-01 5.576139231356309622e-01
3.148932292086785711e-01 -6.140956915494282659e-02 -5.743130440295625139e-01
6.560087467829583963e-01 4.724877245080205679e-01 -4.216981919206055363e-01
1.759452681695268250e-01 -2.824245198631306075e-01 -2.008513157799775573e-01
1.285912366248673500e-01 -2.842917316734605016e-01 -2.272929399611509360e-01
2.113567273374012401e-01 -5.951010927326472882e-02 -5.890100367372684831e-01
1.963574785481848606e-01 -7.774182236455000339e-02 -5.902952806869561364e-01
5.397120798518526552e-01 -2.198680849527540060e-01 7.590518869027911286e-01
2.233129378380065977e-01 -2.737747425101048626e-01 -1.861299179855695485e-01
3.181465364218787895e-01 -3.276229839368733909e-01 7.165171268490926337e-01
3.281142324392667398e-01 -3.502938359973591931e-01 7.845724020996642789e-01
3.783210278461999754e-01 -2.842516305889623007e-01 1.120436630472634087e+00
5.817041422623209224e-01 -1.347129776863641160e-01 8.349254481053574040e-01
3.453145276187390977e-01 -3.186026784517006494e-01 9.472438113713507191e-01
5.964210176777846595e-01 -1.268790044145972074e-01 6.753854616766437058e-01
6.438762525043461027e-01 -8.875219635299750470e-03 7.184753882241758927e-01
5.497222565251908694e-02 -2.549375582005464214e-01 -5.026260390904253583e-01
1.146108562231017564e-01 -2.098519984424360718e-01 -5.172469352961532874e-01
1.554918333427799115e-01 -1.621348971607622091e-01 -5.364711986363206453e-01
1.623236429585239171e-01 -2.669598267817836490e-01 -2.150785488502285070e-01
2.033498836282356947e-01 -6.955641984902280472e-02 -5.900937544693690695e-01
1.839018375301686714e-01 -1.035834905576322601e-01 -6.087728719756764217e-01
1.893692817667538830e-01 -7.913996269758921676e-02 -5.895847752173567491e-01
1.445617202637166365e-01 -3.715380658183584650e-01 -1.851879980678493298e-01
1.368559976222323560e-01 -1.345775601773729901e-01 -5.583399786593883363e-01
9.758540578352191408e-02 -1.664291201429259348e-01 -5.508130024443970152e-01
4.811945127980320203e-02 -1.961626215231873083e-01 -5.501096198860941922e-01
9.439905186976590978e-02 -1.270985013730287494e-01 -8.104788931498478899e-01
5.816673004165281297e-02 -1.867763887845962090e-01 -7.405259835317156147e-01
5.420699450591281304e-02 -1.961498676920724327e-01 -6.958799330718242748e-01
5.033804503703531719e-02 -1.848542571051932371e-01 -6.507384442530499413e-01
4.386515464785101931e-02 -1.809440529312854040e-01 -6.126673154125892307e-01
1.364298962293097883e-01 -1.317581462104141232e-01 -5.961348535250883263e-01
1.490385295849273872e-01 -1.401155047960239153e-01 -6.138688789145242408e-01
1.618419965690575391e-01 -1.475056541038682889e-01 -6.361881636121251571e-01
1.742636271844020812e-01 -1.338950299203488514e-01 -6.595856248898702701e-01
2.701824173628560866e-01 -1.687558053403989955e-01 -4.135497611049168687e-01
7.235145591913701990e-01 5.014733835864568778e-01 3.940020601609516004e-02
1.621117312611703165e-01 -9.902867888263354457e-02 -5.891622243435050699e-01
1.728430032573682051e-01 -1.050167055618487638e-01 -5.987239901820371468e-01
1.086402047810860472e-01 -2.808047483230474706e-01 -2.612587840172179154e-01
2.042665258365376491e-01 -2.227218854179224272e-01 -2.331671562806794940e-01
1.183748079850648477e-01 -2.840487530889950207e-01 -2.451228551403256406e-01
2.712242541659891093e-01 -1.955658714289239264e-01 1.120740543573979647e-01
3.721870796903921641e-01 -1.711904790683029531e-01 4.866192611944477470e-02
2.355789123728906365e-01 -2.605129364783013157e-01 -1.330025661313334051e-01
5.270125555128137851e-01 -1.664022588515919887e-01 1.046707469460159690e+00
4.877584953208968788e-01 -2.361719545136402310e-01 9.144525035913715350e-01
4.501111010047222916e-01 -2.930563944382277297e-01 7.987904024342104004e-01
2.361915255265579217e-01 -8.642660858323406026e-02 -7.100887084233152846e-01
1.809533469767581615e-01 -3.729205325893263923e-01 7.500551129836209308e-01
1.940612867014422094e-01 -3.622757658785215051e-01 9.510775592329305805e-01
2.152276902233484501e-01 -3.506022584645775431e-01 1.158153571921540781e+00
4.555041815324751830e-01 -1.306272803556842166e-01 3.471677839579026537e-01
5.949627069128559098e-01 -3.081982967673444623e-02 2.593146557240035843e-01
1.973860361070403358e-01 -1.627938884910789530e-01 3.835689388704744407e-01
5.402676700444928315e-01 -1.252512932829071002e-01 5.128054368266625751e-01
1.646426074423600616e-01 -2.534990566931759615e-01 2.234095488582517608e-01
1.834349508887372082e-01 -3.796122196960093342e-01 -1.275594588801666207e-01
6.687181372513573141e-01 4.566593322830082152e-02 1.998390857458549053e-01
5.542945822171299053e-01 -7.792341603032043595e-02 1.872339019107414071e-01
4.763143300182847151e-01 -1.305917199201056533e-01 1.477118079772827552e-01
3.592572447856060558e-01 -1.579266181826818050e-01 1.646691863682203938e-01
2.729969494456332413e-01 -1.756687030793697701e-01 2.064941697904020823e-01
2.089120055435836065e-01 -1.973407154668029018e-01 2.496474290921847916e-01
8.341640624994887954e-02 -3.347680892953340259e-01 3.388532348794148219e-01
6.589426794354975581e-01 5.423311146709555719e-02 4.569402774272328729e-03
5.839732309584420022e-01 -9.732469963650332290e-02 5.258405902383749275e-01
5.401091927313018265e-02 -4.256240036322083142e-01 -2.405866078839188904e-01
2.036640267250918734e-01 -2.387109090855524807e-01 6.534984547542874167e-02
7.352705668158564523e-01 4.012527200597397203e-01 4.389362195671017153e-01
1.615324463503535202e-01 -2.117844564728223467e-01 2.979135969193423827e-01
2.430626438706612324e-01 -1.976579448163646724e-01 -1.283685117519310082e-01
5.089166215839683316e-01 -9.609537363080296324e-02 4.486230542705404445e-01
1.854637569650486317e-01 -3.637759925611321332e-01 -6.064562005168955272e-02
6.998428094921984588e-01 5.018816476510998825e-01 -1.833637694891789294e-01
1.974056170447590353e-01 -1.505584354023913884e-01 4.172118625508826617e-01
1.338389173119419739e-01 -4.311128096739942350e-01 -1.452433893565768970e-02
5.191407927569060554e-01 1.691049730123689032e-01 -6.862779447866639293e-01
5.197687585965475865e-01 2.939651375864143490e-01 -7.677168161638009414e-01
7.195344536562080506e-01 2.793801908118873634e-01 1.675733961361108512e-02
5.966734211098916330e-01 2.318991336313156459e-01 -5.553051038715726140e-01
6.834627952028730080e-01 1.105729441946703279e-01 5.740728565049297849e-01
2.628921566000144150e-01 1.084254398831080782e-02 -9.956343488655701179e-01
5.198887729609698999e-02 -3.380006838516594891e-01 -2.479890187274634283e-01
2.585878609491776281e-01 -2.082305011447946330e-01 -1.446147465482032534e-03
6.454207557122774164e-01 4.550758220387052938e-02 3.852160531250014563e-01
4.028621469687173606e-01 -1.554168383000442133e-01 3.789810980469544566e-01
3.490633541337375134e-01 -1.685955054612791049e-01 3.722455362648758315e-01
1.946492100403456882e-01 -9.146766900125279098e-02 -6.202118930969156008e-01
6.456303050364868845e-01 9.901021539113391556e-02 -1.743889510973464230e-01
1.519708353751730578e-01 4.589204987947260311e-02 -1.107467815277613621e+00
3.433202378630890728e-01 1.544976237384873552e-01 -9.780712891633559503e-01
4.258436307830573697e-01 2.167718756571744843e-01 -8.927381678696691969e-01
2.957182216641394135e-01 -1.712269776940967825e-01 3.809940407900096471e-01
2.456997755089709301e-01 -1.630579436403754578e-01 3.984254622902199672e-01
2.134916146263000913e-01 -1.505057756935344881e-01 4.082481525301656644e-01
6.237698677367875533e-01 -3.571203186803476037e-02 5.481626320147835463e-01
2.554097869912660967e-01 -1.840701359286725514e-01 4.869492994430964505e-01
3.102751205157999737e-01 -1.997465378207489983e-01 5.183169995262600915e-01
3.669755238371930628e-01 -1.992167629911287818e-01 5.252679782092278815e-01
4.218060837953611086e-01 -1.838637643455146298e-01 5.104335201254048826e-01
4.544036541457681100e-01 -1.614291546340727856e-01 4.856022328363973628e-01
7.199226828201255035e-01 2.717226450196985610e-01 6.366561967032459135e-01
4.393263321024395429e-01 -1.385159468560436258e-01 3.968504651887128087e-01
2.208427594903524527e-01 -2.078041995282539078e-01 -3.643722034291984047e-01
1.751352057530889961e-01 -3.080990470422954042e-01 -1.900662604778052545e-01
1.106209596736227596e-01 -2.682684555394040382e-01 -3.404815076888440539e-01
4.349458624502256510e-01 1.227993657423183393e-01 -8.074728656472954791e-01
3.525549748607036959e-01 7.037445405164824419e-02 -9.020674748456266601e-01
1.500154653813564609e-01 -4.204066671645908387e-02 -1.063980204057208390e+00
5.938443841762588438e-01 3.924678700543982046e-01 -6.193155827083105525e-01
2.156624354634223695e-01 -1.637108937659998154e-01 4.442932773733797580e-01
1.238334213081388746e-01 -3.371657100509466987e-01 1.819168077994348653e-01
2.547803218852238150e-01 8.867853183442329923e-02 -1.053697289205894227e+00
6.970584425184930266e-01 2.959284600739702231e-01 -1.848610908085423776e-01
9.582250279904019896e-02 -1.584993232226591942e-01 -6.044661765527551411e-01
1.078822938863862602e-01 -1.656254365636869175e-01 -6.337040183210551625e-01
1.174744228775548294e-01 -1.737588184270986436e-01 -6.693690762865601718e-01
1.263662368039728257e-01 -1.621985918389272918e-01 -7.080619279658930676e-01
1.764418415787850913e-01 -1.122962223048246250e-01 -7.692898503952715350e-01
1.721834290612005436e-01 -1.098711629883487584e-01 -5.705651442312600352e-01
1.818835226341891098e-01 -1.107131269815612301e-01 -5.665770871337207915e-01
1.909493476032505799e-01 -1.125035355278403010e-01 -5.602415101667830299e-01
3.021986754472991143e-01 -1.168100801707910030e-01 -4.872368799699217101e-01
5.604189766816747298e-01 -2.086564501056928367e-02 -2.415757785475688424e-01
1.235322925132391059e-01 -2.902439725506658075e-01 2.876268846607651364e-01
1.550153685484117472e-01 -2.057284991616835645e-01 4.838942087361874922e-01
1.901203581738178938e-01 -1.790128972337843016e-01 4.768820002261156543e-01
1.625679746759678135e-01 -1.010208466097092944e-01 -5.748426171384126704e-01
5.675778254341621309e-01 9.779096132153274057e-02 -4.475564457834993459e-01
1.002278745475444072e-01 -2.860217231473641264e-01 4.796260786737556736e-01
2.145487490499999872e-01 -7.230941978999166908e-02 -8.390155708608522112e-01
8.044979582692807218e-02 -3.864473591130262453e-01 2.256191607081318717e-01
1.669823025182301801e-01 -3.186708031670092423e-01 3.146305481197125831e-02
1.166904288195309558e-01 -1.037302681318761632e-01 -8.910291991223922015e-01
3.394242384036415539e-01 -2.502865444545646773e-02 -6.774261034746611454e-01
2.926236466353864252e-01 -1.742652007815328474e-01 -1.991781156070999703e-01
2.895754396033670686e-01 -4.454456680756278125e-02 -7.658066593374787123e-01
4.272735213943080201e-01 -1.522571882427077861e-01 -1.801508274128656162e-01
3.445219240828285567e-01 -1.521444055250987248e-01 -2.904301260989402000e-01
4.769594147285458052e-01 -8.601437002082036598e-02 -3.248466644206761123e-01
1.391776592451665628e-01 -8.589490186757907375e-02 -9.904443951134844770e-01
2.040640740593012703e-01 -2.669684720285415702e-01 -1.486763158014600683e-02
4.086150796058589107e-01 4.084028837300787695e-02 -7.243879678205789041e-01
3.316810115294775430e-01 1.049541182056619795e-02 -8.282406827387095438e-01
3.885893330881906027e-01 -3.368180058197012966e-02 -5.724868209721098999e-01
6.272283612872731062e-01 1.402799445828669944e-01 -3.251954840835851179e-01
4.805339138697046208e-01 2.677497744610857905e-02 -5.637278887844061614e-01
6.624917016988446372e-01 2.944483730666672683e-01 -3.743428894840701293e-01
3.802631029084989067e-01 -1.089299867434184860e-01 -4.127995755725964444e-01
1.626083084136592527e-01 -2.845621110218141681e-01 1.251827274138840318e-01
1.629949335749502903e-01 -3.874490037004792997e-01 -1.717669607899956485e-01
2.010483978012320150e-01 -3.168577809695035108e-01 -1.838986634281470911e-01
1.376540375581191966e-01 -4.405370817073397949e-01 -1.166244282224387502e-01
2.061678445602324605e-01 -2.375748212632668444e-01 5.758325985231697031e-01
3.100380912975432279e-01 -2.593195887886838302e-01 6.429950159865003290e-01
4.003937987765540107e-01 -2.572681299583039483e-01 6.542129168850708831e-01
4.723073498730855913e-01 -2.298794824756531519e-01 6.326380937174307384e-01
5.190442941651596254e-01 -1.866681964841465369e-01 5.868827280283399617e-01
5.451436564426318521e-01 -6.814738319465099559e-02 4.241839025094070736e-01
7.270563180465993147e-01 2.419053257117300959e-01 2.098955163990867401e-01
4.986329673134395346e-01 -9.912590961131394207e-02 2.821243756642621836e-01
4.359725139322682685e-01 -1.327115758435985782e-01 2.508384056072204826e-01
3.541023435157287236e-01 -1.568157707036068049e-01 2.529341194266138126e-01
2.762646962296040343e-01 -1.705006671464787404e-01 2.775474392667726664e-01
2.168837472742948247e-01 -1.753839774811368490e-01 3.098841627606124804e-01
1.759690752692572024e-01 -1.820709433725430093e-01 3.394150295337461376e-01
7.317423663224476016e-01 4.729778834991961167e-01 2.444160135203823914e-01
2.003622300894600528e-01 -2.826233221038069177e-01 -2.025469421468587827e-01
1.247042585452085989e-01 -3.751888041520342609e-01 8.718315324219395868e-02
1.200122557879133023e-01 -4.359307292382095800e-01 -1.849455833524218384e-01
8.726927352019030193e-02 -4.035515653000628644e-01 -2.233376485134765388e-01
1.199497980441470574e-01 -4.027556000942562053e-01 -1.948346271768655324e-01
1.846000719182646910e-01 -2.580029468567986983e-01 -2.254287999940753628e-01
7.439545765051566728e-02 -4.187236064510392874e-01 -2.341371732548088169e-01
7.242118567558533671e-02 -3.404047387256898261e-01 -2.424607517679751023e-01
1.757964785338487768e-01 -1.598956978593213674e-01 4.134762748289694256e-01
1.439943875612853530e-01 -1.953249683930040337e-01 3.881959139300021899e-01
1.246949976998579235e-01 -2.376364089112688871e-01 3.669861180930166777e-01
4.723949949977116480e-01 -1.382273777043482588e-01 4.671073918744838016e-01
5.104944759408422961e-01 -1.420843382077062456e-01 5.084297348377716519e-01
-3.276844807922739689e-01 -1.556739024190270104e-01 4.863096026699328944e-01
-2.628995410649345721e-01 -1.617110051332588949e-01 4.844809427172820371e-01
-3.268818136668136254e-01 -1.640480066952851312e-01 5.699202511831316098e-01
-3.933442980274490242e-01 -1.495840189391362818e-01 4.884531635248302028e-01
-3.290702785328228352e-01 -1.473023403356102656e-01 4.032887390063761845e-01
3.549054343399961065e-01 -1.621059832138857515e-01 4.563052764028304731e-01
4.183267297215471636e-01 -1.678525496033902720e-01 4.529569221966594506e-01
3.539905475591096917e-01 -1.706227831954657548e-01 5.397457244814209965e-01
2.909802400202459727e-01 -1.563846874317924851e-01 4.603007333057842487e-01
3.560595293615749224e-01 -1.536056469573736649e-01 3.728116546497597938e-01
