-9.298869340975235431e-03 -2.990787084099820192e-01 -4.315889272803875576e-01
2.206915824230651357e-02 -4.662525517214305970e-01 -2.023881858814739476e-01
2.628441993618377964e-02 -2.900401845185035521e-01 -2.588895678944613254e-01
-3.287031508298524085e-02 -4.229860947344543654e-01 1.291981045441228937e-01
2.187008362233096304e-02 -4.998942894733398035e-01 -1.095438017220169979e-01
2.084712716733523596e-02 -4.908066837455568043e-01 2.255544377270307654e-02
2.304520960453892292e-02 -3.607905414094512153e-01 3.589154529428992824e-01
-4.326939572817191104e-01 -1.141175543143457954e-01 4.547722110588870437e-01
2.350316081054599007e-02 -3.453129658666834745e-01 6.145491412198458292e-01
2.253578216658715799e-02 -3.726413177979002178e-01 7.378699676781582673e-01
2.116285446825984934e-02 -3.611860430093815078e-01 1.171609342982030011e+00
-7.634566972984384650e-03 -2.919588076488672801e-01 -4.523922428644016058e-01
-5.151383910592670541e-03 -2.728046154046619431e-01 -4.743468898088432084e-01
-2.107377648120320988e-03 -2.389650896391802282e-01 -4.923588934536169970e-01
-1.382267535311174078e-02 -1.957023450875928217e-01 -7.375376373016799825e-01
-1.455690624086750616e-02 -1.990855311703726704e-01 -7.740946368941916678e-01
-1.644874189898559019e-02 -2.081830535960132178e-01 -8.071787726896435533e-01
-1.621563324277616389e-02 -1.967546109610714966e-01 -8.320693548676202367e-01
1.342614975946256235e-02 -1.335573445727271658e-01 -8.619026284174271524e-01
2.101797726580600933e-02 -4.264170875699098140e-01 -2.412381186954122569e-01
-4.037653886960039518e-02 -3.358094156255216900e-01 -2.208166316004379903e-01
-6.713185863876129922e-01 1.387926390467326132e-01 8.602467558347755006e-01
-2.570618588627870404e-01 -1.717861561367299839e-01 3.726996319226295595e-01
-3.228925389620037611e-01 -1.647631363470629107e-01 3.677204267106435887e-01
-3.841913041764541403e-01 -1.465874723034590321e-01 3.766984856888839772e-01
-4.591066934400122035e-01 -1.007150798384379431e-01 4.345885900976221849e-01
-1.990521112638076184e-01 -1.673807546947853331e-01 3.922569864801284112e-01
-3.499542863664442116e-01 -2.235462965575018834e-01 6.130865698895753280e-01
-2.747719908507513242e-01 -2.228744447017156349e-01 5.993444935533165374e-01
-4.164596847123530621e-01 -1.996238204731055343e-01 6.002466173982052844e-01
-4.586057689998198628e-01 -1.689445368828524086e-01 5.675233011958107365e-01
-5.143628048996546909e-01 -5.986390678546760213e-02 3.813498301762590081e-01
-2.224233420875199596e-01 -2.617778066273789353e-02 -9.156830019989410374e-01
-4.537467838264326314e-01 -9.752822991596282742e-02 4.826653454726506087e-01
-6.925831034438545419e-01 2.148368432215349011e-01 4.670092588758393837e-01
-5.846426667903351637e-01 -3.928194168844528072e-03 4.564939816411577311e-01
-3.007784839863515414e-01 -1.800523447485151696e-01 -4.500870362629648402e-02
-8.174044645319125668e-02 -2.802757205866317491e-01 -4.188000497976555603e-01
-6.845666394760477336e-02 -2.539176038804816793e-01 -4.708871237035125445e-01
-1.467152474696833409e-01 -2.271865537796707302e-01 -4.367511127921460679e-01
-1.936144015201013979e-01 -1.704480402115435278e-01 -4.655868413335734202e-01
-1.224400121049260132e-01 -2.127621555078144377e-01 -4.779481802279678115e-01
-1.677318244917732626e-01 -1.545639575543947819e-01 -5.002085043495735350e-01
-2.908688654039514598e-01 -5.247175418305487227e-02 -6.433507258353029501e-01
-3.260942999505540840e-02 -4.593518870611549287e-01 -1.956990290854739301e-01
-4.224343597438894732e-02 -4.905454197576261111e-01 -1.052556577275989558e-01
-5.441499167773400369e-01 -1.598057887068025096e-01 6.750281900819877778e-01
-1.689229182609154334e-01 -2.211689119402222570e-01 1.814376726131395889e-01
-1.811490108228104856e-01 -3.055543214573499533e-01 -1.351009317302391266e-01
-1.862087489634800530e-01 -2.933118072295365919e-01 -8.023833752072076497e-02
-4.896523428689829593e-01 -9.921903150675009941e-02 -7.607222172109915151e-03
-3.813339522918900160e-02 -4.698046677512157654e-01 1.838615288360617023e-02
-3.975424099100762221e-01 -2.790366072404169007e-01 7.620370826832314481e-01
-4.842415020148872484e-01 -2.257813874957098621e-01 7.370423209183624147e-01
-6.072220426138760230e-01 -3.953024176110276830e-03 9.992103245767938180e-01
-1.152030112915726212e-01 -3.273012593828920069e-01 6.521302415232541616e-01
-2.081805102600606805e-01 -2.010990764409867904e-01 5.585747021405118584e-01
-3.471184710449392030e-01 -4.156670611564799306e-02 -5.089144018947007186e-01
-6.129429967914445943e-01 4.905219014057765614e-01 -3.696929481121830063e-01
-1.326575311361881393e-01 -2.728112174824096070e-01 -1.873018178798619982e-01
-8.138775412603635462e-02 -2.718732027461111533e-01 -2.157816605303306545e-01
-2.547525138870405659e-01 -5.204956863240270404e-02 -5.487453742360840492e-01
-2.390127711466592808e-01 -6.989851747151774874e-02 -5.664064254927970721e-01
-5.161584931982697855e-01 -2.033066500264990029e-01 8.025975398666754801e-01
-1.850280976356444562e-01 -2.644783360665133309e-01 -1.691905730734307722e-01
-2.781339354853732404e-01 -3.144114615498903031e-01 7.429572986028631920e-01
-2.879804408348716205e-01 -3.363493994337823367e-01 8.161405150354639204e-01
-3.487781609189861687e-01 -2.705127451724672616e-01 1.160146917302515179e+00
-5.606903198954467094e-01 -1.182929203429651521e-01 8.886053188300766514e-01
-3.107566622823021429e-01 -3.067828487931650860e-01 9.797662048463371409e-01
-5.790710063201556235e-01 -1.115203476871263477e-01 7.299440045806246946e-01
-6.243924482805440768e-01 7.325070944508222867e-03 7.781150336240474363e-01
-7.685475141793730869e-02 -2.740854310047601827e-01 -4.469628324146133758e-01
-1.349080118138358264e-01 -2.225028357934175083e-01 -4.572355663082448007e-01
-1.812813476531062729e-01 -1.678720356729787033e-01 -4.816987946620198136e-01
-1.174428988653837408e-01 -2.559516165897470774e-01 -2.025536353494717667e-01
-2.466136678202724419e-01 -6.118979389994208540e-02 -5.575347016000526956e-01
-2.178167571856226836e-01 -1.025952257536118239e-01 -6.374484457012832284e-01
-2.301350666890812358e-01 -7.280155017309794530e-02 -5.735703185803013859e-01
-1.035037085762278430e-01 -3.672945751799332470e-01 -1.733277859201604598e-01
-1.572096309295958894e-01 -1.419387726164546282e-01 -5.146727179025469834e-01
-1.119098085454629521e-01 -1.854430611281749908e-01 -4.969139284568488968e-01
-6.046042209737408080e-02 -2.245014838224156373e-01 -4.896364767378353910e-01
-7.193194903833693976e-02 -1.277213201841334855e-01 -8.512099132468420315e-01
-8.990213446734759972e-02 -1.922364662922718126e-01 -8.184668128758392225e-01
-8.705452401513166794e-02 -2.034296148045348640e-01 -7.911043031673119508e-01
-7.962410073021752854e-02 -1.930823359197245126e-01 -7.538214590371523638e-01
-7.147124108325064729e-02 -1.895936297987465824e-01 -7.187584280725984875e-01
-1.613666487870487054e-01 -1.370755170096826236e-01 -6.662743030233475583e-01
-1.738999526595702005e-01 -1.437985753631994545e-01 -6.825260295775410491e-01
-1.864189958529801627e-01 -1.507803990263064664e-01 -7.002488585565527224e-01
-1.950065594042511563e-01 -1.370126263816766055e-01 -7.192475081347917687e-01
-2.561484555357070314e-01 -1.575299330547496324e-01 -3.640413058133291635e-01
-6.855869372110947602e-01 5.208334862480398231e-01 1.064473591767668703e-01
2.509965980890421083e-02 -3.374897751256180634e-01 -2.463733562502895824e-01
-1.929344654876783693e-01 -1.016292187746785092e-01 -6.266146942176425982e-01
-2.053374207923758799e-01 -1.053411799436475699e-01 -6.328732387516439184e-01
-5.948163445315743370e-02 -2.721592857435067847e-01 -2.500053364632145447e-01
-1.611283351397413133e-01 -2.104606449867407747e-01 -2.176145113563608402e-01
-7.010637956385236402e-02 -2.730095608626054160e-01 -2.334317118001698610e-01
-2.357310527452815829e-01 -1.917754007927083282e-01 1.351248423894037265e-01
-3.407831630594266303e-01 -1.634943812145434328e-01 8.214663669634139631e-02
-1.967486946181658536e-01 -2.521801235973683553e-01 -1.148717957658776934e-01
-5.054300446258570556e-01 -1.475741745708467612e-01 1.102442666629023016e+00
-4.609058214077141891e-01 -2.201342353408320962e-01 9.605401164193210217e-01
-4.177761727965881855e-01 -2.773175873553983539e-01 8.362178031510543175e-01
-2.262343975561955378e-01 -8.352836506975339081e-02 -7.464295684135411335e-01
-1.333170630169694393e-01 -3.661516277519290541e-01 7.755461718145677530e-01
-1.550477910109072932e-01 -3.548292026387607212e-01 9.676738694155599951e-01
-1.794791419986925818e-01 -3.407581198546706380e-01 1.178798492754090876e+00
-4.334500206850644410e-01 -1.211084705258677618e-01 3.981947631364899931e-01
-5.861796557665668317e-01 -1.449441043528560194e-02 3.144216900395436776e-01
-1.604631879179162779e-01 -1.626682571829528856e-01 4.113147749831490563e-01
-5.173092133705413653e-01 -1.112733889677943178e-01 5.414298116846312237e-01
-1.241918170507127495e-01 -2.520129074036840944e-01 2.358346862133818833e-01
-1.436004365130493232e-01 -3.728426893021674071e-01 -1.126554953442936990e-01
-6.434255856204873503e-01 6.246433724757161077e-02 2.621849442424750709e-01
-5.459944845840333238e-01 -6.401836324674245460e-02 2.366743669061160404e-01
-4.662607223803427736e-01 -1.190542151946750865e-01 1.885391085437904957e-01
-3.426626103175630655e-01 -1.509302053884418737e-01 1.940215842092288812e-01
-2.508075517421977096e-01 -1.712572919283399386e-01 2.313456889330590682e-01
-1.820700123933834402e-01 -1.939965821918891442e-01 2.719110274228067614e-01
-3.796701458007185198e-02 -3.333398096728242832e-01 3.436343632332827802e-01
-6.312929675746575819e-01 6.912425376760106266e-02 6.451047381986092788e-02
-5.688785426745939233e-01 -8.250724838501183322e-02 5.701444579164183235e-01
-1.295354340816229702e-02 -4.226373361741869727e-01 -2.359235505569279856e-01
-1.641247005747312193e-01 -2.356835008287809785e-01 8.134717124002086019e-02
-7.100998294770163310e-01 4.186045295958317203e-01 5.104541060225751270e-01
-1.285210177533665787e-01 -2.100800222545378404e-01 3.175863120728705802e-01
-2.006865424445689050e-01 -1.893981066930363055e-01 -1.095967011505741828e-01
-4.794180600887320010e-01 -8.506811916601013379e-02 4.831223929209145229e-01
-1.470437112180565942e-01 -3.569898277584894197e-01 -4.614928931312792248e-02
-6.572559519135610095e-01 5.221489484660559732e-01 -1.233114694855930865e-01
-1.568282572651857054e-01 -1.520518392361537019e-01 4.382003235776010253e-01
-9.516035370400463544e-02 -4.267392262963798366e-01 -4.468887943979868611e-03
-4.909652705939878126e-01 1.869614330428102100e-01 -6.516374033226697282e-01
-4.847575127230050462e-01 3.126693596749459125e-01 -7.365127466705246873e-01
-6.812608593659014167e-01 2.967883007566695097e-01 8.094347665676121517e-02
-5.648153883068030012e-01 2.500823014711668346e-01 -5.108195836696420855e-01
-6.610937174385476123e-01 1.271281478946254817e-01 6.386668939562674119e-01
-2.358232056520183084e-01 2.181202715742489376e-02 -9.840186837372714157e-01
-1.459504490306461153e-03 -3.325719288832583165e-01 -2.413542130077438730e-01
-2.221439826950395435e-01 -2.021916541366743925e-01 2.030919509778995533e-02
-6.396901049920344917e-01 6.118836041916737856e-02 4.525194555856359990e-01
-3.737768913571749563e-01 -1.474491697548175329e-01 4.181521941835936729e-01
-3.196678190204306214e-01 -1.628631114194762919e-01 4.088499494580184468e-01
-2.281725055329364982e-01 -9.016122827487275948e-02 -6.397511101687393120e-01
-6.158446292191291915e-01 1.141995446939144121e-01 -1.186433627472079089e-01
-1.161413017251879398e-01 5.148847213788095012e-02 -1.101650577217872184e+00
-3.080413013140871903e-01 1.675977936549834235e-01 -9.648135825016620482e-01
-3.903180789612136214e-01 2.323438397517307297e-01 -8.728822897081640608e-01
2.171559080985821857e-02 -3.711965964362997639e-01 9.508052494524700249e-01
1.911661343194102913e-02 3.185314261091688748e-02 -1.121469950497011148e+00
-2.642320602823334807e-01 -1.671806202644879891e-01 4.135936473983889416e-01
-2.098662045792323294e-01 -1.618941506031688071e-01 4.257209766729582734e-01
-1.737987246230394689e-01 -1.514737937943270718e-01 4.325983331142233546e-01
-6.132838861014850984e-01 -2.115258043484120887e-02 6.116489975780230459e-01
-2.221404072495412052e-01 -1.823670308362971282e-01 4.999901546340255187e-01
-2.821078998371895907e-01 -1.946746797625965031e-01 5.271949889714204751e-01
-3.394327006998235641e-01 -1.915883612429702398e-01 5.338326912046434947e-01
-3.934248242876108304e-01 -1.738155608980441191e-01 5.241963811769827508e-01
-4.254369796490661271e-01 -1.505294235947378101e-01 5.068240930857275117e-01
-7.021264351531257830e-01 2.904727062425565554e-01 7.077027421938264506e-01
-4.091712672973436549e-01 -1.293393120119039064e-01 4.353731905392700385e-01
2.660447347416667468e-02 -2.783906899498591048e-01 -3.208589534598547677e-01
-1.860320518896826925e-01 -2.014915507499203118e-01 -3.340224878078493220e-01
-1.323383112127784478e-01 -2.988205442757490005e-01 -1.760392350188898780e-01
-6.436254722452203203e-02 -2.688490852554864530e-01 -3.214878321940520256e-01
2.337219126133581459e-02 -3.293201037566584333e-01 4.900619953882270341e-01
-4.071088986843180435e-01 1.397460448075820150e-01 -7.817738159799327846e-01
-3.252207640171904113e-01 8.564124398347905398e-02 -8.844791718041707940e-01
-1.237496966617188249e-01 -3.558806175034902319e-02 -1.056217254118592352e+00
-5.537249899943261777e-01 4.105567901436052436e-01 -5.773765770518555218e-01
-1.777098697552147444e-01 -1.650597323744747436e-01 4.618014543466099631e-01
-8.129744633101601559e-02 -3.346687891869016274e-01 1.907491864497782852e-01
1.405715250144458535e-02 -5.313896496407452541e-02 -1.074656508351508499e+00
-2.200326444126229353e-01 9.824618889313432857e-02 -1.045713109553650710e+00
-6.583679908948723014e-01 3.136226447190330613e-01 -1.252669782200035720e-01
-1.196847480524926566e-01 -1.669721578721634347e-01 -6.922128190363567857e-01
-1.327688604564507269e-01 -1.730481988951805272e-01 -7.187189136504597009e-01
-1.435022097507179795e-01 -1.807898202037382940e-01 -7.539453222051023529e-01
-1.497543172057219651e-01 -1.684285041989418419e-01 -7.841910986937346006e-01
-1.582370103058459709e-01 -1.133415482351877307e-01 -8.154900718624770173e-01
-2.065745875264207443e-01 -1.078720449992194158e-01 -5.276466167033532217e-01
-2.200361531732974163e-01 -1.082031482296705593e-01 -5.178474681721597639e-01
-2.312211489466133585e-01 -1.087727566400393114e-01 -5.073916563942579838e-01
-3.168910283841461228e-01 -9.842524529342837336e-02 -4.198304696365227073e-01
-5.370613622398054954e-01 -5.720105859959154736e-03 -1.925402142314504017e-01
-7.994860574521497898e-02 -2.886729910502514040e-01 2.971370597843583372e-01
-1.121205095977314686e-01 -2.032135979259356295e-01 4.926653770064580717e-01
-1.518313383441571296e-01 -1.797786798483498316e-01 4.867478303787465821e-01
-1.930911005626312349e-01 -1.023413278531551812e-01 -5.369508412563385180e-01
-5.412688620191057343e-01 1.158928645515992367e-01 -3.994487408976556408e-01
-5.967333299250646844e-02 -2.848905619560150315e-01 4.871280543316273137e-01
-1.926362428993616815e-01 -6.565420593109765057e-02 -8.617803601210078934e-01
2.157194125245680966e-02 -4.460396923039597894e-01 1.372530111134599440e-01
-3.671201058076628554e-02 -3.837606515722579159e-01 2.302457460727065919e-01
2.249763842392147467e-02 -4.013557356810237842e-01 2.439492670250642536e-01
-1.269847680042632265e-01 -3.135742641976425604e-01 4.483530031946010574e-02
1.226018112738188129e-02 -9.952859186815934955e-02 -1.004938742396590534e+00
1.285167940767587696e-02 -1.149480977358517120e-01 -9.298586938070634300e-01
-9.298104164742976296e-02 -9.912913024252312244e-02 -9.157648784492462557e-01
-3.434781259295782707e-01 -1.151985475646897031e-02 -6.508945485512815932e-01
-2.576333870368698875e-01 -1.642657420935650925e-01 -1.747936941652502019e-01
-2.727053028323872530e-01 -3.455785364973388424e-02 -7.757827874886114028e-01
-4.029172851014378165e-01 -1.392902445079813867e-01 -1.422519202820086703e-01
-3.180660564693076342e-01 -1.408464533895499304e-01 -2.580494081399625772e-01
-4.566799163815451479e-01 -6.927851085713745971e-02 -2.783976132761720179e-01
-1.150226037391461065e-01 -7.995656238320808518e-02 -9.869429727498136851e-01
-1.650148507273969112e-01 -2.609319391736695803e-01 8.868010011862082452e-04
-3.903894585340900170e-01 5.607003607634445524e-02 -7.000717529342483925e-01
-3.070432443843230663e-01 2.454368697523388876e-02 -8.152968935784568050e-01
-3.997471008825009275e-01 -1.566431389999242349e-02 -5.142868546393258855e-01
-5.971970365422853977e-01 1.571061312341021921e-01 -2.736585941053268911e-01
-4.682331577835011638e-01 4.521234750505390143e-02 -5.182997258187498346e-01
-6.248657950229689062e-01 3.107141050603307586e-01 -3.206601937245582290e-01
-3.725424956260532383e-01 -9.185955506906978707e-02 -3.611280494332483881e-01
-1.215260433357727016e-01 -2.824834875634583686e-01 1.378016685053680135e-01
-1.234696374051276330e-01 -3.818147853472491082e-01 -1.587673007273791015e-01
-1.608974612264145454e-01 -3.074054043185129315e-01 -1.682482050007636787e-01
-9.668961851105856153e-02 -4.344767920800617911e-01 -1.055807900007144917e-01
-1.649346068683021360e-01 -2.334423753834028170e-01 5.782291539041066741e-01
-2.730255441306445041e-01 -2.493206120297312978e-01 6.473739075036433199e-01
-3.661695502382243950e-01 -2.444265965422214026e-01 6.646547278317940233e-01
-4.418442615389996941e-01 -2.156358119708599030e-01 6.485339789074293648e-01
-4.928149677317754662e-01 -1.718162683275089031e-01 6.082000621544336738e-01
-5.244507508810297702e-01 -5.505690889135091831e-02 4.708623032683991738e-01
-6.965252659428844417e-01 2.576608440444939641e-01 2.772361980797871661e-01
-4.814998443722829369e-01 -8.804103072303628985e-02 3.363579864868889713e-01
-4.189136170530857184e-01 -1.230367369470105471e-01 3.018683467412957011e-01
-3.341091188194080797e-01 -1.501422797872382364e-01 2.975637561110079377e-01
-2.519100562021802103e-01 -1.665716178008787018e-01 3.155029970586218369e-01
-1.866715353183572290e-01 -1.719523464641953270e-01 3.426138686071740214e-01
-1.414168802660742130e-01 -1.802422506891590837e-01 3.671621790817699571e-01
-7.006038083039589637e-01 4.893710744897832310e-01 3.146459323259855889e-01
-1.604766898830003730e-01 -2.723967162408680864e-01 -1.873888836407594516e-01
-8.200364961886821846e-02 -3.728566591862663149e-01 9.617443463099428769e-02
-7.975442284761420642e-02 -4.301032340479862826e-01 -1.754310156358604988e-01
-4.731291230100431733e-02 -3.967550501484991554e-01 -2.153631272239334427e-01
-7.993769837350496454e-02 -3.967862597962016902e-01 -1.845917441873295983e-01
-1.426385625028489812e-01 -2.463196400299353384e-01 -2.116727650740971023e-01
-3.413882303538669227e-02 -4.130813972221230035e-01 -2.275328744291643668e-01
-2.424366741442993134e-02 -3.332944173373827423e-01 -2.346394715979943368e-01
-1.357921463053334277e-01 -1.597865386289298029e-01 4.343899259823243986e-01
-1.056758012797300722e-01 -1.940984446729209778e-01 4.090656390800547770e-01
-8.830551562916907904e-02 -2.355501080477853115e-01 3.826959594774841378e-01
-4.420290984936208201e-01 -1.269899878529654191e-01 4.940751429984439613e-01
-4.826259437553006015e-01 -1.278933837488694658e-01 5.309575438074112252e-01
7.614390931952078057e-02 -4.226006104164266031e-01 1.244576301183459160e-01
4.625538453158762886e-01 -1.239353052371785086e-01 4.247476273709124284e-01
8.699245481031681049e-02 -3.398520555027042533e-01 -2.265178820293493600e-01
6.805322529701800516e-01 1.192209822869270963e-01 7.886825418902326801e-01
2.822612970094542373e-01 -1.744139426290340356e-01 3.645325708197990622e-01
3.446649201416833730e-01 -1.697452858117925456e-01 3.575297596606481498e-01
4.040360827307796221e-01 -1.539250709519048854e-01 3.596559260379281198e-01
4.826918405735983741e-01 -1.103116057284137808e-01 4.026981268803078162e-01
2.306434653540218593e-01 -1.695734230475873239e-01 3.828339352318356203e-01
3.780321240881909794e-01 -2.316007644852231540e-01 5.811501630587394551e-01
3.043498260197767813e-01 -2.293151345494652826e-01 5.684612021731390019e-01
4.444992636586411194e-01 -2.110602072541817864e-01 5.648237188479188209e-01
4.855299296407815102e-01 -1.826464586908099208e-01 5.265259463223910252e-01
5.289702346810257749e-01 -7.217312468363121236e-02 3.360677640395536292e-01
2.470867853564724381e-01 -3.700655050342153973e-02 -9.291741440177307965e-01
4.849779532699297624e-01 -1.079619949303846915e-01 4.480337161633804466e-01
7.146353047210129983e-01 1.967243001229305732e-01 3.980349162127662099e-01
5.949678895936398870e-01 -1.922977349938462602e-02 4.013817270054046427e-01
3.320170155285962488e-01 -1.884200035983660537e-01 -7.409829030679238038e-02
6.638152408676131766e-02 -2.833092550281308131e-01 -4.226721667172157471e-01
6.322396903820283465e-02 -2.530925960763387161e-01 -4.745380302557539176e-01
1.432878935658150055e-01 -2.266746471513081396e-01 -4.450167549106475162e-01
1.997018840600774947e-01 -1.688377406233673717e-01 -4.728222267481040353e-01
1.249972554479340386e-01 -2.084888571371585619e-01 -4.817228804672636366e-01
1.782328630635617861e-01 -1.522158481152903753e-01 -5.004378968105893666e-01
3.190517385499546110e-01 -5.970073815597180117e-02 -6.599408210613624259e-01
7.477848138213583074e-02 -4.625452812122196056e-01 -2.006885114220062216e-01
8.291677615758411002e-02 -4.940970591251409028e-01 -1.111696186437929890e-01
5.609489588727584186e-01 -1.746403271655214140e-01 6.284790010796077464e-01
2.065845188899730345e-01 -2.231285577986497626e-01 1.642024099408146143e-01
2.203524431201038802e-01 -3.123648157102397738e-01 -1.512836735710959002e-01
2.240781327606732320e-01 -3.001126666377353924e-01 -9.701789513119055131e-02
5.126400134476546411e-01 -1.105013909789143156e-01 -5.416046313850896021e-02
7.971583217426123080e-02 -4.704784204767605282e-01 1.342447923925128156e-02
4.285315956160513640e-01 -2.932686906758060763e-01 7.284859469581784763e-01
5.087014716529270064e-01 -2.410794062776304703e-01 6.995308509837967481e-01
6.205047170361889242e-01 -2.310613492763233592e-02 9.320905530558944996e-01
1.600283715037726928e-01 -3.308617996484828350e-01 6.339628749270090902e-01
2.419021208126699296e-01 -2.042876496846109391e-01 5.273323090796425694e-01
3.715845510668317475e-01 -5.062214001443840483e-02 -5.293399175128070677e-01
6.540218181408025133e-01 4.710566469538022827e-01 -4.204209464265762364e-01
1.755400625223409727e-01 -2.801348543160231963e-01 -1.994650982995485045e-01
1.289529386433722058e-01 -2.809742469444875268e-01 -2.247428065103986294e-01
2.808158834079338417e-01 -5.100943646356018157e-02 -5.598893349328573077e-01
2.639576015538488418e-01 -7.052996500571744043e-02 -5.728908743151681637e-01
5.380773922120400954e-01 -2.192021453633340444e-01 7.567528782417931588e-01
2.226365644290691503e-01 -2.724438475666305370e-01 -1.853714217811583687e-01
3.171829296579151691e-01 -3.266306747736114069e-01 7.143469480755804124e-01
3.271204353755391425e-01 -3.492328610342554374e-01 7.821960780259055168e-01
3.771751637249610156e-01 -2.833906851988795550e-01 1.117043036037005166e+00
5.799422684653787741e-01 -1.343049570995232811e-01 8.323966325207858841e-01
3.442686340558209768e-01 -3.176376901182560442e-01 9.443747858146818164e-01
5.946145691988289350e-01 -1.264947091635826304e-01 6.733398445642475583e-01
6.419260709337820670e-01 -8.848337954313150594e-03 7.162992597281043761e-01
6.549123796247907636e-02 -2.754599820731561399e-01 -4.505749898663951591e-01
1.342345304915278925e-01 -2.202626609853789996e-01 -4.640813237963551385e-01
1.888511112005894499e-01 -1.659299687356347031e-01 -4.857742306174787084e-01
1.623295532157004728e-01 -2.643713244645320981e-01 -2.135047072566423343e-01
2.723801742592936170e-01 -6.162843934012625369e-02 -5.665532042637217991e-01
2.238440207649528280e-01 -1.036690641735208834e-01 -6.620308911001617780e-01
2.549517112641426220e-01 -7.268691153651621328e-02 -5.768323104946412316e-01
1.441238696649862205e-01 -3.695184487871715495e-01 -1.839510550310217707e-01
1.694477551075658783e-01 -1.396943470008121801e-01 -5.116726563968364561e-01
1.185832521486819557e-01 -1.795811073395564006e-01 -4.956014602616596321e-01
6.087122315313532595e-02 -2.204779378919568822e-01 -4.918986366681020739e-01
9.506840759972182142e-02 -1.310566818511487708e-01 -8.610588711936424389e-01
5.982227788210682518e-02 -1.924423111062646963e-01 -8.274369117094324544e-01
5.602153789224855601e-02 -2.023372360318483332e-01 -8.015443715393505419e-01
5.299162812418836688e-02 -1.913132869790796775e-01 -7.672575952413026590e-01
4.750393352943950431e-02 -1.870630631491931317e-01 -7.326112165829901102e-01
1.531689018977080430e-01 -1.357168852336396170e-01 -6.951161215073478061e-01
1.643941370079333164e-01 -1.442773527225656438e-01 -7.119388003812364696e-01
1.749366596134683260e-01 -1.518205668054108115e-01 -7.300962480526214105e-01
1.859555479606030959e-01 -1.380927636239749901e-01 -7.471440750905273820e-01
2.907761991286855752e-01 -1.650869802808355713e-01 -3.833010407337659187e-01
7.213231679824512188e-01 4.999545138548977530e-01 3.928087011055407529e-02
1.982747938967329149e-01 -9.992713607275641174e-02 -6.503927102522921722e-01
2.100745517208035540e-01 -1.057131742347859060e-01 -6.585390008555007668e-01
1.099084784343601073e-01 -2.775128479907795764e-01 -2.568882589630522850e-01
2.045144104727548706e-01 -2.210377686716301915e-01 -2.320145651825082367e-01
1.191873170364951967e-01 -2.806620174270030299e-01 -2.417011186324899974e-01
2.704027662792916620e-01 -1.949735387301970990e-01 1.117346028642017403e-01
3.710597941587528981e-01 -1.706719749053733359e-01 4.851453934108734128e-02
2.348653876054587475e-01 -2.597238911832816521e-01 -1.325997260633883790e-01
5.254163323733219704e-01 -1.658982573182998799e-01 1.043537186958245488e+00
4.862811654383907278e-01 -2.354566335317200276e-01 9.116828153276677060e-01
4.487477980866981797e-01 -2.921687810539067565e-01 7.963710146783935517e-01
2.480845068036109935e-01 -8.878943216625560797e-02 -7.606354802692606443e-01
1.804052729003601252e-01 -3.717910255650933027e-01 7.477833353671017314e-01
1.934735111103824678e-01 -3.611784998754188347e-01 9.481969219660977277e-01
2.145758055276230647e-01 -3.495403493471093137e-01 1.154645739876082544e+00
4.541245439752826241e-01 -1.302316345871508130e-01 3.734477664455979617e-01
5.931606753863298831e-01 -3.072647866623179347e-02 2.585292397988113167e-01
1.967881904675942706e-01 -1.623008160413637602e-01 4.003835838210338949e-01
5.386312996251860774e-01 -1.248719326947165809e-01 4.959010051127601404e-01
1.641439355663360522e-01 -2.527312551372161153e-01 2.230516466007338439e-01
1.828793604950410545e-01 -3.784624447944927583e-01 -1.271731049730429608e-01
6.666927142262077943e-01 4.552761612776404926e-02 1.992338102747001627e-01
5.526157268863132188e-01 -7.768740047722824671e-02 1.866668144563425891e-01
4.748716623867573761e-01 -1.301961818575262941e-01 1.472644070916900860e-01
3.581691213222115699e-01 -1.574482877906484557e-01 1.652601677493402699e-01
2.721700923942070860e-01 -1.751366352077286526e-01 2.133015554716517492e-01
2.082792498836319450e-01 -1.967430070951579624e-01 2.598230147986384519e-01
8.316375344978951811e-02 -3.337541389351253440e-01 3.378269021157385699e-01
6.569468644563070114e-01 5.406885060315270997e-02 4.555565794616418807e-03
5.822044845133165225e-01 -9.702992351317851760e-02 5.146716301886551381e-01
5.384733138807126784e-02 -4.233637523236749578e-01 -2.385427716450126412e-01
2.030471662181834724e-01 -2.379878980818378453e-01 6.515191524611518847e-02
7.330435688434896457e-01 4.000373908459877725e-01 4.376067540329500183e-01
1.610431945745731674e-01 -2.111430006925559266e-01 3.100971184393965241e-01
2.423264522706053969e-01 -1.970592756159444403e-01 -1.279797073739381563e-01
5.073752076670762223e-01 -9.580431859353091828e-02 4.455305734992645594e-01
1.849020216945925776e-01 -3.626741826500710086e-01 -6.046193341923828540e-02
6.977231156161549652e-01 5.003615413635228437e-01 -1.828083946907202995e-01
1.968077120982896222e-01 -1.501024218673795430e-01 4.239498739480782596e-01
1.334335440916208926e-01 -4.298070490515296660e-01 -1.448034567532234876e-02
5.176238536553381397e-01 1.685927854599056364e-01 -6.841500393070032437e-01
5.181944755723991713e-01 2.930747717878939840e-01 -7.653915445289624087e-01
7.173551174476615611e-01 2.785340093643308146e-01 1.670658821566374519e-02
5.948662081478230945e-01 2.311967542301830436e-01 -5.536231878583661725e-01
6.813927133475684572e-01 1.102380415994044377e-01 5.723341149676524076e-01
2.620959050891797926e-01 1.080970364728410862e-02 -9.938713936700347418e-01
5.225895411109315880e-02 -3.344333488672199262e-01 -2.438286217045608772e-01
2.578046463503581576e-01 -2.075998096350792632e-01 -1.441766196389802565e-03
6.434658961283838963e-01 4.536974819028526118e-02 3.840492959966270714e-01
4.016419523561028937e-01 -1.549461095650905840e-01 3.977502103356911345e-01
3.480061060716400645e-01 -1.680848609913959124e-01 3.931343169722684161e-01
2.381664748638839257e-01 -9.065669545824982245e-02 -6.636867816899267858e-01
6.436748107666137031e-01 9.871032952551925255e-02 -1.738607593567483844e-01
1.515105439429931256e-01 4.575305485582359388e-02 -1.104113500974288176e+00
3.422803846334071531e-01 1.540296791336990267e-01 -9.751088929025756302e-01
4.245538295247178739e-01 2.161153139105982945e-01 -8.900342297828913729e-01
2.948225460995782532e-01 -1.707083629836091687e-01 3.991296726907284098e-01
2.449555965270227564e-01 -1.625640714166606271e-01 4.110754799767115109e-01
2.128449881810868805e-01 -1.500499216549994186e-01 4.178070222976560943e-01
6.218805846709781759e-01 -3.560386559988253097e-02 5.441665084208830994e-01
2.546361981881464787e-01 -1.835126216774742858e-01 4.717411612309487801e-01
3.093353548085217009e-01 -1.991415426600688932e-01 4.932375482877424666e-01
3.658640231402008336e-01 -1.986133724200034312e-01 4.980011004612806547e-01
4.205285115168837518e-01 -1.833068751555087528e-01 4.878349778307434770e-01
4.530273498816097533e-01 -1.609402157097148955e-01 4.708180055797155927e-01
7.177421707375537530e-01 2.708996475996799935e-01 6.347279018531941652e-01
4.379956942461787350e-01 -1.380964077819790137e-01 4.099961318970011259e-01
2.313666786661701114e-01 -2.072014346667972740e-01 -3.490535929214517719e-01
1.746047537457534882e-01 -3.058833843851675449e-01 -1.887219467121066807e-01
1.147458588381386202e-01 -2.680842099646089660e-01 -3.286426611902598105e-01
4.336312194411406917e-01 1.224274246449857662e-01 -8.050273529319004195e-01
3.514805058910850377e-01 7.015163249693749659e-02 -9.000272725393059225e-01
1.495610964016831912e-01 -4.191333334591501592e-02 -1.061261518519736935e+00
5.920457398415768235e-01 3.912791485195502572e-01 -6.174397908444807515e-01
2.150092340051175388e-01 -1.632150438776381884e-01 4.425088412524114112e-01
1.234583528767195237e-01 -3.361444977428206249e-01 1.813658155791652571e-01
2.540086396149889292e-01 8.840993871921964953e-02 -1.050505835838309920e+00
6.949471819728241240e-01 2.950321384800187463e-01 -1.843011809019308167e-01
1.037419045788409017e-01 -1.640376593034644226e-01 -7.153613488350478722e-01
1.140563723745828262e-01 -1.715440566640007436e-01 -7.425981050295281660e-01
1.211996853509638150e-01 -1.797711014317301959e-01 -7.758418341350641345e-01
1.286715675398271697e-01 -1.678799149191398388e-01 -8.009253749079392470e-01
1.772471520929459476e-01 -1.158968937695324108e-01 -8.294114545323365562e-01
2.231085109770672426e-01 -1.084150960312266071e-01 -5.263854480113926426e-01
2.362098349010762210e-01 -1.078499722399725025e-01 -5.181514517126047936e-01
2.472472597983832177e-01 -1.085634869510340161e-01 -5.074186891136465150e-01
3.418722157611402412e-01 -1.075911678818960576e-01 -4.378183707762486332e-01
5.582647453782589864e-01 -1.974606048363743843e-02 -2.393911821194768530e-01
1.231581361450056200e-01 -2.893648774698424631e-01 2.874933101545417147e-01
1.545458557907639363e-01 -2.051053857512349921e-01 4.739151782641090604e-01
1.895445189232515537e-01 -1.784707004192244706e-01 4.655919350942386847e-01
2.103675351178568298e-01 -1.004548246929712063e-01 -5.354680016219578453e-01
5.660848896120120877e-01 1.004210652250488445e-01 -4.403574873638338993e-01
9.992430293259640939e-02 -2.851554164757119092e-01 4.768954213239107176e-01
2.139662726754639754e-01 -7.367183641612842782e-02 -8.755338785869302143e-01
8.020612833870019442e-02 -3.852768818438243592e-01 2.249358021784956252e-01
1.664765441404133517e-01 -3.177056084964557936e-01 3.136775964164173480e-02
1.167249333525564176e-01 -1.049775028600900689e-01 -9.247475019500692728e-01
3.719991046527457712e-01 -2.228044603040971877e-02 -6.760302726416635988e-01
2.917373439637783727e-01 -1.737373838576551088e-01 -1.985748420917221313e-01
2.936652207051185792e-01 -4.573901530001676929e-02 -7.966361041012889332e-01
4.259626289532214560e-01 -1.517572788363702463e-01 -1.795518910674110957e-01
3.442326958664924108e-01 -1.496957224439387502e-01 -2.853128497928874019e-01
4.755443611342329291e-01 -8.004585832759099351e-02 -3.132514168786171282e-01
1.387851314981635442e-01 -8.572502085635383406e-02 -9.951591823559255978e-01
2.034460018833252337e-01 -2.661598741154385106e-01 -1.482259623608166155e-02
4.159685776858210171e-01 4.078009995767543916e-02 -7.224388165989779065e-01
3.318262445465711696e-01 1.005835020381468103e-02 -8.335954182254310396e-01
4.248495491402538016e-01 -2.426609581375990463e-02 -5.410215064720041989e-01
6.253242188246395106e-01 1.398652207123188829e-01 -3.241965633185531770e-01
4.916145216327746370e-01 3.284816387006131433e-02 -5.455596282186080392e-01
6.604851373904401246e-01 2.935565528939351188e-01 -3.732090744050017284e-01
3.937399000129458426e-01 -1.002521594653411896e-01 -3.876247092143561557e-01
1.621157980515276487e-01 -2.837002252441713779e-01 1.248035814411984079e-01
1.625012521970196078e-01 -3.859336760592242399e-01 -1.710510972230269156e-01
2.004394595484879915e-01 -3.152605315614173120e-01 -1.829969454810451146e-01
1.372371090472206678e-01 -4.392027767154194628e-01 -1.162711944920249707e-01
2.055434004541787929e-01 -2.368552512585406500e-01 5.567324782539696537e-01
3.090990435077395349e-01 -2.585341579221549502e-01 6.232648430577452103e-01
3.991810803321245160e-01 -2.564889125795192237e-01 6.359456120724729100e-01
4.708768186401324218e-01 -2.291832202227263027e-01 6.145183259244328955e-01
5.174722054092066870e-01 -1.861028131901084626e-01 5.684846474137297268e-01
5.434925175662261854e-01 -6.794097742914645410e-02 4.270185676643216688e-01
7.248541995079800238e-01 2.411726394134089402e-01 2.092597818674381549e-01
4.971227006751715582e-01 -9.882567564347077838e-02 2.962553959803506665e-01
4.346520341682823529e-01 -1.323096171311844982e-01 2.683343252297005765e-01
3.530298332907718661e-01 -1.563408048622506596e-01 2.751759819808730634e-01
2.754279417801443475e-01 -1.699842522957296376e-01 3.027017104588532459e-01
2.162268466893702001e-01 -1.748527719904457434e-01 3.353370749616174651e-01
1.754360976260462279e-01 -1.815194843042526318e-01 3.616023489894109044e-01
7.295260546140217572e-01 4.715453213444391611e-01 2.436757228150423504e-01
1.998201410572944259e-01 -2.808344958592176033e-01 -2.014504483054547768e-01
1.243265525095537949e-01 -3.740524269545630331e-01 8.691908703690909288e-02
1.196487609570835581e-01 -4.343942877528946811e-01 -1.842467257908398937e-01
8.700495110072906102e-02 -4.011219095543517299e-01 -2.212429548920440969e-01
1.195864923862217793e-01 -4.007467120850368714e-01 -1.935609409219376242e-01
1.846793733545647742e-01 -2.557844080345664239e-01 -2.239980582346584315e-01
7.417012762804725545e-02 -4.164299484628192216e-01 -2.321148982847153208e-01
7.252968186493935487e-02 -3.369535642971945300e-01 -2.386665611177225532e-01
1.752640236540900232e-01 -1.594114034906987942e-01 4.211532621472642290e-01
1.435582553079300938e-01 -1.947333653448259927e-01 3.991532201390483037e-01
1.243173197135834795e-01 -2.369166523689967274e-01 3.744960567764495374e-01
4.709641983039558610e-01 -1.378087126526431616e-01 4.581434392191292559e-01
5.089482829961853305e-01 -1.416539911390564954e-01 4.890154579658928524e-01
-3.266919853664599915e-01 -1.552023950846059541e-01 4.812697985094280817e-01
-2.621032671879273135e-01 -1.612212125360919790e-01 4.789889297429690829e-01
-3.258917493706292579e-01 -1.635511357544784938e-01 5.435688707512245088e-01
-3.921529312113628540e-01 -1.491309567305964534e-01 4.819342770270037546e-01
-3.280735857830607838e-01 -1.468561889077448779e-01 4.173242818073714666e-01
3.538304917021044549e-01 -1.616149943014786594e-01 4.512856133135532688e-01
4.170596957602790145e-01 -1.673441554087984895e-01 4.486321091078749879e-01
3.529183759433396350e-01 -1.701059984778869882e-01 5.093643714319003868e-01
2.900989149220168928e-01 -1.559110272615941151e-01 4.538530095171035006e-01
3.549810911842328776e-01 -1.531404039845730980e-01 3.932505187132923630e-01
