-1.439177290326152867e-02 -2.759044636034712061e-01 -4.667031140061365102e-01
2.186690327107047166e-02 -4.620797342103892813e-01 -2.006109415573444354e-01
2.461587983149742323e-02 -2.900701631415711357e-01 -2.607746247214984825e-01
-3.256907184757790868e-02 -4.191095970681427696e-01 1.280140558082617508e-01
2.166965309002887724e-02 -4.953129590923435188e-01 -1.085398746688071570e-01
2.065607162007378553e-02 -4.863086376210282724e-01 2.234872902702280881e-02
2.283400951459804012e-02 -3.574840410085833309e-01 3.556261454090312024e-01
-4.287284909543147560e-01 -1.130717127642530684e-01 4.482687336329175265e-01
2.328776378173769840e-02 -3.421483112291127116e-01 6.089170451735961276e-01
2.232925077450409815e-02 -3.692262097912842322e-01 7.311076857891010139e-01
2.096890540709697021e-02 -3.578759179952030189e-01 1.160872013929286961e+00
-1.328589995710948747e-02 -2.652886253888256940e-01 -4.925864769943444355e-01
-1.155772134737431678e-02 -2.431951885672962721e-01 -5.174303690964533464e-01
-8.986877252256079626e-03 -2.099129817882036120e-01 -5.345557455076258568e-01
-1.587424780231671065e-02 -1.904624596426414684e-01 -6.334620051175736677e-01
-1.679235692174735339e-02 -1.936807167037091215e-01 -6.726545258675605821e-01
-1.857540036264579766e-02 -2.028786953955372674e-01 -7.149951311550044597e-01
-1.833991501072920055e-02 -1.918602095343457381e-01 -7.542314899682853735e-01
1.160777344708892843e-02 -1.299545460591672308e-01 -8.124145126553663498e-01
2.082535594601383350e-02 -4.233968511653973255e-01 -2.402667311669665906e-01
-4.014505065085676588e-02 -3.350256663785575739e-01 -2.211745422038087217e-01
-6.651662211777900069e-01 1.375206602557899616e-01 8.523629398347740693e-01
-2.547059901749406663e-01 -1.702118050134696914e-01 3.505381900828411501e-01
-3.199333585318729356e-01 -1.632531483793862315e-01 3.445199622994448152e-01
-3.806703451837188945e-01 -1.452440569965052775e-01 3.554627316707527629e-01
-4.548991649943654458e-01 -9.979206658382683282e-02 4.240973764230888676e-01
-1.972278786131504424e-01 -1.658467773063155570e-01 3.732335303338840671e-01
-3.467470958906747613e-01 -2.214975845366923546e-01 6.281022055058255171e-01
-2.722538159164915594e-01 -2.208318899333158170e-01 6.141211737374083768e-01
-4.126429989725681757e-01 -1.977943483371716327e-01 6.139338565979565177e-01
-4.544028313254718787e-01 -1.673962280587204532e-01 5.787540784590101683e-01
-5.096488763860405058e-01 -5.931527601547253309e-02 3.712064475763814375e-01
-2.245897818546488955e-01 -2.622050734133009667e-02 -9.010226430054391056e-01
-4.495883767995920710e-01 -9.663442496947904914e-02 4.827793852204851355e-01
-6.862358574760825114e-01 2.128679498424065342e-01 4.627292981576993647e-01
-5.792846515703273802e-01 -3.892195039739398173e-03 4.520695967019298100e-01
-2.980219699879851913e-01 -1.784022373267339368e-01 -4.459621693526096692e-02
-8.589959112600478730e-02 -2.646877421687967025e-01 -4.473272077519311885e-01
-7.435241925798430351e-02 -2.304564294918647893e-01 -5.093568142882917149e-01
-1.478931018370404360e-01 -2.200179270727792291e-01 -4.654438725045145220e-01
-1.861160260544466039e-01 -1.705904118469722119e-01 -4.909329021756830280e-01
-1.252359652291323011e-01 -1.997177414381229310e-01 -5.098824081237796069e-01
-1.623777215416458419e-01 -1.523553160980205545e-01 -5.205164304840687040e-01
-2.838738316538945150e-01 -5.575551614906477244e-02 -6.174992595109279891e-01
-3.231057872098613837e-02 -4.552398148080207818e-01 -1.939761383077107104e-01
-4.185629185071626512e-02 -4.860497680126104614e-01 -1.042910340089349408e-01
-5.391630013473299732e-01 -1.583412328391352597e-01 6.701709130178457041e-01
-1.673748075627704002e-01 -2.191419876945560063e-01 1.797748607835633616e-01
-1.794888528969331709e-01 -3.027989685095104355e-01 -1.338670242055507997e-01
-1.845022205697821882e-01 -2.906237223246633805e-01 -7.950298538498903889e-02
-4.851648758149483820e-01 -9.830972682562981457e-02 -7.537506090626892516e-03
-3.778391903244383843e-02 -4.654990966678371755e-01 1.821765434008153217e-02
-3.938990933957502438e-01 -2.764793488098246654e-01 7.550533188918499006e-01
-4.798036231440218624e-01 -2.237121917641736735e-01 7.302914338535907435e-01
-6.016570964834284663e-01 -3.916796033691466450e-03 9.900529464151837100e-01
-1.141472219642563068e-01 -3.243016748008618055e-01 6.461537297871338126e-01
-2.062726194990149864e-01 -1.992560841766422841e-01 5.694665294833104463e-01
-3.275152287813917207e-01 -5.180220348923735701e-02 -5.166265682385056124e-01
-6.073256204137750247e-01 4.860264567626780829e-01 -3.663048607295271708e-01
-1.315348636422777606e-01 -2.717919964783045428e-01 -1.862356854053737742e-01
-8.130623188951735525e-02 -2.720011876903648540e-01 -2.154140407836307447e-01
-2.362137885943596527e-01 -6.257026334016387026e-02 -5.388950580260807310e-01
-2.235757464434687258e-01 -7.874919394813861828e-02 -5.464051114037147272e-01
-5.114281079226350446e-01 -2.014434262369129147e-01 7.952420557762733822e-01
-1.833323894371588492e-01 -2.625337876533365145e-01 -1.677661954567398195e-01
-2.755849496788587705e-01 -3.115300067878256085e-01 7.361483933692023474e-01
-2.853412157616677658e-01 -3.332668922823618929e-01 8.086608981484992853e-01
-3.455817491605531755e-01 -2.680336045141272217e-01 1.149514636777253074e+00
-5.555518183142950095e-01 -1.172088132402515637e-01 8.804616079904108439e-01
-3.079087022875784951e-01 -3.039713072029912033e-01 9.707870411010086631e-01
-5.737640531305053804e-01 -1.104983084926066950e-01 7.232543609599015877e-01
-6.186701422786373694e-01 7.257935921389074493e-03 7.709839050013228556e-01
-8.182979081171751212e-02 -2.542172896561672446e-01 -4.821544842028521183e-01
-1.368689448488799032e-01 -2.123120706479909581e-01 -4.888711102659255570e-01
-1.751324599589021425e-01 -1.664202134207858064e-01 -5.055415214000245072e-01
-1.167988244776332063e-01 -2.555554425932188845e-01 -2.014757086366217864e-01
-2.295420196685435399e-01 -7.091831380371432791e-02 -5.427647076478590016e-01
-2.111795612730493210e-01 -1.059117813989325640e-01 -5.836884151362408124e-01
-2.163539006615810834e-01 -8.071893292668998188e-02 -5.491987787011924915e-01
-1.025551386592847836e-01 -3.647225264747563922e-01 -1.722705469520807720e-01
-1.527690810704404045e-01 -1.397311425578823263e-01 -5.319316158808360395e-01
-1.145475676221541922e-01 -1.723869503564465222e-01 -5.255987978892676660e-01
-6.668166223849250618e-02 -2.005391304321114676e-01 -5.271378425620162345e-01
-7.520619370048534091e-02 -1.248641426556159617e-01 -8.038526812532031940e-01
-9.316031220788975609e-02 -1.881951630835068112e-01 -7.405162065562218565e-01
-9.019983167462837514e-02 -1.990485233184430824e-01 -7.000895221808453028e-01
-8.279558416310152380e-02 -1.886805956727637401e-01 -6.567855451311284121e-01
-7.422580231686778940e-02 -1.853091460808564683e-01 -6.199475678268105971e-01
-1.610585850793443963e-01 -1.367551934707356143e-01 -5.865369298346574389e-01
-1.747943423978253752e-01 -1.430837959800906611e-01 -6.029315952284816094e-01
-1.888448322860874495e-01 -1.495330851742375233e-01 -6.233396853171333518e-01
-1.988763987854398896e-01 -1.356511398376945010e-01 -6.457666762054119491e-01
-2.505196824143757217e-01 -1.593946073918685036e-01 -3.760796056485465333e-01
-6.793038082968427815e-01 5.160602565388103802e-01 1.054718182101325175e-01
2.452815548171204812e-02 -3.367228452042468900e-01 -2.473852565128691894e-01
-1.865409337169583459e-01 -1.047512199935693999e-01 -5.691366662231043261e-01
-1.989185095442366491e-01 -1.085110550280765085e-01 -5.763363300503454578e-01
-6.028226154330076914e-02 -2.723163366346200709e-01 -2.508234331101336090e-01
-1.604497024396053795e-01 -2.098180468383957775e-01 -2.158936618249001904e-01
-7.046201838585913757e-02 -2.732390972889047753e-01 -2.336004207199101623e-01
-2.335706723280058239e-01 -1.900178562708355612e-01 1.338864816988243334e-01
-3.376600222451937583e-01 -1.619960208780621413e-01 8.139379998229717694e-02
-1.949455718559010564e-01 -2.498689940524856379e-01 -1.138190440044048457e-01
-5.007979812723183377e-01 -1.462217165339202429e-01 1.092339222384330455e+00
-4.566818046768614248e-01 -2.181167934906224071e-01 9.517371351836247939e-01
-4.139474219722772963e-01 -2.747760830516096098e-01 8.285541859825323874e-01
-2.318990923678484750e-01 -8.279580444632270164e-02 -6.959878428033716702e-01
-1.320952656810800985e-01 -3.627959951480070888e-01 7.684386026472088682e-01
-1.536268402810779810e-01 -3.515773355133606226e-01 9.588055101989176876e-01
-1.778342877498872432e-01 -3.376352085513506518e-01 1.167995278031201511e+00
-4.294776253402404764e-01 -1.199985600365907346e-01 3.812300207024400533e-01
-5.808075546599218431e-01 -1.436157920247688700e-02 3.115401415374795535e-01
-1.589926072505228882e-01 -1.611774679414091915e-01 3.954914807465815252e-01
-5.125682822067136879e-01 -1.102536151593294794e-01 5.468160364238046078e-01
-1.230536489289584812e-01 -2.497033103280542621e-01 2.336309858399246986e-01
-1.422843961893747455e-01 -3.694257358065955454e-01 -1.116230508688441925e-01
-6.375288485594997612e-01 6.189188090260003272e-02 2.597821245348058694e-01
-5.409906644309434576e-01 -6.343165855191294777e-02 2.345053413934374553e-01
-4.619876301328661450e-01 -1.179631290218361300e-01 1.868112317748568674e-01
-3.395222451240874628e-01 -1.495469906770185153e-01 1.909902435589014846e-01
-2.485090054842412077e-01 -1.696877876331317758e-01 2.239642519606053206e-01
-1.804014138580312121e-01 -1.922186814346281691e-01 2.619238185141647968e-01
-3.761906214085782713e-02 -3.302848842027644172e-01 3.404850838803068491e-01
-6.255074210850066763e-01 6.849075774550639206e-02 6.391925702070169746e-02
-5.636649993204624343e-01 -8.175110048393179063e-02 5.704286342223767736e-01
-1.283482964917672178e-02 -4.196305863702281536e-01 -2.348933143183748462e-01
-1.626205636144809619e-01 -2.335235562057207670e-01 8.060165287144804847e-02
-7.035920497507252014e-01 4.147681872141644188e-01 5.057759822955821827e-01
-1.273431742459915084e-01 -2.081547232289997496e-01 3.055158706574986338e-01
-1.988473308886076762e-01 -1.876623491167492830e-01 -1.085922935125142041e-01
-4.750243861257893441e-01 -8.428850612995902880e-02 4.830633259106517641e-01
-1.456961146646984229e-01 -3.537181593716798300e-01 -4.572635172097050393e-02
-6.512324651004500753e-01 5.173636630739526510e-01 -1.221813672870996070e-01
-1.553909892772584456e-01 -1.506583452010190616e-01 4.277652095690982481e-01
-9.428824728336557270e-02 -4.228283326867446346e-01 -4.427934489480356978e-03
-4.864657710846896910e-01 1.852480066018399596e-01 -6.456654082507098380e-01
-4.803149048212548289e-01 3.098038705768516032e-01 -7.297629031668761979e-01
-6.750173772175360742e-01 2.940683636192815142e-01 8.020166642123174872e-02
-5.596390821304906282e-01 2.477904060578139389e-01 -5.061381273554699245e-01
-6.550350590458345890e-01 1.259630694800610295e-01 6.328137683930590285e-01
-2.348538847995343681e-01 2.152956424566009053e-02 -9.748718363743870130e-01
-1.828628409007205385e-03 -3.319291746405427790e-01 -2.422499279459893184e-01
-2.201081223175415935e-01 -2.003386488365816454e-01 2.012307000903173007e-02
-6.338276021106549196e-01 6.062759156358486778e-02 4.483722965291673246e-01
-3.703513762749902627e-01 -1.460978573368219013e-01 4.029607759467856432e-01
-3.167381918533588303e-01 -1.613705364171179046e-01 3.914516032649313360e-01
-2.213044074659530902e-01 -9.372436968234140742e-02 -5.915476008487705606e-01
-6.102006605456974375e-01 1.131529496263414813e-01 -1.175560460891971193e-01
-1.150769133429109387e-01 5.101660413390337462e-02 -1.091554392154491016e+00
-3.052183949692229836e-01 1.660618172823694061e-01 -9.559715526268919294e-01
-3.867409705383889618e-01 2.302144933467390187e-01 -8.648826741152619846e-01
2.151657614213057373e-02 -3.677947287206920768e-01 9.420914843625256552e-01
1.894141734800540433e-02 3.156121924408696738e-02 -1.111192128837958037e+00
-2.618104795783810501e-01 -1.656484770276880902e-01 3.973207247723732349e-01
-2.079428651068087608e-01 -1.604104557375097273e-01 4.123251985700252531e-01
-1.722059291179481866e-01 -1.500855973134954668e-01 4.208341972447272594e-01
-6.076633856102068298e-01 -2.095872763965086344e-02 6.060846402149565604e-01
-2.201045796395651455e-01 -1.806957102462126985e-01 5.042143921649278049e-01
-2.795224942435294291e-01 -1.928905645134570968e-01 5.378734451754637602e-01
-3.363219363307047294e-01 -1.898325308634465913e-01 5.460859159781130678e-01
-3.898192437916907505e-01 -1.722226110952547740e-01 5.341634566190184286e-01
-4.215380206069075375e-01 -1.491498818874801291e-01 5.126696762366759197e-01
-6.956917283833075061e-01 2.878106489922384048e-01 7.012169308096980469e-01
-4.054213769757820662e-01 -1.281539691663163838e-01 4.242673540119661357e-01
2.315320343463333694e-02 -2.722536300966333922e-01 -3.279744017471193374e-01
-1.874292050833646361e-01 -1.998768633960046337e-01 -3.389086931585446605e-01
-1.311254837440598564e-01 -2.973323467522944741e-01 -1.750591093397370346e-01
-6.702859734366767297e-02 -2.639673047548536933e-01 -3.278792241053518630e-01
2.315799451584224511e-02 -3.263020172768094640e-01 4.855707740333901068e-01
-4.039189144198800929e-01 1.384278516616874732e-01 -7.749344340954404942e-01
-3.239576378442577953e-01 8.473741375513053897e-02 -8.766915631753222637e-01
-1.226607913375233339e-01 -3.526504488911189061e-02 -1.046370108771655927e+00
-5.486503228641005370e-01 4.067942020616513443e-01 -5.720851526258832198e-01
-1.760812301758944987e-01 -1.635470262233343075e-01 4.569656322718946839e-01
-8.055238788842791764e-02 -3.316016841533785398e-01 1.890010552045117698e-01
1.392832434480968488e-02 -5.265196769338936766e-02 -1.064488659203418841e+00
-2.180161336024665220e-01 9.734580624957506201e-02 -1.036129568914185395e+00
-6.523343126911468337e-01 3.107484275807268492e-01 -1.241189524608044686e-01
-1.229500773691527826e-01 -1.639409466157864537e-01 -6.018404189461650233e-01
-1.366694703229300034e-01 -1.698906353646355560e-01 -6.296389830672743937e-01
-1.477150523618374067e-01 -1.775705531512427326e-01 -6.652852230487551477e-01
-1.543954198458521998e-01 -1.654586271572898171e-01 -7.029688180814868126e-01
-1.634354016429243051e-01 -1.114683557815677739e-01 -7.616393720484069263e-01
-1.921166596124204706e-01 -1.135492235331509170e-01 -5.349408856407398272e-01
-2.034801435378115475e-01 -1.153753263975386967e-01 -5.277317545732084225e-01
-2.131221727103325692e-01 -1.171417079763608510e-01 -5.195850451527880276e-01
-2.993214934615008316e-01 -1.083726721794043973e-01 -4.376806975938020150e-01
-5.321394105650212314e-01 -5.667681278644442523e-03 -1.907756605015981100e-01
-7.921590888483528992e-02 -2.860274190324856858e-01 2.940113646002738834e-01
-1.110929701603555336e-01 -2.013512269214769168e-01 4.923772986512975347e-01
-1.504398651111337748e-01 -1.781310804554614990e-01 4.870888661813043141e-01
-1.805921376915315124e-01 -1.068266179546290551e-01 -5.416246293886477492e-01
-5.363083502987820994e-01 1.148307551048164399e-01 -3.957879536255043407e-01
-5.912645086336293376e-02 -2.822796543816891712e-01 4.832351017372079616e-01
-1.968163377936963943e-01 -6.506063213201902784e-02 -8.267475738026166532e-01
2.137424307522604178e-02 -4.419519176753774481e-01 1.359951339598045039e-01
-3.637555974913485313e-02 -3.802436393376689150e-01 2.281356362879172761e-01
2.229145660391955788e-02 -3.976774715676253402e-01 2.417135699747516575e-01
-1.258210036088055483e-01 -3.107004820130516709e-01 4.442440174579306844e-02
1.215046602206817407e-02 -9.855239892333031437e-02 -9.887692074844699475e-01
1.207023264964252052e-02 -1.129863558987842104e-01 -8.934513258493034238e-01
-9.492216854929255709e-02 -9.772919006207514414e-02 -8.818998788825898050e-01
-3.408782880689462114e-01 -1.289248038827841593e-02 -6.365279716593943427e-01
-2.552722805228617720e-01 -1.627603125444438970e-01 -1.731917801639331067e-01
-2.772254918326468309e-01 -3.466482811936210523e-02 -7.458808195138069141e-01
-3.992247100147960359e-01 -1.380137053628491262e-01 -1.409482385679614314e-01
-3.156045047250567448e-01 -1.395556522150677714e-01 -2.557366046926295433e-01
-4.524946283729268659e-01 -6.864360113077440373e-02 -2.758462109686107833e-01
-1.153226977445527268e-01 -7.926445061470542564e-02 -9.725312330412223538e-01
-1.635025558985252758e-01 -2.585406027541877760e-01 8.786738261930462229e-04
-3.891192128678967466e-01 5.539634142374467995e-02 -6.905085541516040593e-01
-3.090312386247042187e-01 2.398613623975172360e-02 -8.022988072029716422e-01
-3.888692828667086321e-01 -2.041733647373980554e-02 -5.152419223073911869e-01
-5.917239655659503050e-01 1.556663166428575718e-01 -2.711506230050442223e-01
-4.639382135344796154e-01 4.478483818184199328e-02 -5.133122034190593652e-01
-6.191391509882869792e-01 3.078665266511220744e-01 -3.177214718419094641e-01
-3.667388598524395915e-01 -9.474240939255802740e-02 -3.621833608368258961e-01
-1.204123059594106315e-01 -2.798946398591413698e-01 1.365387631270834068e-01
-1.223380877697624602e-01 -3.785850409078552747e-01 -1.574406537928732808e-01
-1.594229006185741704e-01 -3.051586638592321821e-01 -1.669559044644327583e-01
-9.580349699269050112e-02 -4.304949867878045122e-01 -1.046131823581907816e-01
-1.634230474421692336e-01 -2.313029697749038327e-01 5.845431340745750326e-01
-2.705233746791160798e-01 -2.470356887598461060e-01 6.550666804514532204e-01
-3.628137533819140170e-01 -2.421865249586029611e-01 6.711844935348778574e-01
-4.377949363482878109e-01 -2.136595963640489648e-01 6.545860885325478495e-01
-4.882985164911384235e-01 -1.702416412381146382e-01 6.144087707970258272e-01
-5.196443703943094405e-01 -5.455233232632966667e-02 4.675360519183908159e-01
-6.901418916391741654e-01 2.552994858980390802e-01 2.746954312416883259e-01
-4.770870916925281091e-01 -8.723417003804906367e-02 3.240598467348851930e-01
-4.150744420090174414e-01 -1.219091546704700185e-01 2.866524763326414593e-01
-3.310471429400119736e-01 -1.487662860974803825e-01 2.788603013121299656e-01
-2.496014059336676971e-01 -1.650450558270524781e-01 2.956436528338011183e-01
-1.849607656735945960e-01 -1.703764722733339121e-01 3.235995205663246277e-01
-1.401208513583800663e-01 -1.785904028557074585e-01 3.495732733571622619e-01
-6.941830557976518268e-01 4.848861851474728923e-01 3.117623287334329030e-01
-1.590428814577124206e-01 -2.708613596222894104e-01 -1.860461463934609538e-01
-8.125211910679276672e-02 -3.694395776623176086e-01 9.529302824021546048e-02
-7.902350559549767284e-02 -4.263501950835636434e-01 -1.739341512097725695e-01
-4.687930846294816045e-02 -3.942836547111849832e-01 -2.146769703737947954e-01
-7.920510147480608332e-02 -3.938638392369693819e-01 -1.834609138060128986e-01
-1.418814286715088246e-01 -2.456663364952508255e-01 -2.102999936357314303e-01
-3.382595548838193689e-02 -4.102401063755832800e-01 -2.265931778980639910e-01
-2.431231180696945618e-02 -3.326071463277226470e-01 -2.353058833986998444e-01
-1.345476658252209023e-01 -1.583221591804944706e-01 4.233445857274295010e-01
-1.047073235292499543e-01 -1.923196103869341811e-01 3.961022047590931905e-01
-8.749623104624723591e-02 -2.333913859159858495e-01 3.721152001826847910e-01
-4.379780793464593813e-01 -1.258261756196908943e-01 4.962828937640317850e-01
-4.782028708269969730e-01 -1.267212922550570442e-01 5.380248704097391199e-01
7.544608097373017852e-02 -4.187276455590602797e-01 1.233170217094247123e-01
4.583147251078323325e-01 -1.227994879431675845e-01 4.148592154427834799e-01
8.603811869945174329e-02 -3.388483839141352982e-01 -2.268079225809065680e-01
6.742954482067874400e-01 1.181283698692522505e-01 7.814545662986774888e-01
2.796744855923220530e-01 -1.728155088980195264e-01 3.349964948469174031e-01
3.415062045828953785e-01 -1.681896384453468729e-01 3.254917890522291413e-01
4.003332543132289700e-01 -1.525144095004770661e-01 3.287148411317110108e-01
4.782681637274223130e-01 -1.093006441684557795e-01 3.857062077552454449e-01
2.285297106317627225e-01 -1.680193507343469839e-01 3.588292533529695572e-01
3.745676115071362444e-01 -2.294782365009247760e-01 6.012664479670503104e-01
3.015605821061000391e-01 -2.272135534455073103e-01 5.897280555583823691e-01
4.404256064398814896e-01 -2.091259252268122260e-01 5.837591719626969988e-01
4.810802428482202076e-01 -1.809725772566708191e-01 5.434321672823090310e-01
5.241224349405244620e-01 -7.151168487558418052e-02 3.235687753646478981e-01
2.449184241839517107e-01 -3.644043892669896617e-02 -9.118081681381531300e-01
4.805333251191067356e-01 -1.069725666096718875e-01 4.463726418418103581e-01
7.080859591857797675e-01 1.949214009264166880e-01 3.943870860759907115e-01
5.895152478537547536e-01 -1.905354140317290848e-02 3.953848953301063451e-01
3.289742129355692768e-01 -1.866932099440875570e-01 -7.341921134621549883e-02
5.879889878256887303e-02 -2.658031782472689564e-01 -4.542497089155951295e-01
5.357488899141485406e-02 -2.290361434473189850e-01 -5.169802943723482702e-01
1.290874667624358207e-01 -2.175761235397324356e-01 -4.792592535396565934e-01
1.760033313792200294e-01 -1.644974493398244086e-01 -5.059282560389531946e-01
1.100622899239434016e-01 -1.948610659552820479e-01 -5.211973470319817281e-01
1.551191152556650743e-01 -1.464765964051897018e-01 -5.314803739074697164e-01
2.866428773074110037e-01 -6.154971170266786140e-02 -6.424015203348866221e-01
7.409316663496864908e-02 -4.584144856984169181e-01 -1.989307152896836461e-01
8.215687720753767076e-02 -4.895688580318344751e-01 -1.101507916315027230e-01
5.558080869692616499e-01 -1.730398187111570896e-01 6.260511732716018685e-01
2.046912547488059508e-01 -2.210836741857807042e-01 1.626975608054359868e-01
2.183330014832401411e-01 -3.095728732403854599e-01 -1.499120891917984644e-01
2.220245466746730567e-01 -2.973622545879442969e-01 -9.612876930661659602e-02
5.079418736257408362e-01 -1.094886901133625690e-01 -5.366410846450446470e-02
7.898526859016609392e-02 -4.661666747202644068e-01 1.330144558893187751e-02
4.246042756615045488e-01 -2.905810009168301455e-01 7.218096658499376650e-01
5.040394269846506514e-01 -2.388700103483914483e-01 6.932015896852092851e-01
6.148180405296334028e-01 -2.289438069874154269e-02 9.235483006416862484e-01
1.585617757541713246e-01 -3.278295841450057924e-01 6.281528598088393922e-01
2.396851850351596758e-01 -2.024154354271757716e-01 5.461860085366772033e-01
3.349439991357255897e-01 -5.624435429870600078e-02 -5.478213219531022915e-01
6.480279708647321835e-01 4.667396019838881971e-01 -4.165679573142171410e-01
1.738149483204450840e-01 -2.788744220898809467e-01 -1.983458809036814374e-01
1.270866612508408378e-01 -2.806375167911677737e-01 -2.243795133556652499e-01
2.372052240473324913e-01 -5.531860578942679463e-02 -5.656504815469654002e-01
2.214240362400251849e-01 -7.388863958146341115e-02 -5.702903221944662926e-01
5.331461290306473977e-01 -2.171932457433951857e-01 7.498175251930594420e-01
2.205961897378238001e-01 -2.704041414516173414e-01 -1.838500170506132680e-01
3.142760755037976583e-01 -3.236372358301856655e-01 7.078002283445217202e-01
3.241225079729085357e-01 -3.460322821318956854e-01 7.750275651390482468e-01
3.737185048414380928e-01 -2.807935233926089902e-01 1.106805785270911890e+00
5.746273305081091021e-01 -1.330741061111539447e-01 8.247680348463212185e-01
3.411135502998420277e-01 -3.147266682671735483e-01 9.357199702098510929e-01
5.891651654984514375e-01 -1.253354380691509562e-01 6.671689553350718116e-01
6.360430763226199158e-01 -8.767246754460555902e-03 7.097346647135569508e-01
5.675391306688919862e-02 -2.540906507496260014e-01 -4.895437468076024312e-01
1.194917538067626628e-01 -2.086873983095116070e-01 -5.019243743201531327e-01
1.656447953671293383e-01 -1.606889054288089813e-01 -5.186807230486227827e-01
1.603884932334187774e-01 -2.635703387597932434e-01 -2.123885203494780827e-01
2.290070674225521685e-01 -6.549404666774723272e-02 -5.682770353543940001e-01
1.983612267845074606e-01 -1.024897407843261277e-01 -6.087663780385357271e-01
2.136319674271307534e-01 -7.558775484193770711e-02 -5.711072995970724042e-01
1.428030322867105684e-01 -3.669468435375358162e-01 -1.828812273149141299e-01
1.468812524741852643e-01 -1.338269561782300665e-01 -5.406174328707807897e-01
1.032572533357348499e-01 -1.663280522133760153e-01 -5.337587366190286176e-01
5.091260048808680244e-02 -1.968463475039532451e-01 -5.337995576452685409e-01
9.364873386586192172e-02 -1.273622599150589507e-01 -8.104941637517102393e-01
5.822246138696149376e-02 -1.871011536725493141e-01 -7.486665371671294977e-01
5.437216154611594632e-02 -1.965897414606237459e-01 -7.085890218175190380e-01
5.089506468063814681e-02 -1.855305059097751008e-01 -6.662478079581710677e-01
4.490332938768679116e-02 -1.815212336847117913e-01 -6.294620930823540128e-01
1.419182966789852562e-01 -1.319713315449304869e-01 -6.081721818419457692e-01
1.538129243135847313e-01 -1.403222117606810204e-01 -6.255445390881891887e-01
1.655345454584538634e-01 -1.476955727698512633e-01 -6.468030304044343204e-01
1.772361477321720002e-01 -1.341845165552276176e-01 -6.687433563377114254e-01
2.748879510554584904e-01 -1.652753448197232800e-01 -3.998071282951507488e-01
7.147125308666002486e-01 4.953726315416335790e-01 3.892087671311190988e-02
1.752242338150865608e-01 -9.832335981543419146e-02 -5.916332222004946351e-01
1.863042719073796372e-01 -1.041619175029500216e-01 -6.006203721382412652e-01
1.074457304535733904e-01 -2.771941512489329296e-01 -2.577953642514529409e-01
2.018505001663352949e-01 -2.199319324254341568e-01 -2.302949778555912208e-01
1.170279584852780275e-01 -2.803919207106263523e-01 -2.419274054062390267e-01
2.679246335333347884e-01 -1.931866845586560077e-01 1.107106001070395918e-01
3.676591801810725757e-01 -1.691078348055886360e-01 4.806992201954967542e-02
2.327129406614959484e-01 -2.573436260384204810e-01 -1.313845028325609510e-01
5.206011027200497798e-01 -1.643778664228420228e-01 1.033973587775410596e+00
4.818245938714776910e-01 -2.332987680563163857e-01 9.033275916329916999e-01
4.446352047563249532e-01 -2.894911715248379980e-01 7.890725941904648266e-01
2.385726129136963580e-01 -8.646896700691028559e-02 -7.113482069141783271e-01
1.787519310338205325e-01 -3.683837101452720475e-01 7.409302014448690965e-01
1.917004040894924322e-01 -3.578684439910334580e-01 9.395070780185963422e-01
2.126093044541138843e-01 -3.463369524378645536e-01 1.144063875432391519e+00
4.499626749284049154e-01 -1.290381139635615737e-01 3.473835834476229900e-01
5.877245960387889046e-01 -3.044488599338854989e-02 2.561599231540583332e-01
1.949847057417329887e-01 -1.608133942503004454e-01 3.818223920297662000e-01
5.336949601048285308e-01 -1.237275294776699897e-01 5.040733931300890314e-01
1.626396223251134199e-01 -2.504150746931321225e-01 2.207434014601792893e-01
1.812033446094108990e-01 -3.749939884970027726e-01 -1.260076145449117446e-01
6.605827432767672480e-01 4.511037697494749144e-02 1.974079124255874451e-01
5.475512257069382605e-01 -7.697542665491892422e-02 1.849560796420528508e-01
4.705196543326972680e-01 -1.290029861439644931e-01 1.459147963836236461e-01
3.548866451835526181e-01 -1.560053374719899133e-01 1.628428773697623011e-01
2.696757628142517627e-01 -1.735315782894990555e-01 2.051893100693844008e-01
2.063704542135947895e-01 -1.949399364567571680e-01 2.483858918111125913e-01
8.240159105205818735e-02 -3.306954163037912897e-01 3.347308626800066800e-01
6.509262103055970528e-01 5.357333024978160746e-02 4.513813228118546822e-03
5.768688142545842501e-01 -9.614068112756635198e-02 5.178879632766062446e-01
5.335384116933342136e-02 -4.203686730093458834e-01 -2.375549811761984986e-01
2.011863204934792593e-01 -2.358068345835122315e-01 6.455482200250145519e-02
7.263255189612340956e-01 3.963712172678218737e-01 4.335962723308717237e-01
1.595672983791305843e-01 -2.092079598965776444e-01 2.964147543226692272e-01
2.401056276657155264e-01 -1.952533065035795268e-01 -1.268068247587737785e-01
5.027253176755375197e-01 -9.492631049332719839e-02 4.428836669552085881e-01
1.832074689314683869e-01 -3.593504194337953095e-01 -5.990782619250712565e-02
6.913287635013043442e-01 4.957759288066244108e-01 -1.811330291781834689e-01
1.950040484645239047e-01 -1.487267934594482532e-01 4.134358797893971649e-01
1.322106792534668285e-01 -4.258680400785313513e-01 -1.434764070466107433e-02
5.128482104366683947e-01 1.670477002962844071e-01 -6.779083797958067592e-01
5.134454313360561351e-01 2.903888592176384620e-01 -7.583770384420807087e-01
7.107808459211986118e-01 2.759813486070736843e-01 1.655347588197692010e-02
5.894144982775487707e-01 2.290779288376018075e-01 -5.485494537038277940e-01
6.751480228104204118e-01 1.092277521165590376e-01 5.670888858127195453e-01
2.596939013895880333e-01 1.071063731863594951e-02 -9.836215603507640903e-01
5.139044635026088215e-02 -3.336861220485839996e-01 -2.447005674350427040e-01
2.554419703135279995e-01 -2.056972407620237253e-01 -1.428554042575208832e-03
6.375687896377821851e-01 4.495395267083396318e-02 3.805296468861538717e-01
3.979610651818360489e-01 -1.535260907048719980e-01 3.776055630473322267e-01
3.448167698857878549e-01 -1.665444307515212274e-01 3.712929177744735965e-01
2.104851632829674579e-01 -9.013238848712615270e-02 -6.174552558085940612e-01
6.377757896572628926e-01 9.780569111090295364e-02 -1.722673953282388704e-01
1.501220106618096628e-01 4.533374332186314304e-02 -1.093994744203910408e+00
3.391435223848061620e-01 1.526180589903008422e-01 -9.661724115506069577e-01
4.206629641987326140e-01 2.141347038611010611e-01 -8.818774235482635948e-01
2.921206158797479135e-01 -1.691438894017027739e-01 3.794921156501807058e-01
2.427106768710159401e-01 -1.610742369958189368e-01 3.958290459410258033e-01
2.108943493533776969e-01 -1.486747743904279773e-01 4.050349871687061731e-01
6.161812988901655963e-01 -3.527757152620699527e-02 5.411144737275231931e-01
2.523025597061190894e-01 -1.818308022074558716e-01 4.787946148716902828e-01
3.065004205259286296e-01 -1.973164904065850545e-01 5.081927877728487086e-01
3.625110263170292502e-01 -1.967931606346307594e-01 5.147073280797623829e-01
4.166745366136754836e-01 -1.816269412697262831e-01 5.008042998941980573e-01
4.488755361779138142e-01 -1.594652632742074583e-01 4.775321281074433322e-01
7.111643520231483162e-01 2.684169611359936702e-01 6.289108587018554797e-01
4.339816396289323253e-01 -1.368308096709372756e-01 3.943529407781408702e-01
2.216113834677466699e-01 -2.052216175047341662e-01 -3.567006463908879432e-01
1.730045713074933322e-01 -3.042486879271154576e-01 -1.876927685229433929e-01
1.098795242076439638e-01 -2.650548287516135693e-01 -3.352787042812247487e-01
4.296555978213889571e-01 1.213054306881292121e-01 -7.976495014882122314e-01
3.482631432866685750e-01 6.951427261735236562e-02 -8.911404623438565764e-01
1.481904290242222200e-01 -4.152921448024690654e-02 -1.051076317962117201e+00
5.866198784304910152e-01 3.876932407145672332e-01 -6.117812031554478169e-01
2.130387607336982347e-01 -1.617192435556540631e-01 4.388168947638240724e-01
1.223269066595247534e-01 -3.330638684330993193e-01 1.797036707247754161e-01
2.516807524552263087e-01 8.759969924920175954e-02 -1.040878371787439693e+00
6.885782701748637269e-01 2.923282958645354590e-01 -1.826121346033442450e-01
9.807810795788650393e-02 -1.590792329839549324e-01 -6.190342112877963432e-01
1.092790459615235188e-01 -1.662861301270576742e-01 -6.474647041412702198e-01
1.177460484563997295e-01 -1.743698643060554998e-01 -6.823980082857697971e-01
1.259491573706784107e-01 -1.627977565621311351e-01 -7.178707428336230656e-01
1.748536369803037616e-01 -1.125723848071648325e-01 -7.721806077552876291e-01
1.897592026220706884e-01 -1.074077352614049990e-01 -5.481467512331945624e-01
2.008131018330460149e-01 -1.077220653710221354e-01 -5.426740099661293559e-01
2.106401264560240905e-01 -1.090956869026248888e-01 -5.352252926275220535e-01
3.148196548614975443e-01 -1.116739298154073856e-01 -4.641168332880069025e-01
5.534107313579650356e-01 -2.017155522507402959e-02 -2.380313541319766246e-01
1.220294412935752915e-01 -2.867129645909365920e-01 2.842475183669978533e-01
1.531295050956255344e-01 -2.032256772711921178e-01 4.766245265321863434e-01
1.878074195376809308e-01 -1.768350881324555202e-01 4.694812313528263781e-01
1.789826301171905110e-01 -9.906324029738491910e-02 -5.537405473125878164e-01
5.607671180052367088e-01 9.782079745203001164e-02 -4.396764050583080730e-01
9.900853683071261790e-02 -2.825420816160916782e-01 4.735835398641504712e-01
2.119666918419370050e-01 -7.208878580053097729e-02 -8.370559571686815303e-01
7.947107138718492725e-02 -3.817459739677889208e-01 2.228743558967632432e-01
1.649508534784990821e-01 -3.147939642007164807e-01 3.108028619620876315e-02
1.154324858830103329e-01 -1.031190381579119159e-01 -8.877834040419215755e-01
3.492988763123434648e-01 -2.361044762600542080e-02 -6.653040625633304117e-01
2.890636883823544112e-01 -1.721451505160411233e-01 -1.967549834213325466e-01
2.881224911177829862e-01 -4.455666375082487085e-02 -7.633535045900635696e-01
4.220684744256503196e-01 -1.503887305896529081e-01 -1.779369649043019974e-01
3.406166194075841980e-01 -1.494650296717734139e-01 -2.851293456125338910e-01
4.711692135253540137e-01 -8.258915429128388386e-02 -3.164724321878985558e-01
1.374965640658214749e-01 -8.488755762977515107e-02 -9.789110881587000934e-01
2.015815009899418198e-01 -2.637206257720101088e-01 -1.468675678507843155e-02
4.072243422548013081e-01 4.036990688328619126e-02 -7.145423955737468802e-01
3.281250857699981593e-01 1.019883294970019491e-02 -8.184838885260968810e-01
3.994637670982527644e-01 -2.939057677826228607e-02 -5.519138395226533822e-01
6.195958904688088076e-01 1.385775805490520041e-01 -3.212334486101913744e-01
4.799122828083559611e-01 2.901402938027818762e-02 -5.500097472387162068e-01
6.544320563894323595e-01 2.908662165590182869e-01 -3.697887631371206130e-01
3.816826657358494690e-01 -1.041258104505267956e-01 -3.978415812282316000e-01
1.606300718760288460e-01 -2.811002266277120021e-01 1.236597983101886261e-01
1.610119934890946181e-01 -3.827082119135805094e-01 -1.696617253424539951e-01
1.986025124080288418e-01 -3.129522268494235870e-01 -1.816339633418440624e-01
1.359793860639465501e-01 -4.351776596721659285e-01 -1.152056156947111748e-01
2.036596777453114626e-01 -2.346845680134239942e-01 5.660081595401275090e-01
3.062662749233038828e-01 -2.561647962047768345e-01 6.322842082584220202e-01
3.955227460615508006e-01 -2.541382947142357684e-01 6.436087598879260963e-01
4.665614217244852258e-01 -2.270828480605895927e-01 6.223097584421897199e-01
5.127297804888100163e-01 -1.843972556552245234e-01 5.770433220987073453e-01
5.385116269359422336e-01 -6.731832565943199342e-02 4.196925276516650372e-01
7.182112019064328390e-01 2.389623890399275585e-01 2.073420000155991594e-01
4.925667707923047645e-01 -9.791997801942931012e-02 2.811261745846844740e-01
4.306686228526722671e-01 -1.310970526321987295e-01 2.507519712345956941e-01
3.497944566627311236e-01 -1.549080041798115148e-01 2.535940811007312834e-01
2.729037553190786780e-01 -1.684264148974393138e-01 2.783931210406136447e-01
2.142452144867525443e-01 -1.732503165645893350e-01 3.104008621881907959e-01
1.738282962550316002e-01 -1.798559311377181391e-01 3.390565799244735223e-01
7.228402413368734125e-01 4.672237978700106709e-01 2.414425326875457856e-01
1.979298504889137056e-01 -2.791107386708117644e-01 -2.000443603512145896e-01
1.231871495914356185e-01 -3.706243866992967040e-01 8.612251273234333704e-02
1.185522281197135819e-01 -4.306101380434324000e-01 -1.826845543542359729e-01
8.620758566933994782e-02 -3.985459456672275635e-01 -2.205076560943000086e-01
1.184905302152936546e-01 -3.977929802610765120e-01 -1.924098995727726580e-01
1.824051325940457269e-01 -2.547497272079656816e-01 -2.226267463559212789e-01
7.349038819869165018e-02 -4.135478988975500592e-01 -2.311841695749488612e-01
7.156624299103098163e-02 -3.360707604744103127e-01 -2.392673853169322018e-01
1.736577992719149921e-01 -1.579504620051326580e-01 4.098964127891012721e-01
1.422426015580584291e-01 -1.929487122658965215e-01 3.854439736983095166e-01
1.231780014103320275e-01 -2.347454064073644653e-01 3.639218352371615950e-01
4.666480005887856386e-01 -1.365457511519093392e-01 4.601985489109907124e-01
5.042839764010793591e-01 -1.403557892054468070e-01 4.993411096411918826e-01
-3.236979845360761221e-01 -1.537800274705378167e-01 4.794655525757811620e-01
-2.597011960176575651e-01 -1.597436848775327656e-01 4.775400732648634183e-01
-3.229050823817332661e-01 -1.620522552854340437e-01 5.565815435008322209e-01
-3.885590071046319816e-01 -1.477642314104558319e-01 4.811999991134779386e-01
-3.250669231397772529e-01 -1.455103109210425516e-01 4.023509695577694445e-01
3.505877773613075843e-01 -1.601338577912017891e-01 4.501631861457324746e-01
4.132375111602335505e-01 -1.658105134380847001e-01 4.469667815423302715e-01
3.496840207771214626e-01 -1.685470453247364109e-01 5.285101961946133686e-01
2.874402748846872635e-01 -1.544821653182452681e-01 4.538800489944948557e-01
3.517278320613193010e-01 -1.517369336907401778e-01 3.717793504245712199e-01
