-1.498441045088357015e-02 -3.153320456672620287e-01 -5.166723632610710215e-01
2.461872652910113146e-02 -5.202057149171710471e-01 -2.258380278965298471e-01
2.805674381476172541e-02 -3.259278076033368388e-01 -2.925683854836814701e-01
-3.666770109981445924e-02 -4.718521149536903936e-01 1.441238840615407524e-01
2.439665355403551616e-02 -5.576452291873754685e-01 -1.221989904071274780e-01
2.325551872051744712e-02 -5.475077659565530386e-01 2.516118802877935490e-02
2.570753749784449038e-02 -4.024713392202906581e-01 4.003796361820781691e-01
-4.826814909819550081e-01 -1.273011335996067639e-01 5.047706248099772530e-01
2.621839411414930709e-02 -3.852056965783137166e-01 6.855457322056937031e-01
2.513925779076834482e-02 -4.156911920058612431e-01 8.231133579658789223e-01
2.360772082962796226e-02 -4.029125316583347383e-01 1.306961040250347761e+00
-1.368203391354008702e-02 -3.040668390331640603e-01 -5.451079153662072851e-01
-1.175547454953096080e-02 -2.797592929275322660e-01 -5.730340980004517970e-01
-9.019684970171252397e-03 -2.421171121676009563e-01 -5.930349042812956828e-01
-1.815291604139851814e-02 -2.139864921907139172e-01 -7.270344374457138326e-01
-1.921115146411023211e-02 -2.175924726745223636e-01 -7.709579023162311806e-01
-2.120678335621268423e-02 -2.279716773028477306e-01 -8.174007158869660561e-01
-2.094108137025804672e-02 -2.156059508998381946e-01 -8.597139020485289329e-01
1.284985346407366280e-02 -1.460017179523763198e-01 -9.213722995627073864e-01
2.344610649942324709e-02 -4.764655593547413304e-01 -2.702050378165158362e-01
-4.516377709582372613e-02 -3.766354532248973319e-01 -2.484357241279678830e-01
-7.488735415606913026e-01 1.548268396749981068e-01 9.596278841684258154e-01
-2.867592653476724873e-01 -1.916319758543550966e-01 3.953726469708545022e-01
-3.601951206165219244e-01 -1.837976125446193487e-01 3.886387944751324985e-01
-4.285755056233770954e-01 -1.635221812091134375e-01 4.008798871990348900e-01
-5.121455929303382337e-01 -1.123503207814215976e-01 4.777179930346562298e-01
-2.220478660055923426e-01 -1.867176346656533870e-01 4.207964324744737361e-01
-3.903832116816527975e-01 -2.493717739987214577e-01 7.063513196108888170e-01
-3.065153834297009716e-01 -2.486223055811194182e-01 6.906248920690418736e-01
-4.645717329025575992e-01 -2.226856226668724181e-01 6.904556043306733226e-01
-5.115867985409265906e-01 -1.884620748303580395e-01 6.509547071338115387e-01
-5.737852387270097054e-01 -6.677976081944017595e-02 4.181764330960251463e-01
-2.533955170899647169e-01 -2.955666458685835690e-02 -1.016860696764259053e+00
-5.061664727686792098e-01 -1.087953077328097373e-01 5.433597939172432056e-01
-7.725946696813579262e-01 2.396561497079361391e-01 5.209611050752604999e-01
-6.521842733160532202e-01 -4.382005007136318894e-03 5.089692047962161014e-01
-3.355263106004044982e-01 -2.008531266856267150e-01 -5.020839280951883143e-02
-9.551429609349632033e-02 -3.010565244409206809e-01 -4.960363491314384587e-01
-8.246149772011832080e-02 -2.641851734154104792e-01 -5.644773952070722967e-01
-1.649166597544896029e-01 -2.493548310505664389e-01 -5.173017489889969456e-01
-2.067375902755611006e-01 -1.935615096885646147e-01 -5.493291698340316831e-01
-1.394124008820164518e-01 -2.278408109781825952e-01 -5.671171595924819897e-01
-1.802832632346842434e-01 -1.733313007262111682e-01 -5.836653271576992541e-01
-3.189722591521757522e-01 -6.325764976357747815e-02 -6.997649912344334755e-01
-3.637667785547334109e-02 -5.125056312137858949e-01 -2.183699432633442461e-01
-4.712366400588113846e-02 -5.472163191056967912e-01 -1.174154567198858190e-01
-6.070135455503622435e-01 -1.782675608532368061e-01 7.544569075877003428e-01
-1.884379586889284863e-01 -2.467197389231334803e-01 2.023984888896668277e-01
-2.020764865383402609e-01 -3.408936691154621501e-01 -1.507123961183679528e-01
-2.077207575262213224e-01 -3.271970362738088056e-01 -8.950797610330096798e-02
-5.462200683448128480e-01 -1.106814376479924589e-01 -8.486057367878427349e-03
-4.253880637719913149e-02 -5.240794646752962027e-01 2.051023997404495536e-02
-4.434690152583329326e-01 -3.112726751893583055e-01 8.500724104487549226e-01
-5.401841330446568445e-01 -2.518650767323948880e-01 8.221942422686152607e-01
-6.773721609778462494e-01 -4.409702215877778914e-03 1.114645385477110340e+00
-1.285119894096949378e-01 -3.651131642135380106e-01 7.274684381319542759e-01
-2.322308352004242016e-01 -2.243313095043554251e-01 6.405145705457166994e-01
-3.662526816454120260e-01 -5.969069048659948751e-02 -5.838292831937705873e-01
-6.837540358475946434e-01 5.471900762967988330e-01 -4.124022080671708723e-01
-1.480653946144837585e-01 -3.056395322705079964e-01 -2.095160596372794837e-01
-9.137848890593813778e-02 -3.056014150747866642e-01 -2.421357478236896288e-01
-2.628977385525833599e-01 -7.190346658790627843e-02 -6.115463609311453386e-01
-2.489467445803426049e-01 -8.994160319983184049e-02 -6.208464545177114768e-01
-5.757883762581170739e-01 -2.267939159072769328e-01 8.953186673440591825e-01
-2.064037099140253462e-01 -2.954569616541413701e-01 -1.888482750927999998e-01
-3.102657211026200734e-01 -3.507342556760231211e-01 8.287884094301554150e-01
-3.212497568236534207e-01 -3.752066024436767622e-01 9.104261974433394133e-01
-3.890712128080673349e-01 -3.017640828398614472e-01 1.294174402895816645e+00
-6.254648003093747910e-01 -1.319588642338647699e-01 9.912626071367558467e-01
-3.466572309567463872e-01 -3.422243374819432526e-01 1.092954973394868468e+00
-6.459689395039369675e-01 -1.244038812897061419e-01 8.142717376450883116e-01
-6.965262001514422874e-01 8.171306050559871970e-03 8.680077727020412137e-01
-9.086043610671243331e-02 -2.901799044865974175e-01 -5.340627157820310167e-01
-1.524715320284049658e-01 -2.413839021513902172e-01 -5.432594822595833151e-01
-1.945037931874480930e-01 -1.890619574059407837e-01 -5.659747593639716801e-01
-1.313934029625792310e-01 -2.872471022048466160e-01 -2.266431944805427090e-01
-2.554979671594213020e-01 -8.123074854117674770e-02 -6.163334675983143107e-01
-2.368389490088061988e-01 -1.197892769004359481e-01 -6.652831497444675612e-01
-2.410204790299207422e-01 -9.203355214772727944e-02 -6.242674742464162652e-01
-1.154611094908538915e-01 -4.104299157518043195e-01 -1.938221292822285280e-01
-1.696294552913106823e-01 -1.590249457690149359e-01 -5.971670139540645739e-01
-1.274370972922350131e-01 -1.971724988721331173e-01 -5.859174820049322108e-01
-7.395368236627358760e-02 -2.305946852382217416e-01 -5.851358840140534756e-01
-8.517786064546818692e-02 -1.403599996060966859e-01 -9.114438110996396780e-01
-1.054105728258251107e-01 -2.115843845710466686e-01 -8.440696485748884204e-01
-1.020596067068274548e-01 -2.237729785421139761e-01 -8.001978060827577011e-01
-9.371816983066005857e-02 -2.120854110520065672e-01 -7.522353871767120115e-01
-8.400651088983465686e-02 -2.083006853320427121e-01 -7.108405558971666593e-01
-1.814738954340729404e-01 -1.540857731725181479e-01 -6.707500270283577315e-01
-1.971121559486856967e-01 -1.611678584047228080e-01 -6.891374720482430494e-01
-2.131431693445177133e-01 -1.683683123488952660e-01 -7.116852204980264052e-01
-2.246335734070467050e-01 -1.527084004504523085e-01 -7.364719665651702218e-01
-2.803298297813410223e-01 -1.799553576053449233e-01 -4.217042552821462786e-01
-7.647902622207112255e-01 5.810034539767183759e-01 1.187448347674817939e-01
2.769694643986776728e-02 -3.785384691878742602e-01 -2.777314487583238956e-01
-2.090773403497130922e-01 -1.184564260029365435e-01 -6.492708316075310737e-01
-2.230265196530077931e-01 -1.226999783365106123e-01 -6.572992765085328148e-01
-6.754502026740202836e-02 -3.059486083906325371e-01 -2.816408761321307352e-01
-1.804495809638804737e-01 -2.359133333622290829e-01 -2.429969017109447904e-01
-7.908938087274930417e-02 -3.069682005013609771e-01 -2.624430128124030093e-01
-2.629641900354905415e-01 -2.139305040676086067e-01 1.507353197599708428e-01
-3.801525823943376903e-01 -1.823822828208053748e-01 9.163673776422825989e-02
-2.194783441480288588e-01 -2.813135612493429250e-01 -1.281425116456440250e-01
-5.638205096731816468e-01 -1.646228735427202050e-01 1.229803793409946167e+00
-5.141525675027895925e-01 -2.455655299602552688e-01 1.071507751091615779e+00
-4.660403099895837897e-01 -3.093550632903130371e-01 9.328229404516961143e-01
-2.620804287553721856e-01 -9.321942694845414268e-02 -7.900343584097906380e-01
-1.487186905835830575e-01 -4.084517720539884156e-01 8.651421547194750872e-01
-1.729598892685186851e-01 -3.958213090138091861e-01 1.079465640206022092e+00
-2.002137039406051700e-01 -3.801246460406928485e-01 1.314980725925346761e+00
-4.835248995959700036e-01 -1.350996845234652688e-01 4.297179326462282623e-01
-6.538988249481836323e-01 -1.616889983767672012e-02 3.507456658252828818e-01
-1.790009069655426055e-01 -1.814607197330996291e-01 4.457255707492590036e-01
-5.770720348789688536e-01 -1.241283942094542903e-01 6.152315207634369010e-01
-1.385392386766498563e-01 -2.811270271868131498e-01 2.630337255743308011e-01
-1.601900642135605790e-01 -4.159158272157716940e-01 -1.256701664931425821e-01
-7.177581655040961017e-01 6.968061500353978088e-02 2.924742018469720373e-01
-6.090712094584631586e-01 -7.141416628131760924e-02 2.640164817949511855e-01
-5.201261003937196481e-01 -1.328081067989440867e-01 2.103203424048980530e-01
-3.822491552479969634e-01 -1.683666141971882357e-01 2.150734786823220723e-01
-2.797824249749941150e-01 -1.910420139185878829e-01 2.523512884722238780e-01
-2.031038880164510729e-01 -2.164082903446190587e-01 2.951737998600193480e-01
-4.235320345301471501e-02 -3.718493259007148444e-01 3.833331637178083451e-01
-7.042239109361201344e-01 7.710992333049238034e-02 7.196312670297227987e-02
-6.345989782035159621e-01 -9.203900398692846374e-02 6.420018064908348254e-01
-1.445001863677728218e-02 -4.722304155491143796e-01 -2.641812553782973971e-01
-1.830854206470916012e-01 -2.629111446218227455e-01 9.074490554968644984e-02
-7.921350383334304635e-01 4.669643637883373888e-01 5.694249673771791809e-01
-1.433685759362792189e-01 -2.343497907952567516e-01 3.443157074197426004e-01
-2.238711169800071121e-01 -2.112785699667928396e-01 -1.222580048455460255e-01
-5.348034566996306971e-01 -9.489572643897700721e-02 5.436859678250439698e-01
-1.640311277193106099e-01 -3.982315431682109663e-01 -5.148074801247823351e-02
-7.331863028996479237e-01 5.824708866829928500e-01 -1.375571859437949851e-01
-1.749460462087660262e-01 -1.696178262579031149e-01 4.818439697482141959e-01
-1.061538776662730166e-01 -4.760388319338448859e-01 -4.985163918873686262e-03
-5.476846737574654345e-01 2.085603964154071344e-01 -7.269186641555267503e-01
-5.407597565627701997e-01 3.487908952100642335e-01 -8.215993422313581096e-01
-7.599644085907231172e-01 3.310751637182119955e-01 9.029458109200932947e-02
-6.300664226285412894e-01 2.789733929549783609e-01 -5.698326822436108330e-01
-7.374674312918190200e-01 1.418147929706362609e-01 7.124497197794577019e-01
-2.645626383662616488e-01 2.422828620983437375e-02 -1.097849394429603498e+00
-1.966827281209369144e-03 -3.731225320340905149e-01 -2.719888452732721618e-01
-2.478074559985112280e-01 -2.255501086631908070e-01 2.265544181390821005e-02
-7.135911386045226124e-01 6.825722368642087035e-02 5.047973558322801368e-01
-4.169579541814965040e-01 -1.644834273822978199e-01 4.541081090707017598e-01
-3.565978606982735943e-01 -1.816780847594109405e-01 4.412387682304933501e-01
-2.482380658337752233e-01 -1.060852598755648024e-01 -6.735129107604098664e-01
-6.869908831455671105e-01 1.273925941575053955e-01 -1.323497938210720093e-01
-1.295586770692979117e-01 5.743674782959869163e-02 -1.228920196836591483e+00
-3.436283857584164769e-01 1.869597349002500852e-01 -1.076275054199029801e+00
-4.354100840552015406e-01 2.591856573747440828e-01 -9.737231545708020519e-01
2.422431275792454736e-02 -4.140795673248705011e-01 1.060648250922975100e+00
2.132508512904256193e-02 3.553301658419941167e-02 -1.251029229060663717e+00
-2.947578136370221369e-01 -1.864943794442964764e-01 4.478015107050329346e-01
-2.341112715541673883e-01 -1.805971834811573862e-01 4.645792363537848413e-01
-1.938770489396782759e-01 -1.689730013625683203e-01 4.740938364445186348e-01
-6.841343068397385263e-01 -2.359626174229509377e-02 6.823553018147388016e-01
-2.478034674950089222e-01 -2.034352199023303776e-01 5.673280263668136758e-01
-3.146987828687102251e-01 -2.171647260215036068e-01 6.049649538518240277e-01
-3.786461061094752445e-01 -2.137218565299647821e-01 6.141479859109029160e-01
-4.388757401870024832e-01 -1.938958302473093864e-01 6.008165094333133283e-01
-4.745861415443131115e-01 -1.679195315640985564e-01 5.767825636605410367e-01
-7.832405072320016703e-01 3.240299519115569238e-01 7.894610244157580503e-01
-4.564413115607013349e-01 -1.442814047061887761e-01 4.779327326306896939e-01
2.683772396812457439e-02 -3.073769050737225061e-01 -3.668313975587264020e-01
-2.102071454333637734e-01 -2.249983363008769555e-01 -3.796961560434660710e-01
-1.476268672008020921e-01 -3.344494090736166436e-01 -1.969371121575912431e-01
-7.468128950443969627e-02 -2.977671362931787469e-01 -3.668968646034206360e-01
2.607229413696648262e-02 -3.673652382164011021e-01 5.466770465055791339e-01
-4.548195603616751459e-01 1.558433615123623328e-01 -8.724974063935555524e-01
-3.649473690208102639e-01 9.538578206102957258e-02 -9.873229628180564266e-01
-1.381027742659885482e-01 -3.970335017177403780e-02 -1.178099990222046145e+00
-6.176947915877943895e-01 4.579868987406665592e-01 -6.440787590846754895e-01
-1.982400342138544991e-01 -1.841284732148950054e-01 5.144953352102645816e-01
-9.068943984011160198e-02 -3.733318375063060524e-01 2.127857424431840450e-01
1.568112337640139436e-02 -5.927791319118802527e-02 -1.198525073944733510e+00
-2.454522026075779406e-01 1.095962117243193812e-01 -1.166520480271235893e+00
-7.344268116345085140e-01 3.498543172208486984e-01 -1.397386055077731171e-01
-1.389853390315713699e-01 -1.843783458219389604e-01 -6.890554294015531767e-01
-1.545286549357481887e-01 -1.910676526046601875e-01 -7.202890955905139059e-01
-1.670172253149448949e-01 -1.997152362211986887e-01 -7.604110077753674091e-01
-1.746009134993051770e-01 -1.860966512427053576e-01 -8.019651893072377025e-01
-1.848604409948186866e-01 -1.253883609763785101e-01 -8.646040129300771593e-01
-2.129795531501733619e-01 -1.295780707147996536e-01 -6.050422726071699175e-01
-2.255122832633598140e-01 -1.317747860819058203e-01 -5.967888133491587865e-01
-2.361730441636946676e-01 -1.338575757686725209e-01 -5.874107518886423351e-01
-3.341228461017016205e-01 -1.234631325762896303e-01 -4.928582420959024546e-01
-5.991060765055462589e-01 -6.380926681945925383e-03 -2.147836735762705951e-01
-8.918477268658459023e-02 -3.220223148058342089e-01 3.310264822045777544e-01
-1.250733776877176462e-01 -2.266901138414447736e-01 5.541774948054023486e-01
-1.693718517127988932e-01 -2.005478462909776605e-01 5.482014247795305995e-01
-2.003026437501460588e-01 -1.218287768826371575e-01 -6.127119982383802954e-01
-6.037996531839389114e-01 1.292815407344332923e-01 -4.455955776193386564e-01
-6.656717260771097266e-02 -3.178029156577409919e-01 5.440254591729013489e-01
-2.223514852308104972e-01 -7.324918378421180210e-02 -9.349974931152036373e-01
2.406406789806793400e-02 -4.975690094470930358e-01 1.531093367480929057e-01
-4.095321348001235151e-02 -4.280951013154580265e-01 2.568451861560628879e-01
2.509670744248715391e-02 -4.477228804620072555e-01 2.721318242374907159e-01
-1.416548489314551906e-01 -3.498003400078503189e-01 5.001495592592376804e-02
1.367987300430488495e-02 -1.109463854820258444e-01 -1.114942135849322558e+00
1.350359122348749816e-02 -1.270878701369825003e-01 -1.009807901543969155e+00
-1.072278940349298271e-01 -1.099644465607617361e-01 -9.966471334419131356e-01
-3.838465383757139193e-01 -1.470560773094253468e-02 -7.187141611362142246e-01
-2.873968200594081424e-01 -1.832427561713239061e-01 -1.949869636358135816e-01
-3.130181943328990135e-01 -3.908184928343368114e-02 -8.433763334913810805e-01
-4.494648299156640547e-01 -1.553819316560953734e-01 -1.586857588863006541e-01
-3.552125441862243882e-01 -1.571179235981917666e-01 -2.879070521356325019e-01
-5.094384592873808515e-01 -7.728200117146738490e-02 -3.105598606140685947e-01
-1.300100824146676881e-01 -8.924466861635782511e-02 -1.096567412300730515e+00
-1.840784065570074124e-01 -2.910764417335226506e-01 9.892498433440310990e-04
-4.383852751295503891e-01 6.234703156718766903e-02 -7.786737884095398243e-01
-3.485404612904647870e-01 2.696174592607440690e-02 -9.056577560249989833e-01
-4.368752235162547404e-01 -2.361837987583682158e-02 -5.809620027719833990e-01
-6.661890030060142465e-01 1.752560219303228584e-01 -3.052733600732572272e-01
-5.223216664157205313e-01 5.041905266671072028e-02 -5.779690330121265429e-01
-6.970542308935872011e-01 3.466097497874268685e-01 -3.577048807842722056e-01
-4.123490891902917843e-01 -1.071456665842484279e-01 -4.078448233197587980e-01
-1.355654979767999535e-01 -3.151177608568680455e-01 1.537213785007167655e-01
-1.377336282856989058e-01 -4.261630265396111339e-01 -1.772227937017764043e-01
-1.794853502643500853e-01 -3.434240103055548055e-01 -1.879063480517175755e-01
-1.078598127845081522e-01 -4.846702900954085180e-01 -1.177781465884747691e-01
-1.839888924214430066e-01 -2.604111102366686303e-01 6.576576835050025327e-01
-3.045671761746759909e-01 -2.781237008787056375e-01 7.369787755399022089e-01
-4.084717650588860494e-01 -2.726642978696128816e-01 7.551635760782668960e-01
-4.928888960716617529e-01 -2.405474203639788033e-01 7.365004203272307315e-01
-5.497480595693249317e-01 -1.916655667952437136e-01 6.912752200547529480e-01
-5.850386078237852505e-01 -6.141742822469889451e-02 5.263347044237998151e-01
-7.769922556441448691e-01 2.874274490736452581e-01 3.092642639437153118e-01
-5.371257418274373308e-01 -9.821208561346989052e-02 3.651954772785573899e-01
-4.673091589771780630e-01 -1.372507164376032818e-01 3.232050286318272070e-01
-3.727075104897299429e-01 -1.674876624633552247e-01 3.145679564595118549e-01
-2.810122977005152234e-01 -1.858150211768657689e-01 3.335015469727149462e-01
-2.082370078782750378e-01 -1.918173655361331553e-01 3.649334241340818075e-01
-1.577542497835321966e-01 -2.010649717577238649e-01 3.941123260569656672e-01
-7.815419769303952879e-01 5.459063060692981306e-01 3.509958139943051281e-01
-1.790486409415940061e-01 -3.047167322790518273e-01 -2.093689509378814373e-01
-9.147722818376743947e-02 -4.159314109889494793e-01 1.072851060132522238e-01
-8.896815655650050503e-02 -4.799585551491559743e-01 -1.957961082877126557e-01
-5.277879819633915504e-02 -4.436220660555981743e-01 -2.413833949300805415e-01
-8.917260522653325250e-02 -4.432577421576211485e-01 -2.064136163112851863e-01
-1.596041860308465288e-01 -2.761965175062802702e-01 -2.366287380846379129e-01
-3.808275602130244131e-02 -4.616394810035795437e-01 -2.548333162003380004e-01
-2.730198298570418736e-02 -3.738949296797974275e-01 -2.642408286588101562e-01
-1.514797110966433213e-01 -1.782460868850134217e-01 4.768918566769563272e-01
-1.178841344312868411e-01 -2.165219206216130177e-01 4.463039074450234622e-01
-9.850712548330395335e-02 -2.627623414658422085e-01 4.192159040243987889e-01
-4.930950865565151275e-01 -1.416606718099859830e-01 5.584780642922373417e-01
-5.383819353102479166e-01 -1.426684336949018972e-01 6.052730486597828197e-01
8.494053374452764649e-02 -4.714220970571042502e-01 1.388357564111836751e-01
5.159909815221646046e-01 -1.382530930013346482e-01 4.679317344519353661e-01
9.690326930473391887e-02 -3.809831862543909820e-01 -2.547817867669293079e-01
7.591516289909452375e-01 1.329941417442079832e-01 8.797961061419867779e-01
3.148699014493492321e-01 -1.945633408081340887e-01 3.809325251493924647e-01
3.844827845258029786e-01 -1.893553313235875057e-01 3.706018622257833961e-01
4.507128781001830120e-01 -1.717074655105372827e-01 3.740694805987905269e-01
5.384554449444169943e-01 -1.230554978398675781e-01 4.361638187761889274e-01
2.572888524760261197e-01 -1.891636138894176034e-01 4.069424040900047057e-01
4.217047782231013731e-01 -2.583567448377932507e-01 6.732623094866907465e-01
3.395102365797033617e-01 -2.558070645229690854e-01 6.601226827213571013e-01
4.958506207736186333e-01 -2.354432129452643796e-01 6.537437620778221437e-01
5.416214079522978508e-01 -2.037469290241434861e-01 6.086851825166337271e-01
5.900802108837293058e-01 -8.051101716799838326e-02 3.656467294065959273e-01
2.757523860389019532e-01 -4.099698018821201773e-02 -1.028901240271790529e+00
5.410056637913596145e-01 -1.204344451902194524e-01 5.021933685836068584e-01
7.971944802697983334e-01 2.194511314469181906e-01 4.440184189939290205e-01
6.637023309490492906e-01 -2.145131909444951412e-02 4.454762149956031925e-01
3.703737142378913383e-01 -2.101874702365460479e-01 -8.265859379481418912e-02
6.712549737299643160e-02 -3.027036121216801767e-01 -5.038893797348843462e-01
6.123622955358516695e-02 -2.625162259262763809e-01 -5.734891980888376928e-01
1.456049723134376084e-01 -2.464615980661647443e-01 -5.329916768328745169e-01
1.973170194257202748e-01 -1.858926199982683380e-01 -5.653236159181882492e-01
1.242234134047577321e-01 -2.217407108407805083e-01 -5.797593845371362686e-01
1.739582826348491928e-01 -1.657436828550279961e-01 -5.944648606226436982e-01
3.189168892661409238e-01 -6.960447526484601910e-02 -7.295816558524328421e-01
8.341736296399310246e-02 -5.160772823639341311e-01 -2.239454244986478493e-01
9.249584485669595790e-02 -5.511782662429112190e-01 -1.240126319490535700e-01
6.257533188918369405e-01 -1.948158787134319780e-01 7.043554614416573934e-01
2.304504648459413940e-01 -2.489057754249710541e-01 1.831721074890341194e-01
2.458089464777968303e-01 -3.485138240034983959e-01 -1.687740847120439147e-01
2.499650512728429086e-01 -3.347835738342831435e-01 -1.082260177236833987e-01
5.718634195457890090e-01 -1.232672082789351142e-01 -6.041742500877128608e-02
8.892510764528152589e-02 -5.248310535631146578e-01 1.497535644291941165e-02
4.780382670566378778e-01 -3.271489386239793129e-01 8.126452360143252562e-01
5.674698725738904770e-01 -2.689304190845640541e-01 7.804252198496328674e-01
6.921893336850111211e-01 -2.577550503273234872e-02 1.039771514818957021e+00
1.785158578181018640e-01 -3.690850405366864484e-01 7.072022628172343062e-01
2.698481787891832129e-01 -2.278882468302344533e-01 6.115035896415457195e-01
3.729491422570279102e-01 -6.410747001033728631e-02 -6.212559684073483135e-01
7.295785416050897254e-01 5.254760804079938730e-01 -4.689906245422809095e-01
1.957165178795209903e-01 -3.136550787087957204e-01 -2.231362215205490163e-01
1.432442773990562079e-01 -3.154162131904503230e-01 -2.522086968762403680e-01
2.625550907313219939e-01 -6.289630235450720253e-02 -6.430323431931252998e-01
2.450773778421105886e-01 -8.370373756582456803e-02 -6.487043148805385906e-01
6.002394846653491545e-01 -2.445257590725486985e-01 8.441777264604171105e-01
2.483569438797508244e-01 -3.043230787728001818e-01 -2.069438326951300589e-01
3.538259012515572177e-01 -3.643651094427469150e-01 7.968727959092898327e-01
3.649114502769192914e-01 -3.895784427471369327e-01 8.725603000181600954e-01
4.207488163963293282e-01 -3.161297636822167911e-01 1.246090889534433366e+00
6.469408553447182353e-01 -1.498207124183572603e-01 9.285603241010969011e-01
3.840407169730664094e-01 -3.543331985071416224e-01 1.053474914524889172e+00
6.633081927548551970e-01 -1.411081772713039528e-01 7.511283082241466680e-01
7.160854174276607420e-01 -9.870553969187675220e-03 7.990506658490823533e-01
6.484561709343063252e-02 -2.902439180668014984e-01 -5.426438694376678473e-01
1.348300392760732325e-01 -2.369262388052127410e-01 -5.580668189129960322e-01
1.857704485866231714e-01 -1.816883183962766934e-01 -5.796020718544794281e-01
1.806814134735854616e-01 -2.963493681090166865e-01 -2.389143958796851042e-01
2.534456255954559145e-01 -7.430759880159878983e-02 -6.462460330418609011e-01
2.204822573507370098e-01 -1.153579108542889531e-01 -6.948246386767364946e-01
2.364897823162765977e-01 -8.556017981584554399e-02 -6.496439412921656276e-01
1.607739676629951764e-01 -4.129291456759526247e-01 -2.057477303862236262e-01
1.647162363649272709e-01 -1.514897698816483063e-01 -6.051895364492276830e-01
1.164262106589921131e-01 -1.895230939805168102e-01 -5.944973349080693303e-01
5.809997087999906051e-02 -2.261286159153192976e-01 -5.930387549063604880e-01
1.053631424332026334e-01 -1.430684322531528552e-01 -9.191909673702451933e-01
6.541377293050470998e-02 -2.101852676154876698e-01 -8.536692365182436681e-01
6.106804887846123409e-02 -2.208272211227703119e-01 -8.104150099366991267e-01
5.709211253168217093e-02 -2.083586604584563573e-01 -7.638776073451094550e-01
5.027484519073485703e-02 -2.038709017365974430e-01 -7.227016747169019428e-01
1.585076847832318503e-01 -1.482564423640153062e-01 -6.969868346205054799e-01
1.719988019625041109e-01 -1.576413167585432040e-01 -7.164250709339814449e-01
1.853600837786887334e-01 -1.659295797728363442e-01 -7.398649094594351716e-01
1.986353589386640750e-01 -1.507299658470632742e-01 -7.637759129064938257e-01
3.087045961375620706e-01 -1.864050316539527796e-01 -4.493362252648906985e-01
8.046549676562968489e-01 5.577124110691527026e-01 4.381884385708245677e-02
1.947266431606990422e-01 -1.106080384792371696e-01 -6.758697780285662926e-01
2.071017003908205423e-01 -1.171949607040486951e-01 -6.859866790529272063e-01
1.213169393538608976e-01 -3.115428097783204953e-01 -2.894536342739062462e-01
2.274419809892604949e-01 -2.473880239319894425e-01 -2.591785211206860673e-01
1.320116876192898026e-01 -3.151243843976199166e-01 -2.717858500053423887e-01
3.016413984916259672e-01 -2.174981110610845203e-01 1.246428885755278548e-01
4.139269607858033773e-01 -1.903890773832188632e-01 5.411924383369727531e-02
2.619985178014576088e-01 -2.897288324236043655e-01 -1.479184823429453566e-01
5.861157393772096214e-01 -1.850638698463935583e-01 1.164093181380330577e+00
5.424594312451282985e-01 -2.626580681844064014e-01 1.017006146575518022e+00
5.005899726820799422e-01 -3.259219605085948990e-01 8.883728147132590180e-01
2.676618834821414827e-01 -9.715622187652567243e-02 -8.074509427876308543e-01
2.012468273224745641e-01 -4.147426686539753549e-01 8.341719803853182569e-01
2.158247907942733024e-01 -4.029041170939838823e-01 1.057738607939725295e+00
2.393649552940104175e-01 -3.899214540483352254e-01 1.288037694772994790e+00
5.065878741513700767e-01 -1.452768140106376338e-01 3.943658528026064980e-01
6.616863359636138142e-01 -3.427619798598609269e-02 2.883961673799732006e-01
2.195224028069699407e-01 -1.810508294744407332e-01 4.320206741672831807e-01
6.008573829547612100e-01 -1.392979237001852610e-01 5.656736743015888802e-01
1.831068777861862840e-01 -2.819283629790738654e-01 2.485607720224245476e-01
2.040067371130405149e-01 -4.221848122901890044e-01 -1.418649437741673625e-01
7.437132594851427747e-01 5.078725615523567438e-02 2.222505560316757611e-01
6.164573794126149142e-01 -8.666233873112849651e-02 2.082317341637394126e-01
5.297318304740827877e-01 -1.452372655581886107e-01 1.642773272403399432e-01
3.995470761588237885e-01 -1.756377065692776851e-01 1.834659331078214439e-01
3.036128972607741172e-01 -1.953695233894608974e-01 2.318994036332197028e-01
2.323409818477769062e-01 -2.194719995665083134e-01 2.809501368111141373e-01
9.277135452267168403e-02 -3.723115210913786610e-01 3.768548030185883135e-01
7.328415077108072495e-01 6.031522414780655927e-02 5.081851140054584326e-03
6.494644168517973437e-01 -1.082394300986018465e-01 5.819168228362088247e-01
6.006811363651497204e-02 -4.730569815309104698e-01 -2.671619081829138542e-01
2.265044548936074875e-01 -2.654817603727518405e-01 7.267867335370684079e-02
8.177293831116272393e-01 4.462522395894027438e-01 4.881618524535333847e-01
1.796479196476086226e-01 -2.355355712035793747e-01 3.352805671822950417e-01
2.703215316921762645e-01 -2.198248054206110025e-01 -1.427647299693330929e-01
5.659903902114655772e-01 -1.068722374394699415e-01 4.984108422991909704e-01
2.062630688854651395e-01 -4.045725905717290072e-01 -6.744687899436638268e-02
7.783284884630607969e-01 5.581664609615248906e-01 -2.039275728916276620e-01
2.195441796995099559e-01 -1.674431999053253017e-01 4.664205756994156404e-01
1.488486282862889754e-01 -4.794610689135954118e-01 -1.615320789398275864e-02
5.773830847039496117e-01 1.880696868655489240e-01 -7.632228778110894396e-01
5.780595681511853101e-01 3.269326170036475077e-01 -8.538144008738379753e-01
8.002285029086577683e-01 3.107120065694087829e-01 1.863663580589784707e-02
6.635889026215997522e-01 2.579060607711614050e-01 -6.175812286273152374e-01
7.601114951755760796e-01 1.229734332517228579e-01 6.384537450546539095e-01
2.923748763293745334e-01 1.205850899169724419e-02 -1.107678947469788344e+00
5.795126058242344724e-02 -3.751215885515600812e-01 -2.747481460546855603e-01
2.875878643284299763e-01 -2.315830483784379057e-01 -1.608329050062792809e-03
7.178031329359870760e-01 5.061114751760820152e-02 4.284170992321598703e-01
4.480421626917361344e-01 -1.728464609410691466e-01 4.275050758690592811e-01
3.882099653176285248e-01 -1.875030837604196865e-01 4.206488787673634544e-01
2.338614214615659659e-01 -1.015145686482210319e-01 -7.040669996430772848e-01
7.180361827102483829e-01 1.101139709413610779e-01 -1.939462503168997154e-01
1.690139971200856905e-01 5.103873338476853927e-02 -1.231667653071918167e+00
3.818227724432103898e-01 1.718241586889549533e-01 -1.087759619415105572e+00
4.736009643501148947e-01 2.410823173906340156e-01 -9.928565948908671945e-01
3.288823052219982390e-01 -1.904296692416473924e-01 4.295540673486208938e-01
2.732544112675384107e-01 -1.813444977702856065e-01 4.472976955453971115e-01
2.374341830163204103e-01 -1.673846345374433442e-01 4.572963225948003529e-01
6.937241502226072498e-01 -3.971704953865438925e-02 6.089314732336645886e-01
2.840533770602390318e-01 -2.047131566194235752e-01 5.374070514203618254e-01
3.450717250835007022e-01 -2.221476290805360909e-01 5.693365663397296217e-01
4.081309415444189792e-01 -2.215584412846891560e-01 5.764120486575532443e-01
4.691106162299241156e-01 -2.044836409621896278e-01 5.613118900716904669e-01
5.053639252791519709e-01 -1.795330440150907370e-01 5.360358559920639365e-01
8.006602710346288898e-01 3.021956826745455515e-01 7.080556555391941398e-01
4.885957180233402308e-01 -1.540501753854141009e-01 4.456944900508990060e-01
2.497221707483762709e-01 -2.311026285663855262e-01 -4.003077967906838452e-01
1.947761956279533413e-01 -3.422557831737497169e-01 -2.111444994929914110e-01
1.244672847595656717e-01 -2.985480295435818388e-01 -3.752787267212206457e-01
4.837250669199555375e-01 1.365710162716601839e-01 -8.980290633871808037e-01
3.920905369987478517e-01 7.826295776907640778e-02 -1.003443716082023096e+00
1.668393371092504740e-01 -4.675542584075897956e-02 -1.183458539067816506e+00
6.604425960360424952e-01 4.364821898963960889e-01 -6.887703278979713239e-01
2.398484561616106014e-01 -1.820706746737644766e-01 4.939870309058331799e-01
1.377210400974300253e-01 -3.749780292176501106e-01 2.023183379469125631e-01
2.833533189645052186e-01 9.862361405420802529e-02 -1.171866892510225355e+00
7.752318614654309936e-01 3.291161185043031123e-01 -2.055928151766620582e-01
1.098127060688828260e-01 -1.786527412544476334e-01 -7.103687841376724599e-01
1.225497622606917525e-01 -1.867368243863424260e-01 -7.422184880706792498e-01
1.322614836371775182e-01 -1.958290892240482362e-01 -7.811401582044834591e-01
1.416000649905861386e-01 -1.828278008636767815e-01 -8.195783468291242269e-01
1.967587425247685484e-01 -1.264471324055703727e-01 -8.767059145156079758e-01
2.113678139046638593e-01 -1.215800943466085748e-01 -6.183466145317130236e-01
2.235221214190799000e-01 -1.219789301190742636e-01 -6.122907189330965005e-01
2.344044114985968097e-01 -1.235599706065590442e-01 -6.036664007829073419e-01
3.519691964329405565e-01 -1.264018243052709989e-01 -5.236505399873597755e-01
6.230881002282060432e-01 -2.278825809391239049e-02 -2.680938179812964450e-01
1.373861404362659577e-01 -3.227941323063521217e-01 3.201065657754667004e-01
1.723999673274840272e-01 -2.288004529223820471e-01 5.355876325305104491e-01
2.114418966608429540e-01 -1.990887608325392355e-01 5.273861911304373873e-01
1.994368779062791752e-01 -1.120881878789115604e-01 -6.248434882066455920e-01
6.313196676024988019e-01 1.099142727210437598e-01 -4.954398693035875212e-01
1.114681883422639630e-01 -3.180983678412282467e-01 5.330285757839645644e-01
2.386364858540335199e-01 -8.104362969034387132e-02 -9.464825607281430742e-01
8.947204591352281300e-02 -4.297864960664948830e-01 2.509218040686639339e-01
1.857089640077875803e-01 -3.544089632445567295e-01 3.499156051479691137e-02
1.299302675889316416e-01 -1.159803419064613095e-01 -1.003400161966098603e+00
3.907676541687115090e-01 -2.677958921705703849e-02 -7.525911177633828331e-01
3.254406810859833410e-01 -1.938086217023771152e-01 -2.215154596899849837e-01
3.240132193349263279e-01 -5.006541588601982895e-02 -8.630048130322780509e-01
4.751845910920279303e-01 -1.693171518887451876e-01 -2.003332490312482173e-01
3.834500003580622041e-01 -1.684215503183795759e-01 -3.213263347015536953e-01
5.304609432831178806e-01 -9.340522681444846098e-02 -3.570844802182715494e-01
1.547975623733144901e-01 -9.556348002075573667e-02 -1.103876177280491477e+00
2.269493665690946460e-01 -2.969083406772990985e-01 -1.653499926430496841e-02
4.578349542583948217e-01 4.544552291306606928e-02 -8.054318711327441704e-01
3.693325784154662950e-01 1.151230829205587836e-02 -9.234740597432682385e-01
4.469615598969591819e-01 -3.377893585853987413e-02 -6.246293532732870579e-01
6.975687730717203827e-01 1.560160150192775874e-01 -3.616598536168689204e-01
5.393781090854177229e-01 3.220952091045294063e-02 -6.204442989506846473e-01
7.367885442399919604e-01 3.274700490314846890e-01 -4.163245394354214701e-01
4.286759809576013991e-01 -1.178476450063507819e-01 -4.496493828886796162e-01
1.808444370400429380e-01 -3.164750637449185167e-01 1.392216704773809877e-01
1.812744212783716780e-01 -4.307949744041934537e-01 -1.909698360323206501e-01
2.235954895101304740e-01 -3.521958427795189861e-01 -2.044160585688959975e-01
1.530916050436932907e-01 -4.899422502690216064e-01 -1.297035758674196515e-01
2.292890698451075515e-01 -2.642182630480847116e-01 6.351630044262248642e-01
3.448081136115170864e-01 -2.884016536759299587e-01 7.097285271653710481e-01
4.452969952179128832e-01 -2.861201286978388714e-01 7.226570797623790288e-01
5.252754771938694667e-01 -2.556599106216013162e-01 6.986875438551771733e-01
5.772538567854621494e-01 -2.076025833844779012e-01 6.476747700520479878e-01
6.062801994380564441e-01 -7.578994744990230625e-02 4.730006692153729819e-01
8.085939262037047381e-01 2.690344230999406339e-01 2.334347910677446736e-01
5.545534489788117583e-01 -1.102426407028191946e-01 3.182950154363056727e-01
4.848657772544076039e-01 -1.475948581980114360e-01 2.844891700752680830e-01
3.938140651752985999e-01 -1.744022802312850118e-01 2.882568317058067375e-01
3.072471139456514067e-01 -1.896219047222226228e-01 3.165336224940913379e-01
2.412067351391257719e-01 -1.950528665038094855e-01 3.526167434973090931e-01
1.957035815941898793e-01 -2.024897594518682009e-01 3.844990743816276701e-01
8.138055034635360840e-01 5.260212095448997260e-01 2.718266784758712751e-01
2.228523606533533985e-01 -3.140309410256706402e-01 -2.251130136827882433e-01
1.386895396250848456e-01 -4.172653213881045708e-01 9.696053165424262099e-02
1.334713401031093760e-01 -4.847526130212602702e-01 -2.056439775354861332e-01
9.705631154162241980e-02 -4.484362540146028531e-01 -2.479466985464005013e-01
1.334018778743930600e-01 -4.476801449111118547e-01 -2.164738829954174770e-01
2.054995658342722020e-01 -2.864938082802573893e-01 -2.504792445486087038e-01
8.273872834909656859e-02 -4.653659602697530762e-01 -2.599898107070870434e-01
8.064423309230808745e-02 -3.778333515034344448e-01 -2.687077553601572300e-01
1.955116285522181530e-01 -1.778276137707166527e-01 4.625465417708995997e-01
1.601430099697105924e-01 -2.172301913321532663e-01 4.353997459883369725e-01
1.386792401983193979e-01 -2.642867576019006792e-01 4.107495411729555901e-01
5.253729515073097822e-01 -1.537292439010724543e-01 5.172097636315368119e-01
5.677451971194504843e-01 -1.580187531993370031e-01 5.600443553876643943e-01
-3.644335030217906723e-01 -1.731323541794538290e-01 5.397032355551328875e-01
-2.923830889441809688e-01 -1.798465033662888235e-01 5.375225779645578239e-01
-3.635408187189370643e-01 -1.824455940029812151e-01 6.259317741229295518e-01
-4.374569100044185532e-01 -1.663595049917072632e-01 5.416145519112669504e-01
-3.659747146282934516e-01 -1.638219416495483305e-01 4.534134622540957338e-01
3.947072206937558558e-01 -1.802857772836609085e-01 5.063789331210751810e-01
4.652410610092820864e-01 -1.866768071994230338e-01 5.028620997872228493e-01
3.936897315724503521e-01 -1.897577157908454382e-01 5.915849946676485782e-01
3.236129703924626178e-01 -1.739228520128306421e-01 5.103943365964966894e-01
3.959907446815780219e-01 -1.708321488685038414e-01 4.211429660407951525e-01
