-1.929361780860489040e-02 -3.314757951944229397e-01 -5.840874065460832654e-01
2.678780790752099961e-02 -5.660980704465803370e-01 -2.457812979472016046e-01
2.969370700904849780e-02 -3.562165708551132681e-01 -3.208360037984725466e-01
-3.989838110883348055e-02 -5.134255746817655286e-01 1.568222026660346380e-01
2.654616875569576484e-02 -6.067776601831544880e-01 -1.329655718498388151e-01
2.530449199062309584e-02 -5.957470157923561160e-01 2.737806219585003920e-02
2.797255071068027732e-02 -4.379318690823246207e-01 4.356558773623073755e-01
-5.252090942094937986e-01 -1.385172506484007027e-01 5.504316977027454705e-01
2.852841735510980303e-02 -4.191450029970109625e-01 7.459470888731409843e-01
2.735420160099324982e-02 -4.523164830292305538e-01 8.956353811900275019e-01
2.568772556008996899e-02 -4.384119336488896401e-01 1.422113416283130150e+00
-1.808216502453752206e-02 -3.173941581595323136e-01 -6.172516776032885844e-01
-1.611560090638361475e-02 -2.894021645302684576e-01 -6.483768859557152986e-01
-1.299273955374002920e-02 -2.487597343881091660e-01 -6.688808823519845070e-01
-1.979518212534930877e-02 -2.327723697561543403e-01 -7.487598825685122250e-01
-2.095040658447072657e-02 -2.366934266569296064e-01 -7.975061516408432638e-01
-2.312006774697461520e-02 -2.479907293218581721e-01 -8.519927842383845373e-01
-2.283086674832968122e-02 -2.345415029224966474e-01 -9.040459359777770487e-01
1.394865124323518835e-02 -1.588186723963120883e-01 -9.832379424204669149e-01
2.551187188108228199e-02 -5.189647122309550831e-01 -2.947369437235842771e-01
-4.922405616009373208e-02 -4.111613051098101934e-01 -2.717176387991415698e-01
-8.148545195723082557e-01 1.684681632593703071e-01 1.044177788539055740e+00
-3.120247550885713039e-01 -2.085160884360575118e-01 4.397364831892920378e-01
-3.919308209909280194e-01 -1.999914631200057080e-01 4.329606668244427858e-01
-4.663359944689586811e-01 -1.779296249816422204e-01 4.452397815068382947e-01
-5.572691888788066095e-01 -1.222491670267142894e-01 5.231165671040458598e-01
-2.416118304820353835e-01 -2.031687595399285229e-01 4.657140934320183057e-01
-4.247786932637511725e-01 -2.713431651933375655e-01 7.580970693735213928e-01
-3.335215248566623103e-01 -2.705276633849988954e-01 7.411705339616174726e-01
-5.055037402339692676e-01 -2.423057779497859165e-01 7.415358872912012345e-01
-5.566611608093747776e-01 -2.050668970403810576e-01 6.999557795171171826e-01
-6.243397170451210343e-01 -7.266352191143465866e-02 4.584002041613168821e-01
-2.758041791209497884e-01 -3.216637613830641840e-02 -1.101343425590570746e+00
-5.507632665616153389e-01 -1.183809337864623057e-01 5.889271289184194735e-01
-8.406656443961280090e-01 2.607715266930457076e-01 5.668614041469619558e-01
-7.096462529548430709e-01 -4.768090733344537008e-03 5.539353411665581817e-01
-3.650885168921460533e-01 -2.185496869190006741e-01 -5.463210212505886787e-02
-1.068246208181025114e-01 -3.200730562772489129e-01 -5.583745151929626616e-01
-9.305268750309958481e-02 -2.756389548700561853e-01 -6.372422326354549860e-01
-1.824248126102245848e-01 -2.676968782231381461e-01 -5.802554850424614941e-01
-2.279952431890810427e-01 -2.086849943483626291e-01 -6.093380706970785710e-01
-1.549700936183728839e-01 -2.409309477359520280e-01 -6.355754125561761114e-01
-1.992089145483018076e-01 -1.856717335181232720e-01 -6.440986831390254075e-01
-3.470932520322227433e-01 -6.890517720433475546e-02 -7.501126334571592835e-01
-3.958171730513848630e-02 -5.577180954726861373e-01 -2.376511580378983801e-01
-5.127558721593206137e-02 -5.954298904428072525e-01 -1.277605779742738701e-01
-6.604956692721364320e-01 -1.939741753349406572e-01 8.202542272283706026e-01
-2.050406560988229376e-01 -2.684574673452022608e-01 2.202312013698324300e-01
-2.198808333004971249e-01 -3.709550563648518207e-01 -1.639936874946903433e-01
-2.260224038980918060e-01 -3.560253754495477096e-01 -9.739425259108847044e-02
-5.943458630468843040e-01 -1.204332424252545497e-01 -9.233738779112710127e-03
-4.628677229432820450e-02 -5.702545178932476588e-01 2.231733690432846640e-02
-4.825417260976196943e-01 -3.386979671745495857e-01 9.249697140778962989e-01
-5.877781197815421521e-01 -2.740561452740086779e-01 8.946333299940576467e-01
-7.370533690574063712e-01 -4.798227558739459608e-03 1.212853402184345342e+00
-1.398347912939741367e-01 -3.972821785033464614e-01 7.915634773564637072e-01
-2.526919902294095799e-01 -2.440964612666634004e-01 6.888097738741372211e-01
-3.987499661818878494e-01 -6.515878626585580591e-02 -6.346066032293720127e-01
-7.439975315793212474e-01 5.954013305263350375e-01 -4.487377166841715059e-01
-1.611654332577832083e-01 -3.334347293278638880e-01 -2.283563099505583338e-01
-9.981815546824135410e-02 -3.340592237354176319e-01 -2.644112404494538549e-01
-2.871988379501564381e-01 -7.839321170251145610e-02 -6.569823156470784298e-01
-2.722360729593338302e-01 -9.796419549191237586e-02 -6.636400438164828941e-01
-6.265193449528529968e-01 -2.467760404559165011e-01 9.742024815329077825e-01
-2.245893152125799652e-01 -3.217691142541392324e-01 -2.055609301522101084e-01
-3.376022934151716726e-01 -3.816363879151349892e-01 9.018104442385013186e-01
-3.495540992324457363e-01 -4.082649189840847903e-01 9.906410804538960946e-01
-4.233510981459067679e-01 -3.283516015724070591e-01 1.408200187065874687e+00
-6.805726081646863435e-01 -1.435853598118861374e-01 1.078599751067521595e+00
-3.772001489047580591e-01 -3.723766866213957805e-01 1.189251923500709296e+00
-7.028833049183846882e-01 -1.353647302186580248e-01 8.860147525005377389e-01
-7.578950125692633932e-01 8.891252902257618107e-03 9.444852968732000420e-01
-1.020381694333640787e-01 -3.059016356196289088e-01 -6.030657680587614422e-01
-1.690811869215014251e-01 -2.572797885446556077e-01 -6.098191510785593294e-01
-2.147500008868894472e-01 -2.031386658381810761e-01 -6.268520533118766558e-01
-1.432228951558880414e-01 -3.136958433368106647e-01 -2.470673214256042804e-01
-2.792786059449852143e-01 -8.849765103138673705e-02 -6.604818000039420767e-01
-2.581009466340231651e-01 -1.304273202090493466e-01 -7.010370970877710661e-01
-2.636404389757598388e-01 -1.002359477949139599e-01 -6.660058868511526953e-01
-1.256340379009511787e-01 -4.470560946659931645e-01 -2.112099310163439991e-01
-1.875428005067143467e-01 -1.702230879309472034e-01 -6.571620683508334615e-01
-1.417953665300608623e-01 -2.073476968672376408e-01 -6.536716387288379337e-01
-8.365373098732931112e-02 -2.387811911611885662e-01 -6.585687567009417265e-01
-9.276003393125475949e-02 -1.526935004828779974e-01 -9.733186258456667517e-01
-1.147783139301012945e-01 -2.301815825364110779e-01 -8.872824232939304778e-01
-1.111293694870965076e-01 -2.434394083705528899e-01 -8.341410572611742680e-01
-1.020521688890776435e-01 -2.307198121539313362e-01 -7.793607045325678939e-01
-9.147516971375369010e-02 -2.266033040970376611e-01 -7.337427048827214193e-01
-1.974921868758929833e-01 -1.676802223710041062e-01 -6.979447095598239059e-01
-2.145280762826482501e-01 -1.753797383926074538e-01 -7.181233170626288853e-01
-2.320039302334537812e-01 -1.832053815381584627e-01 -7.439318259227558627e-01
-2.445366855710620069e-01 -1.661609922367457415e-01 -7.723924536394175533e-01
-3.069431668404447588e-01 -1.957608609302317060e-01 -4.648031678210262641e-01
-8.321736142482363263e-01 6.321939073630389316e-01 1.292070859590872534e-01
2.993751191370189191e-02 -4.132508349445451756e-01 -3.041140310065895136e-01
-2.279309484070461966e-01 -1.289730340212018600e-01 -6.822179437245816658e-01
-2.431069545430442069e-01 -1.335920845214737529e-01 -6.912887529881457382e-01
-7.428333471072889882e-02 -3.344555413121690357e-01 -3.082740195877378131e-01
-1.968152205662416776e-01 -2.574512311660266395e-01 -2.645665917770725351e-01
-8.664151371536199520e-02 -3.356119209880805698e-01 -2.869160248848039441e-01
-2.861331678103158360e-01 -2.327792723863315594e-01 1.640161543920886089e-01
-4.136466742375963790e-01 -1.984514329839011104e-01 9.971057545657924237e-02
-2.388159158414782102e-01 -3.060992465073368862e-01 -1.394327611972754344e-01
-6.134970259161178774e-01 -1.791272959807121978e-01 1.338158078276890706e+00
-5.594529918979658234e-01 -2.672015645288574603e-01 1.165915041577530786e+00
-5.071017091970730917e-01 -3.366114003031039914e-01 1.015011132607194000e+00
-2.853238245247236016e-01 -1.014333564404235055e-01 -8.402888106465669082e-01
-1.618218436644915936e-01 -4.444392197271094247e-01 9.413672078419352829e-01
-1.881988608937339436e-01 -4.306959248696999865e-01 1.174574076182512528e+00
-2.178539265739198871e-01 -4.136162764965032324e-01 1.430839692156361309e+00
-5.261268130002312304e-01 -1.470029082577981594e-01 4.743474978538539943e-01
-7.115118685347043836e-01 -1.759349506321727930e-02 3.816488033780633948e-01
-1.947721343505279812e-01 -1.974486737656717672e-01 4.911241875748921792e-01
-6.279161028441908599e-01 -1.350649720400347586e-01 6.641775521619623923e-01
-1.507455111025923777e-01 -3.058962774939173457e-01 2.862303580339762288e-01
-1.743039252568110431e-01 -4.525609101666470124e-01 -1.367425827401234084e-01
-7.809976620378993317e-01 7.581996526551071369e-02 3.182432173216178661e-01
-6.627346277106767047e-01 -7.770625079229653842e-02 2.872781738073473257e-01
-5.659528346669384646e-01 -1.445094253321290712e-01 2.288510352546562210e-01
-4.159279697709603596e-01 -1.832008862774694435e-01 2.346599748764972571e-01
-3.044332089231343019e-01 -2.078741467422253741e-01 2.772595487122382352e-01
-2.209987560089281544e-01 -2.354753689023714180e-01 3.249906066967476193e-01
-4.608481584237889006e-02 -4.046118429803775562e-01 4.171074820083418011e-01
-7.662709453204499255e-01 8.390384496530334246e-02 7.830357721957259542e-02
-6.905115707886118059e-01 -1.001482804370310564e-01 6.957661594680724093e-01
-1.572316613695784460e-02 -5.143440502232698996e-01 -2.881195156417371006e-01
-1.992165221529449415e-01 -2.860754487260233070e-01 9.874016167541732614e-02
-8.619276557058972443e-01 5.081071785753517034e-01 6.195952655356133931e-01
-1.560003466310939668e-01 -2.549976405794325274e-01 3.793084160475013178e-01
-2.435957225737765963e-01 -2.298936844095496035e-01 -1.330297883381719171e-01
-5.819233683518643119e-01 -1.032567025125972204e-01 5.893678951380572073e-01
-1.784834132263042328e-01 -4.333185174503495496e-01 -5.601656192191817318e-02
-7.977851258587573824e-01 6.337906311174714702e-01 -1.496769314466106504e-01
-1.903600121022110958e-01 -1.845623388405979171e-01 5.275607296892426135e-01
-1.155067740892782302e-01 -5.179811706056636211e-01 -5.424392835707392280e-03
-5.959395104034230783e-01 2.269360208249708855e-01 -7.909652644612643613e-01
-5.884044597431987711e-01 3.795218038485854706e-01 -8.939879701179167526e-01
-8.269225692814252682e-01 3.602451978822136525e-01 9.825016542786801921e-02
-6.855796654794943379e-01 3.035528980105128838e-01 -6.200389127896386299e-01
-8.024434514980365307e-01 1.543096645576560455e-01 7.752215052496502778e-01
-2.878959070748516869e-01 2.636134013343022220e-02 -1.194097271896078283e+00
-2.363841648897142822e-03 -4.074039846599983861e-01 -2.977706032328297781e-01
-2.696410198753669274e-01 -2.454226451253669339e-01 2.465154443485145785e-02
-7.764634910279042401e-01 7.427115955363317035e-02 5.492735208815600068e-01
-4.536948557807747306e-01 -1.789755636417376117e-01 4.998922520744519815e-01
-3.880166174040953209e-01 -1.976851901656471178e-01 4.870541688916532053e-01
-2.704747008796117846e-01 -1.155184927884402857e-01 -7.121493657684396794e-01
-7.475195676822679047e-01 1.386167682855459216e-01 -1.440107342534722168e-01
-1.409736994308947722e-01 6.249732744774083582e-02 -1.337196630687520482e+00
-3.739044446512398423e-01 2.034321902974096652e-01 -1.171102389129249133e+00
-4.737727468917203311e-01 2.820217151558361834e-01 -1.059514950495710650e+00
2.635864353438130414e-02 -4.505628629822160391e-01 1.154098743762720147e+00
2.320397374628874188e-02 3.866372174631904635e-02 -1.361253622731343427e+00
-3.207280312251681309e-01 -2.029258339776744968e-01 4.936009683517985636e-01
-2.547381061309306194e-01 -1.965090539518334900e-01 5.103379331436772581e-01
-2.109589681064130140e-01 -1.838607003781129734e-01 5.198294305244646196e-01
-7.444113070960325373e-01 -2.567525808060833192e-02 7.424546371338314188e-01
-2.696366799569096528e-01 -2.213592805430497634e-01 6.128371259127076698e-01
-3.424259388174561991e-01 -2.362984518340911499e-01 6.503826296400174733e-01
-4.120074668932023343e-01 -2.325522415465286485e-01 6.595433531667627136e-01
-4.775437514813551942e-01 -2.109794041781358764e-01 6.462442701651553989e-01
-5.164004880688199961e-01 -1.827144125486257487e-01 6.222687047144441763e-01
-8.522494544272527506e-01 3.525792538163665668e-01 8.590180425265163677e-01
-4.966569721098990087e-01 -1.569936019772586455e-01 5.236589927469270656e-01
2.732628403761017122e-02 -3.323616727155815909e-01 -4.050335262829936056e-01
-2.306393457818183279e-01 -2.449213844248423477e-01 -4.177254343201299847e-01
-1.606338230326240790e-01 -3.646480729370389362e-01 -2.146590032967143902e-01
-8.316560399103611889e-02 -3.225882799372672416e-01 -4.046846335567155784e-01
2.836944495174684167e-02 -3.997326759208674751e-01 5.948431041683561737e-01
-4.949029802316209370e-01 1.695735102175297548e-01 -9.493769095392190493e-01
-3.971355736086898958e-01 1.037875918582937818e-01 -1.073915561548369091e+00
-1.502714808801988156e-01 -4.320155487713983611e-02 -1.281785565009698757e+00
-6.721180075245021257e-01 4.983387362918234587e-01 -7.008265864312654969e-01
-2.157063627894735269e-01 -2.003514749211450230e-01 5.601327856204769695e-01
-9.867981151689131369e-02 -4.062249741902435041e-01 2.315336542180186363e-01
1.706273962971369129e-02 -6.450071045905669820e-02 -1.303936871768836880e+00
-2.670782522466157438e-01 1.192524042345364244e-01 -1.269299064220765771e+00
-7.991349320584308913e-01 3.806789256828713164e-01 -1.520505480434755086e-01
-1.513167632982863609e-01 -2.005938240122131511e-01 -7.139588587555989463e-01
-1.682444157075408953e-01 -2.078711146093761286e-01 -7.483744632067113045e-01
-1.818413967104768325e-01 -2.172807925553832398e-01 -7.922082400359409249e-01
-1.901028163866429477e-01 -2.024649938275127070e-01 -8.404326017899137469e-01
-2.012787770344210969e-01 -1.364195273248169915e-01 -9.198215272059142578e-01
-2.340883960337050151e-01 -1.397800072359824952e-01 -6.567261934395487444e-01
-2.476957477116039641e-01 -1.422799940956409603e-01 -6.484981656627466506e-01
-2.592809892215515166e-01 -1.446632013746855794e-01 -6.390898107585085697e-01
-3.647645769234628688e-01 -1.344737285576301788e-01 -5.408431521781102980e-01
-6.518914970962601529e-01 -6.943129558853788907e-03 -2.337076120745593677e-01
-9.704257270091143361e-02 -3.503947249569168143e-01 3.603968455377306590e-01
-1.360932139151445064e-01 -2.466630927046740140e-01 6.008557616425926895e-01
-1.842946922238404284e-01 -2.182175091940430356e-01 5.940609378526300333e-01
-2.202370996629507971e-01 -1.313547135325637827e-01 -6.642995658393076042e-01
-6.569986105901843843e-01 1.406721466868334769e-01 -4.848556534229282455e-01
-7.243220443000153441e-02 -3.458035673383181852e-01 5.916674532032777378e-01
-2.420592077993943825e-01 -7.970310717174466930e-02 -1.005045449762691945e+00
2.618427998560340919e-02 -5.414083068045227876e-01 1.665993314218758847e-01
-4.456147699603718593e-02 -4.658132631935099077e-01 2.794750370449521348e-01
2.730790227048940366e-02 -4.871703864714946874e-01 2.961085344759841753e-01
-1.541356283339516686e-01 -3.806201877680126522e-01 5.442162148727891502e-02
1.488521719681978883e-02 -1.207202746822941819e-01 -1.208999283375399969e+00
1.468029086473061906e-02 -1.382673210099925054e-01 -1.086724396543974791e+00
-1.167303897431352100e-01 -1.196434087700037896e-01 -1.073166172976499411e+00
-4.176768780670299108e-01 -1.603036323567663679e-02 -7.770263220662307901e-01
-3.127184828136151395e-01 -1.993877200333544764e-01 -2.121666740224221748e-01
-3.407354199337424561e-01 -4.253357119269562947e-02 -9.071788950289318976e-01
-4.890658138118979537e-01 -1.690721627125126858e-01 -1.726670801465139959e-01
-3.867744350644386486e-01 -1.709611076430683774e-01 -3.133041522622912467e-01
-5.543235378955273518e-01 -8.409108406330179086e-02 -3.379223486674765020e-01
-1.414915277779749125e-01 -9.710854483134112591e-02 -1.189494210606284241e+00
-2.002969970417762813e-01 -3.167223048009959463e-01 1.076409648757437054e-03
-4.770554846248735714e-01 6.783709521004799292e-02 -8.446553906965439396e-01
-3.793438060728009376e-01 2.933071837105816204e-02 -9.805884827536610615e-01
-4.752255997389305264e-01 -2.579568770490969776e-02 -6.320328152304330871e-01
-7.248848969313286261e-01 1.906972988450994499e-01 -3.321700705866885706e-01
-5.683417710569012016e-01 5.486106545711633142e-02 -6.287495710470007992e-01
-7.584695664997083142e-01 3.771484793802981628e-01 -3.892211736746418183e-01
-4.489902601537933968e-01 -1.166592482679218445e-01 -4.445997217476582719e-01
-1.475097631226880424e-01 -3.428818316862844995e-01 1.672652983183069431e-01
-1.498689208217918178e-01 -4.638685509000533003e-01 -1.929124528683099360e-01
-1.952992604801107035e-01 -3.740157469623279773e-01 -2.046082129258415261e-01
-1.173630139803204520e-01 -5.273731203850502425e-01 -1.281552208813094840e-01
-2.001995960870326385e-01 -2.833551438884622797e-01 7.096987356730215524e-01
-3.314016669651520530e-01 -3.026283372074818345e-01 7.949856182579990715e-01
-4.444609742550724718e-01 -2.966879227459764401e-01 8.152832961456324412e-01
-5.363158428243783860e-01 -2.617413245052704340e-01 7.952936836217920913e-01
-5.981846948853197787e-01 -2.085526389729381869e-01 7.461921032820573174e-01
-6.365845863855605913e-01 -6.682873044428183640e-02 5.722057408561802561e-01
-8.454506883296026842e-01 3.127518104574642521e-01 3.365125959680574930e-01
-5.844502629837471375e-01 -1.068652548092094978e-01 4.020561336387711293e-01
-5.084823526232531421e-01 -1.493434610744015512e-01 3.580098250600101117e-01
-4.055456396124883511e-01 -1.822444927703532613e-01 3.504046146886641289e-01
-3.057714420069217454e-01 -2.021866195123442900e-01 3.715103523977556499e-01
-2.265841395039793760e-01 -2.087178122408057668e-01 4.051557968528496367e-01
-1.716534985999798035e-01 -2.187801970183262945e-01 4.360666154702634856e-01
-8.504012717687894352e-01 5.940044561282453728e-01 3.819209913440926307e-01
-1.948456543964545151e-01 -3.321265158364377079e-01 -2.280349211662591191e-01
-9.953700950382582402e-02 -4.525778669788471653e-01 1.167376678373928112e-01
-9.680687118014008608e-02 -5.223566098334382346e-01 -2.131119694762493300e-01
-5.742897813995784251e-02 -4.833894951154409370e-01 -2.634040449279608787e-01
-9.702933320283291252e-02 -4.827294354959876799e-01 -2.249281511419363166e-01
-1.739881742433291301e-01 -3.014695998594838500e-01 -2.578090887666792952e-01
-4.143811284726461874e-02 -5.028655338945076103e-01 -2.779559373596285354e-01
-2.987758249891628304e-02 -4.082222709606622146e-01 -2.891698201085182163e-01
-1.648261293266746197e-01 -1.939508093604618288e-01 5.225002470475441640e-01
-1.282705489754594197e-01 -2.355990107986731807e-01 4.903102613854266600e-01
-1.071862897477483534e-01 -2.859135349749717392e-01 4.597472947973777480e-01
-5.365402001279164779e-01 -1.541419642486614450e-01 6.042599920186306761e-01
-5.858171358669741480e-01 -1.552385169788661479e-01 6.525359275653985769e-01
9.242438672938901867e-02 -5.129576692116377679e-01 1.510681516494001286e-01
5.614533830046015694e-01 -1.504341539990943222e-01 5.105806584068184328e-01
1.053492438935650366e-01 -4.157851416280760048e-01 -2.786136974584338954e-01
8.260381781345369490e-01 1.447118524858783672e-01 9.573122646436811323e-01
3.426121341375978346e-01 -2.117057270713398331e-01 4.207030670688416407e-01
4.183583973546030066e-01 -2.060388556558883089e-01 4.100703053921486152e-01
4.904238237392881672e-01 -1.868360898743652854e-01 4.135788888794684759e-01
5.858971222122120182e-01 -1.338975447898236304e-01 4.777450217153438317e-01
2.799577934596741979e-01 -2.058302465796635339e-01 4.476540137713169720e-01
4.588599081016981884e-01 -2.811197745807980652e-01 7.265521285545606389e-01
3.694234545147354609e-01 -2.783454496611739160e-01 7.120097069075179697e-01
5.395385161132342233e-01 -2.561874008410613968e-01 7.056291511369869873e-01
5.893420286251078721e-01 -2.216984534108372706e-01 6.571646572500546846e-01
6.420703898106934204e-01 -8.760459763926742305e-02 4.000948790189817750e-01
3.000499840406942731e-01 -4.460463328946961958e-02 -1.114040807599298688e+00
5.886720331123873606e-01 -1.310455591352741589e-01 5.458607041108232139e-01
8.674328697367883478e-01 2.387863055117507294e-01 4.831395361311900949e-01
7.221791317361940798e-01 -2.334133042044206352e-02 4.852751688892875670e-01
4.030062196463237711e-01 -2.287064511890477547e-01 -8.994139320026550699e-02
7.010675065374771808e-02 -3.208560526209813801e-01 -5.674985281509115076e-01
6.325569695717758734e-02 -2.737991033303472932e-01 -6.472612646182684948e-01
1.552187790499308662e-01 -2.643493332458344280e-01 -5.983410178823329595e-01
2.112327985791750962e-01 -2.006024029090667238e-01 -6.297998245913545290e-01
1.316996053404693168e-01 -2.351258338613193555e-01 -6.511238905363274654e-01
1.856651085929681422e-01 -1.781275623455336188e-01 -6.605438857524386087e-01
3.464276277547830851e-01 -7.578426964556062018e-02 -7.816688451882578548e-01
9.076701398790798514e-02 -5.616106005063441486e-01 -2.437242073484573446e-01
1.006453734045155146e-01 -5.997409127341510882e-01 -1.349390078511196744e-01
6.808865472449880940e-01 -2.119805153260649888e-01 7.656244898172666069e-01
2.507547568390571247e-01 -2.708361088976332098e-01 1.993108467097948200e-01
2.674664277379967814e-01 -3.792617055261664483e-01 -1.836529550524819143e-01
2.719887143299379861e-01 -3.642803398406972981e-01 -1.177614865933787058e-01
6.222485722006192432e-01 -1.341279083940114525e-01 -6.574062367579003308e-02
9.676002935982908060e-02 -5.710723270000066520e-01 1.629478755252350419e-02
5.201567698971061304e-01 -3.559730400615692680e-01 8.842449447407965124e-01
6.174679231212785169e-01 -2.926250632180629196e-01 8.491667694000950561e-01
7.531760379429357499e-01 -2.804650912567696608e-02 1.131382621715165016e+00
1.942443489928251665e-01 -4.016040048111029215e-01 7.695117107588238525e-01
2.936236839486494610e-01 -2.479667895597255090e-01 6.597681234150640783e-01
4.049378180858687060e-01 -6.987555933941402841e-02 -6.741799143712308151e-01
7.938594956511764167e-01 5.717741852051982931e-01 -5.103119670230005234e-01
2.128924483666840839e-01 -3.420546746604631316e-01 -2.432106532367239726e-01
1.554647484009976655e-01 -3.445157479914158216e-01 -2.754222520253677420e-01
2.836674187575956019e-01 -6.853190750253301822e-02 -6.925670372502512606e-01
2.644071148594597798e-01 -9.115743308511670140e-02 -6.962633034073943961e-01
6.531247664138151166e-01 -2.660701825796412123e-01 9.185556574829014664e-01
2.702389214683984520e-01 -3.314034385093509449e-01 -2.252808166050432881e-01
3.850004290119661832e-01 -3.964682148939546735e-01 8.670828328758162229e-01
3.970626921631401629e-01 -4.239030185775618520e-01 9.494389434394836513e-01
4.578197193757613803e-01 -3.439829990133298487e-01 1.355880181076901891e+00
7.039408533181505945e-01 -1.630209613030473292e-01 1.010372950049362117e+00
4.178773805696422983e-01 -3.855524226911901664e-01 1.146293396302461076e+00
7.217502672202895653e-01 -1.535407923240181827e-01 8.173079468925852353e-01
7.791775331983243902e-01 -1.074021871725031052e-02 8.694525982016134691e-01
6.733917481459184007e-02 -3.053319452853373583e-01 -6.128292105612511698e-01
1.433153625526528696e-01 -2.527010817304990997e-01 -6.271219033083679228e-01
1.985773635356087308e-01 -1.956985001311331018e-01 -6.454394143775581405e-01
1.963355273150957370e-01 -3.234084414777975702e-01 -2.604560244916198641e-01
2.736058982558040586e-01 -8.094180587240251690e-02 -6.948079261199371359e-01
2.391701908396641763e-01 -1.255172353743974067e-01 -7.313366756823089787e-01
2.550252722487622581e-01 -9.316880192898413515e-02 -6.965848810262160740e-01
1.749392746694422573e-01 -4.497877042858178243e-01 -2.242358420232868355e-01
1.756603562757961257e-01 -1.625840082555300992e-01 -6.711104443704196676e-01
1.233255799793862018e-01 -2.002371496418429153e-01 -6.659902036740574793e-01
5.998386237086539285e-02 -2.344576803172213619e-01 -6.675110835215183336e-01
1.146355769447444661e-01 -1.556246896347981412e-01 -9.806585788149622118e-01
7.115648747433245269e-02 -2.286336498138945572e-01 -8.969194087531580095e-01
6.642621402323722890e-02 -2.402070215640268458e-01 -8.438660828882991183e-01
6.209062233557072208e-02 -2.266372111203738271e-01 -7.896788087979667026e-01
5.466179703601148354e-02 -2.217580249095627565e-01 -7.439757543938547713e-01
1.722795314594860461e-01 -1.612696338317229916e-01 -7.221104983279929002e-01
1.869745081894502725e-01 -1.714788003666631866e-01 -7.435983440275029110e-01
2.015381179621289487e-01 -1.804953349097644377e-01 -7.705686552805808276e-01
2.159984604336069314e-01 -1.639583186988864405e-01 -7.988920954454599155e-01
3.342210740021078763e-01 -2.026917934628100770e-01 -4.944723166752624799e-01
8.755506780551742807e-01 6.068507612569158383e-01 4.767958938028948879e-02
2.111740204172471991e-01 -1.203398380847102711e-01 -7.089838642991912465e-01
2.246586651447965988e-01 -1.275091900052316429e-01 -7.201927752566783525e-01
1.311544997895787157e-01 -3.402930641272252643e-01 -3.168640920054948129e-01
2.470193589334284123e-01 -2.697226721689529594e-01 -2.822518522493606685e-01
1.430187195228906916e-01 -3.442355071298011104e-01 -2.971600352315204585e-01
3.282181078780883610e-01 -2.366612104190641830e-01 1.356247957120344516e-01
4.503968107435216695e-01 -2.071636819476880831e-01 5.888752576306000019e-02
2.850824131225653257e-01 -3.152559617192038921e-01 -1.609511315010951904e-01
6.377566207355158667e-01 -2.013692865147831412e-01 1.266657903381400274e+00
5.902538876103333720e-01 -2.858000744907469581e-01 1.106611465874575373e+00
5.446954379540098756e-01 -3.546379566232444880e-01 9.666446508787558400e-01
2.911023121375642120e-01 -1.056867095872453532e-01 -8.593302527639563593e-01
2.189780753257073442e-01 -4.512843881596571016e-01 9.076683453136418223e-01
2.348404589751535987e-01 -4.384027777027772466e-01 1.150932750821395345e+00
2.604546760218802159e-01 -4.242762515648874633e-01 1.401522792189890509e+00
5.512217963429240086e-01 -1.580767137785703547e-01 4.344778306000898205e-01
7.199855135428023800e-01 -3.729617175392874184e-02 3.138058795977074489e-01
2.388638563753227029e-01 -1.970026693186448519e-01 4.736137482093254469e-01
6.537971058487404008e-01 -1.515710403307737320e-01 6.124997659685300633e-01
1.992398698155315451e-01 -3.067682165540928096e-01 2.705232933425865127e-01
2.219811524030035343e-01 -4.593822365155180165e-01 -1.543642339964859111e-01
8.092395806832062277e-01 5.526196921566739473e-02 2.418323789119907197e-01
6.707715707129979776e-01 -9.429789473479921469e-02 2.265783962052192457e-01
5.764048965110024625e-01 -1.580336808318421049e-01 1.787513095741544156e-01
4.347499580655611595e-01 -1.911126125607576220e-01 1.998444854026912854e-01
3.303633094284377236e-01 -2.125829399564760358e-01 2.537905354088318965e-01
2.528118415640208116e-01 -2.388090122581094654e-01 3.078498693173878920e-01
1.009451573921275047e-01 -4.051147607884391100e-01 4.100583424493975393e-01
7.974099518108559437e-01 6.562941512345987771e-02 5.529596099963896005e-03
7.066867581810418741e-01 -1.177760769920845885e-01 6.313077624136531618e-01
6.536053245397721589e-02 -5.152541623170767693e-01 -2.914016511102373030e-01
2.464610759096501624e-01 -2.888725536395750915e-01 7.908216975028259377e-02
8.897770406294736034e-01 4.855701768221409864e-01 5.311723186533128249e-01
1.954761533590021472e-01 -2.562878965055910285e-01 3.673900776017147152e-01
2.941387425412560486e-01 -2.391929027667099028e-01 -1.553432976261763798e-01
6.158580880520130307e-01 -1.162884263648393812e-01 5.419839616076251865e-01
2.244362827292574192e-01 -4.402182553217270922e-01 -7.338942031341821881e-02
8.469046525722507823e-01 6.073448161091405950e-01 -2.218950132619781357e-01
2.388875519638615774e-01 -1.821961127510953737e-01 5.090863313658049449e-01
1.619632297843591751e-01 -5.217049305133585335e-01 -1.757641900829315373e-02
6.282539319462836502e-01 2.046399369612679209e-01 -8.304686893045740703e-01
6.289906446799413686e-01 3.557376589989118543e-01 -9.290413999378621668e-01
8.707342109146418707e-01 3.380878948085870306e-01 2.027865145165341776e-02
7.220557095825990146e-01 2.806293821070182659e-01 -6.719944388757692622e-01
8.270826152194699077e-01 1.338082485062390692e-01 6.947059595972806534e-01
3.181351405337071725e-01 1.312094782539488524e-02 -1.204605579415067851e+00
6.282930874595649140e-02 -4.095280440890900486e-01 -3.007723787909430957e-01
3.129263594141509230e-01 -2.519871288738930737e-01 -1.750034664686705987e-03
7.810465914139239629e-01 5.507034232978247346e-02 4.661636363039405317e-01
4.875177996907833489e-01 -1.880754387401388783e-01 4.690812587183508242e-01
4.224139687494110618e-01 -2.040234121738437878e-01 4.620331018646526289e-01
2.536933329161183970e-01 -1.104647419858273416e-01 -7.437498821358925483e-01
7.813001744974528151e-01 1.198157804136277260e-01 -2.110342666072413387e-01
1.839053081475725548e-01 5.553559964178511610e-02 -1.340186156964570330e+00
4.154640196695531529e-01 1.869630645350519593e-01 -1.183598822628210812e+00
5.153285098979809575e-01 2.623233496877430682e-01 -1.080334180251484533e+00
3.578591283369378928e-01 -2.072078502317342696e-01 4.711876289463714507e-01
2.973300292468386008e-01 -1.973222118379673873e-01 4.894280475688770338e-01
2.583537892507148381e-01 -1.821323873661531145e-01 4.997066098817533053e-01
7.548460825138363361e-01 -4.321639901310592169e-02 6.621240042553253602e-01
3.090804591853166805e-01 -2.227498123910311989e-01 5.820603048497128285e-01
3.754749489144764141e-01 -2.417203833791439216e-01 6.148837911330975459e-01
4.440901218137360829e-01 -2.410792840323541242e-01 6.221573663751582828e-01
5.104425308145632556e-01 -2.225000748048695520e-01 6.066344385507851378e-01
5.498900090451996903e-01 -1.953511563826757502e-01 5.806507236626861079e-01
8.712040208215610093e-01 3.288212283604039499e-01 7.704402834605552641e-01
5.316444058702662900e-01 -1.676230694331963811e-01 4.877799556349868837e-01
2.697267173977120347e-01 -2.513625551584650619e-01 -4.398937088442318455e-01
2.119373358841989408e-01 -3.730944154244451028e-01 -2.301574535723684978e-01
1.334423244393473373e-01 -3.245173393466553868e-01 -4.137939868993663062e-01
5.263445856484745278e-01 1.486038770535276221e-01 -9.771516804064166450e-01
4.266365209196818498e-01 8.515857902934298451e-02 -1.091473105621581396e+00
1.815390454342855620e-01 -5.087490470216149419e-02 -1.287460919506413504e+00
7.186321914598217120e-01 4.749393176623941670e-01 -7.494557939185479967e-01
2.609807766854983502e-01 -1.981123699874669519e-01 5.374246034240743874e-01
1.498552235264076771e-01 -4.080162068638877315e-01 2.201439935036595408e-01
3.083187210925499855e-01 1.073130430068787167e-01 -1.275116532637873945e+00
8.435351911553210513e-01 3.581135471321106323e-01 -2.237069749976208222e-01
1.193952187716363911e-01 -1.943252972132181178e-01 -7.329100986514234251e-01
1.332738042784802346e-01 -2.031171041265835697e-01 -7.681220640219450502e-01
1.438685343570311748e-01 -2.130091243433929193e-01 -8.115300458908709658e-01
1.540456478562111098e-01 -1.988664666237225376e-01 -8.579537867967825804e-01
2.140794228874467464e-01 -1.375434830789292739e-01 -9.319252670487534473e-01
2.266709271678311044e-01 -1.312856256472778593e-01 -6.767337066030192361e-01
2.399225223866074952e-01 -1.318406149473504430e-01 -6.705657792527492944e-01
2.518004347680449229e-01 -1.336527981444728397e-01 -6.622377935175940422e-01
3.815653968046905931e-01 -1.376070512764502318e-01 -5.746430482991744526e-01
6.779916654441997537e-01 -2.480799986211779107e-02 -2.917311666136290782e-01
1.494908168711344132e-01 -3.512345449581300016e-01 3.484549795267573025e-01
1.875896059275230510e-01 -2.489593673658778705e-01 5.811053145951308174e-01
2.300714013235911626e-01 -2.166298681381539915e-01 5.719197230077646132e-01
2.137810639140647062e-01 -1.210070821090889481e-01 -6.827589067322126226e-01
6.869407750156426573e-01 1.195654238153298632e-01 -5.391575929448171323e-01
1.212893125719676224e-01 -3.461250509182165480e-01 5.797412180073568955e-01
2.596612624085841148e-01 -8.816627136909138684e-02 -1.017006376897734654e+00
9.735515670118854992e-02 -4.676536816096699134e-01 2.730297637148093592e-01
2.020712179675436815e-01 -3.856348628299861581e-01 3.807456054870111961e-02
1.413736467585681167e-01 -1.261813775270983484e-01 -1.079661676828131078e+00
4.248173636781196194e-01 -2.916925273056514278e-02 -8.124640394736069027e-01
3.541142731294000257e-01 -2.108845119526270295e-01 -2.410325154596120178e-01
3.525049268070263864e-01 -5.446150882949818417e-02 -9.279102094127171796e-01
5.170518545495212948e-01 -1.842356107671863086e-01 -2.179846065213322248e-01
4.171822906047291113e-01 -1.832831214657617558e-01 -3.496829972859041291e-01
5.771979151833503963e-01 -1.016993668433374687e-01 -3.886659979774269580e-01
1.684359786073235110e-01 -1.039822686410529773e-01 -1.196871705158994104e+00
2.469451874043968598e-01 -3.230680346850047790e-01 -1.799185009240117372e-02
4.980763424198801914e-01 4.944887267345610127e-02 -8.746369622570986380e-01
4.018603617430569486e-01 1.253120390092252179e-02 -1.000172813796413429e+00
4.859190248225759845e-01 -3.686032172151609831e-02 -6.781149618418336189e-01
7.590294929628287335e-01 1.697619984741347565e-01 -3.935247649416555582e-01
5.867594477507465101e-01 3.497787459609180694e-02 -6.752957393381793239e-01
8.017047497656886179e-01 3.563224376006166594e-01 -4.530056327812181927e-01
4.662015843568889650e-01 -1.283251579766342410e-01 -4.895903209826943936e-01
1.967780922724000625e-01 -3.443587224179980311e-01 1.514880649677059488e-01
1.972459611187433737e-01 -4.689331878908831186e-01 -2.078998632340609554e-01
2.432958104029190327e-01 -3.835665364701013047e-01 -2.226102609367761609e-01
1.665800423639647310e-01 -5.331095769909559579e-01 -1.411313648229501894e-01
2.494910348447323400e-01 -2.874977333951225233e-01 6.877180186063185374e-01
3.751881114346673485e-01 -3.138118492745727295e-01 7.687695428972860512e-01
4.845307638310760723e-01 -3.113293060456583383e-01 7.831310316170352337e-01
5.715559074498788306e-01 -2.781853304755603773e-01 7.570657479031472903e-01
6.281139445277874600e-01 -2.258938177908893508e-01 7.014765497634396496e-01
6.596977102565491080e-01 -8.246757001054438874e-02 5.154840280571826305e-01
8.798366863017390571e-01 2.927382307120121041e-01 2.540020229991708511e-01
6.034134725911854957e-01 -1.199557856444819492e-01 3.492809164459420579e-01
5.275858313251333698e-01 -1.605989938136125339e-01 3.131385132487385370e-01
4.285118288602651759e-01 -1.897683365525359989e-01 3.181710808917466160e-01
3.343177259305960547e-01 -2.063289160287289370e-01 3.495256404360826963e-01
2.624587295069609194e-01 -2.122383833923744412e-01 3.888657912862458765e-01
2.129464310171380603e-01 -2.203305184378612225e-01 4.229336500625557882e-01
8.855074398383422363e-01 5.723673440181435979e-01 2.957765032461643351e-01
2.424526865030975920e-01 -3.421964057023001438e-01 -2.452044668198178901e-01
1.509090546120519516e-01 -4.540293041803682428e-01 1.055034326905373021e-01
1.452310953458583187e-01 -5.275778625714617753e-01 -2.238365620290647673e-01
1.056076489868877921e-01 -4.885900926463935257e-01 -2.705483962700612199e-01
1.451555130107005098e-01 -4.875443982858080894e-01 -2.359110541377695824e-01
2.232652581072878117e-01 -3.125018215153878565e-01 -2.729468429814703168e-01
9.002858693394344414e-02 -5.069144516888575147e-01 -2.835965614881494901e-01
8.757482353780154938e-02 -4.124129428245053575e-01 -2.940135387658993071e-01
2.127375655744221383e-01 -1.934954658484002721e-01 5.050530757294411366e-01
1.742527252061505383e-01 -2.363696850948455719e-01 4.761434040376912868e-01
1.508978477340103819e-01 -2.875722627964774070e-01 4.486319609354625371e-01
5.716619699296447976e-01 -1.672738616484696905e-01 5.612975282320311621e-01
6.177675056780760343e-01 -1.719413066100767828e-01 6.058791412544080046e-01
-3.965426344239562084e-01 -1.883865211652535621e-01 5.859299845542809138e-01
-3.181440767371128686e-01 -1.956922336872546353e-01 5.833871627833580042e-01
-3.955712984127845999e-01 -1.985203223224507596e-01 6.719339817667782100e-01
-4.759999124716678409e-01 -1.810169367631724313e-01 5.874627174128175255e-01
-3.982196375139022138e-01 -1.782557964059501288e-01 4.990293926522233470e-01
4.294836776044190785e-01 -1.961702106981060290e-01 5.502803286795985294e-01
5.062320408115335013e-01 -2.031243348893911893e-01 5.465880635235995655e-01
4.283765406005084486e-01 -2.064766929989829691e-01 6.380643430938590654e-01
3.521255283862192442e-01 -1.892466673668362631e-01 5.543715490513050348e-01
4.308802890006191433e-01 -1.858836517359696572e-01 4.624827393795065689e-01
