-1.354736493804741156e-02 -2.793674233430438747e-01 -4.591411342756947511e-01
2.185904101922648765e-02 -4.618985905511808765e-01 -2.005271985931743328e-01
2.482078929260507147e-02 -2.895633867844936704e-01 -2.600433688463580362e-01
-3.255736162770744152e-02 -4.189589060827055289e-01 1.279680283148459385e-01
2.166186175954858475e-02 -4.951348691644879563e-01 -1.085008494389661238e-01
2.064864472312495300e-02 -4.861337851997463710e-01 2.234069400815060988e-02
2.282579953940465367e-02 -3.573555075109146051e-01 3.554982786554431451e-01
-4.285743414926014294e-01 -1.130310577949068113e-01 4.492651643139197182e-01
2.327939065905701432e-02 -3.420252916978361868e-01 6.086981088614031865e-01
2.232122228547205392e-02 -3.690934543931927991e-01 7.308448157942284418e-01
2.096136603066310958e-02 -3.577472435980423304e-01 1.160454622037119687e+00
-1.218016022651073095e-02 -2.697057449258195572e-01 -4.828420283114288614e-01
-9.862214599827548098e-03 -2.485359667699247321e-01 -5.054927710008099151e-01
-6.571105654074112408e-03 -2.155052097106847364e-01 -5.213722485120556582e-01
-1.355984108869625129e-02 -1.940467200880598431e-01 -6.712972493463007506e-01
-1.427559818372492982e-02 -1.974057636837936724e-01 -7.087674338919263128e-01
-1.615493169265750859e-02 -2.064055948541630991e-01 -7.470213363049643673e-01
-1.592431432186560900e-02 -1.950675725321793230e-01 -7.800158746354006745e-01
1.340045799115710187e-02 -1.324290773991767534e-01 -8.264197136653819165e-01
2.081786818283317894e-02 -4.231117042025087094e-01 -2.399947605900384362e-01
-4.010987215597329458e-02 -3.345617597952364464e-01 -2.207384251118173490e-01
-6.649270604569424981e-01 1.374712146598004725e-01 8.520564724757527797e-01
-2.546144105572828442e-01 -1.701506053062571133e-01 3.597029242022899420e-01
-3.198183263937194321e-01 -1.631944506593218380e-01 3.542244325700206198e-01
-3.805334750432023960e-01 -1.451918344508255077e-01 3.641487436687411150e-01
-4.547356058586951577e-01 -9.975618631537790104e-02 4.271705653883132170e-01
-1.971569652683073659e-01 -1.657871470461670382e-01 3.807460278311823876e-01
-3.466224228649488204e-01 -2.214179450115674186e-01 6.176496081756684964e-01
-2.721559269726532837e-01 -2.207524897588916402e-01 6.038544584008143090e-01
-4.124946330544790318e-01 -1.977232313179638212e-01 6.042030524408059655e-01
-4.542394506467257731e-01 -1.673360406930740063e-01 5.704020255556694341e-01
-5.094656319746815321e-01 -5.929394950532373976e-02 3.743680859680399986e-01
-2.200523566963230870e-01 -2.591152015293643474e-02 -8.993130407525841141e-01
-4.494267271594620805e-01 -9.659967971633613704e-02 4.803569481484227799e-01
-6.859891211609780992e-01 2.127914131051087954e-01 4.625629249580823221e-01
-5.790763695944323164e-01 -3.890795373353651224e-03 4.520264003729461133e-01
-2.979148160963691616e-01 -1.783380927470463728e-01 -4.458018235164903920e-02
-8.517247598145065435e-02 -2.667131924378753904e-01 -4.418429622389734579e-01
-7.256058307077774272e-02 -2.344051186136099918e-01 -4.995558116716026786e-01
-1.498816511236064075e-01 -2.196493300671607252e-01 -4.575669395196413913e-01
-1.971967481418100687e-01 -1.655596712758071187e-01 -4.771255623516102995e-01
-1.261869061679454507e-01 -2.005099146694253320e-01 -4.998352138616124485e-01
-1.713833493888102799e-01 -1.484450522709737375e-01 -5.076636007274716311e-01
-2.885254471545093402e-01 -5.174537413868010582e-02 -6.208534347565217715e-01
-3.229896128454221027e-02 -4.550615042497858087e-01 -1.938958214837222249e-01
-4.184124240801712774e-02 -4.858750086679765601e-01 -1.042535358196404194e-01
-5.389691451231997110e-01 -1.582843011998246452e-01 6.692712334929699081e-01
-1.673146278988699720e-01 -2.190631951250052722e-01 1.797102239395442225e-01
-1.794243176242807936e-01 -3.026833698044462118e-01 -1.338182576896177478e-01
-1.844358827392301725e-01 -2.905192284752863285e-01 -7.947440006196929141e-02
-4.849904346335781602e-01 -9.827437984861443765e-02 -7.534795820120211707e-03
-3.777033365479566529e-02 -4.653317263234505452e-01 1.821110370324939554e-02
-3.937574668547168533e-01 -2.763799405743256887e-01 7.547818392371783425e-01
-4.796311096027101040e-01 -2.236317559763340845e-01 7.300269633126198476e-01
-6.014407704880355698e-01 -3.915387787928695587e-03 9.896969750973647617e-01
-1.141061802952440668e-01 -3.241850720332407065e-01 6.459214050134547414e-01
-2.061984541147849626e-01 -1.991844415898606779e-01 5.613264516544723692e-01
-3.456903171194986024e-01 -4.053135931324651497e-02 -5.018651098840827274e-01
-6.071072562988472088e-01 4.858517070624688849e-01 -3.661731557033957030e-01
-1.314736327140025862e-01 -2.714725284251962023e-01 -1.860713390473038853e-01
-8.117752418257720426e-02 -2.715111624422849590e-01 -2.150955362443546792e-01
-2.556492423172876949e-01 -5.079179465524830128e-02 -5.303644255783570571e-01
-2.401375480643663796e-01 -6.851842064318919290e-02 -5.432012779671256952e-01
-5.112442237880261420e-01 -2.013709971906160745e-01 7.949561262488075153e-01
-1.832664722197528129e-01 -2.623676304057326880e-01 -1.676869814574475093e-01
-2.754858630248443463e-01 -3.114179960773943989e-01 7.358837109863581860e-01
-2.852386212391614384e-01 -3.331470660680185825e-01 8.083701463978172352e-01
-3.454574951356049195e-01 -2.679372329486058302e-01 1.149101328433558500e+00
-5.553520694859481743e-01 -1.171666707751477798e-01 8.801450377465511732e-01
-3.077979936183018461e-01 -3.038620142253368739e-01 9.704379943196972391e-01
-5.735577560874893788e-01 -1.104585787915633721e-01 7.229943146304039781e-01
-6.184476992373593163e-01 7.255326880780704757e-03 7.707067000251968114e-01
-8.070916887234136361e-02 -2.572181489267025833e-01 -4.744384414207233891e-01
-1.384436280630252925e-01 -2.124838838973767408e-01 -4.796923136696832346e-01
-1.849744233959356166e-01 -1.621097072293849473e-01 -4.922454837426935015e-01
-1.166921105005723353e-01 -2.551716593985227099e-01 -2.012867201230681413e-01
-2.476716344483735066e-01 -5.983824060742536782e-02 -5.367623508798443632e-01
-2.168054248236090109e-01 -1.013619771785602836e-01 -5.989703804268059484e-01
-2.312462973300750402e-01 -7.146990574916958772e-02 -5.485082178205562542e-01
-1.025182649274152535e-01 -3.644724973908224919e-01 -1.721290653095707002e-01
-1.607676463096904262e-01 -1.361409475129864710e-01 -5.196368677623692811e-01
-1.155479865127196637e-01 -1.731322720795988035e-01 -5.151020252682547707e-01
-6.438936163027067505e-02 -2.048444122158913083e-01 -5.163446447692296992e-01
-7.101012017120073017e-02 -1.266069186216232101e-01 -8.170652977843257947e-01
-8.880026020340904547e-02 -1.905435434393551453e-01 -7.669819032321398833e-01
-8.598813363368210116e-02 -2.016444143924512600e-01 -7.324019095212946917e-01
-7.863097989053408066e-02 -1.914026074678306932e-01 -6.918849813545532301e-01
-7.058536168217116602e-02 -1.879419788045911810e-01 -6.564209914485760189e-01
-1.597696446776099011e-01 -1.357140558960252819e-01 -6.153273311920959276e-01
-1.720943782353072660e-01 -1.423931573232657122e-01 -6.316730125839786769e-01
-1.843950540393433646e-01 -1.493367361839504359e-01 -6.510170316294792148e-01
-1.928091200482464074e-01 -1.357145245004944267e-01 -6.719029122020230282e-01
-2.570939674166137223e-01 -1.556457349227199638e-01 -3.687330643787302131e-01
-6.790595644021679700e-01 5.158747069137314956e-01 1.054338948380839636e-01
2.457046497893970380e-02 -3.362535042839255861e-01 -2.468067257164928141e-01
-1.922191461048822214e-01 -1.004174237842746370e-01 -5.863427103778005023e-01
-2.044923663309853867e-01 -1.040891102325585682e-01 -5.929893195876055900e-01
-6.005908990737156977e-02 -2.718214535188374636e-01 -2.502677001896932429e-01
-1.602725230126322564e-01 -2.095500278645412440e-01 -2.157750865102612825e-01
-7.028723465755491728e-02 -2.727318625161154197e-01 -2.331708543315428595e-01
-2.334866919204260927e-01 -1.899495352917588697e-01 1.338383421414319208e-01
-3.375386164796115307e-01 -1.619377751585801273e-01 8.136453418487454847e-02
-1.948754791151594834e-01 -2.497791535782817596e-01 -1.137781200161652878e-01
-5.006179192030391079e-01 -1.461691424704510411e-01 1.091946471478590475e+00
-4.565176045925412041e-01 -2.180383695299652480e-01 9.513949403276016348e-01
-4.137985870484946482e-01 -2.746772872258416154e-01 8.282562815940481826e-01
-2.236142681684264166e-01 -8.273111904434052311e-02 -7.121675698511418240e-01
-1.320477707873904116e-01 -3.626655517355822922e-01 7.681623103096173466e-01
-1.535716037030718795e-01 -3.514509257734821923e-01 9.584607739064683329e-01
-1.777703473766459041e-01 -3.375138117075397459e-01 1.167575324967220274e+00
-4.293232065270267128e-01 -1.199554145171622399e-01 3.876923330373077126e-01
-5.805987251237494373e-01 -1.435641486079762726e-02 3.114281271830959819e-01
-1.589354414093409329e-01 -1.611195165328891399e-01 4.013233493790835382e-01
-5.123839881220877412e-01 -1.102139731221355584e-01 5.414906563652567284e-01
-1.230094049513724974e-01 -2.496135294254847869e-01 2.335679802880394063e-01
-1.422332377906549150e-01 -3.692929086688634399e-01 -1.115829170820454991e-01
-6.372996248645377282e-01 6.186962702622286758e-02 2.596887197914666823e-01
-5.407961510699854646e-01 -6.340885199514821602e-02 2.344210249253057543e-01
-4.618215223373598466e-01 -1.179207156579738236e-01 1.867440624757533418e-01
-3.394001697956923191e-01 -1.494932210102011827e-01 1.915426875505214510e-01
-2.484196533629195180e-01 -1.696267763365306158e-01 2.264912944562903485e-01
-1.803365504738024816e-01 -1.921495691481821533e-01 2.655444309810851000e-01
-3.760553619541327081e-02 -3.301661301703496254e-01 3.403626636257962579e-01
-6.252825196980160705e-01 6.846613187234523723e-02 6.389627546347084741e-02
-5.634623333953721058e-01 -8.172170716614626795e-02 5.674930083685445492e-01
-1.283021484273670978e-02 -4.193499608157397196e-01 -2.346393797145720217e-01
-1.625620933404646473e-01 -2.334395927387574454e-01 8.057267315362202920e-02
-7.033390730113128209e-01 4.146190571839848960e-01 5.055941329102081605e-01
-1.272973879682491594e-01 -2.080798811337906951e-01 3.099458346234909012e-01
-1.987758352691973984e-01 -1.875948750609993942e-01 -1.085532488040329424e-01
-4.748535909606277916e-01 -8.425819985575877524e-02 4.807245027875368115e-01
-1.456437295815440347e-01 -3.535909798979199326e-01 -4.570991048133193208e-02
-6.509983142659158117e-01 5.171776448086504718e-01 -1.221374372543625048e-01
-1.553351183989342965e-01 -1.506041759463384033e-01 4.307928707050305839e-01
-9.425434591485082336e-02 -4.226763046287638770e-01 -4.426342108548806872e-03
-4.862908621660221864e-01 1.851814006236891519e-01 -6.454332590531903779e-01
-4.801422074484576474e-01 3.096924804992297608e-01 -7.295005166890117243e-01
-6.747746745104833410e-01 2.939626299852023950e-01 8.017282925580024311e-02
-5.594378637251727904e-01 2.477013116777097845e-01 -5.059561452350123112e-01
-6.547995409874697303e-01 1.259177794194147326e-01 6.325862400066309954e-01
-2.335061601926210206e-01 2.160932884722137695e-02 -9.738883940076275003e-01
-1.770699920986927274e-03 -3.314497129450285628e-01 -2.416975270463516678e-01
-2.200289823739878525e-01 -2.002666170133412249e-01 2.011583467404863199e-02
-6.335997091999996389e-01 6.060579320997429992e-02 4.482110841310751881e-01
-3.702182163229410516e-01 -1.460453278069653860e-01 4.084457358416742068e-01
-3.166243085383742550e-01 -1.613125155907675912e-01 3.980767451172682048e-01
-2.270272484541243085e-01 -8.903836945317253337e-02 -6.042123659157232485e-01
-6.099812627091996120e-01 1.131122657639706819e-01 -1.175137784607005326e-01
-1.150355374030755384e-01 5.099826062451399966e-02 -1.091161923434702974e+00
-3.051084750552917058e-01 1.660021202072064772e-01 -9.556277277322948738e-01
-3.866019177026459586e-01 2.301317209172090705e-01 -8.645717052819024140e-01
2.150883985051431010e-02 -3.676624880120629157e-01 9.417527576032426184e-01
1.893460695553117468e-02 3.154987171364663501e-02 -1.110792599363862987e+00
-2.617163455393577420e-01 -1.655889180664662230e-01 4.033644289331390631e-01
-2.078680991852531190e-01 -1.603527801084651538e-01 4.168824544436684487e-01
-1.721440124227962554e-01 -1.500316339904951835e-01 4.245484893061193810e-01
-6.074449000516981556e-01 -2.095119160692206911e-02 6.058463226166260762e-01
-2.200254409697824376e-01 -1.806307410476265252e-01 4.996684569996968639e-01
-2.794219918441471773e-01 -1.928212106512419977e-01 5.299930085871593644e-01
-3.362010116743274213e-01 -1.897642765181774549e-01 5.373918925509761912e-01
-3.896790841618461565e-01 -1.721606884020926709e-01 5.266505534609788874e-01
-4.213864564810347324e-01 -1.490962550012510657e-01 5.072860969764928507e-01
-6.954415922068897249e-01 2.877071653213916780e-01 7.009648080450362473e-01
-4.052756075941185698e-01 -1.281078913670093133e-01 4.276415366250845285e-01
2.362512463309950766e-02 -2.726926248997852964e-01 -3.263508125452653230e-01
-1.870537016097605365e-01 -1.997114806236926221e-01 -3.374793277287670978e-01
-1.310783375357659764e-01 -2.970382247093712458e-01 -1.749013583838770203e-01
-6.651699597633761729e-02 -2.642344211272437127e-01 -3.263632178618819379e-01
2.314966805174130393e-02 -3.261846952854315362e-01 4.853961869111898531e-01
-4.032002811750445281e-01 1.384178010036578033e-01 -7.743110663575540897e-01
-3.220209190711927905e-01 8.483303132739999919e-02 -8.753889319685693726e-01
-1.225687701548323905e-01 -3.524904617011273555e-02 -1.045994193279710771e+00
-5.484530554705804306e-01 4.066479390803030003e-01 -5.718794592320637360e-01
-1.760179201150468553e-01 -1.634882228394000381e-01 4.571004870823560107e-01
-8.052342525241303062e-02 -3.314824566651337068e-01 1.889330985537158447e-01
1.392331641147746477e-02 -5.263303666209723924e-02 -1.064153693351565844e+00
-2.179377458341032192e-01 9.731080490335819455e-02 -1.035757028206760744e+00
-6.520997656869702563e-01 3.106366966244842320e-01 -1.240743260844324042e-01
-1.182824431927604614e-01 -1.654728681191283413e-01 -6.356881097285720372e-01
-1.311964865542681324e-01 -1.714953174861934548e-01 -6.624931619620987311e-01
-1.418029082868536017e-01 -1.791626749596983703e-01 -6.976006762577398046e-01
-1.479662374896324462e-01 -1.669108495638787770e-01 -7.316944760205941201e-01
-1.563299102474920987e-01 -1.123127128586953044e-01 -7.782379894880854243e-01
-2.095372400072409991e-01 -1.042760290443391219e-01 -5.188918645380995454e-01
-2.230045238128560148e-01 -1.046429455145869852e-01 -5.101680788114476561e-01
-2.341916159439930700e-01 -1.052848809810262853e-01 -5.008900835470121438e-01
-3.171596817120904133e-01 -9.670427579057497280e-02 -4.211824575096214662e-01
-5.319480796751321350e-01 -5.665643777799633449e-03 -1.907070670537754919e-01
-7.918742678026009785e-02 -2.859245777853808290e-01 2.941051656735317321e-01
-1.110530266485253992e-01 -2.012788310254725321e-01 4.901052862680509992e-01
-1.503857744110371208e-01 -1.780670333703108787e-01 4.845338329206570482e-01
-1.959208574867383201e-01 -9.892310291711015058e-02 -5.270972705266848690e-01
-5.361155204653205164e-01 1.147894673555374251e-01 -3.956456479441902707e-01
-5.910519192964169832e-02 -2.821781606445253887e-01 4.827781676541511580e-01
-1.904439880968918641e-01 -6.502863261897558200e-02 -8.362124542085320744e-01
2.136655795950807152e-02 -4.417930137264907686e-01 1.359462381301247969e-01
-3.636248090536039340e-02 -3.801069226193717343e-01 2.280536100492291385e-01
2.228344170379325390e-02 -3.975344865095499780e-01 2.416266617858008614e-01
-1.257757646279872854e-01 -3.105887695585101693e-01 4.440842909624292956e-02
1.214329441671050877e-02 -9.858485367249490705e-02 -9.892845387249182831e-01
1.276930358061968869e-02 -1.139084124270233339e-01 -9.041580390458727745e-01
-9.192750043522196490e-02 -9.821494482351238176e-02 -8.912037418512447351e-01
-3.401749062119061029e-01 -1.132111760375478782e-02 -6.373998502966919943e-01
-2.551804972953339301e-01 -1.627017920236564774e-01 -1.731295090057322072e-01
-2.696860245427745162e-01 -3.420330919055104835e-02 -7.535764907837089188e-01
-3.990811686466578245e-01 -1.379640824923387132e-01 -1.408975605851282287e-01
-3.154231428573598950e-01 -1.395054749370890357e-01 -2.556368513204226867e-01
-4.523319337891434366e-01 -6.861892030272673249e-02 -2.757470303780187315e-01
-1.138459036591976392e-01 -7.919285626922097088e-02 -9.721004312746889253e-01
-1.634437685039100974e-01 -2.584476444003893647e-01 8.783578987466856549e-04
-3.865335993936239167e-01 5.554583280568712450e-02 -6.894688672163915566e-01
-3.038306348048354644e-01 2.433004991785824717e-02 -8.002101812248776369e-01
-3.963767658575257924e-01 -1.522017772005683500e-02 -5.086825104407758369e-01
-5.915112110308555771e-01 1.556103467704939014e-01 -2.710531307145588320e-01
-4.637754059254894923e-01 4.478268285895448814e-02 -5.131573420099020399e-01
-6.189165393147821881e-01 3.077558344089662556e-01 -3.176072349883002910e-01
-3.697149855641659322e-01 -9.076057541507814852e-02 -3.586104321092001834e-01
-1.203690116775074093e-01 -2.797940036546877618e-01 1.364896718353682536e-01
-1.222941010724128696e-01 -3.784085785548138015e-01 -1.573648221080359288e-01
-1.593655800652785115e-01 -3.049635230198208258e-01 -1.668584992538957312e-01
-9.576905081567341216e-02 -4.303402021819670020e-01 -1.045755689717862702e-01
-1.633642886348441459e-01 -2.312198047204793994e-01 5.785772283842889330e-01
-2.704261079159605563e-01 -2.469468670014377809e-01 6.480780029129072917e-01
-3.626833035845107300e-01 -2.420994467185412780e-01 6.646879368800089338e-01
-4.376375270433248144e-01 -2.135827749899991690e-01 6.484054578769223864e-01
-4.881229486082925839e-01 -1.701804308032782986e-01 6.083481692077554737e-01
-5.194575320999840207e-01 -5.453271833405955171e-02 4.668777790697617447e-01
-6.898937509082765374e-01 2.552076928888101226e-01 2.745966656771610670e-01
-4.769155548809411171e-01 -8.720280496519272617e-02 3.285107310660500546e-01
-4.149252018648314499e-01 -1.218653221961491090e-01 2.927195491164286123e-01
-3.309281148372322234e-01 -1.487127971332364296e-01 2.866782425479155183e-01
-2.495116610394260970e-01 -1.649857138261102141e-01 3.039469514581107368e-01
-1.848942629730083720e-01 -1.703152133599571405e-01 3.313508361113731149e-01
-1.400704708628743300e-01 -1.785261906210456051e-01 3.564972664355022247e-01
-6.939334620649294516e-01 4.847118441694184821e-01 3.116502344915741962e-01
-1.589801731700864751e-01 -2.706200750334055716e-01 -1.859231642574013521e-01
-8.122290488220158811e-02 -3.693067455477420102e-01 9.525876654953958911e-02
-7.899509266958476550e-02 -4.261686493526942177e-01 -1.738550097122394389e-01
-4.686245299307030543e-02 -3.939675006395561008e-01 -2.144069991581268320e-01
-7.917662325603851137e-02 -3.936153244802674811e-01 -1.833109709822159650e-01
-1.417480509592725368e-01 -2.453378254739598252e-01 -2.101394656664557770e-01
-3.381379319775192765e-02 -4.099511959445010234e-01 -2.263401849388004539e-01
-2.426002516416752436e-02 -3.321331148862349258e-01 -2.347995263492063389e-01
-1.344992891702998239e-01 -1.582652343991237665e-01 4.266935860910169298e-01
-1.046696767103396097e-01 -1.922504618114521113e-01 4.005266727882164646e-01
-8.746477174927420883e-02 -2.333074699708910515e-01 3.754871637179431620e-01
-4.378206041923747294e-01 -1.257809347792745447e-01 4.927660885299817162e-01
-4.780309328366765809e-01 -1.266757295751771428e-01 5.319170323904112152e-01
7.541895431194803323e-02 -4.185770919044063954e-01 1.232726836675026999e-01
4.581499379064652988e-01 -1.227553353492427668e-01 4.168413248644329827e-01
8.603070375759966359e-02 -3.384104841488635995e-01 -2.263721188174319388e-01
6.740530050695341391e-01 1.180858967772776824e-01 7.811735965930386438e-01
2.795739285444033273e-01 -1.727533730282688473e-01 3.441874837419097721e-01
3.413834159212623121e-01 -1.681291658087502028e-01 3.355983374589788792e-01
4.001893143676446551e-01 -1.524595728973026088e-01 3.384234028156014595e-01
4.780962022610195095e-01 -1.092613450879911657e-01 3.902956547443463542e-01
2.284475427035222717e-01 -1.679589393247496176e-01 3.659858477813124344e-01
3.744329356064036163e-01 -2.293957275299141896e-01 5.920064862586693621e-01
3.014521559054009758e-01 -2.271318587419907109e-01 5.801045951913046395e-01
4.402672512766723223e-01 -2.090507339356240946e-01 5.749784323552020737e-01
4.809072702978984259e-01 -1.809075085104653036e-01 5.355120042911677425e-01
5.239339865567045340e-01 -7.148597314285212723e-02 3.268005596046465455e-01
2.447285192439185297e-01 -3.666789003627657362e-02 -9.122625314821355413e-01
4.803605492132237975e-01 -1.069341045902146153e-01 4.453430537860111338e-01
7.078313666598379239e-01 1.948513168763402470e-01 3.942452840770380162e-01
5.893032874637975649e-01 -1.904669053860272299e-02 3.960668132809936348e-01
3.288559301554146441e-01 -1.866260843426274241e-01 -7.339281313032131049e-02
6.166780086456258303e-02 -2.682665200970540953e-01 -4.463269840654993659e-01
5.801975732167529570e-02 -2.336049698727087620e-01 -5.031470143259331174e-01
1.379314163443934871e-01 -2.189990689990448103e-01 -4.668682563337794300e-01
1.942246202313775150e-01 -1.648000395813639385e-01 -4.884969143141519865e-01
1.194892531769375793e-01 -1.976750079234537716e-01 -5.057638156253583261e-01
1.726813589531400739e-01 -1.475923348513601963e-01 -5.144626220092519686e-01
3.177778684026409395e-01 -5.898798071179161412e-02 -6.350782774839056621e-01
7.406652641395605752e-02 -4.582334551143467105e-01 -1.988469967997745780e-01
8.212733767689110731e-02 -4.893928333972940581e-01 -1.101111871959688515e-01
5.556082459994406975e-01 -1.729776021907436234e-01 6.246417009085919458e-01
2.046176579447616384e-01 -2.210041834822507045e-01 1.626390628470558708e-01
2.182544997849322488e-01 -3.094509721059698348e-01 -1.498559618358425716e-01
2.219447176801482013e-01 -2.972553378972047633e-01 -9.609420554640948908e-02
5.077592429677529884e-01 -1.094493234209201887e-01 -5.364481288625581878e-02
7.895686941238026779e-02 -4.659990643479823280e-01 1.329666360255067625e-02
4.244516090626772042e-01 -2.904765224279483582e-01 7.215501389610141647e-01
5.038581994525612728e-01 -2.387841245621851460e-01 6.929233225029372001e-01
6.145969825127324260e-01 -2.288614838564142703e-02 9.232162410898534510e-01
1.585047648185873570e-01 -3.277117129164873188e-01 6.279270072535364511e-01
2.395990061526422632e-01 -2.023426568946734561e-01 5.375699733307777173e-01
3.697001114559945734e-01 -4.977350908478667818e-02 -5.192355570931457276e-01
6.477949722070930338e-01 4.665717856154309451e-01 -4.164181801761405732e-01
1.737698754846521698e-01 -2.785784741910679596e-01 -1.981684381897035607e-01
1.271434525123261994e-01 -2.802014788751050478e-01 -2.240448409880972658e-01
2.786613207686607918e-01 -5.023600787646512189e-02 -5.420906259688150763e-01
2.614879378849027103e-01 -6.961716215259926288e-02 -5.517400082987384824e-01
5.329544361748224102e-01 -2.171151538446165763e-01 7.495479305953490767e-01
2.205168743094779449e-01 -2.702384719426422777e-01 -1.837573444601175165e-01
3.141630774435090756e-01 -3.235208719618022366e-01 7.075457410789075530e-01
3.240059696247759025e-01 -3.459078661176781533e-01 7.747489037379519106e-01
3.735841342372699936e-01 -2.806925639943025352e-01 1.106407832908005151e+00
5.744207230734446057e-01 -1.330262592750844353e-01 8.244714917696502887e-01
3.409909028171781431e-01 -3.146135081961173863e-01 9.353835318047403202e-01
5.889533309807134520e-01 -1.252903733578584755e-01 6.669290745305379575e-01
6.358143868375254470e-01 -8.764094448710199256e-03 7.094794793950317535e-01
6.043103583132438533e-02 -2.576869464015671962e-01 -4.783522611476473396e-01
1.287332783153141702e-01 -2.108317350393618395e-01 -4.878139302467037197e-01
1.832936539992540137e-01 -1.614751553648401672e-01 -5.014990593941599517e-01
1.603987085141257152e-01 -2.632327320338071486e-01 -2.121863097109780161e-01
2.700505418309935846e-01 -6.077477040653839202e-02 -5.470341807446730265e-01
2.226784863333531872e-01 -1.026958568366696939e-01 -6.202819970125258431e-01
2.524032067886617381e-01 -7.177993543966142143e-02 -5.547993058465314764e-01
1.427516874122213286e-01 -3.666928967044306154e-01 -1.827232382492219309e-01
1.640200456072194168e-01 -1.351579973576297888e-01 -5.239976102454872997e-01
1.133550675879580888e-01 -1.693021579492242634e-01 -5.177353903391870293e-01
5.594649920055629055e-02 -2.016953451970345257e-01 -5.187314638528521815e-01
9.419631463294494966e-02 -1.299591237389779996e-01 -8.253522169729102798e-01
5.931607141176155340e-02 -1.908256255874071217e-01 -7.746326694397300816e-01
5.555660198369449798e-02 -2.006453592289485777e-01 -7.406700634222252999e-01
5.258415264469938621e-02 -1.897345800858010190e-01 -7.017632592873533914e-01
4.718210185468584700e-02 -1.855126523548251694e-01 -6.662245980138797874e-01
1.523038363651432192e-01 -1.345754654499305980e-01 -6.374754821971480023e-01
1.633756717667760594e-01 -1.430623302609365655e-01 -6.546158935564062586e-01
1.737409639494812141e-01 -1.505397946214482863e-01 -6.746595469131780876e-01
1.846077285563200165e-01 -1.369372132577958423e-01 -6.947937403098508602e-01
2.865140950245526619e-01 -1.631384797416046695e-01 -3.867425438571037710e-01
7.144555557547580538e-01 4.951945201585302159e-01 3.890688269983468700e-02
1.971968377749937218e-01 -9.901719263002795035e-02 -6.064872200447661843e-01
2.089714898366822615e-01 -1.047417821294667623e-01 -6.147948691483007266e-01
1.076250248989952113e-01 -2.767614010138154113e-01 -2.572143527237326088e-01
2.018961528485567203e-01 -2.197151229041291731e-01 -2.301512758140794035e-01
1.171456492590536025e-01 -2.799464226328012839e-01 -2.414748767444232502e-01
2.678283011483632015e-01 -1.931172242263869965e-01 1.106707940764805331e-01
3.675269882089627904e-01 -1.690470320312063013e-01 4.805263862205596398e-02
2.326292686516026331e-01 -2.572510980579708617e-01 -1.313372634938735906e-01
5.204139204323201540e-01 -1.643187643100566808e-01 1.033601822251671631e+00
4.816513536895148939e-01 -2.332148854120017212e-01 9.030028024433460754e-01
4.444753360307372447e-01 -2.893870848844516952e-01 7.887888828948229625e-01
2.461586079326840149e-01 -8.803485614168322926e-02 -7.262655894003327006e-01
1.786876607216521806e-01 -3.682512576681892247e-01 7.406637997614501367e-01
1.916314781498263953e-01 -3.577397722811532788e-01 9.391692779576996664e-01
2.125328607128456060e-01 -3.462124268793441706e-01 1.143652526911627110e+00
4.498008907092667097e-01 -1.289917182697188358e-01 3.553069469665018354e-01
5.875132794782463863e-01 -3.043393905162829899e-02 2.560678207743475321e-01
1.949145989303906756e-01 -1.607555737445887367e-01 3.869785927503142098e-01
5.335030699166205537e-01 -1.236830435218383289e-01 4.993716925000542539e-01
1.625811451985317846e-01 -2.503250378754647842e-01 2.207579004855332039e-01
1.811381928907322136e-01 -3.748591592922912441e-01 -1.259623084680736027e-01
6.603452305468187067e-01 4.509415705136245872e-02 1.973369343495313399e-01
5.473543534941412991e-01 -7.694775011642343565e-02 1.848895798891883602e-01
4.703504788452471663e-01 -1.289566030803401819e-01 1.458623314105319535e-01
3.547590455803573128e-01 -1.559492457045821290e-01 1.631052180756415448e-01
2.695788008102047995e-01 -1.734691849567769062e-01 2.073042657561948443e-01
2.062962536528628876e-01 -1.948698457422251562e-01 2.515156332933600192e-01
8.237196353447305552e-02 -3.305765146644324970e-01 3.346105088317958276e-01
6.506921695850693688e-01 5.355406810015414520e-02 4.512190679817291994e-03
5.766614008937442915e-01 -9.610611403160351784e-02 5.148818378626881520e-01
5.333465793707279495e-02 -4.200850378861290535e-01 -2.372901401460724147e-01
2.011139838896320031e-01 -2.357220501631008824e-01 6.453161161197017159e-02
7.260643683959258077e-01 3.962287006110271070e-01 4.334403713939991021e-01
1.595099259075753451e-01 -2.091327391097985433e-01 3.001615492084620529e-01
2.400192976129200129e-01 -1.951831031167500785e-01 -1.267612313256556988e-01
5.025445626318574277e-01 -9.489217970898763954e-02 4.422139122372097941e-01
1.831415966292689324e-01 -3.592212148791857351e-01 -5.988628599932989405e-02
6.910801960302609404e-01 4.955976724178645654e-01 -1.810679027414398568e-01
1.949339346984995947e-01 -1.486733186947945540e-01 4.156434689587841236e-01
1.321631428627914606e-01 -4.257149190928163907e-01 -1.434248176921600580e-02
5.126975502976108823e-01 1.669876382439029194e-01 -6.776346419865248993e-01
5.132608218721890214e-01 2.902844498133641538e-01 -7.581043637430155968e-01
7.105252844478963103e-01 2.758821206905593959e-01 1.654752454816800500e-02
5.892025741121329485e-01 2.289955637973356550e-01 -5.483522225778455494e-01
6.749052731297042751e-01 1.091884795601686525e-01 5.668849913538953622e-01
2.596005283669080566e-01 1.070678626620631506e-02 -9.834387989001357466e-01
5.143029934228860595e-02 -3.332191168976970097e-01 -2.441474489472700293e-01
2.553501260739833301e-01 -2.056232822553967499e-01 -1.428040247669540037e-03
6.373395515819928470e-01 4.493778946322752460e-02 3.803928260708963616e-01
3.978179781575888474e-01 -1.534708903514072353e-01 3.833347173402831820e-01
3.446927909093747688e-01 -1.664845496498604527e-01 3.776425101899366643e-01
2.369985643227054128e-01 -8.977509947062937978e-02 -6.250688109971329620e-01
6.375464771745523729e-01 9.777052472865614685e-02 -1.722054565328919873e-01
1.500680342463787120e-01 4.531744403398205168e-02 -1.093601398054787399e+00
3.390215832262893914e-01 1.525631851199202305e-01 -9.658250239607796273e-01
4.205117146996623645e-01 2.140577116620035469e-01 -8.815603442474817530e-01
2.920155838218293498e-01 -1.690830736638791743e-01 3.850358497995030049e-01
2.426234101719718095e-01 -1.610163227040172784e-01 3.997671119213425106e-01
2.108185222247470625e-01 -1.486213183292466322e-01 4.080682549871686438e-01
6.159597507132987815e-01 -3.526488730658097759e-02 5.402320811523191324e-01
2.522118442426306562e-01 -1.817654248862034527e-01 4.745784504858652220e-01
3.063902182047956724e-01 -1.972455452013442134e-01 5.010872380877586796e-01
3.623806853652358217e-01 -1.967224035927715164e-01 5.069615042532077398e-01
4.165247211549787942e-01 -1.815616372467372119e-01 4.944249253262000265e-01
4.487141428398501164e-01 -1.594079274894057430e-01 4.734400461417898054e-01
7.109086526601082756e-01 2.683204517344800477e-01 6.286847361335308193e-01
4.338256013959859714e-01 -1.367816121109392546e-01 3.984360858413027451e-01
2.266489123105457359e-01 -2.050721701815378939e-01 -3.516831395170840202e-01
1.729423674602947325e-01 -3.039643225154939898e-01 -1.875204164706530674e-01
1.107973900696386238e-01 -2.650452471875246463e-01 -3.334036782738837856e-01
4.295027744408504433e-01 1.212618146515244272e-01 -7.973628113896505942e-01
3.481338816355469823e-01 6.948339461512798021e-02 -8.909034305745433535e-01
1.481371471095673520e-01 -4.151428263831762749e-02 -1.050767153111274999e+00
5.864089590715066969e-01 3.875538442269299555e-01 -6.115612370343652682e-01
2.129621625812916086e-01 -1.616610973515441030e-01 4.385299201083547871e-01
1.222829239823468167e-01 -3.329441152160439454e-01 1.796390582143064241e-01
2.515902605627274857e-01 8.756820243448992791e-02 -1.040504123646470713e+00
6.883306916445479651e-01 2.922231878723565712e-01 -1.825464763537869295e-01
1.030381343634657332e-01 -1.626840353867316236e-01 -6.523166637899211473e-01
1.131952985671110939e-01 -1.701328645797708095e-01 -6.800568516340436132e-01
1.201869102949978257e-01 -1.782856723364877327e-01 -7.145028606843607522e-01
1.275394749800942140e-01 -1.664950423692461434e-01 -7.457767880086321188e-01
1.756059439660629662e-01 -1.149297542196458799e-01 -7.906118375819306543e-01
2.185164384960464057e-01 -1.057633774867950543e-01 -5.252201215415044366e-01
2.317127448788323940e-01 -1.053181220707077731e-01 -5.174963875897683474e-01
2.428063487859911940e-01 -1.061114460670526394e-01 -5.082736993473319087e-01
3.385382318201153318e-01 -1.062108593387240257e-01 -4.386816061642671571e-01
5.529337885471251601e-01 -1.952152831510993447e-02 -2.370617229248937474e-01
1.219855655701618247e-01 -2.866098768557139298e-01 2.843625138651798556e-01
1.530744473346393186e-01 -2.031526074159838435e-01 4.739462241732024239e-01
1.877398933218162591e-01 -1.767715070217460438e-01 4.664131847021726340e-01
2.058754860050692748e-01 -9.800090178325110424e-02 -5.328480098594718939e-01
5.607031000692599410e-01 9.956617898854525084e-02 -4.359628065077695291e-01
9.897293828062907195e-02 -2.824404935231343838e-01 4.730369424802293721e-01
2.119314605922087147e-01 -7.302511351168557152e-02 -8.492769730973046549e-01
7.944249753885296306e-02 -3.816087170846099164e-01 2.227942213530693105e-01
1.648915453480404025e-01 -3.146807799333865008e-01 3.106911134860896803e-02
1.156270297298297306e-01 -1.040320310799260350e-01 -8.990054089077027522e-01
3.696195584583760185e-01 -2.197589226867299739e-02 -6.596473091492057739e-01
2.889597554436643678e-01 -1.720832556738542962e-01 -1.966842401061021095e-01
2.910410624802577950e-01 -4.534951876117333108e-02 -7.735155435185182560e-01
4.219065214769884831e-01 -1.503110797683909761e-01 -1.778405606027131380e-01
3.409134576396736227e-01 -1.482017383422566115e-01 -2.824462921091397405e-01
4.710177955719033194e-01 -7.908633481067184334e-02 -3.099019881008727717e-01
1.374647821312155460e-01 -8.491196790090574376e-02 -9.794740497211452679e-01
2.015090222988247526e-01 -2.636258049393312430e-01 -1.468147560462722961e-02
4.123053372939735062e-01 4.039403515259548660e-02 -7.128452598483111524e-01
3.287067440252025574e-01 9.948572716862372559e-03 -8.188326690027083465e-01
4.220994347771080402e-01 -2.371293617386928398e-02 -5.319196211888692627e-01
6.193704468948937336e-01 1.385339357616018896e-01 -3.211094523597317063e-01
4.873675083664249508e-01 3.274827745197429057e-02 -5.397961145303444841e-01
6.541967551408595094e-01 2.907616367836216020e-01 -3.696558054727993592e-01
3.903754187518760355e-01 -9.900894988100245042e-02 -3.831895358912917882e-01
1.605723172839336188e-01 -2.809991569541623879e-01 1.236153376542623999e-01
1.609541015769651029e-01 -3.825239742539726651e-01 -1.695740354480270440e-01
1.985311048131790101e-01 -3.127527229400975939e-01 -1.815216254533195683e-01
1.359304946335701536e-01 -4.350211914098426336e-01 -1.151641934799053218e-01
2.035864518450983540e-01 -2.346001871043056353e-01 5.606938422476221984e-01
3.061561567892948643e-01 -2.560726920729591294e-01 6.268204351277536501e-01
3.953805357356984795e-01 -2.540469192116565078e-01 6.385816859546024071e-01
4.663936694207954092e-01 -2.270012003522346722e-01 6.173145452071462369e-01
5.125454283374266673e-01 -1.843309555648400266e-01 5.719416212527139720e-01
5.383180049136834233e-01 -6.729412133459053424e-02 4.207546711689164054e-01
7.179529688463347492e-01 2.388764700389340023e-01 2.072674501352732013e-01
4.923896682573029593e-01 -9.788477086100351443e-02 2.854378614704519701e-01
4.305137758159338635e-01 -1.310499166463199305e-01 2.560375312374247869e-01
3.496686879574957274e-01 -1.548523069589287648e-01 2.602780195452973899e-01
2.728056326893267824e-01 -1.683658571277959481e-01 2.859477082707734819e-01
2.141681825535253492e-01 -1.731880243596073954e-01 3.180607222480206775e-01
1.737657962372730069e-01 -1.797912638819705866e-01 3.457708605902590770e-01
7.225803439042141063e-01 4.670558074087723943e-01 2.413557219501356044e-01
1.978675215955470468e-01 -2.788831185861660455e-01 -1.999065352755694247e-01
1.231428576136450598e-01 -3.704911285862650394e-01 8.609154672478677717e-02
1.185096026293737809e-01 -4.304258306255019928e-01 -1.825999480400865571e-01
8.617658970521133166e-02 -3.982379237363687374e-01 -2.202348780964053510e-01
1.184479269084545011e-01 -3.975423064316923605e-01 -1.922474577668334683e-01
1.824266499513941264e-01 -2.544620656534027914e-01 -2.224446550048398141e-01
7.346396470685251368e-02 -4.132593070005526337e-01 -2.309218957379099713e-01
7.158524016192273354e-02 -3.356197393942790819e-01 -2.387638982552838796e-01
1.735953605563994862e-01 -1.578936708675964806e-01 4.123784403020429590e-01
1.421914581866112193e-01 -1.928793374966389640e-01 3.888781966892350117e-01
1.231337127217728422e-01 -2.346610036237826713e-01 3.663297382076604047e-01
4.664802171556384214e-01 -1.364966560847901689e-01 4.578100905190108927e-01
5.041026609411716208e-01 -1.403053242379653787e-01 4.938981372648557633e-01
-3.235815988254767128e-01 -1.537247358140302333e-01 4.780013809642435496e-01
-2.596078203721917665e-01 -1.596862489861574086e-01 4.759108134476464080e-01
-3.227889817593488919e-01 -1.619939893468534953e-01 5.474631266609163438e-01
-3.884193005932785603e-01 -1.477111027352849826e-01 4.792018867272485605e-01
-3.249500452268788142e-01 -1.454579926436817550e-01 4.077318118179479312e-01
3.504617234173692530e-01 -1.600762816130344435e-01 4.489301710957356306e-01
4.130889314851032279e-01 -1.657508962166212851e-01 4.459365423650201166e-01
3.495582917791428823e-01 -1.684864441823855641e-01 5.198552069248336682e-01
2.873369256448231601e-01 -1.544266212078571066e-01 4.522287434826763874e-01
3.516013682103604765e-01 -1.516823766292339781e-01 3.779967879968902378e-01
