-2.052606318262106821e-02 -3.763768643080389609e-01 -6.467610450927026022e-01
3.005627206439953625e-02 -6.351479121708401010e-01 -2.757531586137833557e-01
3.362381685693938138e-02 -3.991014627231943557e-01 -3.590663827157665189e-01
-4.476650727361342064e-02 -5.760702335454332967e-01 1.759565696954759062e-01
2.978514976451807073e-02 -6.808124987317185628e-01 -1.491891172530367404e-01
2.839197213699784506e-02 -6.684359709471365818e-01 3.071854580337346485e-02
3.138556903939004883e-02 -4.913653050018247370e-01 4.888116106051669796e-01
-5.892914971151981263e-01 -1.554181732777042413e-01 6.159847399886335673e-01
3.200925871023496683e-02 -4.702861946749550270e-01 8.369624243319719881e-01
3.069177322243876738e-02 -5.075050306494830465e-01 1.004914652982549228e+00
2.882196523191149495e-02 -4.919039437463972320e-01 1.595629918424108951e+00
-1.902790016788935556e-02 -3.613941014312247457e-01 -6.826688276900396701e-01
-1.660509560558422193e-02 -3.307116535636243082e-01 -7.167164558170182609e-01
-1.292539091781665095e-02 -2.850909530153187266e-01 -7.397126042260828704e-01
-2.149947987190466148e-02 -2.622985321410540305e-01 -8.639238159902946634e-01
-2.273344331853116573e-02 -2.667417216368825894e-01 -9.178243039996027974e-01
-2.519768200741059894e-02 -2.793574415313186954e-01 -9.765798954805582355e-01
-2.487466773369428896e-02 -2.641676102743939492e-01 -1.031354668567315613e+00
1.620392031842310399e-02 -1.789730672352505270e-01 -1.113138537619094315e+00
2.862465509597100777e-02 -5.820942735600582729e-01 -3.304321112649442060e-01
-5.520023576900823237e-02 -4.608349833175524601e-01 -3.043584743669642823e-01
-9.142774659920789304e-01 1.890234903353800178e-01 1.171581183659355929e+00
-3.500958705597057019e-01 -2.339577880159033896e-01 4.804938002278364984e-01
-4.397515252757742132e-01 -2.243930465248915596e-01 4.721450573091008351e-01
-5.232351064920877093e-01 -1.996393745702249589e-01 4.873306184489174520e-01
-6.252633441255213143e-01 -1.371651699342493202e-01 5.824661757634319592e-01
-2.710916449758009605e-01 -2.279580148103192982e-01 5.119231242100608092e-01
-4.766072690968812253e-01 -3.044505927480720686e-01 8.647904007335709409e-01
-3.742155283863581872e-01 -3.035355890155884140e-01 8.455475579371469763e-01
-5.671818313202834361e-01 -2.718702631427341032e-01 8.452137039545268848e-01
-6.245811286512008564e-01 -2.300877499990363617e-01 7.966640224084340360e-01
-7.005173570342719813e-01 -8.152942575282950965e-02 5.097571823951096981e-01
-3.080834561602165955e-01 -3.599884513101805905e-02 -1.236785917209363816e+00
-6.179636138948723101e-01 -1.328249610142547832e-01 6.639055461286571536e-01
-9.432378868175206321e-01 2.925890755971281010e-01 6.360259373692200846e-01
-7.962324099802131627e-01 -5.349860252831330210e-03 6.213570626154352183e-01
-4.096341077695129229e-01 -2.452156172055630634e-01 -6.129793563510688159e-02
-1.188075903816079304e-01 -3.619475720292997245e-01 -6.194833924994749275e-01
-1.029068042614291745e-01 -3.139225082219621044e-01 -7.053983325398811566e-01
-2.044363107408646574e-01 -3.013249959603707673e-01 -6.436773750748723266e-01
-2.583032489462602221e-01 -2.332042063487957950e-01 -6.761909417949638623e-01
-1.732292315985659581e-01 -2.726166338396105449e-01 -7.047714381074632328e-01
-2.253745245040084111e-01 -2.080105432660599440e-01 -7.162398426489953174e-01
-3.908764522458776369e-01 -7.608374546511320613e-02 -8.460005630550622158e-01
-4.441120610285170800e-02 -6.257460072718927790e-01 -2.666325298454577108e-01
-5.753188185253499398e-02 -6.680801521426467104e-01 -1.433490449015734081e-01
-7.410848099828015734e-01 -2.176415706526562133e-01 9.212503618734526611e-01
-2.300583073181936555e-01 -3.012128018874449253e-01 2.471023003036321164e-01
-2.467091809170067762e-01 -4.162067776978282119e-01 -1.840021581531579020e-01
-2.536001037361224064e-01 -3.994651441164478456e-01 -1.092776297147004527e-01
-6.668638591764732837e-01 -1.351276791508085884e-01 -1.036037587696042594e-02
-5.193436580511551215e-02 -6.398330537132252971e-01 2.504034424318829499e-02
-5.414181500809931435e-01 -3.800235646082548158e-01 1.037828159498246805e+00
-6.594947650305940101e-01 -3.074945920066696203e-01 1.003792974581588560e+00
-8.269835539679206704e-01 -5.383674354727682743e-03 1.360837439678983962e+00
-1.568964711748659369e-01 -4.457558186417109880e-01 8.881446109290749291e-01
-2.835237296403541052e-01 -2.738794333271350467e-01 7.838684553792303333e-01
-4.528713046329992942e-01 -6.964384201780232653e-02 -7.078190633488228301e-01
-8.347749954602079470e-01 6.680481093557353311e-01 -5.034896078387269824e-01
-1.808097087671438619e-01 -3.737995834797258610e-01 -2.560788732551375624e-01
-1.118543761295769379e-01 -3.742553599179205825e-01 -2.963265862911390602e-01
-3.278166777407292010e-01 -8.435641052565479026e-02 -7.370721036274616722e-01
-3.100943056320641933e-01 -1.068017326735319350e-01 -7.471596376467726230e-01
-7.029629281545410890e-01 -2.768859563471721685e-01 1.093067970766853136e+00
-2.519921594215723815e-01 -3.609260744780096175e-01 -2.306149190642359237e-01
-3.787942042694254496e-01 -4.282010362494617084e-01 1.011843154771142395e+00
-3.922042872648319189e-01 -4.580785976104628787e-01 1.111512298142595334e+00
-4.750054886373575869e-01 -3.684148066057595372e-01 1.580019092630081445e+00
-7.636113989317010464e-01 -1.611046582784805281e-01 1.210203077407356886e+00
-4.232235178538203968e-01 -4.178115298635525221e-01 1.334356267196170620e+00
-7.886442935190629555e-01 -1.518810039784455057e-01 9.941201813214064487e-01
-8.503681515364931442e-01 9.976103248473672247e-03 1.059724903166634924e+00
-1.132370820058680172e-01 -3.470193270410371067e-01 -6.679938845260755542e-01
-1.892806860372009403e-01 -2.903058038503067984e-01 -6.760739748102917446e-01
-2.430466273620686124e-01 -2.273874101006545523e-01 -6.961718098757390116e-01
-1.606049929446111690e-01 -3.515515124949435410e-01 -2.770453447139744618e-01
-3.184960696481839992e-01 -9.591890114549456170e-02 -7.422602006651990436e-01
-2.912031864361350753e-01 -1.449517595523122093e-01 -7.978970317438340842e-01
-2.999355875713343167e-01 -1.096492339081164835e-01 -7.509686969191244899e-01
-1.409630394818490728e-01 -5.014320041489783719e-01 -2.368660450885025082e-01
-2.120006204156372753e-01 -1.907381147131379517e-01 -7.315398114085520653e-01
-1.585027176165834106e-01 -2.349804266916588613e-01 -7.256265941684816312e-01
-9.224988497589747816e-02 -2.727615828494418526e-01 -7.293631678132683760e-01
-1.027941030404721512e-01 -1.718746329584077692e-01 -1.101511584888931417e+00
-1.274503922536265321e-01 -2.590107889933368490e-01 -1.012675216035069603e+00
-1.234015871670681719e-01 -2.739636673687555479e-01 -9.563833333108462398e-01
-1.132305318587161214e-01 -2.597298049214755711e-01 -8.965101049395878263e-01
-1.015234696212535814e-01 -2.550831924515195581e-01 -8.459050353393751109e-01
-2.212078896258902194e-01 -1.878339295520805585e-01 -8.011394171219254901e-01
-2.398912052988668719e-01 -1.965815260397913988e-01 -8.237173714284216075e-01
-2.589620354231139121e-01 -2.055149331872847540e-01 -8.519852395174565274e-01
-2.725269455956753628e-01 -1.864693537493162800e-01 -8.830220426246375709e-01
-3.458549249963180916e-01 -2.185437830584664454e-01 -5.176078588919392764e-01
-9.337097175329986953e-01 7.093298616578636029e-01 1.449720449389583221e-01
3.366373267196035024e-02 -4.631725328905713646e-01 -3.405165986656206734e-01
-2.573542951158529490e-01 -1.433864231415142854e-01 -7.777675424114605107e-01
-2.743523820939772762e-01 -1.485423289826045545e-01 -7.876813061328054033e-01
-8.305740565938024567e-02 -3.746932174098986934e-01 -3.452186878136884740e-01
-2.206576017574575221e-01 -2.885870016092637602e-01 -2.967883586656507866e-01
-9.699821694395804883e-02 -3.759734228219349106e-01 -3.214270921192576846e-01
-3.210451698043108593e-01 -2.611813988643767459e-01 1.840282770462000617e-01
-4.641169976408789921e-01 -2.226651124991612107e-01 1.118765734645965626e-01
-2.679545920524883940e-01 -3.434473721587778527e-01 -1.564453876761368045e-01
-6.883517152763261038e-01 -2.009831771507109011e-01 1.501430927260457793e+00
-6.277135997756104757e-01 -2.998036624436792863e-01 1.308171983008331374e+00
-5.689747734703587412e-01 -3.776824091921326954e-01 1.138855816517515329e+00
-3.176114041724127368e-01 -1.137988046632611994e-01 -9.534044422587877321e-01
-1.815662325164399959e-01 -4.986666378347806017e-01 1.056226362719939971e+00
-2.111615920481497710e-01 -4.832464806229026522e-01 1.317887533485655460e+00
-2.444349649664712132e-01 -4.640828909763996535e-01 1.605420914486956008e+00
-5.903211896435394124e-01 -1.649391924903955697e-01 5.230636675179569650e-01
-7.983256551471740181e-01 -1.974013146987485534e-02 4.282149665618213419e-01
-2.185368911414222737e-01 -2.215400034950114616e-01 5.427553201519259574e-01
-7.045301088411832779e-01 -1.515446709141242687e-01 7.523350673405495570e-01
-1.691384420042219006e-01 -3.432196382617362929e-01 3.211250772675766640e-01
-1.955712918913601328e-01 -5.077792811057904032e-01 -1.534269730455116720e-01
-8.762896274644589312e-01 8.507099526401273870e-02 3.570730668030073218e-01
-7.435969507373556553e-01 -8.718743374338389085e-02 3.223298815612771762e-01
-6.350065086733636122e-01 -1.621414723741837483e-01 2.567738634299829847e-01
-4.666766411715030927e-01 -2.055537989298770185e-01 2.624294170327572395e-01
-3.415780552153127037e-01 -2.332375210098867058e-01 3.074693505607997146e-01
-2.479635048686930077e-01 -2.642064545418598698e-01 3.594873165117631331e-01
-5.170776824211120726e-02 -4.539797983873832266e-01 4.680000711972609473e-01
-8.597660580181241130e-01 9.414121529587049508e-02 8.785764228830106326e-02
-7.747630454454395021e-01 -1.123676855582432799e-01 7.844489524947642067e-01
-1.764159871680866243e-02 -5.769143802088341211e-01 -3.230304050576437991e-01
-2.235235525886860586e-01 -3.209804082341669584e-01 1.107877582795946392e-01
-9.670941425727122009e-01 5.701029233096548410e-01 6.951940237977352055e-01
-1.750344364373450645e-01 -2.861106995949285192e-01 4.192874134803714625e-01
-2.733175979414799173e-01 -2.579437312808501304e-01 -1.492611680886822834e-01
-6.529256570824060191e-01 -1.158553750182106379e-01 6.642838908928299091e-01
-2.002607322492515607e-01 -4.861890639201327247e-01 -6.285131724477521775e-02
-8.951253822082918532e-01 7.111214066674662604e-01 -1.679394820585707881e-01
-2.135864320693467988e-01 -2.070813665748829635e-01 5.875139500795065750e-01
-1.296001165639895092e-01 -5.811816719646145657e-01 -6.086239503706125653e-03
-6.686519524272611648e-01 2.546251939193773239e-01 -8.874734082090682818e-01
-6.601975266883357563e-01 4.258284451727050168e-01 -1.003066236137236444e+00
-9.278179761598437381e-01 4.041998384571905412e-01 1.102379742443819755e-01
-7.692293829569507579e-01 3.405903339100881944e-01 -6.956917982112145182e-01
-9.003520847164665497e-01 1.731374689606077766e-01 8.698087037355151097e-01
-3.226339527649253469e-01 2.960471798001851340e-02 -1.339740744476249468e+00
-2.569985807370119002e-03 -4.565952745458226048e-01 -3.334340751140674186e-01
-3.025407633605130542e-01 -2.753674290228715904e-01 2.765935629604335255e-02
-8.712022280798805696e-01 8.333321628775125500e-02 6.162920996888168190e-01
-5.090515829679702620e-01 -2.008129314748821059e-01 5.530710081778802412e-01
-4.353597374771069894e-01 -2.218053780000808217e-01 5.370895979127530140e-01
-3.051257676657208595e-01 -1.281805682364091092e-01 -8.089478259510016755e-01
-8.387267661947248598e-01 1.555298338263136904e-01 -1.615819335314588878e-01
-1.581743410527529647e-01 7.012282099854599826e-02 -1.500352170446106470e+00
-4.195256394411006617e-01 2.282535908121094970e-01 -1.313992219073813139e+00
-5.315792403184076420e-01 3.164320677770553480e-01 -1.188789680676222815e+00
2.957474400491943989e-02 -5.055374459403267906e-01 1.294913941770242438e+00
2.603516309738163059e-02 4.338120371742293369e-02 -1.527344431269256120e+00
-3.598610606161756209e-01 -2.276854491410524872e-01 5.452393437798717102e-01
-2.858194985372985997e-01 -2.204857377312983147e-01 5.660742573039434511e-01
-2.366987310690369384e-01 -2.062941190109128797e-01 5.778896865553018181e-01
-8.352392570207953781e-01 -2.880797610274099529e-02 8.330721639602867157e-01
-3.025358939150422088e-01 -2.483680181278913324e-01 6.936697677008512031e-01
-3.842063977215275372e-01 -2.651299643942799378e-01 7.404080608107381778e-01
-4.622777854857389457e-01 -2.609266672823196132e-01 7.518117350898441131e-01
-5.358103569627203910e-01 -2.367216606097350962e-01 7.352564470228202254e-01
-5.794081254116889568e-01 -2.050079690211070726e-01 7.054106101523789363e-01
-9.562350737108928911e-01 3.955985485991697637e-01 9.638295183965368551e-01
-5.572556413705243017e-01 -1.761488819722991650e-01 5.826568973440813259e-01
3.135037086681008445e-02 -3.736854463789969216e-01 -4.522898923238973801e-01
-2.581322400029451014e-01 -2.747479363337128611e-01 -4.669695638735640308e-01
-1.802332577746170728e-01 -4.088709691359682097e-01 -2.407140173305892805e-01
-9.261255478605490143e-02 -3.624683706434232988e-01 -4.520529346663773040e-01
3.183088958713597982e-02 -4.485053089071477928e-01 6.674217702410949471e-01
-5.551110570963739832e-01 1.902759364275530274e-01 -1.065107188972429952e+00
-4.450307750161357490e-01 1.164898690653560775e-01 -1.204763974800560078e+00
-1.685918171684483990e-01 -4.847168908912158347e-02 -1.438213195643591291e+00
-7.541252260460922230e-01 5.591426028559354222e-01 -7.863366283819175351e-01
-2.420253702133727813e-01 -2.247969844909540882e-01 6.280610808948279278e-01
-1.107200437025168682e-01 -4.557897527773313584e-01 2.597837971164680404e-01
1.914461781438636656e-02 -7.237064371214074754e-02 -1.463102912779865150e+00
-2.996653044445203307e-01 1.338027618415591480e-01 -1.424170209709316737e+00
-8.966398824806418588e-01 4.271267492438703961e-01 -1.706027114877197715e-01
-1.683555891764231260e-01 -2.255588178575982372e-01 -8.217726882869920146e-01
-1.871021454063419576e-01 -2.337470991626116046e-01 -8.599650310762809724e-01
-2.022241181837478585e-01 -2.443018636758114148e-01 -9.089366443297057785e-01
-2.113350549109693777e-01 -2.276339192994427663e-01 -9.610894564848004862e-01
-2.236673579837633596e-01 -1.533368660869929290e-01 -1.043241606301144486e+00
-2.672615681339463034e-01 -1.543942766596493321e-01 -7.325293462756277130e-01
-2.831755587847162303e-01 -1.567261422242346436e-01 -7.226198394942473513e-01
-2.966471799047336599e-01 -1.590261680348004081e-01 -7.114892942431878531e-01
-4.143511162688904292e-01 -1.473241351316678660e-01 -6.005649804800534675e-01
-7.314308158710076668e-01 -7.790282947730431395e-03 -2.622230081791023792e-01
-1.088830402620946103e-01 -3.931474803609695812e-01 4.040930516483918211e-01
-1.526983722473111982e-01 -2.767592274878296621e-01 6.770760374406026294e-01
-2.067810635579974132e-01 -2.448429094383008930e-01 6.698476500272341205e-01
-2.511027375902488146e-01 -1.453527067179390952e-01 -7.417120424324372685e-01
-7.371610642424712978e-01 1.578359944624564415e-01 -5.440144069104739799e-01
-8.126988404904533780e-02 -3.879961412535841703e-01 6.642517331176795992e-01
-2.696530069431277710e-01 -8.942528180975650720e-02 -1.134207822625797668e+00
2.937910581465486004e-02 -6.074672262628055819e-01 1.869266382993628461e-01
-4.999856206256936275e-02 -5.226485951401436125e-01 3.135746596970641065e-01
3.063982476593096749e-02 -5.466115677720253530e-01 3.322376621306908362e-01
-1.729421980333718523e-01 -4.270608463466807336e-01 6.106177382371996698e-02
1.670054589837649539e-02 -1.354706394708458106e-01 -1.357989150891505403e+00
1.668809754803554646e-02 -1.554342111869889687e-01 -1.226155185947090942e+00
-1.300613181332915813e-01 -1.344018864124257862e-01 -1.210295732754574694e+00
-4.684600734203998584e-01 -1.750379776435827262e-02 -8.736216470357804909e-01
-3.508742421724377891e-01 -2.237156388574916832e-01 -2.380537929580377465e-01
-3.800184962898591756e-01 -4.758493639306421441e-02 -1.023325764865612442e+00
-5.487382621255960657e-01 -1.897011856493477922e-01 -1.937347301938814326e-01
-4.338684672878425630e-01 -1.918206066539873689e-01 -3.515201609050744302e-01
-6.219582850603728730e-01 -9.435130002135316829e-02 -3.791533104632627271e-01
-1.583133349906459264e-01 -1.089437909808139704e-01 -1.335674331321413000e+00
-2.247358595952757554e-01 -3.553665829927687980e-01 1.207745753870170802e-03
-5.345093491120596063e-01 7.616628114810736205e-02 -9.482370205771042393e-01
-4.240613975043112660e-01 3.301801643552476628e-02 -1.101100525138036801e+00
-5.355642014733232870e-01 -2.734487245770148012e-02 -7.072541944715697859e-01
-8.133303685302735175e-01 2.139648722217835086e-01 -3.726991789575002656e-01
-6.376881589437908282e-01 6.155913003026552976e-02 -7.055156433268026106e-01
-8.510128085875194870e-01 4.231655457834313516e-01 -4.367112654225593360e-01
-5.046232372556538337e-01 -1.296774743897389781e-01 -4.975667665662997230e-01
-1.655078903013134095e-01 -3.847179155039839316e-01 1.876738618980282602e-01
-1.681548962038448281e-01 -5.204086471109321543e-01 -2.164226871204368852e-01
-2.191283335773874796e-01 -4.195278613104798104e-01 -2.295194057904172968e-01
-1.316828420850386649e-01 -5.917195628871922963e-01 -1.437918403300985082e-01
-2.246265744456579228e-01 -3.179281905022008914e-01 8.042807024616651645e-01
-3.718370200087761646e-01 -3.395529663683731769e-01 9.013581856501655665e-01
-4.986910467006850922e-01 -3.328877433741403991e-01 9.234413009709729891e-01
-6.017534148380789816e-01 -2.936772014711195311e-01 9.005824478162001157e-01
-6.711710788841784847e-01 -2.339987981980122811e-01 8.453432796267597027e-01
-7.142562611491527491e-01 -7.498271314457072290e-02 6.427027416502837376e-01
-9.486067689149706439e-01 3.509116362262645339e-01 3.775715512456172540e-01
-6.557608660250764387e-01 -1.199042185111078851e-01 4.447723571205104420e-01
-5.705238735155901963e-01 -1.675653234705709593e-01 3.931270966074933426e-01
-4.550275304647684038e-01 -2.044807128621499714e-01 3.821674963830514749e-01
-3.430795702997404550e-01 -2.268560408087019198e-01 4.051663286547202425e-01
-2.542303784587538473e-01 -2.341841247724723019e-01 4.436691943532058424e-01
-1.925974783953297020e-01 -2.454742525624702409e-01 4.794869696742058984e-01
-9.541613885105491022e-01 6.664807961327667840e-01 4.285203650321953717e-01
-2.186114452851859458e-01 -3.724435884671657426e-01 -2.557775967768221026e-01
-1.116818310946507964e-01 -5.077983068716385162e-01 1.309811968656210412e-01
-1.086185800621874975e-01 -5.860503862530559438e-01 -2.390905743848239506e-01
-6.443606723304906581e-02 -5.421188303605393166e-01 -2.952658419702971493e-01
-1.088681853714810188e-01 -5.414751886247737289e-01 -2.522516929472036207e-01
-1.950986906651437369e-01 -3.379078028490245522e-01 -2.891431930959988961e-01
-4.649410626645994471e-02 -5.640185817085430209e-01 -3.116238023237638544e-01
-3.346048273814958285e-02 -4.575215538132328952e-01 -3.238464433686707444e-01
-1.849370804609034025e-01 -2.176153537226106494e-01 5.813921813263851490e-01
-1.439212384962200719e-01 -2.643451823723204086e-01 5.437953559355652722e-01
-1.202644239257582015e-01 -3.207987388803559270e-01 5.109762419238816911e-01
-6.020051466773566062e-01 -1.729493070128356180e-01 6.826215545036817822e-01
-6.572945153403750851e-01 -1.741796535684692060e-01 7.403635109548396542e-01
1.037013749879793778e-01 -5.755452374666525373e-01 1.695004498395344950e-01
6.299580648525520132e-01 -1.687890952475097350e-01 5.718670049641443320e-01
1.182370233375962254e-01 -4.660623245336608100e-01 -3.120993026325662445e-01
9.268256776853291967e-01 1.623685978440079225e-01 1.074116929360111605e+00
3.844153113145551970e-01 -2.375366044289570766e-01 4.676165026543457337e-01
4.694036128199101654e-01 -2.311783003226715039e-01 4.552536341103530226e-01
5.502619670881188085e-01 -2.096325450779374933e-01 4.593785878069369666e-01
6.573842610695592725e-01 -1.502348026703650419e-01 5.337929033011481472e-01
3.141163187305995308e-01 -2.309442382011361872e-01 4.988169864242872897e-01
5.148468394637788492e-01 -3.154200767995973820e-01 8.194918892232259111e-01
4.144979646784676675e-01 -3.123072478265385143e-01 8.033495333646607506e-01
6.053692965660246728e-01 -2.874456262241764648e-01 7.957916511914602253e-01
6.612494912795057189e-01 -2.487485745372204349e-01 7.410124274630218721e-01
7.204114045937686228e-01 -9.829350882229392905e-02 4.473231691524728326e-01
3.366286568189873485e-01 -5.012106345572142629e-02 -1.251805745536906933e+00
6.604977475204876214e-01 -1.470348373334164904e-01 6.128752183700050260e-01
9.732710649717546403e-01 2.679213688738961707e-01 5.420889007849645225e-01
8.102944644679439534e-01 -2.618927886182148557e-02 5.440941204947193910e-01
4.521782679326378229e-01 -2.566116400249143226e-01 -1.009154232052550393e-01
8.038656670977478713e-02 -3.632516923882311843e-01 -6.288155042380179083e-01
7.330443226505539700e-02 -3.120525735613040030e-01 -7.153587243098180615e-01
1.777807371281472371e-01 -2.981686832636130102e-01 -6.623111507678505205e-01
2.435453536879641501e-01 -2.256723910873448258e-01 -6.971666664601228192e-01
1.516399092898226275e-01 -2.664727447683807871e-01 -7.200682188412068641e-01
2.147001970364781354e-01 -2.008592467211156585e-01 -7.320698874094806463e-01
3.983185776937010480e-01 -8.424886372851497773e-02 -8.784367974270965718e-01
1.018417810188854133e-01 -6.301111812320074890e-01 -2.734442432347612417e-01
1.129254299385911153e-01 -6.729171757360532524e-01 -1.514033383479821415e-01
7.639636427002756136e-01 -2.378449204573769293e-01 8.596026593361578705e-01
2.813501283500325911e-01 -3.038816689291365947e-01 2.236293859794891148e-01
3.001008424406848007e-01 -4.255213919354976504e-01 -2.060578275560653871e-01
3.051749073522227462e-01 -4.087273225103977836e-01 -1.321299326797646945e-01
6.981710650722945388e-01 -1.504932736578048491e-01 -7.376184170816668662e-02
1.085660229249958419e-01 -6.407506462648200340e-01 1.828296629806738793e-02
5.836227229245309900e-01 -3.994064231242298035e-01 9.921344337861057738e-01
6.928071140588656363e-01 -3.283291616584591566e-01 9.527900323405145144e-01
8.450734000688271408e-01 -3.146855044461571715e-02 1.269426154681933205e+00
2.179447090428539013e-01 -4.506049644833360901e-01 8.634022393752900371e-01
3.294496272251556945e-01 -2.782219924703248637e-01 7.442632409516702907e-01
4.651507182764849091e-01 -7.641479645678805888e-02 -7.483756078818273316e-01
8.907207735911697455e-01 6.415381403829911733e-01 -5.725767248859447989e-01
2.388931503003917101e-01 -3.835087226300051277e-01 -2.727330824371276830e-01
1.745807186322052562e-01 -3.860697365236420708e-01 -3.086624900275574124e-01
3.314340891680274126e-01 -7.533461631765531186e-02 -7.720696980630474826e-01
3.094712816168463387e-01 -1.009725987818674287e-01 -7.784517979561758061e-01
7.328145602320645935e-01 -2.985342370471784079e-01 1.030631507442090644e+00
3.032116167954015395e-01 -3.717406787039911897e-01 -2.527298636500829865e-01
4.319755345134197455e-01 -4.448425407886347216e-01 9.728783226479249535e-01
4.455095520872234260e-01 -4.756247506056752172e-01 1.065282956002576498e+00
5.136797340607159867e-01 -3.859534396978396842e-01 1.521315359206113271e+00
7.898308767040091993e-01 -1.829116582454162199e-01 1.133651714811104050e+00
4.688639056737997635e-01 -4.325948786664710610e-01 1.286156235845567153e+00
8.098132728522173807e-01 -1.722747837693999751e-01 9.170302436468631413e-01
8.742474190171165560e-01 -1.205066631030600466e-02 9.755372268183890583e-01
7.760889166800261085e-02 -3.467458740981199661e-01 -6.777741189807264810e-01
1.645961994814655327e-01 -2.856859779432383561e-01 -6.936514818473420441e-01
2.291980373322302089e-01 -2.204116313031982965e-01 -7.147614915445203998e-01
2.203885593321983638e-01 -3.625196521572275898e-01 -2.920542871676605756e-01
3.200625796405021095e-01 -8.937169802825362108e-02 -7.756499372974374751e-01
2.759454738229565329e-01 -1.409068080705447867e-01 -8.312922504152133740e-01
2.985636912687723576e-01 -1.033723600799461018e-01 -7.796946014873431530e-01
1.962841622713451528e-01 -5.044924266817019110e-01 -2.514630543694789111e-01
2.033307419030947472e-01 -1.834927459118984583e-01 -7.443673120638663043e-01
1.424143968628703849e-01 -2.273239048101056703e-01 -7.369110253814210587e-01
6.977046062717101593e-02 -2.679190374421203114e-01 -7.380042505130393060e-01
1.288016211639272379e-01 -1.754267624633374378e-01 -1.110562047541854724e+00
8.018174170022440705e-02 -2.576976406168320910e-01 -1.023572455070741682e+00
7.490185811233041058e-02 -2.707861441031309546e-01 -9.676300802490631625e-01
7.019229098706214476e-02 -2.556051319640608721e-01 -9.088962290123454579e-01
6.203798405810190264e-02 -2.500646888484150399e-01 -8.582511642699843790e-01
1.965138830937476211e-01 -1.817632131369142368e-01 -8.296835861527913636e-01
2.127497743203539127e-01 -1.932608337057701853e-01 -8.536271205622165681e-01
2.286739459033666488e-01 -2.034103793178860808e-01 -8.830975414592412420e-01
2.446428435940095625e-01 -1.848259484844680944e-01 -9.136633753301293126e-01
3.790364388558531417e-01 -2.268340129117012438e-01 -5.492849028030772907e-01
9.823793524518791287e-01 6.808945190959363458e-01 5.349712508317949755e-02
2.438131477055420770e-01 -1.352474336067521765e-01 -8.077219250379528148e-01
2.591488759072546610e-01 -1.432570903748525692e-01 -8.200356088926010756e-01
1.474701436087298978e-01 -3.813347742867310153e-01 -3.548241477665470267e-01
2.773288093987293923e-01 -3.024345111256068197e-01 -3.166027946833345208e-01
1.606984035175028636e-01 -3.857415852686325586e-01 -3.328923197086000041e-01
3.682650249286183453e-01 -2.655369842878556597e-01 1.521728008753946426e-01
5.053511331490625480e-01 -2.324403701855075610e-01 6.607257703650376568e-02
3.198662092534139134e-01 -3.537213268091257135e-01 -1.805892820409411570e-01
7.155712990728488876e-01 -2.259389824578761363e-01 1.421206792582097478e+00
6.622726090291521928e-01 -3.206714347278776245e-01 1.241632592705353311e+00
6.111554305563942080e-01 -3.979084419833505137e-01 1.084587985575751645e+00
3.289831722548384185e-01 -1.190736721986678237e-01 -9.743626964207328101e-01
2.456962746205206827e-01 -5.063470066594923935e-01 1.018415796662878847e+00
2.634940772702769607e-01 -4.918936706546865878e-01 1.291361652507717395e+00
2.922335649853895490e-01 -4.760435229161679160e-01 1.572526967937875497e+00
6.184780903277413699e-01 -1.773641476293015273e-01 4.836712886384013643e-01
8.078331960635409814e-01 -4.184679354286741093e-02 3.520943156363607329e-01
2.680083819606853268e-01 -2.210395806516025630e-01 5.288893235976543927e-01
7.335689339025606159e-01 -1.700646970869351682e-01 6.893775366751784262e-01
2.235497489725482012e-01 -3.441979653315243581e-01 3.034861475066104042e-01
2.490657665168782842e-01 -5.154328987996876776e-01 -1.731986965872032158e-01
9.079774308619761314e-01 6.200465409749339463e-02 2.713391032089269572e-01
7.526145062714917344e-01 -1.058034755599948085e-01 2.542239362163853933e-01
6.467338592465665670e-01 -1.773158640982614997e-01 2.005613136534791785e-01
4.877951590781748337e-01 -2.144308596617783280e-01 2.240758897085308732e-01
3.706719692240554309e-01 -2.385208487995704729e-01 2.837178570889751228e-01
2.836582044108464373e-01 -2.679468461413385683e-01 3.438843001369020769e-01
1.132617915073810266e-01 -4.545440787688654893e-01 4.600908404631511850e-01
8.947044320023564978e-01 7.363706538671949131e-02 6.204279967503029125e-03
7.929118180003982275e-01 -1.321463046592791235e-01 7.096735247503627164e-01
7.333537550245300407e-02 -5.779315956196784398e-01 -3.266987107861205608e-01
2.765325619923260092e-01 -3.241187966594019088e-01 8.873123287329265363e-02
9.983415179824106644e-01 5.448161097283468202e-01 5.959823113947479989e-01
2.193268097092371249e-01 -2.875583836787924952e-01 4.103882379570906735e-01
3.300275297262462715e-01 -2.683775763305824569e-01 -1.742972188300058178e-01
6.910008579819333363e-01 -1.304771406764189123e-01 6.083553352675252768e-01
2.518204549667206749e-01 -4.939306603714399557e-01 -8.234389238021988522e-02
9.502381358786209375e-01 6.814488551246427051e-01 -2.489691172700645438e-01
2.680349687220324739e-01 -2.044264298455509277e-01 5.700836156354620599e-01
1.817248695986357632e-01 -5.853597794557003908e-01 -1.972097247906964834e-02
7.049195462477779728e-01 2.296086951863856029e-01 -9.317875320761679347e-01
7.057357588843444773e-01 3.991423224825325633e-01 -1.042396644474337108e+00
9.769752131036781861e-01 3.793390572206170042e-01 2.275291376804050580e-02
8.101559831916844701e-01 3.148698500075752804e-01 -7.539865804003653693e-01
9.279975498029457981e-01 1.501346115217175869e-01 7.794692083689040984e-01
3.569518032284548781e-01 1.472187561690770086e-02 -1.351828785641060904e+00
7.057910659131561015e-02 -4.589972996971685149e-01 -3.368023416305263584e-01
3.511074824466362543e-01 -2.827328659481018747e-01 -1.963561636348309936e-03
8.763445268665606136e-01 6.178964689674515398e-02 5.230417165545007130e-01
5.470013699638940352e-01 -2.110231107718902877e-01 5.235326895563141569e-01
4.739540171545897351e-01 -2.289169462829576673e-01 5.153312719591167657e-01
2.929165307890237990e-01 -1.238428415270739213e-01 -8.433562451913196867e-01
8.766290504145786144e-01 1.344348777624132518e-01 -2.367832169752652760e-01
2.063441695137271381e-01 6.231167238768536842e-02 -1.503706458166732318e+00
4.661560830683413315e-01 2.097750123137807066e-01 -1.328013413819817856e+00
5.782053518342067377e-01 2.943302413649817595e-01 -1.212149129716287632e+00
4.015226389242556593e-01 -2.324899275799197085e-01 5.259837114602210484e-01
3.336081952958078745e-01 -2.213981115523040444e-01 5.472087309473709915e-01
2.898763424538319811e-01 -2.043549291272448443e-01 5.591691331730337389e-01
8.469472119968486368e-01 -4.848936668468467603e-02 7.432381746527267907e-01
3.467923319121304360e-01 -2.499282131121702832e-01 6.549980041663063801e-01
4.212878208213339803e-01 -2.712134427511223578e-01 6.931922548757931679e-01
4.982749453940371609e-01 -2.704941208695430532e-01 7.016559765473902033e-01
5.727232191737385847e-01 -2.496480042626707530e-01 6.835930959867662082e-01
6.169838074998779121e-01 -2.191865614612034108e-01 6.533577770022671594e-01
9.775023459855347596e-01 3.689417340257818978e-01 8.644441137626683869e-01
5.965120012625746426e-01 -1.880752839704875612e-01 5.452909684776918731e-01
3.047651436013740778e-01 -2.820387543023914478e-01 -4.908342543842136863e-01
2.377964725568695314e-01 -4.183654651449217887e-01 -2.580890316826447428e-01
1.505918133400019343e-01 -3.642358579881768144e-01 -4.621691231293398872e-01
5.905660444398526110e-01 1.667354995849390509e-01 -1.096377042954867598e+00
4.786905308876856502e-01 9.554723134174814003e-02 -1.224782981184099562e+00
2.036891916920282597e-01 -5.708231081309378396e-02 -1.444646815943695373e+00
8.063147509239740884e-01 5.328881462202184061e-01 -8.408992374449582030e-01
2.928238568350831628e-01 -2.222846793669326360e-01 6.030587549636714506e-01
1.681395276586457044e-01 -4.577995393472349406e-01 2.470044501189541108e-01
3.459376517741716839e-01 1.204066422925939017e-01 -1.430697485628058985e+00
9.464575559443701991e-01 4.018080983374852089e-01 -2.510021621196010244e-01
1.355013247017730071e-01 -2.191632632031006445e-01 -8.440979515642350606e-01
1.507530851837775021e-01 -2.291030880014353066e-01 -8.832390385947839206e-01
1.621870956713354905e-01 -2.402242311099860306e-01 -9.314928645042002131e-01
1.733449299596223625e-01 -2.242874072995588719e-01 -9.809792950960671831e-01
2.404509593046668670e-01 -1.550640203974662512e-01 -1.057686795725149231e+00
2.640130734717553995e-01 -1.471105518172878268e-01 -7.512929040152438454e-01
2.795232890059280439e-01 -1.474683374412477654e-01 -7.435683708039246831e-01
2.932240652119437740e-01 -1.492995409809061425e-01 -7.333800950865754231e-01
4.357427259407149478e-01 -1.527362959629837702e-01 -6.357022532208298493e-01
7.606299471175566040e-01 -2.763695552522762999e-02 -3.270539516954891202e-01
1.677306586085620665e-01 -3.940897694250367067e-01 3.908680128409147692e-01
2.104779999795400869e-01 -2.793356777964923765e-01 6.531972188300954052e-01
2.581431319909537336e-01 -2.430615553356751946e-01 6.430769992178198002e-01
2.489584241336078030e-01 -1.357386633031627543e-01 -7.589724125585490810e-01
7.707989421251673079e-01 1.347023045041284561e-01 -6.038469596130768835e-01
1.360882006378556497e-01 -3.883568500497283082e-01 6.506558052090727351e-01
2.913559649165469168e-01 -9.922004203920364862e-02 -1.148618787296307175e+00
1.092337636130960021e-01 -5.247135687587167752e-01 3.063429784259064093e-01
2.267265587607809607e-01 -4.326873775842337011e-01 4.272015678074034262e-02
1.586957791347125557e-01 -1.418697398754272809e-01 -1.218412261239920191e+00
4.829471795031636816e-01 -3.222752929062625005e-02 -9.118244321915653927e-01
3.973208622298685100e-01 -2.366151902872459800e-01 -2.704416459170850828e-01
3.964458441226916818e-01 -6.135562453009374417e-02 -1.047516602169286770e+00
5.801358266021083843e-01 -2.067075122809511889e-01 -2.445716035387432985e-01
4.682260635952997241e-01 -2.052735811753807482e-01 -3.915549050328830383e-01
6.476291770404256631e-01 -1.130384600811720208e-01 -4.340999946272199317e-01
1.889928156693287953e-01 -1.166863866302493280e-01 -1.344420337113349184e+00
2.770757414434346089e-01 -3.624865752108483719e-01 -2.018709115445024849e-02
5.604579987497730897e-01 5.549418453266968809e-02 -9.814290541351242680e-01
4.511080562981741870e-01 1.398423508385818193e-02 -1.123756071116292610e+00
5.522225100002309262e-01 -3.961256388512118809e-02 -7.553139536594950521e-01
8.516402319042848390e-01 1.904770938407802650e-01 -4.415373347230544532e-01
6.607008102605638200e-01 4.039882511143649824e-02 -7.546062485901421368e-01
8.995232516772517783e-01 3.997984535631338154e-01 -5.082782657163598117e-01
5.258266922977363755e-01 -1.424182806296320214e-01 -5.448428926322153032e-01
2.207876022581238828e-01 -3.863750062892776782e-01 1.699715990011809730e-01
2.213125572445377998e-01 -5.260821960218038384e-01 -2.332280353045743659e-01
2.729810925494060569e-01 -4.302417301151000295e-01 -2.497040693052072768e-01
1.869049939089943990e-01 -5.981559424904787647e-01 -1.583512436920102573e-01
2.799322156859460620e-01 -3.225762303004984233e-01 7.740534969467942616e-01
4.209659854042229199e-01 -3.521010136921560729e-01 8.650539701930473058e-01
5.436498765242134823e-01 -3.493155676057320136e-01 8.809586278759828915e-01
6.412932298766094164e-01 -3.121275919987027692e-01 8.517015543782173737e-01
7.047520898068668771e-01 -2.534558284361381197e-01 7.893879900549967132e-01
7.401894894940355130e-01 -9.252969594540516596e-02 5.778043128128298456e-01
9.871883099587321908e-01 3.284561370720027185e-01 2.849936036023130725e-01
6.770378360982931554e-01 -1.345919659225671694e-01 3.898041137012704382e-01
5.919582273538139816e-01 -1.801941789337497823e-01 3.487949879231488914e-01
4.807958962338787501e-01 -2.129225643368215515e-01 3.537776423747049925e-01
3.751088764415158039e-01 -2.315037518680647111e-01 3.885405555555281332e-01
2.944821392990153441e-01 -2.381342518123155116e-01 4.326253137156093054e-01
2.389286905404830463e-01 -2.472137335432833538e-01 4.712936448968565450e-01
9.935509698559030767e-01 6.422036723563735450e-01 3.318651187328960361e-01
2.720477914839156686e-01 -3.837660285500419377e-01 -2.750279594778197723e-01
1.693219399683574267e-01 -5.094268384619766721e-01 1.183762353128205991e-01
1.629511951480102638e-01 -5.919069333025732682e-01 -2.511203770792362899e-01
1.184931682722840662e-01 -5.479678532870222440e-01 -3.032808774466342339e-01
1.628663907759388962e-01 -5.468765678667204533e-01 -2.645613206378158999e-01
2.506316795614165205e-01 -3.503494765515711151e-01 -3.061033411851032948e-01
1.010132561724219613e-01 -5.685636867968608676e-01 -3.179416951022480120e-01
9.832435890009982860e-02 -4.622583884031090662e-01 -3.292873285372641678e-01
2.386943407723798316e-01 -2.171044523256568937e-01 5.654286474397909323e-01
1.955138447625142106e-01 -2.652098890477887494e-01 5.325440137956820585e-01
1.693093657041035982e-01 -3.226598532670230668e-01 5.021664276935813298e-01
6.414122333709855184e-01 -1.876834682526435927e-01 6.308379043305896161e-01
6.931432496196379134e-01 -1.929204027601620908e-01 6.823016162271295926e-01
-4.449260404780588374e-01 -2.113721493358511339e-01 6.592142222781793848e-01
-3.569618297659644668e-01 -2.195692546736083273e-01 6.565912625143126569e-01
-4.438361887246600190e-01 -2.227424072411920974e-01 7.662980354319985921e-01
-5.340781493308384142e-01 -2.031033789103204867e-01 6.616742573583000997e-01
-4.468076599557804229e-01 -2.000053431893249467e-01 5.522476961907103465e-01
4.818863232804133645e-01 -2.201055511532707953e-01 6.179299678837661958e-01
5.679989941273149157e-01 -2.279081697693392528e-01 6.136915327510990004e-01
4.806441010307622719e-01 -2.316695595682745079e-01 7.199328166697283038e-01
3.950894645255829118e-01 -2.123372446635158894e-01 6.227181943697055466e-01
4.834533395975881831e-01 -2.085638969858294445e-01 5.158983872858113884e-01
