-1.426304299501885212e-02 -2.797419000874887263e-01 -4.689637890234300555e-01
2.208138645381577114e-02 -4.666071826700695646e-01 -2.025748595643971361e-01
2.492708129174452114e-02 -2.927839996032343128e-01 -2.631244237248255291e-01
-3.288852806423252922e-02 -4.232204654057367121e-01 1.292696914044650647e-01
2.188220152938127189e-02 -5.001712738982476703e-01 -1.096044963821784790e-01
2.085867826854007762e-02 -4.910786328554005986e-01 2.256793838885395864e-02
2.305797863243863946e-02 -3.609904503956687383e-01 3.591143310738187377e-01
-4.329337069436828278e-01 -1.141807852530047768e-01 4.515376233740941991e-01
2.351618358279547807e-02 -3.455042989450521906e-01 6.148896542923952824e-01
2.254826892787790971e-02 -3.728477931333475937e-01 7.382788110935720738e-01
2.117458050954044296e-02 -3.613861711374966035e-01 1.172258515310893312e+00
-1.307211338322244662e-02 -2.693061599213204538e-01 -4.944777917935515577e-01
-1.116416989611968870e-02 -2.472669428339339948e-01 -5.189594713537180048e-01
-8.373399298493532095e-03 -2.137192699945868468e-01 -5.359319326268963124e-01
-1.539964028715044668e-02 -1.933278811477748826e-01 -6.506378890284761907e-01
-1.627159957906888083e-02 -1.966164575862311692e-01 -6.897358252155985081e-01
-1.809859587339610401e-02 -2.058514608522609424e-01 -7.313270050139756284e-01
-1.786210666522190099e-02 -1.946365792338119183e-01 -7.691671082450457497e-01
1.221219978887973581e-02 -1.319175579100674289e-01 -8.245477054269858552e-01
2.102962303265770022e-02 -4.275063983713287552e-01 -2.425628458843607782e-01
-4.053204709005718553e-02 -3.381997162823162095e-01 -2.232275849600273698e-01
-6.716905546146887396e-01 1.388695421042736577e-01 8.607234065146520674e-01
-2.572042932386985892e-01 -1.718813404400250100e-01 3.449234185847663836e-01
-3.230714491958167622e-01 -1.648544292934480959e-01 3.383223445903725257e-01
-3.844041791975992828e-01 -1.466686943689430866e-01 3.503610108121237854e-01
-4.593610780291778051e-01 -1.007708846536880115e-01 4.251140303556059097e-01
-1.991624032509859143e-01 -1.674734980268378914e-01 3.694433778634899079e-01
-3.501481911355013854e-01 -2.236701604297167967e-01 6.442280911619920891e-01
-2.749242381627716170e-01 -2.229979363102263523e-01 6.299336944668001426e-01
-4.166904391912428229e-01 -1.997344292363501528e-01 6.292224099294916329e-01
-4.588598760337684879e-01 -1.690381466847150072e-01 5.923664199231185590e-01
-5.146478061263324300e-01 -5.989707451159871632e-02 3.716366575974791031e-01
-2.255759455378286704e-01 -2.639590866804493799e-02 -9.095525046762334975e-01
-4.539981985647453810e-01 -9.758227096854216187e-02 4.897060747851684215e-01
-6.929668540420269585e-01 2.149558813076300201e-01 4.672680140608784782e-01
-5.849666091042358129e-01 -3.930371945944964931e-03 4.563874639191405347e-01
-3.009451411320041014e-01 -1.801521092311541561e-01 -4.503364231864065426e-02
-8.651254747625908292e-02 -2.679653269515527292e-01 -4.500073383975690122e-01
-7.455465901893271186e-02 -2.339786334432951975e-01 -5.114137248290699933e-01
-1.498597959164700288e-01 -2.221467702749910234e-01 -4.676680957755156021e-01
-1.909404847433218699e-01 -1.709346714001599432e-01 -4.918711193993837161e-01
-1.266911164356694097e-01 -2.020081108109574863e-01 -5.119396113580713115e-01
-1.664010243793173083e-01 -1.528382693710638729e-01 -5.220437346354979136e-01
-2.879546123777051991e-01 -5.521303945993846773e-02 -6.246865216814597721e-01
-3.262749943664926960e-02 -4.597002953796219815e-01 -1.958753179122384447e-01
-4.226684247065405631e-02 -4.908172241047531470e-01 -1.053139804397080770e-01
-5.444514226255489087e-01 -1.598943348562865685e-01 6.773862002836668061e-01
-1.690165160842023451e-01 -2.212914585369154252e-01 1.815381965815859588e-01
-1.812493829527627720e-01 -3.057667999561614613e-01 -1.351798620074782797e-01
-1.863119246234757609e-01 -2.934743271941671061e-01 -8.028279645982398793e-02
-4.899236523747131922e-01 -9.927400535633101875e-02 -7.611438240498469981e-03
-3.815452542255738655e-02 -4.700649799381248495e-01 1.839634343278616357e-02
-3.977626825919295395e-01 -2.791912175166538779e-01 7.624593167586157794e-01
-4.845098134494778552e-01 -2.259064898005117561e-01 7.374564017420162099e-01
-6.075584958437020289e-01 -3.955214238165149360e-03 9.997639568140395117e-01
-1.152668436667411700e-01 -3.274826124269472616e-01 6.524915777571681508e-01
-2.082958601652820652e-01 -2.012105026229026317e-01 5.827844758782454448e-01
-3.357141409648670693e-01 -4.923827613185755014e-02 -5.177273308559482423e-01
-6.132826199218599506e-01 4.907936846167527678e-01 -3.698977897972787199e-01
-1.328204852210301823e-01 -2.743855285006769895e-01 -1.880306132796980556e-01
-8.207126963232849737e-02 -2.745411394754347922e-01 -2.174482849696212639e-01
-2.438395097374370657e-01 -5.997529672347972490e-02 -5.420226742843018419e-01
-2.302894652672158038e-01 -7.673743135877715560e-02 -5.511075360853077143e-01
-5.164444893906857681e-01 -2.034192993940220351e-01 8.030422479233463307e-01
-1.851306191132741086e-01 -2.650854523357361048e-01 -1.694055775255426111e-01
-2.782880456038324679e-01 -3.145856725374844842e-01 7.433689608370956936e-01
-2.881400067640473295e-01 -3.365357659255230338e-01 8.165927108550872227e-01
-3.489714140134042020e-01 -2.706626324961068364e-01 1.160789738461837306e+00
-5.610009905493790194e-01 -1.183584647934656786e-01 8.890976825925545057e-01
-3.109288481968067175e-01 -3.069528328732675782e-01 9.803090795790724288e-01
-5.793918614550191970e-01 -1.115821395499663887e-01 7.303484563308875188e-01
-6.247384153916830662e-01 7.329126117812324176e-03 7.785461600569577589e-01
-8.229129158984704873e-02 -2.576892371866539300e-01 -4.845254430220746755e-01
-1.386108250143385234e-01 -2.145358880656349498e-01 -4.909542377087464105e-01
-1.795093121130687808e-01 -1.669285291275998118e-01 -5.067721264713562768e-01
-1.179233353842757126e-01 -2.579668246408577392e-01 -2.034138662495548477e-01
-2.367436605993401000e-01 -6.859715564548403421e-02 -5.466437125340034564e-01
-2.148007462783706190e-01 -1.057188534377286465e-01 -5.939526044020635442e-01
-2.225403288300329963e-01 -7.899452795036153441e-02 -5.546330029558987906e-01
-1.035610585316074916e-01 -3.682611376406363934e-01 -1.739343194548158000e-01
-1.564235164755742868e-01 -1.401747142888100095e-01 -5.337465496189106595e-01
-1.159123070480399254e-01 -1.743967023275012629e-01 -5.277214360691662165e-01
-6.667334397157659298e-02 -2.038664380873386750e-01 -5.291160680973745478e-01
-7.480564755772119157e-02 -1.265769444481816275e-01 -8.156727488190144149e-01
-9.289286411902150653e-02 -1.907007083126021629e-01 -7.554982351440119315e-01
-8.994355785045404783e-02 -2.017291642843532518e-01 -7.163399048826302185e-01
-8.247881573367951691e-02 -1.912929572328829486e-01 -6.734026702718545199e-01
-7.396724023820333560e-02 -1.878637602768005732e-01 -6.365824201283891703e-01
-1.623021627287780377e-01 -1.378257444850776448e-01 -6.006378773260181436e-01
-1.757888515018671827e-01 -1.443127345410263329e-01 -6.171792519645058483e-01
-1.895008090759839892e-01 -1.509608640359859366e-01 -6.374818104635378013e-01
-1.991901525348729329e-01 -1.370123052760998383e-01 -6.596901929434180190e-01
-2.547684546840717768e-01 -1.599518097150161022e-01 -3.777199454292416436e-01
-6.859668113315370297e-01 5.211220727886326509e-01 1.065063462464401201e-01
2.478542617239630139e-02 -3.399119677979975940e-01 -2.496519915433421111e-01
-1.899317956954248432e-01 -1.046057682313440151e-01 -5.798006518207764470e-01
-2.024035577137626718e-01 -1.083787850152710813e-01 -5.869161950643790870e-01
-6.080779164112698476e-02 -2.748578313267738826e-01 -2.531317346158881709e-01
-1.619844933683263766e-01 -2.118132202937815234e-01 -2.179979080874467345e-01
-7.110438184945772067e-02 -2.757857205924458821e-01 -2.357789392122487393e-01
-2.358616680202558213e-01 -1.918816608565231119e-01 1.351997172246641454e-01
-3.409719862374984700e-01 -1.635849711614782709e-01 8.219215704977324288e-02
-1.968577103144395768e-01 -2.523198530721367794e-01 -1.149354466454023532e-01
-5.057100963351681688e-01 -1.476559433542385946e-01 1.103053514671179958e+00
-4.611612028684904940e-01 -2.202562086377119199e-01 9.610723220357926255e-01
-4.180076567230885387e-01 -2.774712451467914454e-01 8.366811235148455816e-01
-2.319345684268696028e-01 -8.359838072883309101e-02 -7.075613041739617914e-01
-1.333909321345164711e-01 -3.663545072410083758e-01 7.759758910870482307e-01
-1.551337008205025125e-01 -3.550258085306524092e-01 9.682100277446603620e-01
-1.795785888777154948e-01 -3.409469291566534777e-01 1.179451648490160487e+00
-4.336901892711714779e-01 -1.211755750332935699e-01 3.785388169011933424e-01
-5.865044497045339700e-01 -1.450244563759797017e-02 3.145959066946008575e-01
-1.605520983230964982e-01 -1.627583893861314079e-01 3.935494777944588130e-01
-5.175958471608893552e-01 -1.113350460205068809e-01 5.571770703308597250e-01
-1.242606299972665584e-01 -2.521525442263014560e-01 2.359021154546848964e-01
-1.436800035038345302e-01 -3.730492762147450403e-01 -1.127179141503128063e-01
-6.437820987264721850e-01 6.249895191452434218e-02 2.623302172482480099e-01
-5.462970124814309214e-01 -6.405383289901665778e-02 2.368055048582559385e-01
-4.665190709167539862e-01 -1.191201794417509202e-01 1.886435835283547802e-01
-3.428524748710395365e-01 -1.510138337015095034e-01 1.922583635422512871e-01
-2.509465247466043936e-01 -1.713521831953837005e-01 2.236201740920092385e-01
-1.821708948374075043e-01 -1.941040729812101850e-01 2.608731799850319555e-01
-3.798805157113252506e-02 -3.335245085930269027e-01 3.438247581164794453e-01
-6.316427581668971891e-01 6.916255454854655649e-02 6.454621411747153703e-02
-5.691937503080943817e-01 -8.255296246960916462e-02 5.786843930558106530e-01
-1.296072103843379751e-02 -4.237042254255136697e-01 -2.371419785524272184e-01
-1.642156397727960737e-01 -2.358140897559042326e-01 8.139224051587844178e-02
-7.104932858477664981e-01 4.188364725032336366e-01 5.107369252840233687e-01
-1.285922294494004081e-01 -2.101964246527531777e-01 3.040888926957985294e-01
-2.007977400471747664e-01 -1.895030495314838082e-01 -1.096574291740488039e-01
-4.796836989217022618e-01 -8.511525624572351123e-02 4.899112281468348540e-01
-1.471251860791336907e-01 -3.571876308225009344e-01 -4.617486201426786868e-02
-6.576201282318180352e-01 5.224382638858412475e-01 -1.233797926176497944e-01
-1.569151536061975105e-01 -1.521360890308280645e-01 4.288609176178300175e-01
-9.521308072329609518e-02 -4.269756765252991082e-01 -4.471366118444324717e-03
-4.912373075745832818e-01 1.870650257545130590e-01 -6.519984664818389009e-01
-4.850261100719022167e-01 3.128426053882890634e-01 -7.369208380687857218e-01
-6.816383364671954048e-01 2.969527551026372447e-01 8.098833035606506359e-02
-5.651283446033716906e-01 2.502208766770358528e-01 -5.111026216470583305e-01
-6.614600202089351288e-01 1.271985878209773435e-01 6.390207703378454340e-01
-2.368125708401855045e-01 2.176462904153839834e-02 -9.842678885395428345e-01
-1.827875832766873761e-03 -3.350674130773341752e-01 -2.444742169642235285e-01
-2.222670695647822603e-01 -2.023036857005901523e-01 2.032044864492874026e-02
-6.400445483205174924e-01 6.122226200650828648e-02 4.527701902785590260e-01
-3.739839958980281098e-01 -1.475308692747915040e-01 4.014274501267796613e-01
-3.198449424820853926e-01 -1.629533515886584516e-01 3.886984142435493395e-01
-2.250527547132644968e-01 -9.337352057312128806e-02 -6.011461970294983415e-01
-6.161858601034360117e-01 1.142628190360541474e-01 -1.187091033991770628e-01
-1.162056539939452376e-01 5.151700421857040302e-02 -1.102260986374379303e+00
-3.082121040489063657e-01 1.676906501062372656e-01 -9.653482435862335009e-01
-3.905343487424631221e-01 2.324725701144610968e-01 -8.733659415604022591e-01
2.172762311460477505e-02 -3.714022712718736963e-01 9.513320611154896245e-01
1.912720567972047911e-02 3.187078996490232824e-02 -1.122091341290687438e+00
-2.643784675664348494e-01 -1.672732527048556017e-01 3.951896078606391693e-01
-2.099824885040681710e-01 -1.619838538847326870e-01 4.117844140171008638e-01
-1.738950240623473031e-01 -1.515577233021175307e-01 4.211952846068072742e-01
-6.136236981138931679e-01 -2.116430280966408520e-02 6.120493451927646600e-01
-2.222634921381796969e-01 -1.824680778540807846e-01 5.134129886266750598e-01
-2.822642118736417016e-01 -1.947825462762848292e-01 5.506395791731263367e-01
-3.396207756056149329e-01 -1.916945176707899601e-01 5.597224952342085835e-01
-3.936428154729365581e-01 -1.739118696660960917e-01 5.465363679507988515e-01
-4.256727083213556195e-01 -1.506128298402263643e-01 5.227644529651731542e-01
-7.025154735777465742e-01 2.906336612060522184e-01 7.080948703720836290e-01
-4.093979833662162449e-01 -1.294109771133263587e-01 4.249923234089340585e-01
2.353701844383495473e-02 -2.750992477425532878e-01 -3.307000309394984017e-01
-1.891573686160243906e-01 -2.018105038548817787e-01 -3.418135324952373266e-01
-1.324116380176579288e-01 -3.001876608476425901e-01 -1.767452518058915123e-01
-6.752696982247059776e-02 -2.666745853212125761e-01 -3.306390153129113441e-01
2.338514146519227524e-02 -3.295025754141077678e-01 4.903335318766811612e-01
-4.077242354342288100e-01 1.397964762581080100e-01 -7.824413179819129649e-01
-3.266382468034429998e-01 8.560299031178157658e-02 -8.850267794194732751e-01
-1.238508365375438069e-01 -3.561003856205910423e-02 -1.056635146026118743e+00
-5.540318012565078609e-01 4.107842739112829156e-01 -5.776964933271914182e-01
-1.778083363052657129e-01 -1.651511896605649399e-01 4.611563102512202805e-01
-8.134249210747851455e-02 -3.348542244760409625e-01 1.908548860075586495e-01
1.406494137277887815e-02 -5.316840852036376630e-02 -1.074945365998892344e+00
-2.201545614193921863e-01 9.830062978296837117e-02 -1.046292524542714819e+00
-6.587327833783550579e-01 3.137964267392297502e-01 -1.253363828458232410e-01
-1.228937739208265517e-01 -1.659833055080893183e-01 -6.175259346327528487e-01
-1.365292081752094155e-01 -1.720118010665862007e-01 -6.453230015597803959e-01
-1.475643182199440906e-01 -1.797643726299527622e-01 -6.811730080645570506e-01
-1.541697067531843657e-01 -1.674942622037689510e-01 -7.182095078573790259e-01
-1.631146022529234019e-01 -1.128031664814396484e-01 -7.739995114901871975e-01
-1.987394127145766798e-01 -1.121614043812166200e-01 -5.358850803990914402e-01
-2.107897114635801095e-01 -1.136060839214254464e-01 -5.281810727133865457e-01
-2.209488970443971301e-01 -1.150816561974881691e-01 -5.196341720279729071e-01
-3.071358343447402328e-01 -1.062617778073111086e-01 -4.374540342580846009e-01
-5.373589404192182784e-01 -5.723273264267260060e-03 -1.926468980676805942e-01
-7.999290414799900550e-02 -2.888329407118023773e-01 2.967007893386459094e-01
-1.121826340018810264e-01 -2.033261957345930127e-01 4.992481916229894456e-01
-1.519154659623753179e-01 -1.798782926971002616e-01 4.941855192815253761e-01
-1.865309309218151357e-01 -1.057457029311201779e-01 -5.430606745758040921e-01
-5.415687715152214254e-01 1.159570811910382582e-01 -3.996700698508115490e-01
-5.970639715060814534e-02 -2.850484158265766954e-01 4.882508909070191194e-01
-1.970263938721418528e-01 -6.569643445615944155e-02 -8.376886066262658748e-01
2.158389396299538465e-02 -4.462868366507958817e-01 1.373290529797640547e-01
-3.673235219168696775e-02 -3.839732879748261607e-01 2.303733220160738837e-01
2.251010405029861203e-02 -4.015781212732821848e-01 2.440844358974769701e-01
-1.270551284858258689e-01 -3.137480113059086806e-01 4.486014191834026416e-02
1.226887955521494163e-02 -9.953759246716344100e-02 -9.987624296799691992e-01
1.238066668541418398e-02 -1.143574182222116126e-01 -9.053880919951386996e-01
-9.504494605279671660e-02 -9.882998634500148039e-02 -8.933291165293181235e-01
-3.440632459266277920e-01 -1.259119602156764939e-02 -6.431403589733378778e-01
-2.577761380885386089e-01 -1.643567594407602805e-01 -1.748905449032470971e-01
-2.779134988916358018e-01 -3.488224156434485690e-02 -7.555131110716235554e-01
-4.031405359263610100e-01 -1.393674232817396774e-01 -1.423307400788358656e-01
-3.186779827129311293e-01 -1.409244944368552299e-01 -2.582424702585713883e-01
-4.569329563275289496e-01 -6.931689710977592678e-02 -2.785518694948023732e-01
-1.160619815194205984e-01 -8.003015646306074760e-02 -9.820988238121155511e-01
-1.651062831451949875e-01 -2.610765179068819108e-01 8.872923652015489351e-04
-3.922682020479403286e-01 5.598595200366271452e-02 -6.971015843211079144e-01
-3.106728835369587660e-01 2.431765448008972250e-02 -8.097438941327612660e-01
-3.947713621312006205e-01 -1.920069936831335020e-02 -5.185586797173163953e-01
-5.975279350566445880e-01 1.571931815411886091e-01 -2.738102244998034118e-01
-4.684898792418345503e-01 4.522792141854937303e-02 -5.183571209199601126e-01
-6.252120244089086620e-01 3.108862592895134669e-01 -3.208378670471386251e-01
-3.711795288362582101e-01 -9.459389421535477349e-02 -3.647855715103712759e-01
-1.215933792144445191e-01 -2.826400077078096706e-01 1.378780143750491793e-01
-1.235380502020537452e-01 -3.822852565592559926e-01 -1.589786492376222271e-01
-1.609866122563531343e-01 -3.081239610308317833e-01 -1.685813074600836237e-01
-9.674319287456266403e-02 -4.347175295858191069e-01 -1.056392888115821466e-01
-1.650259948241016850e-01 -2.335717225343032222e-01 5.958851360865534685e-01
-2.731768237609957795e-01 -2.494587570891868278e-01 6.680723092948144259e-01
-3.663724396579022824e-01 -2.445620298962347672e-01 6.838630391395859043e-01
-4.420890812564048922e-01 -2.157552927543496535e-01 6.667998001775362615e-01
-4.930880296036505017e-01 -1.719114693155471274e-01 6.261255216786034694e-01
-5.247413416972970257e-01 -5.508741312726965489e-02 4.725995414703746955e-01
-6.969112008380885515e-01 2.578036103097061105e-01 2.773898026695612029e-01
-4.817666366927697008e-01 -8.808981302516827316e-02 3.227878767959592721e-01
-4.191457312215189357e-01 -1.231049098798555064e-01 2.834518634856959540e-01
-3.342942440030348683e-01 -1.502254715217649084e-01 2.738799171211816486e-01
-2.520496400888678212e-01 -1.666639128015100502e-01 2.903490739418591593e-01
-1.867749674017909756e-01 -1.720476228512233530e-01 3.191072109559382475e-01
-1.414952373789231110e-01 -1.803421203960202113e-01 3.461327866776548468e-01
-7.009920030623666420e-01 4.896422281486437211e-01 3.148202732305532825e-01
-1.606010629223542652e-01 -2.734711672544510308e-01 -1.878526909976385995e-01
-8.204908669268229371e-02 -3.730632538393611197e-01 9.622771745960453926e-02
-7.979861365637416770e-02 -4.305228643142839373e-01 -1.756347794826001452e-01
-4.733912772310530648e-02 -3.980941087672824619e-01 -2.167197359839245219e-01
-7.998199073266711034e-02 -3.976921984744368199e-01 -1.852329997572929043e-01
-1.432462061569643175e-01 -2.479975967652185420e-01 -2.123350275822658562e-01
-3.415773989224543672e-02 -4.142178328735518500e-01 -2.287597630433284845e-01
-2.453657120529375429e-02 -3.357538862613624331e-01 -2.374762716320193701e-01
-1.358673868318676370e-01 -1.598750741122152985e-01 4.240853636508841729e-01
-1.057343525574740706e-01 -1.942059919028161497e-01 3.955373664342649032e-01
-8.835444447868347206e-02 -2.356806230638367472e-01 3.723490650530877355e-01
-4.422740206265937668e-01 -1.270603512267730884e-01 5.044036727632461581e-01
-4.828933600316848707e-01 -1.279642476816912622e-01 5.490651929520938834e-01
7.618609959329911141e-02 -4.228347674962468772e-01 1.245265862957172093e-01
4.628101399236198010e-01 -1.240039760541288005e-01 4.178434844748660781e-01
8.688970526069325628e-02 -3.420688643601342838e-01 -2.289169839837489617e-01
6.809093263608742008e-01 1.192870409635534978e-01 7.891195236314783035e-01
2.824176940411313175e-01 -1.745105829520230134e-01 3.335424154717849810e-01
3.448558941469915817e-01 -1.698393392974223981e-01 3.234801629827394054e-01
4.042599534658008475e-01 -1.540103586780388889e-01 3.269368308551518498e-01
4.829592933624868301e-01 -1.103727278442626358e-01 3.870826196145242815e-01
2.307712616680729634e-01 -1.696673813064663860e-01 3.586401726756117680e-01
3.782415863939068146e-01 -2.317290912253160695e-01 6.117676817989522453e-01
3.045184619960344952e-01 -2.294421948540205092e-01 6.003032622772904725e-01
4.447455544755380963e-01 -2.111771527591781716e-01 5.938479442377549988e-01
4.857989549750754144e-01 -1.827476605356544714e-01 5.526946999244450875e-01
5.292633296799722498e-01 -7.221311277501231418e-02 3.250381861766520886e-01
2.472929200227166058e-01 -3.686354258205210011e-02 -9.210406635853101154e-01
4.852466727618469089e-01 -1.080218151597960308e-01 4.511933268521620688e-01
7.150312741350779433e-01 1.968333023025561623e-01 3.982554617854645596e-01
5.952975529688936396e-01 -1.924042946069282056e-02 3.988435670626538920e-01
3.322009815070889327e-01 -1.885244044835868715e-01 -7.413934915796444036e-02
6.020413838395498318e-02 -2.692250905715954379e-01 -4.563253560060389624e-01
5.536431128399985080e-02 -2.327137536366362114e-01 -5.180099556739141686e-01
1.328226585108021607e-01 -2.201721738887776891e-01 -4.803751870498229604e-01
1.827645618992127796e-01 -1.662324816403277783e-01 -5.059846099050460122e-01
1.137715086748216364e-01 -1.976433681554935207e-01 -5.218728839382862361e-01
1.614957600933691895e-01 -1.482624476896788335e-01 -5.319159024428044003e-01
2.979830273916612704e-01 -6.146007565372777620e-02 -6.469352639789849313e-01
7.481991509141651397e-02 -4.629055901472075019e-01 -2.008779635163218946e-01
8.296271918202519080e-02 -4.943708313859016545e-01 -1.112312141463416837e-01
5.612597728349260073e-01 -1.747370929250115779e-01 6.327947412049246267e-01
2.066989844787276986e-01 -2.232521902076686771e-01 1.642933921965508970e-01
2.204745373228582939e-01 -3.126058851998401722e-01 -1.513817867825910657e-01
2.242022913158801256e-01 -3.002789548633197358e-01 -9.707165544065304852e-02
5.129240600997163613e-01 -1.105626182521125683e-01 -5.419047674511146689e-02
7.976000160046954612e-02 -4.707391059806191325e-01 1.343191400927088233e-02
4.287690389717089268e-01 -2.934311867501579463e-01 7.288895908191321826e-01
5.089833360141383656e-01 -2.412129850003947029e-01 7.000156858027880569e-01
6.208485300098920412e-01 -2.311894176588095984e-02 9.326069951677350423e-01
1.601170409832673169e-01 -3.310451255380348901e-01 6.343141448775214686e-01
2.420361553900360341e-01 -2.044008426103058884e-01 5.558292769268007305e-01
3.477542286152197071e-01 -5.503490960828784362e-02 -5.454761662921396859e-01
6.543842024708292904e-01 4.713176528448538294e-01 -4.206538957851054805e-01
1.755255107673892867e-01 -2.815459287540362232e-01 -2.002567397968731400e-01
1.283666436891113816e-01 -2.832808092424560220e-01 -2.264974720478403758e-01
2.508904516273140484e-01 -5.447900338041490598e-02 -5.649256036982500673e-01
2.345765158421214136e-01 -7.345445440407366577e-02 -5.710117594447495781e-01
5.383755333594311132e-01 -2.193236022022109211e-01 7.571721682035776890e-01
2.227599242314522998e-01 -2.730340856810554162e-01 -1.856446537693188237e-01
3.173586762771744008e-01 -3.268116562561260707e-01 7.147427415053441146e-01
3.273016882275442963e-01 -3.494263660716393494e-01 7.826294819182877394e-01
3.773841512009412091e-01 -2.835477080087356883e-01 1.117661973939376940e+00
5.802636063543952227e-01 -1.343793735953462409e-01 8.328578356274453087e-01
3.444593884845589260e-01 -3.178136887139175748e-01 9.448980506577792093e-01
5.949440368042000493e-01 -1.265648001366450615e-01 6.737129327421715885e-01
6.422817531796793933e-01 -8.853240947735008595e-03 7.166961511163352228e-01
5.836327762163835003e-02 -2.577325218109808302e-01 -4.910340984085648786e-01
1.232427833970861641e-01 -2.114096097885780901e-01 -5.027753267365754342e-01
1.721485257731966145e-01 -1.625226447710640121e-01 -5.189300999398231973e-01
1.619838277139912519e-01 -2.660763443287516572e-01 -2.144306828218778826e-01
2.425005805128208070e-01 -6.485444222048869500e-02 -5.682273863393285662e-01
2.069692461942246875e-01 -1.035613528213341766e-01 -6.182769860616103008e-01
2.263551814672822016e-01 -7.529698856392325057e-02 -5.724580575582463027e-01
1.442037266827503605e-01 -3.705062546143856883e-01 -1.846449336832109434e-01
1.530600795722198981e-01 -1.355466812215627426e-01 -5.412671426175901246e-01
1.070805286074235363e-01 -1.688690773433176306e-01 -5.344138803665910986e-01
5.283438320001073579e-02 -2.002780267730480956e-01 -5.346730476310777025e-01
9.472598560948192192e-02 -1.293329893618977988e-01 -8.228437796078335031e-01
5.909782889969554531e-02 -1.899715555400852407e-01 -7.636041304534488816e-01
5.523418327916946452e-02 -1.996445523319874960e-01 -7.248795951770519164e-01
5.186041646704752511e-02 -1.885162867632316774e-01 -6.831043647677815800e-01
4.597031578874406776e-02 -1.844092374171601989e-01 -6.463067041874270835e-01
1.461596603617287549e-01 -1.339897067078587578e-01 -6.226874526083940875e-01
1.579474897072649653e-01 -1.424604428533153277e-01 -6.401640256427819642e-01
1.694149346891059005e-01 -1.499352716821014120e-01 -6.612816662461231676e-01
1.810045378284270423e-01 -1.362653771515955070e-01 -6.829150903702765341e-01
2.808053996244020967e-01 -1.663316914961452120e-01 -4.001283167214689240e-01
7.217228430478872525e-01 5.002315316492920161e-01 3.930263509056398930e-02
1.829631187377677159e-01 -9.948685097400875033e-02 -6.019083697694820323e-01
1.943421225318372469e-01 -1.053521346317475016e-01 -6.107964597597259626e-01
1.085707344162459287e-01 -2.798043380239789157e-01 -2.601646195076847690e-01
2.038689466250565019e-01 -2.220442061483247354e-01 -2.325339708019039942e-01
1.182279720726730765e-01 -2.830296883348688564e-01 -2.441810836541367102e-01
2.705525926651667357e-01 -1.950815708374539215e-01 1.117965134428348245e-01
3.712653931941007346e-01 -1.707665418564518478e-01 4.854141955478261800e-02
2.349955232275024453e-01 -2.598678005540209224e-01 -1.326731977145755581e-01
5.257074582047713829e-01 -1.659901792193181347e-01 1.044115396299073240e+00
4.865506070219192125e-01 -2.355870967548511774e-01 9.121879497978382378e-01
4.489964429570222348e-01 -2.923306676837411078e-01 7.968122727046584863e-01
2.430071858139808139e-01 -8.775310492343629809e-02 -7.227282807900091699e-01
1.805052329355454066e-01 -3.719970297655225133e-01 7.481976716407179318e-01
1.935807120733426256e-01 -3.613786238239890536e-01 9.487223046013085748e-01
2.146946989763877656e-01 -3.497340247594611373e-01 1.155285512910035450e+00
4.543761680252034751e-01 -1.303037941120154808e-01 3.466940128184028413e-01
5.934893374095009388e-01 -3.074350681710490141e-02 2.586724872299492328e-01
1.968972280479651116e-01 -1.623907446505516439e-01 3.828729183076209908e-01
5.389297476849174151e-01 -1.249411204575835571e-01 5.113187440122284322e-01
1.642348854222403509e-01 -2.528712899862523567e-01 2.228607963511888279e-01
1.829806913875136054e-01 -3.786721455348855958e-01 -1.272435698094823431e-01
6.670621193223029710e-01 4.555284538161850916e-02 1.993442029387558212e-01
5.529219235213416184e-01 -7.773044597784090071e-02 1.867702358190515555e-01
4.751347821244319980e-01 -1.302683217385299241e-01 1.473460123422212775e-01
3.583675778162710435e-01 -1.575355276818910522e-01 1.642767880608898001e-01
2.723208980307316174e-01 -1.752336759645543307e-01 2.060877676856823493e-01
2.083946544990958327e-01 -1.968520196400549149e-01 2.491835711989378865e-01
8.320983332088936757e-02 -3.339390674293696293e-01 3.380140953759844247e-01
6.573108695135329027e-01 5.409880838293160826e-02 4.558087437023320906e-03
5.825270758645634261e-01 -9.708368440867805316e-02 5.244031671899658242e-01
5.387716642715540544e-02 -4.244486561527812118e-01 -2.398265058513277537e-01
2.031596718093623966e-01 -2.381197638432066277e-01 6.518801298367717101e-02
7.334497380189018978e-01 4.002590540667973484e-01 4.378492339117524002e-01
1.611324263533190082e-01 -2.112599920722370017e-01 2.973606315203087824e-01
2.424607219640897982e-01 -1.971684634007994652e-01 -1.280506191374716218e-01
5.076563371639870592e-01 -9.585740242474910522e-02 4.474875992678415404e-01
1.850044733153089482e-01 -3.628751353355200715e-01 -6.049543655603258074e-02
6.981097142230874297e-01 5.006387846861595214e-01 -1.829096862620345487e-01
1.969167604953226403e-01 -1.501855915171909917e-01 4.162916707203065947e-01
1.335074777497000653e-01 -4.300451991180735400e-01 -1.448837055174780931e-02
5.178877311644627390e-01 1.686862003612309424e-01 -6.845495063807033320e-01
5.184815998741354459e-01 2.932371604145058153e-01 -7.658156372646768295e-01
7.177525938718679610e-01 2.786883330531621517e-01 1.671584206286216845e-02
5.951958151828117272e-01 2.313248571138517284e-01 -5.539299427134101172e-01
6.817702635073071837e-01 1.102991209281593277e-01 5.726512210754433063e-01
2.622411287596049245e-01 1.081569340596802951e-02 -9.933252556963039215e-01
5.191354798495443484e-02 -3.368458646297972092e-01 -2.469489471037660255e-01
2.579474922944139936e-01 -2.077148377822168601e-01 -1.442566071967816849e-03
6.438224315698566347e-01 4.539488693236599925e-02 3.842621004379898619e-01
4.018644965370126165e-01 -1.550319630344207666e-01 3.783238423257664351e-01
3.481989313812796083e-01 -1.681779944588865927e-01 3.716346050170090121e-01
2.198127898361343924e-01 -9.092776098952792818e-02 -6.259552991212163908e-01
6.440314619647614647e-01 9.876502556293724477e-02 -1.739570931686333366e-01
1.515944938135262987e-01 4.577840294339912547e-02 -1.104725274802356605e+00
3.424700374009849169e-01 1.541150248217615926e-01 -9.756491870839870684e-01
4.247890688558918493e-01 2.162350603793976034e-01 -8.905273852849167060e-01
2.949859031434591827e-01 -1.708029500968122893e-01 3.803229386526773004e-01
2.450913229925190950e-01 -1.626541458919651961e-01 3.976344741705980512e-01
2.129629226081994342e-01 -1.501330622151784144e-01 4.073896104452072731e-01
6.222251599936690081e-01 -3.562359421630872935e-02 5.467721753560219611e-01
2.547772885394489761e-01 -1.836143034510993588e-01 4.855494829393413592e-01
3.095067531964602603e-01 -1.992518841999314505e-01 5.167014492477244314e-01
3.660667432715924985e-01 -1.987234213081328915e-01 5.236046244272207772e-01
4.207615204757231275e-01 -1.834084429278674544e-01 5.088721891356891014e-01
4.532783659916493901e-01 -1.610293904293139122e-01 4.842116797692604391e-01
7.181398616225673770e-01 2.710497493005360470e-01 6.350795794844896758e-01
4.382383815263450333e-01 -1.381729250675268750e-01 3.960703092692598459e-01
2.252082427147429899e-01 -2.072153084230002329e-01 -3.588065952311926265e-01
1.747014997945099679e-01 -3.071758367786759925e-01 -1.894995468282787698e-01
1.112457244830331315e-01 -2.676826112171307726e-01 -3.380140238222159588e-01
4.338703604575131489e-01 1.224952640188980008e-01 -8.054733359234916845e-01
3.516780048501056410e-01 7.019450218513656470e-02 -8.999092474919143658e-01
1.496439661106352126e-01 -4.193655693693666697e-02 -1.061408314574806777e+00
5.923737840945770827e-01 3.914959589209438540e-01 -6.177819055855044983e-01
2.151283676105315568e-01 -1.633054790476666518e-01 4.431868297947343938e-01
1.235267594210464476e-01 -3.363307507014039466e-01 1.814663078375967353e-01
2.541493822448748774e-01 8.845892745434616455e-02 -1.051087906409887696e+00
6.953322424738010987e-01 2.951956197610635657e-01 -1.844032996051786222e-01
1.004039076217087267e-01 -1.616393573347691959e-01 -6.347940197597260470e-01
1.114308436803457258e-01 -1.689837025924514902e-01 -6.633102505430110707e-01
1.195789216040005487e-01 -1.771663783917803436e-01 -6.984422181352154535e-01
1.276310845842970887e-01 -1.654199687835236632e-01 -7.330580408162514772e-01
1.767912579848271715e-01 -1.143312090703134248e-01 -7.851596355423957618e-01
1.995284572115971489e-01 -1.080370694542383408e-01 -5.472699910601046547e-01
2.112758669368748898e-01 -1.081456688353188839e-01 -5.411232700946597696e-01
2.215452132966907461e-01 -1.093733564431635663e-01 -5.331024088450219134e-01
3.244273671346163956e-01 -1.112891933720432380e-01 -4.617103611566822918e-01
5.587630140735098117e-01 -2.019392192161359109e-02 -2.401247439944451667e-01
1.232263763434459924e-01 -2.895252104959689099e-01 2.869250204237825397e-01
1.546314874850831800e-01 -2.052190317730323288e-01 4.825756702741906823e-01
1.896495428866653565e-01 -1.785695885348911882e-01 4.755620133502201363e-01
1.881353293541325744e-01 -9.976797980555178469e-02 -5.534883400772583339e-01
5.663050135275389252e-01 9.926639926302838202e-02 -4.430182934212581469e-01
9.997966958943754756e-02 -2.853134170984538698e-01 4.784202840681966440e-01
2.140569718291752688e-01 -7.305858281608385019e-02 -8.488582282588210681e-01
8.025056943114676489e-02 -3.854903583683517709e-01 2.250604359563154744e-01
1.665687864620608860e-01 -3.178816447247394539e-01 3.138513957140178640e-02
1.166291589218561853e-01 -1.043898730164034561e-01 -8.998058113306827144e-01
3.583071558756844577e-01 -2.339809073421980634e-02 -6.704402922405804377e-01
2.918989915403633617e-01 -1.738336493089038537e-01 -1.986848696307363105e-01
2.917736614357431812e-01 -4.521453691086378679e-02 -7.738402122802661154e-01
4.262055808950763747e-01 -1.518573925797916946e-01 -1.796734200633200440e-01
3.440726715614840225e-01 -1.506008422353457832e-01 -2.872215637741002969e-01
4.757956244173330296e-01 -8.245101850316013947e-02 -3.178138070592300690e-01
1.388500296578518700e-01 -8.573518088922534031e-02 -9.888208289670403772e-01
2.035587284637605798e-01 -2.663073495741862806e-01 -1.483081277499001538e-02
4.126457992928559415e-01 4.077642840885181696e-02 -7.211823212979777686e-01
3.315345372049073314e-01 1.023154510186135430e-02 -8.267514264816423486e-01
4.096010447075262850e-01 -2.813165608826545885e-02 -5.519490415853338661e-01
6.256725155347284684e-01 1.399385167431737298e-01 -3.243819715830313921e-01
4.867020426817155188e-01 3.032097241024946793e-02 -5.526700673500711813e-01
6.608511029551460414e-01 2.937192003637493776e-01 -3.734158643264338107e-01
3.878382488883510004e-01 -1.037603740125568885e-01 -3.977819099714657858e-01
1.622056241448384950e-01 -2.838574195658314370e-01 1.248727252528721576e-01
1.625912918650742611e-01 -3.864468165127260546e-01 -1.713171563862582736e-01
2.005505202459215153e-01 -3.159934584218193621e-01 -1.834001864920375702e-01
1.373131502073738075e-01 -4.394461328230771513e-01 -1.163356187325452762e-01
2.056572891737886988e-01 -2.369864894361669583e-01 5.741615144901959233e-01
3.092703109588956778e-01 -2.586774080783561525e-01 6.411515838639373355e-01
3.994022609783096645e-01 -2.566310294939192493e-01 6.523628441981589310e-01
4.711377248908338866e-01 -2.293102074354004816e-01 6.308426097083847939e-01
5.177589295111605372e-01 -1.862059301525757493e-01 5.851946657521300832e-01
5.437936591587387847e-01 -6.797862257324424617e-02 4.231916237982118467e-01
7.252558310685335297e-01 2.413062697953480273e-01 2.093757297819422714e-01
4.973981494015418114e-01 -9.888043356631698311e-02 2.816373367793003624e-01
4.348928687732264153e-01 -1.323829280370751871e-01 2.504750233035945572e-01
3.532254421773075026e-01 -1.564274311127126227e-01 2.526326560206585969e-01
2.755805525453881022e-01 -1.700784381893415687e-01 2.772272031402166492e-01
2.163466549569201258e-01 -1.749496554626381872e-01 3.094894480472294984e-01
1.755333043108040780e-01 -1.816200617083725544e-01 3.389023328888125519e-01
7.299302747840610284e-01 4.718065980031268536e-01 2.438107401204391567e-01
1.998741441327811230e-01 -2.818068878938102539e-01 -2.019850063172620447e-01
1.243954401111384278e-01 -3.742596841658317741e-01 8.696725173823771637e-02
1.197150566598801508e-01 -4.348241898641984626e-01 -1.844702550079427295e-01
8.705315932565230175e-02 -4.024013605204411204e-01 -2.226073806228955065e-01
1.196527535868753267e-01 -4.016596352265101588e-01 -1.942667336107993525e-01
1.842226902751119555e-01 -2.571844784544158324e-01 -2.247770978667927855e-01
7.421122425703266523e-02 -4.175585621758799437e-01 -2.333932959099116744e-01
7.228280195014782916e-02 -3.392593887128124153e-01 -2.414780315849713588e-01
1.753611349950697784e-01 -1.594997311168578069e-01 4.125784346869049712e-01
1.436377989267003386e-01 -1.948412643753735796e-01 3.874059194902894632e-01
1.243862021994051326e-01 -2.370479245681184066e-01 3.661990590974566473e-01
4.712251529705054343e-01 -1.378850705303488744e-01 4.658440396458487509e-01
5.092302841121054691e-01 -1.417324796317194491e-01 5.069182484958458801e-01
-3.268730008203154513e-01 -1.552883905581532720e-01 4.854271541713572335e-01
-2.622484949375882279e-01 -1.613105429520971801e-01 4.836443290335424861e-01
-3.260723214249265922e-01 -1.636417571483090305e-01 5.707309273650378323e-01
-3.923702176585475709e-01 -1.492135881051807056e-01 4.876982861447524131e-01
-3.282553667623581695e-01 -1.469375598653360204e-01 4.009133296623437204e-01
3.540265442222528258e-01 -1.617045429064452866e-01 4.551239112633210238e-01
4.172907826968872969e-01 -1.674368784616993011e-01 4.517935169223584735e-01
3.531139230729199996e-01 -1.702002518293534439e-01 5.380031565586970155e-01
2.902596546680155098e-01 -1.559974153783064976e-01 4.590894775156031948e-01
3.551777812354403596e-01 -1.532252569377295370e-01 3.721929912218010505e-01
