-1.247957646308999087e-02 -2.831161745918058248e-01 -4.518017053729576626e-01
2.184354070813600626e-02 -4.615494504198905945e-01 -2.003682791549950548e-01
2.511103909307728019e-02 -2.887784158130011769e-01 -2.589408729713448265e-01
-3.253427510561021641e-02 -4.186618210745983726e-01 1.278772858048350392e-01
2.164650126885840631e-02 -4.947837675540812663e-01 -1.084239116181575924e-01
2.063400270765301803e-02 -4.857890662847874630e-01 2.232485283751340505e-02
2.280961369696817703e-02 -3.571021056562109219e-01 3.552461919485263020e-01
-4.282704381506071134e-01 -1.129509071351790517e-01 4.472388093228061301e-01
2.326288317380664078e-02 -3.417827605448241490e-01 6.082664792194969472e-01
2.230539424026915102e-02 -3.688317291253953023e-01 7.303265715586414464e-01
2.094650226358060752e-02 -3.574935639621125150e-01 1.159631740208400208e+00
-1.116101897883027202e-02 -2.738481880238869959e-01 -4.756135967184297320e-01
-9.126009559732728080e-03 -2.529545758832861257e-01 -4.991545395593168233e-01
-6.339157664930641575e-03 -2.196413457615296050e-01 -5.164096120762683428e-01
-1.489168385769414592e-02 -1.917867139057026216e-01 -6.703448025547195099e-01
-1.572431723351754018e-02 -1.950608999390339438e-01 -7.083021087235599200e-01
-1.754599673406653446e-02 -2.041675603349479562e-01 -7.468793864940154181e-01
-1.731276357502511618e-02 -1.930255448287187536e-01 -7.804037578487854621e-01
1.234690025020511797e-02 -1.308702080294326386e-01 -8.274291430807517722e-01
2.080310617050195113e-02 -4.226202553387179428e-01 -2.395573096186031647e-01
-4.005155482330986783e-02 -3.338298985096365690e-01 -2.200683442634117359e-01
-6.644555586979908890e-01 1.373737334120486431e-01 8.514522766934027320e-01
-2.544338627204272840e-01 -1.700299510052673824e-01 3.457415006649561251e-01
-3.195915422659446614e-01 -1.630787289883100233e-01 3.394738356305855298e-01
-3.802636376226896653e-01 -1.450888784885851768e-01 3.508877977153367356e-01
-4.544131514862216337e-01 -9.968544890655339774e-02 4.221089363797818073e-01
-1.970171606770343420e-01 -1.656695868864254129e-01 3.691951320286186444e-01
-3.463766318725343685e-01 -2.212609368873008631e-01 6.322988296855023282e-01
-2.719629403942628865e-01 -2.205959535109267289e-01 6.182466454131290146e-01
-4.122021318816289637e-01 -1.975830251857484121e-01 6.178044876753026049e-01
-4.539173480993907717e-01 -1.672173822082342332e-01 5.820120654322080700e-01
-5.091043683776843576e-01 -5.925190444381323029e-02 3.692414606492657181e-01
-2.224858449828250317e-01 -2.606720318605831518e-02 -9.021503160493182794e-01
-4.491080373286858163e-01 -9.653118014106068512e-02 4.833339782029529852e-01
-6.855026842320510738e-01 2.126405220803098683e-01 4.622349220290490335e-01
-5.786657448160643646e-01 -3.888036272623550133e-03 4.515298008957120413e-01
-2.977035638129824635e-01 -1.782116326743272139e-01 -4.454857041156835840e-02
-8.401836087856327795e-02 -2.691750311480522462e-01 -4.349867413857685383e-01
-7.182277110276830134e-02 -2.380039217522182393e-01 -4.929097106317854582e-01
-1.470211978875874403e-01 -2.215506322245236193e-01 -4.527631199768543113e-01
-1.888902158762401640e-01 -1.693813923277580069e-01 -4.788035316092068561e-01
-1.238067609730822971e-01 -2.034883550731158564e-01 -4.956940596382739539e-01
-1.643265366157785345e-01 -1.521411281613007649e-01 -5.101019143682680168e-01
-2.855038604475559350e-01 -5.402710616428265528e-02 -6.241787964638088049e-01
-3.227605776755716055e-02 -4.547177506596548624e-01 -1.937431030050367209e-01
-4.181157265840798609e-02 -4.855304732522270905e-01 -1.041796088722062863e-01
-5.385869604971571523e-01 -1.581720613304187784e-01 6.697684372679006959e-01
-1.671959845979062997e-01 -2.189078567608965242e-01 1.795827927032358218e-01
-1.792970873062660342e-01 -3.024590477719499848e-01 -1.337224528547115154e-01
-1.843050987054662415e-01 -2.903132204251083204e-01 -7.941804452818322646e-02
-4.846465264719110877e-01 -9.820469364785035238e-02 -7.529452646622199208e-03
-3.774355037136724322e-02 -4.650017582103965208e-01 1.819818947335222897e-02
-3.934782522622248258e-01 -2.761839587353098202e-01 7.542466211869751636e-01
-4.792910017543843271e-01 -2.234731780321189132e-01 7.295121005790712321e-01
-6.010142870463848208e-01 -3.912611431622091233e-03 9.889951816621169733e-01
-1.140252672629492176e-01 -3.239551914331271210e-01 6.454633802213833871e-01
-2.060522381768422062e-01 -1.990431993090895357e-01 5.726351339334553314e-01
-3.345211710460736509e-01 -4.704066386000127498e-02 -5.104632959155653849e-01
-6.066767547352313050e-01 4.855071899886833631e-01 -3.659135012280966270e-01
-1.313603319998261632e-01 -2.709606763460851164e-01 -1.857991442500893930e-01
-8.097670172906719366e-02 -2.707537604120667796e-01 -2.145958556656555605e-01
-2.433456925776196766e-01 -5.761966125427964158e-02 -5.393036042360453974e-01
-2.294321157949177348e-01 -7.444540161709131687e-02 -5.507829405721276217e-01
-5.108816989862767777e-01 -2.012282044167560402e-01 7.943924204920314036e-01
-1.831365174184712008e-01 -2.620782338131620870e-01 -1.675408641595822756e-01
-2.752905151788818117e-01 -3.111971686488659294e-01 7.353618936551826746e-01
-2.850363576833019885e-01 -3.329108304912430927e-01 8.077969323568540139e-01
-3.452125301969128923e-01 -2.677472378587126833e-01 1.148286497259147110e+00
-5.549582676794461156e-01 -1.170835875399384440e-01 8.795209242789102655e-01
-3.075797331442987614e-01 -3.036465447660440242e-01 9.697498538476267971e-01
-5.731510445743953630e-01 -1.103802522843586320e-01 7.224816372085735017e-01
-6.180091561318798998e-01 7.250182902573313812e-03 7.701601932462310840e-01
-7.964728751803608342e-02 -2.603274740918365415e-01 -4.671468800060856186e-01
-1.357351578223126853e-01 -2.149792894703754231e-01 -4.749511778166692899e-01
-1.773760834665525921e-01 -1.658474164865748057e-01 -4.939185967227549545e-01
-1.165161577067401755e-01 -2.545703342654260237e-01 -2.009761387052911019e-01
-2.360781451187268787e-01 -6.626858658422438153e-02 -5.450914097016107407e-01
-2.130783808855983841e-01 -1.039116155627947818e-01 -6.012802701805619598e-01
-2.215197462552159491e-01 -7.681680555026114410e-02 -5.553062067682237313e-01
-1.024455689204205461e-01 -3.640428230781548313e-01 -1.718924547093926558e-01
-1.543535515285960058e-01 -1.395979159200819442e-01 -5.225809221787750536e-01
-1.132234561489689484e-01 -1.762742610450429848e-01 -5.124394729170125284e-01
-6.402818231182595687e-02 -2.084198701809964749e-01 -5.108679175989405685e-01
-7.338216255170862401e-02 -1.254784240279046836e-01 -8.180918118747124712e-01
-9.125121553344717196e-02 -1.890045969944949555e-01 -7.668447861607853300e-01
-8.835550121013679981e-02 -1.999515139917498463e-01 -7.316537698536946799e-01
-8.097774770546448120e-02 -1.896458537626494190e-01 -6.908760570416191404e-01
-7.263506236072528321e-02 -1.862402004415153189e-01 -6.549328765156986476e-01
-1.603683513169928410e-01 -1.361941982426399245e-01 -6.143458304215996257e-01
-1.735046291440647259e-01 -1.426635857143461195e-01 -6.306164217397816074e-01
-1.868103678781801724e-01 -1.493136889682874502e-01 -6.499085281161174343e-01
-1.961562122840510847e-01 -1.355531200394114733e-01 -6.709105435538348372e-01
-2.519798130456602503e-01 -1.577418642477174671e-01 -3.696412181362633831e-01
-6.785780412425771457e-01 5.155088986226066261e-01 1.053591299851913687e-01
2.462667572610881955e-02 -3.355134958438995563e-01 -2.459266324501219181e-01
-1.884642984849658198e-01 -1.028424633987817943e-01 -5.882538707737431372e-01
-2.007889697134611628e-01 -1.065619790533621353e-01 -5.950467642799205370e-01
-5.972631227070880622e-02 -2.710569985066609844e-01 -2.494197658201366408e-01
-1.599867881619327914e-01 -2.091240896016431372e-01 -2.155631039253327885e-01
-7.002216209625986010e-02 -2.719494512960133337e-01 -2.325078259950150716e-01
-2.333211258117815490e-01 -1.898148415105483933e-01 1.337434360650397724e-01
-3.372992668413596906e-01 -1.618229445999087301e-01 8.130683744198946572e-02
-1.947372923325126626e-01 -2.496020344365510735e-01 -1.136974391577099119e-01
-5.002629295455196523e-01 -1.460654934961831963e-01 1.091172168983472801e+00
-4.561938865994580872e-01 -2.178837578727382263e-01 9.507203069792857786e-01
-4.135051612379839758e-01 -2.744825127433863088e-01 8.276689662353894361e-01
-2.282211111623502209e-01 -8.269274201297202587e-02 -7.120187394774584178e-01
-1.319541353198413758e-01 -3.624083845127038517e-01 7.676176041275251105e-01
-1.534627056214968865e-01 -3.512017108752742978e-01 9.577811301545172684e-01
-1.776442898938598858e-01 -3.372744796584257188e-01 1.166747393826844892e+00
-4.290187721626060879e-01 -1.198703537754595844e-01 3.776815756866188645e-01
-5.801870208385413452e-01 -1.434623377489848382e-02 3.112072925705702264e-01
-1.588227398144731461e-01 -1.610052662038462812e-01 3.922254333841940777e-01
-5.120206551100543457e-01 -1.101358196108579712e-01 5.486729921074118277e-01
-1.229221786159571256e-01 -2.494365277283341897e-01 2.333713847446881595e-01
-1.421323797781179898e-01 -3.690310419674450726e-01 -1.115037937578917948e-01
-6.368477138024483120e-01 6.182575418006651391e-02 2.595045737468201219e-01
-5.404126709085846914e-01 -6.336388904402656674e-02 2.342547962783446958e-01
-4.614940433204069992e-01 -1.178370981819737429e-01 1.866116398861376591e-01
-3.391595001244396279e-01 -1.493872149219405698e-01 1.904905550867617703e-01
-2.482434973374776366e-01 -1.695064934842234472e-01 2.224838358508705871e-01
-1.802086732887572262e-01 -1.920133153164115536e-01 2.598758348959588349e-01
-3.757886999769487202e-02 -3.299320083840974194e-01 3.401213132660281246e-01
-6.248391300009917826e-01 6.841758233431885494e-02 6.385096733359761634e-02
-5.630627805765765492e-01 -8.166375851488089088e-02 5.711188587856610432e-01
-1.282111684234374209e-02 -4.188657407802297561e-01 -2.342289186537866719e-01
-1.624468200759110470e-01 -2.332740600282829091e-01 8.051553974047863382e-02
-7.028403331798545040e-01 4.143250495756573559e-01 5.052356182421801067e-01
-1.272071210113054351e-01 -2.079323310703452277e-01 3.030286223428086956e-01
-1.986348827323851929e-01 -1.874618509763715801e-01 -1.084762729173155693e-01
-4.745168708650002176e-01 -8.419845166060965780e-02 4.835777724984599568e-01
-1.455404531791206213e-01 -3.533402474809587135e-01 -4.567749699298827293e-02
-6.505366894223728602e-01 5.168109126003834763e-01 -1.220508296885196436e-01
-1.552249698038361547e-01 -1.504973820766237758e-01 4.257938932112418362e-01
-9.418750987744070602e-02 -4.223765836022760345e-01 -4.423202921494962143e-03
-4.859460318673187174e-01 1.850500879409729960e-01 -6.449755804068735277e-01
-4.798017371791271635e-01 3.094728766389369112e-01 -7.289832256999240201e-01
-6.742961897790766823e-01 2.937541783900319836e-01 8.011597755442965985e-02
-5.590411646698069115e-01 2.475256641211333875e-01 -5.055973702255146529e-01
-6.543352206827368622e-01 1.258284907470019198e-01 6.321376712197825931e-01
-2.340746044509772195e-01 2.154316205420055835e-02 -9.738213777170485752e-01
-1.686964490928933571e-03 -3.306960530564702072e-01 -2.408560290104834467e-01
-2.198729591672644035e-01 -2.001246073587541474e-01 2.010157036209901660e-02
-6.331504217591279460e-01 6.056281791618570165e-02 4.478932563163910419e-01
-3.699556934831091937e-01 -1.459417666300441840e-01 3.998505862212833883e-01
-3.163997892981735838e-01 -1.611981284055180041e-01 3.878129855117765090e-01
-2.232489641197208385e-01 -9.167842932508399323e-02 -6.069412464431610532e-01
-6.095487231790784888e-01 1.130320579741116854e-01 -1.174304486357160698e-01
-1.149539653608875889e-01 5.096209692399251978e-02 -1.090388177264939529e+00
-3.048922254698737122e-01 1.658844015068288991e-01 -9.549501502896433625e-01
-3.863277771313695097e-01 2.299685356472212228e-01 -8.639586349106948004e-01
2.149358786811557398e-02 -3.674017774467882025e-01 9.410849615554144343e-01
1.892118036934522726e-02 3.152750006032961627e-02 -1.110004933023331253e+00
-2.615307616992543771e-01 -1.654714984714845127e-01 3.939515816514967406e-01
-2.077206992970181132e-01 -1.602390734745044731e-01 4.096449722945429417e-01
-1.720219445908830747e-01 -1.499252461119866542e-01 4.185446458270086212e-01
-6.070141590638913343e-01 -2.093633459987223611e-02 6.054468101277429293e-01
-2.198694202742792481e-01 -1.805026552511691529e-01 5.057531580571212881e-01
-2.792238528775156103e-01 -1.926844805564812413e-01 5.409576277103389508e-01
-3.359626105356269266e-01 -1.896297141045150958e-01 5.495471655957299140e-01
-3.894027615626685090e-01 -1.720386087451929447e-01 5.370772938475472102e-01
-4.210876500897100527e-01 -1.489905304027697719e-01 5.145966515170734557e-01
-6.949484525025912962e-01 2.875031494948452893e-01 7.004677518119372115e-01
-4.049882254537233162e-01 -1.280170496796915747e-01 4.221354379224868669e-01
2.430000643614717640e-02 -2.732724600122125036e-01 -3.239509855670152927e-01
-1.861093157194839420e-01 -1.995735707433383133e-01 -3.356336948584598412e-01
-1.309853894962229592e-01 -2.965579715255358684e-01 -1.746407953636489874e-01
-6.576774531880466568e-02 -2.645684295359111426e-01 -3.241182702504512014e-01
2.313325255317813522e-02 -3.259533967465143012e-01 4.850519910293741854e-01
-4.032475442276901023e-01 1.382965687709863944e-01 -7.739623094257761515e-01
-3.228502142657623253e-01 8.469961558833435933e-02 -8.755580755511036539e-01
-1.225096990550368636e-01 -3.522597891039117024e-02 -1.045311168113225664e+00
-5.480641457754642509e-01 4.063595838155636963e-01 -5.714739378042683615e-01
-1.758931052836513464e-01 -1.633722928536603947e-01 4.563350161428335605e-01
-8.046632585174004482e-02 -3.312474014678435941e-01 1.887991237120976162e-01
1.391344334634165777e-02 -5.259571441904084543e-02 -1.063467897565823383e+00
-2.177832055294386671e-01 9.724180061241312345e-02 -1.035022569813218274e+00
-6.516373598009440604e-01 3.104164213989987764e-01 -1.239863455196328901e-01
-1.208849881774046453e-01 -1.644311657700762153e-01 -6.337312546265612134e-01
-1.342549523241571008e-01 -1.704058244279076928e-01 -6.608746935740300588e-01
-1.451067173269563748e-01 -1.780734386132335756e-01 -6.961760281844201481e-01
-1.515647029768061871e-01 -1.659141192338521864e-01 -7.307938253095285219e-01
-1.603135224312690343e-01 -1.117191747159881204e-01 -7.786164008386309288e-01
-1.978390185500603082e-01 -1.102871789786029622e-01 -5.287349885953461781e-01
-2.100670167386180787e-01 -1.114583417242666630e-01 -5.205223506148308754e-01
-2.203391602066930854e-01 -1.127028759765041632e-01 -5.115070976956067605e-01
-3.057087153586158235e-01 -1.034362316732924808e-01 -4.281653099723831679e-01
-5.315708737075099943e-01 -5.661626707604059880e-03 -1.905718361045363740e-01
-7.913127474008281592e-02 -2.857218278156914426e-01 2.936022802381178520e-01
-1.109742786165747730e-01 -2.011361036069146957e-01 4.928483963405110857e-01
-1.502791354105016408e-01 -1.779407655066030935e-01 4.877012298379861388e-01
-1.855002711551060057e-01 -1.041268913338946889e-01 -5.364357195355546892e-01
-5.357353593530220781e-01 1.147080693476715541e-01 -3.953650944368640729e-01
-5.906328026200877851e-02 -2.819780672703885993e-01 4.828536038833676214e-01
-1.939704477894253487e-01 -6.498752164291643485e-02 -8.362641203536915757e-01
2.135140686962202355e-02 -4.414797369846455988e-01 1.358498400664980843e-01
-3.633669616185041668e-02 -3.798373876684529860e-01 2.278918965551210984e-01
2.226764044891332839e-02 -3.972525936211715458e-01 2.414553236002811853e-01
-1.256865766586860444e-01 -3.103685301369759619e-01 4.437693917424794660e-02
1.213631218240887079e-02 -9.847550012356573457e-02 -9.902401893097990682e-01
1.235153550546552910e-02 -1.132682793963298434e-01 -9.032696878125482387e-01
-9.358252066282758685e-02 -9.784263785089854226e-02 -8.907594887233881709e-01
-3.402711691298251351e-01 -1.222342978783947688e-02 -6.389030853111044017e-01
-2.549995480446864415e-01 -1.625864196983505816e-01 -1.730067423552569816e-01
-2.738176426473012404e-01 -3.443997647173260845e-02 -7.537991378921485852e-01
-3.987981790013692684e-01 -1.378662517505388485e-01 -1.407976497052758624e-01
-3.151017079317528502e-01 -1.394065511893158582e-01 -2.554443405597409678e-01
-4.520111838676933447e-01 -6.857026242196931354e-02 -2.755514973375081667e-01
-1.145991663849114661e-01 -7.916174102823279879e-02 -9.733765845931812155e-01
-1.633278700408721529e-01 -2.582643784059989733e-01 8.777350525446320955e-04
-3.876805722544701127e-01 5.540801010960149514e-02 -6.908121328080596424e-01
-3.065724112338574781e-01 2.410795670169909449e-02 -8.032348247136376074e-01
-3.916519462155246822e-01 -1.822490269307884200e-02 -5.121473049079665607e-01
-5.910917686693896167e-01 1.555000030101377217e-01 -2.708609261322796335e-01
-4.634442163410166238e-01 4.474282248706855369e-02 -5.128500320841857807e-01
-6.184776637534075139e-01 3.075376056489100840e-01 -3.173820187520264846e-01
-3.674555960836600743e-01 -9.299004846079503284e-02 -3.599629546855535045e-01
-1.202836576528265450e-01 -2.795956008933733195e-01 1.363928884212826098e-01
-1.222073819611085022e-01 -3.780821487022363869e-01 -1.572255486872558561e-01
-1.592525734578086605e-01 -3.046242520310989965e-01 -1.666863514706616312e-01
-9.570114069650680066e-02 -4.300350466628985457e-01 -1.045014145790478383e-01
-1.632484465312180888e-01 -2.310558460682999860e-01 5.866581996715285463e-01
-2.702343479574152996e-01 -2.467717562425542632e-01 6.575811357642399324e-01
-3.624261237737432806e-01 -2.419277732798176539e-01 6.734447331750467169e-01
-4.373271969694632610e-01 -2.134313228081307079e-01 6.567165297054812223e-01
-4.877768191716362334e-01 -1.700597553529398231e-01 6.165318897363669670e-01
-5.190891832168487152e-01 -5.449404947575316183e-02 4.672698420601719693e-01
-6.894045451947664604e-01 2.550267243536863404e-01 2.744019501824120355e-01
-4.765773726405562183e-01 -8.714096919647193462e-02 3.215396549456800424e-01
-4.146309771683990286e-01 -1.217789071332229522e-01 2.834093875253072548e-01
-3.306934527253832523e-01 -1.486073444458713699e-01 2.747934984600332586e-01
-2.493347306680883946e-01 -1.648687219650518676e-01 2.913250359667275413e-01
-1.847631539004555012e-01 -1.701944423349062707e-01 3.195089740197754602e-01
-1.399711464748074063e-01 -1.783995971675637615e-01 3.458443233341840228e-01
-6.934413917802063620e-01 4.843681335570792501e-01 3.114292423820945732e-01
-1.588594838388489583e-01 -2.702209427966201782e-01 -1.857105477813678629e-01
-8.116530947843982047e-02 -3.690448690345515259e-01 9.519121963851044643e-02
-7.893907701409816347e-02 -4.258257651745189221e-01 -1.737078169067932942e-01
-4.682922268808040189e-02 -3.934369874175863147e-01 -2.139773212594415497e-01
-7.912047887667239543e-02 -3.931822555243351669e-01 -1.830600402562113649e-01
-1.415289187742157784e-01 -2.448179540094821416e-01 -2.098681640083532030e-01
-3.378981550894552544e-02 -4.094568464851475187e-01 -2.259326670724220443e-01
-2.418011002071347032e-02 -3.313871419313019762e-01 -2.340256348352919291e-01
-1.344039153237639450e-01 -1.581530080500430091e-01 4.212257958728898299e-01
-1.045954540513964054e-01 -1.921141364363936066e-01 3.935052837422661209e-01
-8.740275021912660702e-02 -2.331420309490647713e-01 3.700489847469669580e-01
-4.375101442979613120e-01 -1.256917431438036303e-01 4.973416475637488787e-01
-4.776919596784614530e-01 -1.265859034380514836e-01 5.402651532244179267e-01
7.536547450682183624e-02 -4.182802776418702573e-01 1.231852715497285949e-01
4.578250624209675435e-01 -1.226682891753389515e-01 4.157716167695945098e-01
8.600357199196982660e-02 -3.377153273387810684e-01 -2.257014113806170841e-01
6.735750320760774956e-01 1.180021617161724767e-01 7.806196677065428968e-01
2.793756818390051300e-01 -1.726308730969354777e-01 3.405613094770537641e-01
3.411413399242752553e-01 -1.680099449165286807e-01 3.316469448005219256e-01
3.999055389329251309e-01 -1.523514633600840662e-01 3.346141430336427303e-01
4.777571828200611881e-01 -1.091838675427713873e-01 3.883015428444628880e-01
2.282855498705957942e-01 -1.678398391406348833e-01 3.630800427111453010e-01
3.741674240965748854e-01 -2.292330623363033060e-01 5.948715803366045884e-01
3.012383952838201817e-01 -2.269707988644799612e-01 5.831116660799003926e-01
4.399550564575246403e-01 -2.089024954375652832e-01 5.776838240235824262e-01
4.805662575202229170e-01 -1.807792264573756524e-01 5.379380689434606344e-01
5.235624634063812399e-01 -7.143528268106819068e-02 3.253527139741431151e-01
2.446141577279196122e-01 -3.650211644414078777e-02 -9.140201245523982276e-01
4.800199241170977071e-01 -1.068582772981631068e-01 4.453429306734432713e-01
7.073294413295739824e-01 1.947131472272089492e-01 3.939657235719009054e-01
5.888854107475088862e-01 -1.903318424627344768e-02 3.954866385926109063e-01
3.286227374358953179e-01 -1.864937472303833110e-01 -7.334076961326005395e-02
6.144172824672020083e-02 -2.709930296546255724e-01 -4.406054673905919206e-01
5.709671674699759447e-02 -2.368507315333550911e-01 -4.987677536911335752e-01
1.342535124479399822e-01 -2.199467535682524122e-01 -4.641946048583819318e-01
1.850898218200331125e-01 -1.653370056711852276e-01 -4.907144821529481615e-01
1.156160026096841320e-01 -1.990294603822951314e-01 -5.038659245072668602e-01
1.640340119604303815e-01 -1.479512740134076854e-01 -5.169135899494343711e-01
2.994059945989439031e-01 -6.042177450202638328e-02 -6.451567942637730368e-01
7.401400561948030810e-02 -4.578851788768940612e-01 -1.986884340024511197e-01
8.206910093714095411e-02 -4.890458034815517441e-01 -1.100331074798606562e-01
5.552142625374097973e-01 -1.728549432578433132e-01 6.246289554269471855e-01
2.044725629540912470e-01 -2.208474687575169015e-01 1.625237350031959183e-01
2.180997348690977555e-01 -3.092162822074727702e-01 -1.497464921130207960e-01
2.217873360198134303e-01 -2.970445532517730913e-01 -9.602606394969193104e-02
5.073991893762828109e-01 -1.093717125797046552e-01 -5.360677228030243102e-02
7.890088086111922416e-02 -4.656686230235475565e-01 1.328723569448069658e-02
4.241506291625278813e-01 -2.902705446607556361e-01 7.210384856084522953e-01
5.035009121026663426e-01 -2.386148020282767568e-01 6.924425114802467141e-01
6.141611699619511366e-01 -2.286991884029533281e-02 9.225615893410928914e-01
1.583923686177727275e-01 -3.274793315648199532e-01 6.274817423425100849e-01
2.394291057837710790e-01 -2.021991751140233551e-01 5.402469742944718822e-01
3.492891321338785771e-01 -5.348631654463460727e-02 -5.365791380964787249e-01
6.473356188629446617e-01 4.662409381726396740e-01 -4.161228968043410026e-01
1.736717458924783020e-01 -2.780991235882896984e-01 -1.978750751726310875e-01
1.272008906929888439e-01 -2.795201372999545630e-01 -2.235201724891144603e-01
2.549757804968874608e-01 -5.314204725833845955e-02 -5.592049024337820695e-01
2.387664604364077015e-01 -7.203428379030268891e-02 -5.671742702413298254e-01
5.325765165968090464e-01 -2.169611968423816872e-01 7.490164275628041768e-01
2.203605051371299028e-01 -2.699482719061325198e-01 -1.835887774032754771e-01
3.139403034696081063e-01 -3.232914623479377081e-01 7.070440219240456958e-01
3.237762160267136369e-01 -3.456625818195814270e-01 7.741995269828423343e-01
3.733192246150202620e-01 -2.804935240611751701e-01 1.105623275818427009e+00
5.740133996278906636e-01 -1.329319299584344749e-01 8.238868602167287447e-01
3.407491051524021985e-01 -3.143904148204282323e-01 9.347202485564434227e-01
5.885357024196092857e-01 -1.252015291262710550e-01 6.664561531374438852e-01
6.353635289621450966e-01 -8.757879746398940582e-03 7.089763853831185791e-01
5.987797385912729115e-02 -2.607766264246748622e-01 -4.728877035532931261e-01
1.249222180918568292e-01 -2.120226600581247844e-01 -4.853583094485849347e-01
1.745545254840663585e-01 -1.619007222793990841e-01 -5.035036134768984262e-01
1.603827322009488965e-01 -2.626963428195328021e-01 -2.118546080821259447e-01
2.466942792390182382e-01 -6.346010405021107470e-02 -5.634286915168459364e-01
2.084980155965474591e-01 -1.024818605610064576e-01 -6.257552599251604564e-01
2.304729574593696040e-01 -7.392577186952406509e-02 -5.692710430029128688e-01
1.426504617655136031e-01 -3.662571574654699402e-01 -1.824608361836631276e-01
1.556039045390125997e-01 -1.354188189137508769e-01 -5.267782689607896085e-01
1.090340686877706994e-01 -1.705010857922137080e-01 -5.167830867199220135e-01
5.460438148005650194e-02 -2.046739654926920116e-01 -5.155984006634584116e-01
9.379178605937235624e-02 -1.283314667092737005e-01 -8.259660460001272408e-01
5.862641002650705729e-02 -1.884871365457745918e-01 -7.752037570960297330e-01
5.481763427683956913e-02 -1.981055140334859743e-01 -7.407747873157460861e-01
5.155479652257765472e-02 -1.871185223414310594e-01 -7.017212402865700138e-01
4.581519487094053156e-02 -1.830239884081658330e-01 -6.659464564669368425e-01
1.461317224571214990e-01 -1.329393478104829995e-01 -6.384491818047963729e-01
1.576713011390808439e-01 -1.413394367671861052e-01 -6.555355769479148664e-01
1.688148826089682364e-01 -1.487495696981187554e-01 -6.755163424166283903e-01
1.801565751775253965e-01 -1.352126368571832660e-01 -6.954997799572220085e-01
2.802597303570349974e-01 -1.643210683989169141e-01 -3.912171211188479325e-01
7.139489331922778126e-01 4.948433762494260924e-01 3.887929371343414042e-02
1.844094168522492638e-01 -9.852328993681128133e-02 -6.109002316461302762e-01
1.957530468043258143e-01 -1.043088216355258918e-01 -6.194971514986357120e-01
1.078625584011786015e-01 -2.760854506004415398e-01 -2.563286971947037474e-01
2.019232559052528131e-01 -2.193609638128187211e-01 -2.299003695250300405e-01
1.172926738690594911e-01 -2.792515105314057333e-01 -2.407772023051487909e-01
2.676383833023339154e-01 -1.929802842275184782e-01 1.105923170867851857e-01
3.672663737270018824e-01 -1.689271602773127490e-01 4.801856458023252144e-02
2.324643105443517099e-01 -2.570686805381556805e-01 -1.312441318491625319e-01
5.200448933713698318e-01 -1.642022453848865637e-01 1.032868892121091120e+00
4.813098132800900930e-01 -2.330495120421618438e-01 9.023624841041323341e-01
4.441601572461573166e-01 -2.891818796406656622e-01 7.882295503486773658e-01
2.415264102429681703e-01 -8.704451364675348801e-02 -7.268022006145560265e-01
1.785609527692411103e-01 -3.679901296045977044e-01 7.401385928550877624e-01
1.914955916979258488e-01 -3.574860979431565555e-01 9.385033102255305737e-01
2.123821530283180881e-01 -3.459669266163041823e-01 1.142841559498603221e+00
4.494819355580029763e-01 -1.289002498581120204e-01 3.521317003351543962e-01
5.870966720619517076e-01 -3.041235757278179519e-02 2.558862423199782521e-01
1.947763844077663731e-01 -1.606415814884610271e-01 3.847814834550681296e-01
5.331247613007870090e-01 -1.235953399619878212e-01 5.006595165319922547e-01
1.624658584242488768e-01 -2.501475316455532005e-01 2.205672635369179402e-01
1.810097472586615075e-01 -3.745933455459774519e-01 -1.258729882199797756e-01
6.598769777771025247e-01 4.506217996826916705e-02 1.971970021416467878e-01
5.469662228918690250e-01 -7.689318623763899407e-02 1.847584759561501089e-01
4.700169519198323376e-01 -1.288651595690187279e-01 1.457588981781745008e-01
3.545074848845416460e-01 -1.558386616299824445e-01 1.628730077021767475e-01
2.693876416796517903e-01 -1.733461774410731127e-01 2.063622728472513379e-01
2.061499683649764270e-01 -1.947316629542198696e-01 2.501680573534324492e-01
8.231355332979872763e-02 -3.303421018733133652e-01 3.343732337046719238e-01
6.502307618296314651e-01 5.351609297830263456e-02 4.508991640319254604e-03
5.762524885768744998e-01 -9.603796535458808403e-02 5.155409912835490216e-01
5.329683839962141845e-02 -4.195963445136524084e-01 -2.368634705902748494e-01
2.009713733646691924e-01 -2.355548989552688210e-01 6.448585250866029073e-02
7.255495139898264778e-01 3.959477318405923429e-01 4.331330157169831496e-01
1.593968169440388161e-01 -2.089844424616265073e-01 2.985490792874714860e-01
2.398490992141225908e-01 -1.950446981970075377e-01 -1.266713445589841003e-01
5.021882067857443843e-01 -9.482489138173441634e-02 4.420857669785430155e-01
1.830117303776404025e-01 -3.589664900458304775e-01 -5.984382000088428466e-02
6.905901490049813907e-01 4.952462426322924993e-01 -1.809395069523233590e-01
1.947957064648245529e-01 -1.485678940017077787e-01 4.144928994917431719e-01
1.320694255845601128e-01 -4.254130433757621343e-01 -1.433231113166547749e-02
5.123143936204631599e-01 1.668692268122775046e-01 -6.771715580612357455e-01
5.128968670947320341e-01 2.900786082454345216e-01 -7.575667896807898316e-01
7.100214488525053991e-01 2.756864936758318674e-01 1.653579133124892867e-02
5.887847688119818290e-01 2.288331823610193494e-01 -5.479633843836339002e-01
6.744266957904276882e-01 1.091110541387931288e-01 5.664830151555997340e-01
2.594164448590633443e-01 1.069919399534126347e-02 -9.829875640727372410e-01
5.147783555435528347e-02 -3.324830515959271704e-01 -2.433044491895038630e-01
2.551690565390637433e-01 -2.054774741735325150e-01 -1.427027392735970464e-03
6.368876122077494761e-01 4.490592394287893502e-02 3.801230865662626468e-01
3.975358842444384755e-01 -1.533620636859698849e-01 3.809326339730822464e-01
3.444483682247271306e-01 -1.663664949598554210e-01 3.750199315580532433e-01
2.215262096831586147e-01 -8.990021067852460579e-02 -6.316166584111609916e-01
6.370943910687549838e-01 9.770119490369530424e-02 -1.720833451307773876e-01
1.499616205563403248e-01 4.528530998146884645e-02 -1.092825922046305243e+00
3.387811820119006057e-01 1.524550021109660480e-01 -9.651401545597297904e-01
4.202135285903401685e-01 2.139059227011265163e-01 -8.809352271817856295e-01
2.918085147016183933e-01 -1.689631763527565389e-01 3.826996576762664026e-01
2.424513651892028221e-01 -1.609021455500258546e-01 3.980015523573050551e-01
2.106690301827473799e-01 -1.485159305097739080e-01 4.066242528668679856e-01
6.155229718195278643e-01 -3.523988064262015274e-02 5.400988414007892313e-01
2.520330000727044606e-01 -1.816365344820566607e-01 4.757107953715044024e-01
3.061729559885311147e-01 -1.971056777977768237e-01 5.032464310727169376e-01
3.621237201419489349e-01 -1.965829071504768544e-01 5.093482464471152937e-01
4.162293622346537880e-01 -1.814328913490124706e-01 4.963260455761081547e-01
4.483959583047371633e-01 -1.592948908532513530e-01 4.745282915555709136e-01
7.104045452171764419e-01 2.681301849030044426e-01 6.282389375521512109e-01
4.335179743699540955e-01 -1.366846198624086794e-01 3.966189671445456422e-01
2.245040464523868073e-01 -2.050243823130115661e-01 -3.520780193889734289e-01
1.728197335124467826e-01 -3.034967905637743213e-01 -1.872364190860562605e-01
1.111885959110788802e-01 -2.649807524789492552e-01 -3.313699625157086603e-01
4.291972485449958574e-01 1.211758266282326052e-01 -7.967973380200015221e-01
3.478893683361737876e-01 6.943754267390303547e-02 -8.904205095414898796e-01
1.480321026173485044e-01 -4.148484473685496582e-02 -1.050121062437618491e+00
5.859931347321013506e-01 3.872790268229938659e-01 -6.111275771397441936e-01
2.128111504775305751e-01 -1.615464629859296730e-01 4.382658823252720826e-01
1.221962127967503170e-01 -3.327080235523219298e-01 1.795116756230997201e-01
2.514118571596400953e-01 8.750610710665386593e-02 -1.039766299073413780e+00
6.878425943010170185e-01 2.920159697207690974e-01 -1.824170321037182074e-01
1.000625811701724294e-01 -1.604408891998123365e-01 -6.528825356686241976e-01
1.108166824079715035e-01 -1.677423573685172253e-01 -6.807156801252557399e-01
1.186588359152092875e-01 -1.758475602750722566e-01 -7.148681513970464030e-01
1.264986775986522982e-01 -1.641946799107936172e-01 -7.462017201077197903e-01
1.750077675200334693e-01 -1.134550014174957600e-01 -7.904500899824581372e-01
2.030602788115418722e-01 -1.071601605710333638e-01 -5.362430932083634971e-01
2.149656347630006514e-01 -1.071009272012445196e-01 -5.296365071932864765e-01
2.252819786915729039e-01 -1.081884305417328829e-01 -5.209207251194570842e-01
3.249562888315093434e-01 -1.093033208920656807e-01 -4.507723486786089362e-01
5.527032110346892235e-01 -1.988116501526508706e-02 -2.374072928211244660e-01
1.218990652423010274e-01 -2.864066409384126155e-01 2.840819834477797956e-01
1.529659017881259409e-01 -2.030085512970067618e-01 4.745207195751214302e-01
1.876067664043077343e-01 -1.766461578196305837e-01 4.671355179261635904e-01
1.914838943659341874e-01 -9.903534334094345193e-02 -5.432056556280222548e-01
5.602255485201671492e-01 9.846099550630220409e-02 -4.377195769132370406e-01
9.890275627531880387e-02 -2.822402141279720666e-01 4.728382002054183353e-01
2.117573673013146973e-01 -7.241422222458139546e-02 -8.479678271648474208e-01
7.938616462724105982e-02 -3.813381172067631386e-01 2.226362373071499590e-01
1.647746202621303280e-01 -3.144576388551081347e-01 3.104708026288753586e-02
1.154078839607219492e-01 -1.034062285754684257e-01 -8.978645378185607928e-01
3.574772555319499778e-01 -2.290512547245723493e-02 -6.657254380107200387e-01
2.887548532204576857e-01 -1.719612309247328386e-01 -1.965447707256495202e-01
2.890786700003261656e-01 -4.484736828768592920e-02 -7.725892052026193113e-01
4.216132718598999407e-01 -1.502181939075261097e-01 -1.777332948841297278e-01
3.404512349366428103e-01 -1.487994516912558574e-01 -2.837466332096420518e-01
4.706733418211829223e-01 -8.104829611080426044e-02 -3.134338435833525227e-01
1.373570470966307688e-01 -8.481983882888499693e-02 -9.804556537493271939e-01
2.013661316509494370e-01 -2.634388670958803247e-01 -1.467106413085686803e-02
4.089756083275551957e-01 4.034293813608749030e-02 -7.141050245618427716e-01
3.280671372471651859e-01 1.008479872771391415e-02 -8.202978125622198968e-01
4.085643272405879434e-01 -2.698894552301107225e-02 -5.440408486438443880e-01
6.189327995082012368e-01 1.384321095979171856e-01 -3.208866896351623144e-01
4.825898322132868845e-01 3.054922726105735453e-02 -5.452330185251665906e-01
6.537328622733660222e-01 2.905554586597161593e-01 -3.693936814401764246e-01
3.850094606375800144e-01 -1.018901151789175091e-01 -3.913199721838799272e-01
1.604584549755079248e-01 -2.807998996150540272e-01 1.235276834688887465e-01
1.608399685441601612e-01 -3.821855634503238952e-01 -1.694153548576030621e-01
1.983903258154620652e-01 -3.124056806611609782e-01 -1.813251749338913865e-01
1.358341059149776875e-01 -4.347127165873710397e-01 -1.150825302073101158e-01
2.034420880857444602e-01 -2.344338314129098544e-01 5.621526092342733483e-01
3.059390605466770774e-01 -2.558911101643376318e-01 6.282779370681725872e-01
3.951001702202289190e-01 -2.538667737846044270e-01 6.398707553359928024e-01
4.660629482807283064e-01 -2.268402331249771975e-01 6.186099042806093573e-01
5.121819808476558711e-01 -1.842002459352479748e-01 5.733137445396271348e-01
5.379362820131028400e-01 -6.724640287272712347e-02 4.200157122057135983e-01
7.174438662578146442e-01 2.387070820225730416e-01 2.071204761690684792e-01
4.920405132770357959e-01 -9.781536047845142134e-02 2.836326482642824165e-01
4.302084972152846465e-01 -1.309569887601143012e-01 2.539034039491465666e-01
3.494207368494314236e-01 -1.547425007268607156e-01 2.576325940053778574e-01
2.726121854026777314e-01 -1.682464683970551766e-01 2.829646038681262188e-01
2.140163152574100780e-01 -1.730652162157204632e-01 3.150124290419871187e-01
1.736425783936268175e-01 -1.796637733612716503e-01 3.430426298226819104e-01
7.220679600302587486e-01 4.667246167446859051e-01 2.411845758888603863e-01
1.977399396819437827e-01 -2.785020778034554834e-01 -1.996698752858287462e-01
1.230555366465494183e-01 -3.702284122235343644e-01 8.603049804323098515e-02
1.184255671171868946e-01 -4.300781562282699477e-01 -1.824432149918663870e-01
8.611548162878779333e-02 -3.977183010548416275e-01 -2.198000445980250461e-01
1.183639351307049919e-01 -3.971053779740885692e-01 -1.919768234245995964e-01
1.824227309318069978e-01 -2.539992577188595058e-01 -2.221399557725956264e-01
7.341187119067792144e-02 -4.127647833086564022e-01 -2.305001402241859121e-01
7.159889585690015767e-02 -3.349062263340595869e-01 -2.379933801712517116e-01
1.734722635692022563e-01 -1.577817079953225399e-01 4.111309688792915695e-01
1.420906298001159973e-01 -1.927425661839590465e-01 3.873047255477992667e-01
1.230463982393472655e-01 -2.344946048072117650e-01 3.651478477354456742e-01
4.661494346443147418e-01 -1.363998658994263757e-01 4.582928936350490479e-01
5.037452002429070319e-01 -1.402058333146707081e-01 4.954597059478667020e-01
-3.233521461500121763e-01 -1.536157291460193697e-01 4.795681467634244077e-01
-2.594237316935643634e-01 -1.595730149914007245e-01 4.777236356382365545e-01
-3.225600911310067542e-01 -1.618791189265338104e-01 5.602317839346416806e-01
-3.881438713103815830e-01 -1.476063603524008783e-01 4.815545893607653949e-01
-3.247196221819953488e-01 -1.453548479478741495e-01 3.992910930658134516e-01
3.502132099654983177e-01 -1.599627710449803564e-01 4.490009005106525009e-01
4.127960088934660710e-01 -1.656333617624508314e-01 4.459361573164524195e-01
3.493104189533373649e-01 -1.683669699430052069e-01 5.225612313564214073e-01
2.871331741750601796e-01 -1.543171168308229979e-01 4.524485779820019982e-01
3.513520466329726477e-01 -1.515748182042038206e-01 3.754218937301168069e-01
