-1.719415607741163476e-02 -2.639086747851923098e-01 -4.869095658093801071e-01
2.180617379947655601e-02 -4.608513666017921562e-01 -2.000963222604950353e-01
2.376479575835330899e-02 -2.907383275074342799e-01 -2.623846898835074937e-01
-3.247861996698518661e-02 -4.179456323286288022e-01 1.276585310286686981e-01
2.160947142802271265e-02 -4.939373599091206879e-01 -1.082384330594084176e-01
2.059870490933550513e-02 -4.849580455308644122e-01 2.228665967927756508e-02
2.277059416423946742e-02 -3.564912247581709659e-01 3.546384935905920188e-01
-4.275378123113374174e-01 -1.127576863434439913e-01 4.467909352770990661e-01
2.322308825034043525e-02 -3.411980858638601344e-01 6.072259410451550377e-01
2.226723725645749288e-02 -3.682007828096359736e-01 7.290772298582438582e-01
2.091066988423897349e-02 -3.568820134113385167e-01 1.157648002594889869e+00
-1.639878988018857869e-02 -2.513475960185821978e-01 -5.156846603069704660e-01
-1.510254744862050795e-02 -2.275838175688902620e-01 -5.422458612838991776e-01
-1.281792150906039401e-02 -1.945148004241503414e-01 -5.590000669446316683e-01
-1.713029264768260035e-02 -1.878764798024393223e-01 -5.770936757608505774e-01
-1.815961950610181508e-02 -1.910058642178113775e-01 -6.178734567824079038e-01
-1.988312476586965444e-02 -2.002880212859080855e-01 -6.654786349576296001e-01
-1.964559971526350438e-02 -1.894823125453217738e-01 -7.128123310332022955e-01
1.056364511063228977e-02 -1.281738002183274161e-01 -7.869257110242605657e-01
2.076751909336585142e-02 -4.227076694108730659e-01 -2.402789977969843616e-01
-4.010951751036586493e-02 -3.353528172293669396e-01 -2.218660194209347847e-01
-6.633189000169700256e-01 1.371387334265973257e-01 8.499957298873607181e-01
-2.539986124542191748e-01 -1.697390872788469007e-01 3.476957989264164439e-01
-3.190448292523470064e-01 -1.627997564512187190e-01 3.415861463240123519e-01
-3.796131351788130659e-01 -1.448406804998786934e-01 3.527026043082608919e-01
-4.536358043083020264e-01 -9.951492082625086610e-02 4.222707001125582948e-01
-1.966801309644190254e-01 -1.653861822679366378e-01 3.706588204337966652e-01
-3.457840986317980425e-01 -2.208824342750620451e-01 6.284149585810159255e-01
-2.714977038060991665e-01 -2.202185884602864407e-01 6.144363845165400351e-01
-4.114969934786083527e-01 -1.972450274703860529e-01 6.141417920808586173e-01
-4.531408490733397354e-01 -1.669313298355563635e-01 5.787849203013026855e-01
-5.082334630292573152e-01 -5.915054255484921558e-02 3.695127038308338996e-01
-2.264757954062437406e-01 -2.631638323111217329e-02 -8.952076942988077546e-01
-4.483397654064127935e-01 -9.636604987245048215e-02 4.818909634793606123e-01
-6.843300210393128413e-01 2.122767660815896573e-01 4.614441867481799964e-01
-5.776758434845992163e-01 -3.881386101505220152e-03 4.507900876510526067e-01
-2.971942937259927087e-01 -1.779067728583673402e-01 -4.447236287801321908e-02
-8.834994764802424350e-02 -2.568055495878481809e-01 -4.638548458251737228e-01
-7.776438318442498165e-02 -2.181831691601792966e-01 -5.315709939187347466e-01
-1.487360875492493018e-01 -2.166742925614387194e-01 -4.822269939736251732e-01
-1.819112951065174622e-01 -1.713029161184103089e-01 -5.062961871244624490e-01
-1.269517299268775323e-01 -1.931230110668475941e-01 -5.286123865769283281e-01
-1.593805185254129619e-01 -1.517101652128312606e-01 -5.331955285454041960e-01
-2.804925829356246791e-01 -5.784767041823823952e-02 -6.048122189676846672e-01
-3.222084531389371453e-02 -4.540290744895012498e-01 -1.934761350818653136e-01
-4.174004720210441888e-02 -4.846998948635027338e-01 -1.040013947294383401e-01
-5.376656204073346768e-01 -1.579014824418042695e-01 6.684421962692007613e-01
-1.669099688293010642e-01 -2.185333794727261636e-01 1.792755795967267141e-01
-1.789903706446314413e-01 -3.019826583873148618e-01 -1.334975680200832238e-01
-1.839898150304970503e-01 -2.898165927155621491e-01 -7.928218712047405137e-02
-4.838174602170958183e-01 -9.803669671397002849e-02 -7.516573262745422125e-03
-3.767898488746694585e-02 -4.642062975084115251e-01 1.816706141480981668e-02
-3.928051440830968022e-01 -2.757115014127007324e-01 7.529563603736216804e-01
-4.784710969906303957e-01 -2.230908910236646114e-01 7.282636170941573228e-01
-5.999861549194938082e-01 -3.905918036454961856e-03 9.873033300761353548e-01
-1.138302086044828826e-01 -3.234010136919916456e-01 6.443592107328366403e-01
-2.056997525031179774e-01 -1.987027037297671439e-01 5.694811972314187676e-01
-3.167564379199110380e-01 -5.799496231546374253e-02 -5.226566206398093328e-01
-6.056389360416913892e-01 4.846766437301545660e-01 -3.652875470130567681e-01
-1.312205954571860067e-01 -2.718491256546602397e-01 -1.860750588068959266e-01
-8.144466714964117282e-02 -2.726819855071302978e-01 -2.156984413271842427e-01
-2.257607855204295522e-01 -6.896600676665803897e-02 -5.352389649288479267e-01
-2.149093612299205203e-01 -8.420316154705684286e-02 -5.370467811188284202e-01
-5.100077532264351010e-01 -2.008839710328639561e-01 7.930334837970642869e-01
-1.828232327907625410e-01 -2.620674436299182952e-01 -1.673694520148615583e-01
-2.748195862359530950e-01 -3.106648155687787849e-01 7.341039382220864162e-01
-2.845487569007874584e-01 -3.323413326812988955e-01 8.064150496775397414e-01
-3.446219883403372486e-01 -2.672892129114493587e-01 1.146322167518319279e+00
-5.540089218213150035e-01 -1.168832971300830248e-01 8.780163615122444920e-01
-3.070535682726110993e-01 -3.031271082491057700e-01 9.680909399061821130e-01
-5.721705770294654991e-01 -1.101914290134416857e-01 7.212457155369714767e-01
-6.169519515332094750e-01 7.237776923733413997e-03 7.688426942953322518e-01
-8.472915018639443074e-02 -2.439692329434450802e-01 -5.024439273205192347e-01
-1.381294687686467071e-01 -2.073051933540304703e-01 -5.073495428216883152e-01
-1.716926166828780242e-01 -1.662318785681854705e-01 -5.201042295363320633e-01
-1.167114266689853463e-01 -2.559145419406375632e-01 -2.013429241680824711e-01
-2.199297247695499724e-01 -7.687068608175198769e-02 -5.363483724143320863e-01
-2.077811866767233506e-01 -1.081583923149196519e-01 -5.553517672756819179e-01
-2.086475131655322335e-01 -8.562510900667119618e-02 -5.373728149124840092e-01
-1.022703192085004514e-01 -3.641449547504903017e-01 -1.720833675220996006e-01
-1.502939940030489363e-01 -1.390422348683020004e-01 -5.429733354224879349e-01
-1.161529755691434601e-01 -1.657295681473945070e-01 -5.426472485679415536e-01
-7.027806221788138186e-02 -1.879140725653992983e-01 -5.489249802090974129e-01
-7.734509688943498606e-02 -1.235106487947629783e-01 -7.795284420625525623e-01
-9.533806089347206247e-02 -1.863119182645530392e-01 -6.989707523234983677e-01
-9.230285701161959622e-02 -1.969935543097161013e-01 -6.511513216317176278e-01
-8.489415142024916983e-02 -1.865854958975654565e-01 -6.043820129038148803e-01
-7.605472515461450533e-02 -1.832743129593212283e-01 -5.664411271170332052e-01
-1.613095728071873292e-01 -1.369340134409378629e-01 -5.435790417815106190e-01
-1.757939758374777173e-01 -1.430463769886248238e-01 -5.600881672904636233e-01
-1.907879975827774799e-01 -1.491980926337231061e-01 -5.820345077492674601e-01
-2.017005594913225119e-01 -1.352112438944670370e-01 -6.064273553479415657e-01
-2.476952383731845786e-01 -1.609364818755370241e-01 -3.837265742272992775e-01
-6.774172237714433109e-01 5.146270372895311862e-01 1.051789019306174772e-01
2.427281876403251243e-02 -3.370629469396378419e-01 -2.484909053099755016e-01
-1.832171065715557101e-01 -1.068796462921809548e-01 -5.386756212583541092e-01
-1.956133418149502701e-01 -1.106779184998529231e-01 -5.464241269823005842e-01
-6.085266070876833855e-02 -2.730136322311299546e-01 -2.518315283250487369e-01
-1.604416287367402272e-01 -2.099404944639286230e-01 -2.154440230480496044e-01
-7.081356298314527009e-02 -2.739778430524731911e-01 -2.342170424671351503e-01
-2.329219922961568434e-01 -1.894901325295409444e-01 1.335146501400450991e-01
-3.367222619013927609e-01 -1.615461202850843603e-01 8.116775279836403734e-02
-1.944041627033739061e-01 -2.491750497939683173e-01 -1.135029432271280475e-01
-4.994071489079475734e-01 -1.458156248495797169e-01 1.089305542537012172e+00
-4.554134931861679725e-01 -2.175110324713211973e-01 9.490939307558075022e-01
-4.127977937925387808e-01 -2.740129660192840433e-01 8.262530892286564788e-01
-2.358736536182539090e-01 -8.258552409467337374e-02 -6.696215430615040098e-01
-1.317284064333199001e-01 -3.617884263666115152e-01 7.663044700856551650e-01
-1.532001828473637250e-01 -3.506009235566491244e-01 9.561426752512054428e-01
-1.773404006094698726e-01 -3.366975171209434792e-01 1.164751483737160642e+00
-4.282848661769975696e-01 -1.196652961513155616e-01 3.788437682353497649e-01
-5.791945171184371688e-01 -1.432169607191985036e-02 3.106749221718778653e-01
-1.585510478350917185e-01 -1.607298406601436191e-01 3.931914052946172133e-01
-5.111447609815843451e-01 -1.099474164064538212e-01 5.463290621715677364e-01
-1.227119003519185070e-01 -2.490098262117397543e-01 2.329779104087308650e-01
-1.418892393585458045e-01 -3.683997546948388213e-01 -1.113130465627006210e-01
-6.357582828045348355e-01 6.171999507961021397e-02 2.590606492094259528e-01
-5.394882076458713538e-01 -6.325549294046256543e-02 2.338540655684047675e-01
-4.607045831319670492e-01 -1.176355168454182726e-01 1.862924181990845418e-01
-3.385793129546271762e-01 -1.491316639336889849e-01 1.903348799936441516e-01
-2.478188405420853613e-01 -1.692165252165400702e-01 2.228177256090501934e-01
-1.799003972118887462e-01 -1.916848454904481192e-01 2.604491533210580023e-01
-3.751458526375490987e-02 -3.293676063310672641e-01 3.395394730597118826e-01
-6.237702416275560102e-01 6.830054299605650692e-02 6.374173607895676497e-02
-5.620995706385695234e-01 -8.152405752534924721e-02 5.693936674699671130e-01
-1.279918448931829413e-02 -4.189402669798977796e-01 -2.348615367091750061e-01
-1.621689285211991571e-01 -2.328750070262917971e-01 8.037780103993895364e-02
-7.016380111349520554e-01 4.136162795786280100e-01 5.043713156172840995e-01
-1.269895126603895197e-01 -2.075766291937003183e-01 3.037541836599207956e-01
-1.982950856445953869e-01 -1.871411671661704912e-01 -1.082907086358929072e-01
-4.737051330241482949e-01 -8.405441851836774336e-02 4.821572714685758432e-01
-1.452914826988827013e-01 -3.527358018496508096e-01 -4.559936017285701887e-02
-6.494238412180425302e-01 5.159268239618528540e-01 -1.218420400828276323e-01
-1.549594323918466465e-01 -1.502399319679309786e-01 4.259372396337113842e-01
-9.402638691090897671e-02 -4.216540401542954730e-01 -4.415638242527861884e-03
-4.851147425983842743e-01 1.847335298414456706e-01 -6.438722453787905087e-01
-4.789809587198389784e-01 3.089434732391648231e-01 -7.277361820098479095e-01
-6.731426971072814736e-01 2.932516720650480968e-01 7.997893006921366621e-02
-5.580848343561362057e-01 2.471022391453330525e-01 -5.047324641645369869e-01
-6.532158744764322567e-01 1.256132407660888739e-01 6.310562975113587214e-01
-2.349130518189822270e-01 2.142049165037992683e-02 -9.721286589603828077e-01
-2.033257689705116490e-03 -3.323259596406297200e-01 -2.432809205026113808e-01
-2.194968309153630948e-01 -1.997822618560903818e-01 2.006718385663172621e-02
-6.320673155771363572e-01 6.045921349774182468e-02 4.471270624734793864e-01
-3.693228244445617703e-01 -1.456921096382528813e-01 4.007092025349422437e-01
-3.158585362941597197e-01 -1.609223729398319425e-01 3.890034701122528360e-01
-2.177990666688703891e-01 -9.608399262644137795e-02 -5.663421254576830322e-01
-6.085059915190946800e-01 1.128386964358458894e-01 -1.172295667887640752e-01
-1.147573180141466670e-01 5.087492090356547647e-02 -1.088522891963092043e+00
-3.043708331097406683e-01 1.656006191134836159e-01 -9.533166566314762447e-01
-3.856669009962425676e-01 2.295751295796220615e-01 -8.624806939565420327e-01
2.145681961037920055e-02 -3.667732772946099007e-01 9.394750681483976518e-01
1.888881263061471458e-02 3.147356524832525815e-02 -1.108106090088569307e+00
-2.610833710397165719e-01 -1.651884327152619847e-01 3.949728253597942773e-01
-2.073653594507439968e-01 -1.599649586273648727e-01 4.102335427285868086e-01
-1.717276732373128334e-01 -1.496687747343804220e-01 4.188878682571107737e-01
-6.059757631856862448e-01 -2.090052153886158906e-02 6.044055057967794298e-01
-2.194932980762266395e-01 -1.801938762706146169e-01 5.036920257831150050e-01
-2.787461953244007029e-01 -1.923548625938417966e-01 5.379259115175768491e-01
-3.353878921624190990e-01 -1.893053218138722738e-01 5.462786361303706428e-01
-3.887366251694220343e-01 -1.717443088848920330e-01 5.341525729465096406e-01
-4.203673115709339325e-01 -1.487356580075352153e-01 5.122917196925809158e-01
-6.937596307957688557e-01 2.870113365656287163e-01 6.992694884511303499e-01
-4.042954276041949013e-01 -1.277980558148163470e-01 4.223796474612325214e-01
2.133039703354726660e-02 -2.695316249270436337e-01 -3.325767998934807679e-01
-1.886010442385619434e-01 -1.994520408007180445e-01 -3.423309480987417053e-01
-1.307613178060868242e-01 -2.971921102765266443e-01 -1.749200870631138494e-01
-6.862751438591807585e-02 -2.619085850120415615e-01 -3.320880780545942268e-01
2.309367938385083890e-02 -3.253958007520641460e-01 4.842222311618665231e-01
-4.031200471130892415e-01 1.380210366196674421e-01 -7.729763994512339753e-01
-3.240829902683249886e-01 8.443107324458093421e-02 -8.744814843069577126e-01
-1.223471188351295258e-01 -3.516897581069112350e-02 -1.043373673341409180e+00
-5.471265934276855480e-01 4.056644400357974356e-01 -5.704963392216704232e-01
-1.755922116837179692e-01 -1.630928181281057487e-01 4.556363604757238672e-01
-8.032867518931133266e-02 -3.306807492222338940e-01 1.884761599802262655e-01
1.388964215158079024e-02 -5.250574094437231165e-02 -1.061357403588864656e+00
-2.174106521390649360e-01 9.707545663747157993e-02 -1.033251996335985412e+00
-6.505226287219436632e-01 3.098854116129277636e-01 -1.237742429762251212e-01
-1.252122743815169414e-01 -1.625897567065652249e-01 -5.529523776582255801e-01
-1.393443157377053376e-01 -1.684807423560784889e-01 -5.815557765929498801e-01
-1.506042958639519647e-01 -1.761448494777272666e-01 -6.175323409864792445e-01
-1.575559250707103398e-01 -1.641477971100975264e-01 -6.594703954573608584e-01
-1.669498300801561252e-01 -1.106607171940439532e-01 -7.335673158706644825e-01
-1.838607349743951735e-01 -1.173282352987970872e-01 -5.408554692460827429e-01
-1.940132185348096561e-01 -1.200364953807624979e-01 -5.350981601813580291e-01
-2.027675383504038420e-01 -1.225073835493997176e-01 -5.282304000859705528e-01
-2.896086036952711940e-01 -1.145543577281402103e-01 -4.490603822984156612e-01
-5.306615357686996770e-01 -5.651939654691616813e-03 -1.902458321618637205e-01
-7.899590789846916428e-02 -2.852330544256692635e-01 2.931546940238599075e-01
-1.107844391675576884e-01 -2.007920277763512729e-01 4.914312686781869277e-01
-1.500220586480235652e-01 -1.776363690527350547e-01 4.862148364950158452e-01
-1.734717584904717225e-01 -1.098799598841520286e-01 -5.460695773299493183e-01
-5.348188973880840802e-01 1.145118445707226373e-01 -3.946887585090786965e-01
-5.896224297010781851e-02 -2.814956981881757136e-01 4.819500095331686329e-01
-1.998184359334712334e-01 -6.488479059124668824e-02 -8.092702118803712930e-01
2.131488183547538759e-02 -4.407245145036692846e-01 1.356174392474482349e-01
-3.627453636712626300e-02 -3.791876143940513533e-01 2.275020506140903453e-01
2.222954804906689466e-02 -3.965730288208071941e-01 2.410422752239732846e-01
-1.254715694447696983e-01 -3.098375945770610596e-01 4.430102428122941610e-02
1.211829979323625871e-02 -9.824046452483116421e-02 -9.822166260006174321e-01
1.164058886035429334e-02 -1.121304371089632407e-01 -8.753155460596392379e-01
-9.632575892031326747e-02 -9.716443515844346013e-02 -8.651750856173807680e-01
-3.402586748845414233e-01 -1.373896743556248141e-02 -6.301624673747829863e-01
-2.545633300822551237e-01 -1.623082893359101553e-01 -1.727107863458610115e-01
-2.806452498257624995e-01 -3.482143930086773614e-02 -7.310702670622062360e-01
-3.981159702272782930e-01 -1.376304092328253514e-01 -1.405567925573298904e-01
-3.149765747742145905e-01 -1.391680737403333534e-01 -2.550549374868502639e-01
-4.512379456438027625e-01 -6.845296189972741030e-02 -2.750801219423940625e-01
-1.158107179496328659e-01 -7.906858243310277423e-02 -9.669351574080754519e-01
-1.630484713077223202e-01 -2.578225754232850164e-01 8.762335448003575212e-04
-3.894158241314101820e-01 5.514709204843543794e-02 -6.869327532237975431e-01
-3.110391064711896525e-01 2.372099185865690976e-02 -7.971811980013943089e-01
-3.834832596577447128e-01 -2.328325031688225147e-02 -5.172137796028404289e-01
-5.900806106147342689e-01 1.552339951093736625e-01 -2.703975747177158051e-01
-4.626474958763999168e-01 4.465260752515142623e-02 -5.117567109849343598e-01
-6.174196576966889394e-01 3.070115051435234332e-01 -3.168390854856973915e-01
-3.642634254288708573e-01 -9.670245246625969182e-02 -3.637195528438578740e-01
-1.200778930055656363e-01 -2.791173074051624958e-01 1.361595586302065675e-01
-1.219983264723364519e-01 -3.776813415148595476e-01 -1.570737960010330225e-01
-1.589801461784727254e-01 -3.046239510913044124e-01 -1.666290884870205991e-01
-9.553742841969259381e-02 -4.292994021754171774e-01 -1.043226460857837185e-01
-1.629691836648249625e-01 -2.306605876799906474e-01 5.840774981766264640e-01
-2.697720684061422070e-01 -2.463496132485014367e-01 6.546058263995755411e-01
-3.618061352817764642e-01 -2.415139167019340061e-01 6.705787190916900897e-01
-4.365790780796823811e-01 -2.130662140168865792e-01 6.539640626206870699e-01
-4.869423980449644751e-01 -1.697688406413630502e-01 6.138770794582991686e-01
-5.182011972280133882e-01 -5.440082666709587789e-02 4.663361993899950986e-01
-6.882252072378889363e-01 2.545904599017838610e-01 2.739325335740059320e-01
-4.757621099782172736e-01 -8.699190047725789687e-02 3.222411094168345369e-01
-4.139216838327510750e-01 -1.215705846199318235e-01 2.846152317383993102e-01
-3.301277480986756219e-01 -1.483531275521803861e-01 2.764930722885554637e-01
-2.489082071416228448e-01 -1.645866873555174581e-01 2.931309586885104679e-01
-1.844470866480040772e-01 -1.699032972194668145e-01 3.211182065626954074e-01
-1.397317031942894028e-01 -1.780944158079428574e-01 3.471843556033812894e-01
-6.922551481444535471e-01 4.835395435383633700e-01 3.108964923023584404e-01
-1.586214108681440194e-01 -2.706360161892541472e-01 -1.857348333880564917e-01
-8.102646309148629766e-02 -3.684135581085110633e-01 9.502837388943032038e-02
-7.880403895777476908e-02 -4.252695689166782755e-01 -1.735118919820319017e-01
-4.674911373000627257e-02 -3.938271941896671624e-01 -2.147866750678718295e-01
-7.898513050312888639e-02 -3.931614241596085857e-01 -1.832589054742937984e-01
-1.417889819133254237e-01 -2.458635310159399678e-01 -2.100268711435534785e-01
-3.373201352787848911e-02 -4.096185661526735022e-01 -2.265919312977968392e-01
-2.440423903326226218e-02 -3.329812720292605888e-01 -2.361967057897145505e-01
-1.341739956923964083e-01 -1.578824617551456699e-01 4.214645785215243023e-01
-1.044165268137957070e-01 -1.917854941396008039e-01 3.940834967246449327e-01
-8.725323368114119849e-02 -2.327432038041637452e-01 3.703765505480353659e-01
-4.367617124471909751e-01 -1.254767270917790112e-01 4.955761200811114597e-01
-4.768747903347563821e-01 -1.263693577802506018e-01 5.377203411239914743e-01
7.523654967546770933e-02 -4.175647415876411750e-01 1.229745393728864933e-01
4.570418786176603243e-01 -1.224584452302445309e-01 4.147008551756898864e-01
8.571304792310692477e-02 -3.390646568501125557e-01 -2.274751906215105035e-01
6.724227730611503917e-01 1.178002999366477149e-01 7.792842761331973955e-01
2.788977645578994968e-01 -1.723355600726869663e-01 3.384079846273304049e-01
3.405577624970054784e-01 -1.677225367371744658e-01 3.293550000814120526e-01
3.992214358406022678e-01 -1.520908415455358431e-01 3.323840633718822546e-01
4.769399019016251628e-01 -1.089970908814200667e-01 3.868396944767105716e-01
2.278950305219120120e-01 -1.675527219547178204e-01 3.612299176214421870e-01
3.735273502117419930e-01 -2.288409221143264116e-01 5.953795517202938870e-01
3.007230782959887105e-01 -2.265825286099981128e-01 5.837017731533007403e-01
4.392024421891431718e-01 -2.085451339378867897e-01 5.781414196858069010e-01
4.797441712252621393e-01 -1.804699743570490622e-01 5.383209313366210669e-01
5.226668251484163363e-01 -7.131307915347803728e-02 3.242313577773796585e-01
2.442955819519640748e-01 -3.620376909201832721e-02 -9.044525418929011407e-01
4.791987724137695692e-01 -1.066754789349920879e-01 4.447277147136884934e-01
7.061194399392562993e-01 1.943800589021773273e-01 3.932917814942694101e-01
5.878780270248646911e-01 -1.900062586924851707e-02 3.946710808316064023e-01
3.280605751025419403e-01 -1.861747195181900072e-01 -7.321531029193563411e-02
5.471332961687242619e-02 -2.568732279758261239e-01 -4.725554009635183350e-01
4.828769903177060341e-02 -2.164080431026791929e-01 -5.415528208220014017e-01
1.212916598413626701e-01 -2.130984495635848686e-01 -4.992840659908259204e-01
1.627233410575832651e-01 -1.625123586282890553e-01 -5.256713877069020269e-01
1.018011432616557355e-01 -1.878355981019805832e-01 -5.442757477584758696e-01
1.421423744308086268e-01 -1.436603681974679692e-01 -5.501518399682803206e-01
2.682488583042551555e-01 -6.280893617615407321e-02 -6.347880040062967577e-01
7.388739269420153966e-02 -4.572007087985952567e-01 -1.984228848674642887e-01
8.192870846874687751e-02 -4.882092115520126896e-01 -1.098448761313699507e-01
5.542644787586777921e-01 -1.725592469253505457e-01 6.237602189958554311e-01
2.041227795702817704e-01 -2.204696734493752086e-01 1.622457118730631920e-01
2.177266400041031891e-01 -3.087519096313875444e-01 -1.495039009037591737e-01
2.214079329167354393e-01 -2.965364105089158819e-01 -9.586179968890642944e-02
5.065312010122789976e-01 -1.091846145790416056e-01 -5.351507307746192904e-02
7.876590814549212782e-02 -4.648720215414621215e-01 1.326450236059970381e-02
4.234250509227390213e-01 -2.897739899550054732e-01 7.198050326810314647e-01
5.026395923723223635e-01 -2.382066128234532065e-01 6.912628730460094184e-01
6.131105479658749413e-01 -2.283079999566314106e-02 9.209833831576289542e-01
1.581214128579178368e-01 -3.269191252121069757e-01 6.264083333533323472e-01
2.390195235806941987e-01 -2.018532807277397534e-01 5.407431066507311090e-01
3.141953938609098329e-01 -5.972078356062457405e-02 -5.604218279590131857e-01
6.462282466074449339e-01 4.654433576529435346e-01 -4.154110512989003245e-01
1.732684287155488723e-01 -2.788164341497192389e-01 -1.981836323225460716e-01
1.263584441594060304e-01 -2.810852752343259153e-01 -2.246864124817414543e-01
2.121570003014715544e-01 -5.801600863975574923e-02 -5.712117126606616191e-01
1.969927430017073267e-01 -7.607392710470115005e-02 -5.711179021024190838e-01
5.316654583432158798e-01 -2.165900496307926748e-01 7.477350984422258540e-01
2.199835428590069808e-01 -2.699037919218567616e-01 -1.834367108281438064e-01
3.134032578138229441e-01 -3.227384200227327304e-01 7.058344933905916774e-01
3.232223444519525257e-01 -3.450712700769280605e-01 7.728751334975780818e-01
3.726806017125613435e-01 -2.800136945301844316e-01 1.103731928416863184e+00
5.730314568851917478e-01 -1.327045283960663347e-01 8.224774531139377176e-01
3.401661987061374015e-01 -3.138525991763907452e-01 9.331212584194211734e-01
5.875289169296108449e-01 -1.249873535894930610e-01 6.653160721161219815e-01
6.342766369024048778e-01 -8.742898217484591783e-03 7.077635666286733462e-01
5.200264939709753342e-02 -2.430069194262391985e-01 -5.120566548802918394e-01
1.113637106818790440e-01 -2.028262226515859523e-01 -5.240172675016807613e-01
1.526365568632895020e-01 -1.581875847710303429e-01 -5.383311846552645274e-01
1.596944915829190959e-01 -2.637275435920428679e-01 -2.122594762599218365e-01
2.040903806501418449e-01 -6.795652801477036764e-02 -5.715589654682120546e-01
1.838486998551258633e-01 -1.020682778285235681e-01 -5.809501897134277115e-01
1.899026948358930045e-01 -7.750685832966083821e-02 -5.701443272287390895e-01
1.424064350829238046e-01 -3.663745114534463498e-01 -1.827110548204174678e-01
1.342023222659145532e-01 -1.309033767592324426e-01 -5.581644183769385315e-01
9.473628868066014119e-02 -1.594331453390514797e-01 -5.561906058450468704e-01
4.542251216337287595e-02 -1.843613515663675984e-01 -5.581844948700560582e-01
9.306132056521877749e-02 -1.255203474670338326e-01 -7.843793641064478184e-01
5.743311474736536443e-02 -1.844462302289290312e-01 -7.067264997711145691e-01
5.354313703634960842e-02 -1.937200617845982742e-01 -6.586426914026026758e-01
4.979221092373776331e-02 -1.826101771450409361e-01 -6.117152002915928755e-01
4.348625165945022020e-02 -1.787326071815983075e-01 -5.736384085991328430e-01
1.356468611106336208e-01 -1.301115912881928849e-01 -5.613757888377670646e-01
1.479693971492233306e-01 -1.383610093097142613e-01 -5.790922160304873278e-01
1.604199005067728778e-01 -1.456537745981908716e-01 -6.021214144623009412e-01
1.725567696647208049e-01 -1.322345193171625688e-01 -6.268244784731032970e-01
2.663542126274063282e-01 -1.658464497949786176e-01 -4.102022764633423413e-01
7.127276080907033462e-01 4.939968666341530978e-01 3.881278439443930361e-02
1.620890761834413440e-01 -9.763965643670520500e-02 -5.606603045213691683e-01
1.727706177995769754e-01 -1.035249964940079953e-01 -5.701532318417457113e-01
1.063493523321271256e-01 -2.776439676839879134e-01 -2.588674798984937908e-01
2.008570015686944044e-01 -2.198254635651448186e-01 -2.298783890417598341e-01
1.161179253736658867e-01 -2.808753246105333279e-01 -2.425940186208148386e-01
2.671805445683920199e-01 -1.926501602448657535e-01 1.104031310447311232e-01
3.666381052047821831e-01 -1.686381830527626247e-01 4.793642009807657506e-02
2.320666427497959372e-01 -2.566289229899988422e-01 -1.310196175383909478e-01
5.191552724857693146e-01 -1.639213508913172357e-01 1.031102002857817723e+00
4.804864550127632139e-01 -2.326508431658122211e-01 9.008188317565356540e-01
4.434003494728778749e-01 -2.886871872724784405e-01 7.868811562396768045e-01
2.335897237115808489e-01 -8.532949253398629252e-02 -6.857004170131815179e-01
1.782554953847710066e-01 -3.673606229809122659e-01 7.388724661055788845e-01
1.911680075219319153e-01 -3.568745601642152598e-01 9.368978485497716502e-01
2.120188390116417299e-01 -3.453750942426612180e-01 1.140886544204305686e+00
4.487130240223462518e-01 -1.286797451365109535e-01 3.501716595044278568e-01
5.860923482660829187e-01 -3.036033520457498414e-02 2.554485075236034852e-01
1.944431879053113432e-01 -1.603667780862747250e-01 3.832302865435016637e-01
5.322127651859720476e-01 -1.233839082217131067e-01 5.005655994493474203e-01
1.621879343013635510e-01 -2.497196138417830669e-01 2.201741205542575019e-01
1.807001008152273325e-01 -3.739525430536305151e-01 -1.256576621189436360e-01
6.587481514991405662e-01 4.498509670985944425e-02 1.968596647811244049e-01
5.460305487187255835e-01 -7.676164800832588342e-02 1.844424090064869237e-01
4.692129119180097341e-01 -1.286447148750315406e-01 1.455095617120334417e-01
3.539010425049031183e-01 -1.555720743988853738e-01 1.625402484810346826e-01
2.689268105563862310e-01 -1.730496407730734432e-01 2.056400394837993861e-01
2.057973155079616534e-01 -1.943985429550429966e-01 2.491970828206516719e-01
8.217274268605705145e-02 -3.297769982890545459e-01 3.338012419171407785e-01
6.491184369639191321e-01 5.342454408482673334e-02 4.501275874855362527e-03
5.752667155104497221e-01 -9.587367495983098453e-02 5.151347524066050010e-01
5.320566457655763470e-02 -4.196863521109396311e-01 -2.375522430542417740e-01
2.006275793318233192e-01 -2.351519442094629486e-01 6.437553710515939165e-02
7.243083442188895660e-01 3.952704069169022949e-01 4.323920793520599215e-01
1.591241429128943674e-01 -2.086269407783118424e-01 2.973883373246591355e-01
2.394387985443667266e-01 -1.947110427004275224e-01 -1.264546527403292431e-01
5.013291326501199130e-01 -9.466267807106980292e-02 4.414156267345578089e-01
1.826986592183442171e-01 -3.583524198168060448e-01 -5.974144939443837288e-02
6.894087828810645524e-01 4.943990438489248018e-01 -1.806299806662915730e-01
1.944624769088663663e-01 -1.483137445943810973e-01 4.133863679939621671e-01
1.318434994753975298e-01 -4.246853055723188164e-01 -1.430779483949699143e-02
5.114049143332479730e-01 1.665837700157039580e-01 -6.760425625814541206e-01
5.120194740639716358e-01 2.895823818779605374e-01 -7.562708491823294521e-01
7.088068423480003988e-01 2.752148796480591297e-01 1.650750129885788023e-02
5.877775572536432236e-01 2.284417261984040270e-01 -5.470260044045096581e-01
6.732729798669960797e-01 1.089244001116458915e-01 5.655139389540809747e-01
2.589726710803829102e-01 1.068089153447779327e-02 -9.802640344990268817e-01
5.103413601175065678e-02 -3.340301026584636679e-01 -2.457241551658202461e-01
2.547325486049419885e-01 -2.051259717265800364e-01 -1.424587194067762023e-03
6.357981129571611545e-01 4.482910509832151863e-02 3.794728322572883394e-01
3.968558348296526428e-01 -1.530997130761420078e-01 3.792916253127046056e-01
3.438591335907761337e-01 -1.660818981674112849e-01 3.732847586466633838e-01
1.947045784142646396e-01 -9.006502536384437818e-02 -5.936310179856856273e-01
6.360045380894877587e-01 9.753406313563271757e-02 -1.717889687416546685e-01
1.497050869543650464e-01 4.520783924839560236e-02 -1.090956466587805096e+00
3.382016420163968529e-01 1.521942031766414516e-01 -9.634891262543425761e-01
4.194946853977410406e-01 2.135400020300188273e-01 -8.794282450213003477e-01
2.913093290494110921e-01 -1.686741375168852863e-01 3.810868053256936672e-01
2.420366129226890206e-01 -1.606268964108769626e-01 3.966323930727230773e-01
2.103086467397241865e-01 -1.482618699944030782e-01 4.053924002050284248e-01
6.144700202411598200e-01 -3.517959809065463600e-02 5.392909309183787636e-01
2.516018568702942382e-01 -1.813258158177201984e-01 4.755792001541089276e-01
3.056491976366556562e-01 -1.967684966623125808e-01 5.035533592894294586e-01
3.615042489602953157e-01 -1.962466202987410702e-01 5.097523343277929886e-01
4.155173346028782078e-01 -1.811225210491858584e-01 4.965227618161468515e-01
4.476289045087836205e-01 -1.590223911831674108e-01 4.743778717871626749e-01
7.091892833643897998e-01 2.676715048628962590e-01 6.271642178589384997e-01
4.327763717714122049e-01 -1.364507987171193759e-01 3.952277891215610350e-01
2.165977690555787594e-01 -2.046120039678517299e-01 -3.618307914467198683e-01
1.725240974119172654e-01 -3.040444117981458971e-01 -1.875554911847329698e-01
1.074622838163235700e-01 -2.640048348450517168e-01 -3.396536422593876003e-01
4.284614098923462677e-01 1.209685396314642974e-01 -7.954341843275990476e-01
3.472982127038045097e-01 6.932452894159525647e-02 -8.883161918109573341e-01
1.477788697678265872e-01 -4.141387820149578652e-02 -1.047905494757875644e+00
5.849906987152861948e-01 3.866165311210366107e-01 -6.100821445947471888e-01
2.124471025913449440e-01 -1.612701116376153432e-01 4.375379595552045253e-01
1.219871764146400056e-01 -3.321388726764423760e-01 1.792045918734485044e-01
2.509817765226265429e-01 8.735641568489674325e-02 -1.037987610680181083e+00
6.866659283137231951e-01 2.915164368827963814e-01 -1.821049782719870724e-01
9.499265170445142514e-02 -1.565751980033941171e-01 -5.670257932497417830e-01
1.067480096711302395e-01 -1.636243779601004589e-01 -5.961934353822928578e-01
1.160206412082843697e-01 -1.716451265375135149e-01 -6.321324841799370597e-01
1.246782865714227001e-01 -1.602305599305631767e-01 -6.734673362565736232e-01
1.739089660695787576e-01 -1.109094118868227119e-01 -7.422239646412849279e-01
1.707799880610300636e-01 -1.071877594473838735e-01 -5.622014497230676255e-01
1.806472748137004369e-01 -1.080141160007942608e-01 -5.583152658696410864e-01
1.897798882835995404e-01 -1.097750523198452732e-01 -5.527032231705550913e-01
2.997497431792306988e-01 -1.143918922654620363e-01 -4.805532269058879757e-01
5.520303149652159291e-01 -2.047751088255847160e-02 -2.378681319744526124e-01
1.216905371791337509e-01 -2.859166960648042433e-01 2.835593688455242400e-01
1.527042288772869627e-01 -2.026612723418793616e-01 4.741318622257781890e-01
1.872858346928332196e-01 -1.763439760015596269e-01 4.668254734174208109e-01
1.611313337458612216e-01 -9.858851914960335694e-02 -5.658310965885309241e-01
5.591322453137252957e-01 9.654641665777287385e-02 -4.404575891357866424e-01
9.873356711732975133e-02 -2.817573966011680531e-01 4.720928080168148022e-01
2.113549326095888192e-01 -7.134669419641442856e-02 -8.176093910214411453e-01
7.925036175525769500e-02 -3.806857766918058661e-01 2.222553820211456699e-01
1.644927466287757212e-01 -3.139197082134887462e-01 3.099396873030797056e-02
1.149789741095491452e-01 -1.022976262236079681e-01 -8.693098665235878819e-01
3.368145852218410452e-01 -2.446058820325873462e-02 -6.612979867515369481e-01
2.882608913500158132e-01 -1.716670634317064570e-01 -1.962085491124353487e-01
2.856203917679455140e-01 -4.397740578721048149e-02 -7.466391919187891357e-01
4.209020351994062770e-01 -1.499843442463927035e-01 -1.774610536998229293e-01
3.393990186720455271e-01 -1.497310826765985425e-01 -2.857888229633969157e-01
4.698505355534586814e-01 -8.431565615338351694e-02 -3.192295455026455397e-01
1.371047618417385316e-01 -8.462087071539250993e-02 -9.722926668070930312e-01
2.010216623202192576e-01 -2.629882123135054428e-01 -1.464597027180215318e-02
4.031495966888300475e-01 4.023602851770297084e-02 -7.119457375538423838e-01
3.268198101138434786e-01 1.030937789278918090e-02 -8.121396269731503414e-01
3.855263276448651077e-01 -3.250033418004365932e-02 -5.600017875182505822e-01
6.178766309947525404e-01 1.381892377089667390e-01 -3.203460935287004152e-01
4.742839132058103147e-01 2.682465549494940371e-02 -5.541226286115450428e-01
6.526145464985265710e-01 2.900584088629057922e-01 -3.687617738141101831e-01
3.755864988885389555e-01 -1.066970777345847832e-01 -4.049506176336687968e-01
1.601839648408351080e-01 -2.803195459791348876e-01 1.233163616912921479e-01
1.605648257688343794e-01 -3.818161037754782550e-01 -1.692882579753429706e-01
1.980509470818254680e-01 -3.124015850251056214e-01 -1.813017371062544958e-01
1.356017397113303824e-01 -4.339690701890665525e-01 -1.148856629296094167e-01
2.030940674958335856e-01 -2.340327944344208766e-01 5.620530841296267344e-01
3.054157023107777480e-01 -2.554533670407277413e-01 6.280865007762352903e-01
3.944242874881562222e-01 -2.534324936157236752e-01 6.395851189904644407e-01
4.652656722415245971e-01 -2.264521862243062678e-01 6.183565553140634163e-01
5.113058107454240275e-01 -1.838851416278978190e-01 5.731585909096525988e-01
5.370160550140476996e-01 -6.713136702632305219e-02 4.190925714056486506e-01
7.162165625080721965e-01 2.382987349578968295e-01 2.067661631015157153e-01
4.911987984121227169e-01 -9.764803148681368283e-02 2.824030588781665241e-01
4.294725560125850494e-01 -1.307329656540299756e-01 2.525622232860539884e-01
3.488229961748753327e-01 -1.544777886562465341e-01 2.560489689929922319e-01
2.721458381759389589e-01 -1.679586556060397029e-01 2.811892704087498585e-01
2.136502057419834844e-01 -1.727691601773303776e-01 3.131625727602374565e-01
1.733455346838673750e-01 -1.793564294238438050e-01 3.413025951799532054e-01
7.208327460203650672e-01 4.659262088145776914e-01 2.407719906702948942e-01
1.973477956438325354e-01 -2.788015890482806736e-01 -1.997300916362609313e-01
1.228450302520343457e-01 -3.695950766554806366e-01 8.588333281429280652e-02
1.182229810342555476e-01 -4.295221849705087025e-01 -1.822464832070360419e-01
8.596816717188801582e-02 -3.980422589699275648e-01 -2.206037687171117367e-01
1.181614544792529975e-01 -3.970823859328920791e-01 -1.922170231946743468e-01
1.815796149406084248e-01 -2.547601587727517658e-01 -2.223821188390215642e-01
7.328628831370960495e-02 -4.129116509024589043e-01 -2.311981119830949782e-01
7.120370444271238719e-02 -3.363464504052401938e-01 -2.401314811930117532e-01
1.731755112104912397e-01 -1.575117968692111292e-01 4.099841006697878543e-01
1.418475608006323774e-01 -1.924128488564607609e-01 3.860394731427774229e-01
1.228359074775555032e-01 -2.340934638660042977e-01 3.640949336427233285e-01
4.653520106562008540e-01 -1.361665318718377204e-01 4.578839065656143403e-01
5.028834626181957201e-01 -1.399659885643624868e-01 4.955000162049520984e-01
-3.227990000153505568e-01 -1.533529446004023022e-01 4.783938111163091866e-01
-2.589799454495752551e-01 -1.593000395450035467e-01 4.765070222434544811e-01
-3.220082999345369457e-01 -1.616021985164398100e-01 5.568297239179162972e-01
-3.874798884524843778e-01 -1.473538558038690605e-01 4.802307148527005243e-01
-3.241641367584492395e-01 -1.451061949753982283e-01 4.001220774346467279e-01
3.496141136375279790e-01 -1.596891288578267953e-01 4.484135057271251279e-01
4.120898545677818547e-01 -1.653500191128944308e-01 4.453200003482394309e-01
3.487128669953820648e-01 -1.680789510146092902e-01 5.230952463108495820e-01
2.866419864488641278e-01 -1.540531324481510256e-01 4.519256288936113752e-01
3.507510021407235778e-01 -1.513155249667846869e-01 3.737083043930008452e-01
