-1.588121931416298926e-02 -3.051722034434801722e-01 -5.164405709244535014e-01
2.418514319883957597e-02 -5.110662196830637605e-01 -2.218778708189536042e-01
2.724441847843619979e-02 -3.207867018397239089e-01 -2.883646309939513763e-01
-3.602191205231439208e-02 -4.635418877308995489e-01 1.415855840585830139e-01
2.396698135784404438e-02 -5.478240194960568576e-01 -1.200468296638656507e-01
2.284594411307856038e-02 -5.378650965753040136e-01 2.471805019870024211e-02
2.525477810316323346e-02 -3.953830414812632421e-01 3.933281792539263799e-01
-4.741805375281611390e-01 -1.250591147288522831e-01 4.959742313792535606e-01
2.575663754763132807e-02 -3.784214801583165588e-01 6.734719475903530039e-01
2.469650689947668759e-02 -4.083700671224419487e-01 8.086167417210154973e-01
2.319194326269753692e-02 -3.958164636682203197e-01 1.283942931670117193e+00
-1.474154238322072930e-02 -2.932684501211785255e-01 -5.456935034798302553e-01
-1.306194958562283820e-02 -2.686482123442952563e-01 -5.739950941151955588e-01
-1.054142994097469199e-02 -2.316954153478547607e-01 -5.936225405994935977e-01
-1.852420358969938952e-02 -2.091245083621688927e-01 -6.901051365156916084e-01
-1.962426676158725292e-02 -2.126244967147404852e-01 -7.340480649635965360e-01
-2.155574014801286964e-02 -2.228792193808136757e-01 -7.820772428663074205e-01
-2.129328603815155985e-02 -2.108281005609973224e-01 -8.273127708446832429e-01
1.208574167113990461e-02 -1.426757315997986275e-01 -8.950393111921630673e-01
2.303317527303871959e-02 -4.682719298809826514e-01 -2.657224534899795265e-01
-4.439923463906411683e-02 -3.705134136967351832e-01 -2.445910974832696261e-01
-7.356844318920481296e-01 1.521000399487488774e-01 9.427269834115259428e-01
-2.817088807509782189e-01 -1.882569665833712103e-01 3.891605150175315719e-01
-3.538513887522329870e-01 -1.805605815451881702e-01 3.825887184466904012e-01
-4.210274630884776048e-01 -1.606422397216253906e-01 3.945322014329671889e-01
-5.031257197253198310e-01 -1.103716146049351643e-01 4.695652442910890345e-01
-2.181371741545589105e-01 -1.834291764360533872e-01 4.140036179085765378e-01
-3.835078092192609756e-01 -2.449798553462360085e-01 6.930842889901298598e-01
-3.011170554306166203e-01 -2.442435865152188246e-01 6.776494599913562844e-01
-4.563897272712278408e-01 -2.187636986890769686e-01 6.775264717864013519e-01
-5.025767667845308928e-01 -1.851428936397161440e-01 6.388317086199026829e-01
-5.636797722899826724e-01 -6.560363976274602438e-02 4.110779436947519239e-01
-2.502666185372178220e-01 -2.912577342750485854e-02 -9.977956385434332276e-01
-4.972519034195959087e-01 -1.068792126732966419e-01 5.336083645358963290e-01
-7.589877851243198581e-01 2.354353419669183989e-01 5.117859717925906660e-01
-6.406980484362112538e-01 -4.304829663657432429e-03 5.000149227865476886e-01
-3.296170441333299284e-01 -1.973157151359733463e-01 -4.932412602440716665e-02
-9.492203687703332227e-02 -2.928348626764799567e-01 -4.945631733898649962e-01
-8.254477720077355030e-02 -2.547321512406440780e-01 -5.644046378444945722e-01
-1.623235574957089256e-01 -2.439384891836148261e-01 -5.157698519109221724e-01
-2.007540688800189543e-01 -1.910210789300981205e-01 -5.472078440188654636e-01
-1.376662734500123109e-01 -2.214380089179991407e-01 -5.656816589119910699e-01
-1.753770867865970806e-01 -1.705140104487622432e-01 -5.798603303822426058e-01
-3.119640563550387657e-01 -6.333779896146995991e-02 -6.829321815520164041e-01
-3.573601452445457349e-02 -5.035011929005757114e-01 -2.145397646087136012e-01
-4.629372525378344649e-02 -5.375787826664802926e-01 -1.153475441851369854e-01
-5.963228644429341418e-01 -1.751279247465119537e-01 7.411162077778961077e-01
-1.851192022301224038e-01 -2.423745277312749913e-01 1.988338586465961955e-01
-1.985175292585119045e-01 -3.348998869101575959e-01 -1.480590043017399604e-01
-2.040623937312374681e-01 -3.214344644173152687e-01 -8.793156774123700448e-02
-5.366000778059567544e-01 -1.087321232573177920e-01 -8.336601740059818022e-03
-4.178961605950656799e-02 -5.148494129361453897e-01 2.014901573332980589e-02
-4.356586692489148316e-01 -3.057905620927084955e-01 8.351009932127677615e-01
-5.306704469860747952e-01 -2.474292462024474393e-01 8.077136563338864761e-01
-6.654423287407453813e-01 -4.332038782873824656e-03 1.095014323314645655e+00
-1.262486450291102069e-01 -3.586828161013028149e-01 7.146563136830077489e-01
-2.281408015913909404e-01 -2.203804018023726163e-01 6.285923108294610984e-01
-3.545008026711673477e-01 -6.200722003501396573e-02 -5.776241236651804556e-01
-6.717118064661464771e-01 5.375530001643180622e-01 -4.051390085442542199e-01
-1.454784236556187493e-01 -3.005867076990270670e-01 -2.059710396004186261e-01
-8.991720892250987252e-02 -3.008030321911316918e-01 -2.382300872299692451e-01
-2.528841006026387728e-01 -7.413618331755217339e-02 -6.006403265475694919e-01
-2.400904126642944836e-01 -9.138322559279610235e-02 -6.071528554359211238e-01
-5.656476306996991443e-01 -2.227996369495128803e-01 8.795503761217857708e-01
-2.027685418716379528e-01 -2.903602166058625311e-01 -1.855504161908697602e-01
-3.048013424125746162e-01 -3.445571479189237785e-01 8.141918445664884096e-01
-3.155919280466585874e-01 -3.685984893866772749e-01 8.943918296731019346e-01
-3.822189171802323759e-01 -2.964494344222688982e-01 1.271381491699393518e+00
-6.144491569632841710e-01 -1.296348137292857028e-01 9.738045577994736135e-01
-3.405519274805570706e-01 -3.361971058228817588e-01 1.073705925048265009e+00
-6.345921786587094271e-01 -1.222128886287618954e-01 7.999308394134643230e-01
-6.842590282845668614e-01 8.027392744045472317e-03 8.527204753313242236e-01
-9.055097975955739287e-02 -2.811497964264489946e-01 -5.335853186225893996e-01
-1.502808636594983871e-01 -2.354166508972360128e-01 -5.420536309532910657e-01
-1.891209403343507289e-01 -1.861908062458377255e-01 -5.632256182822940049e-01
-1.291756484562728846e-01 -2.826226298638642165e-01 -2.228250569380495483e-01
-2.460390074331462729e-01 -8.307959360785319158e-02 -6.040774719516630586e-01
-2.311143671259586196e-01 -1.190299187657662405e-01 -6.420242122057391310e-01
-2.328035468245851503e-01 -9.314848183667290282e-02 -6.093604122576428139e-01
-1.134276163160724271e-01 -4.033784298562446136e-01 -1.905269487258234862e-01
-1.651850991068134489e-01 -1.564031276785926017e-01 -5.924612008789261752e-01
-1.258443340156875645e-01 -1.912613593792483746e-01 -5.835591545807439218e-01
-7.429126098987626214e-02 -2.215375835850177388e-01 -5.846363210251392939e-01
-8.492550887722602471e-02 -1.373529375686012299e-01 -8.857896942731520173e-01
-1.048490306903010483e-01 -2.071348503741969882e-01 -8.118247018817750238e-01
-1.015129976878382800e-01 -2.190335315376412684e-01 -7.653600232829527172e-01
-9.330517122467990587e-02 -2.075151723877652898e-01 -7.166356510981106709e-01
-8.360859299405198897e-02 -2.038241571791209461e-01 -6.753941292258638374e-01
-1.786481712287486534e-01 -1.516689216239037741e-01 -6.406626175384788624e-01
-1.944299212561897416e-01 -1.585206920082250504e-01 -6.587912138933824657e-01
-2.107008062474610699e-01 -1.654456967309805293e-01 -6.816418802517687503e-01
-2.224718817352507316e-01 -1.499853415318144201e-01 -7.068979930399623690e-01
-2.740214558163228120e-01 -1.778546777766068510e-01 -4.182127798687309550e-01
-7.513208283548575839e-01 5.707708608256911731e-01 1.166535102572615057e-01
2.713304240290530939e-02 -3.723900947937086592e-01 -2.735688290783953036e-01
-2.038404263851413822e-01 -1.176560158471571804e-01 -6.253034545124529497e-01
-2.175725971385223945e-01 -1.218508093584096952e-01 -6.334546051380016696e-01
-6.665535984956624804e-02 -3.011511732543737940e-01 -2.773736280462841264e-01
-1.774493812338244769e-01 -2.320451064080588099e-01 -2.387782138713759883e-01
-7.791892602838634829e-02 -3.021707005270877211e-01 -2.583352893065158917e-01
-2.583328826800778133e-01 -2.101627746406408148e-01 1.480805805429403765e-01
-3.734573610762395024e-01 -1.791701785118081647e-01 9.002283873708982753e-02
-2.156129065404618905e-01 -2.763590860213067657e-01 -1.258856749521613527e-01
-5.538905413636960873e-01 -1.617235467370259361e-01 1.208144572991511012e+00
-5.050973475986701988e-01 -2.412406466178227404e-01 1.052636425999805780e+00
-4.578324398788957694e-01 -3.039067230434633338e-01 9.163941227732110839e-01
-2.599193850341349199e-01 -9.158810319723753590e-02 -7.653762367107306286e-01
-1.460994671619675889e-01 -4.012581473403356025e-01 8.499053301766004154e-01
-1.699137315112493329e-01 -3.888501311526055826e-01 1.060454161314623889e+00
-1.966875538606668861e-01 -3.734299167357471028e-01 1.291821375188723309e+00
-4.750090920872678257e-01 -1.327203181064522952e-01 4.226833181086183666e-01
-6.423824035020941903e-01 -1.588413521792342298e-02 3.445683571134140477e-01
-1.758483552171726805e-01 -1.782648459302637045e-01 4.383584751056649464e-01
-5.669086816125896711e-01 -1.219422538781082532e-01 6.039814492357422626e-01
-1.360992950667999635e-01 -2.761758371839466708e-01 2.584028891145759843e-01
-1.573688077430268062e-01 -4.085907460723772200e-01 -1.234568716337224870e-01
-7.051170577134953099e-01 6.845340571093971871e-02 2.873231661789613645e-01
-5.983442889148165023e-01 -7.015642439214181403e-02 2.593666415489385146e-01
-5.109656750362956412e-01 -1.304690990223534297e-01 2.066161967783953779e-01
-3.755170092319883857e-01 -1.654013528867712690e-01 2.113358352660492656e-01
-2.748549169543619275e-01 -1.876773950169244864e-01 2.481177101051253997e-01
-1.995268362119579919e-01 -2.125969223149642984e-01 2.902755529475332663e-01
-4.160728172636909972e-02 -3.653003409689002945e-01 3.765819243388409676e-01
-6.918211675126304527e-01 7.575186862712146585e-02 7.069571609038671767e-02
-6.234224643401846677e-01 -9.041801886468242566e-02 6.304741522578471979e-01
-1.419552595417422625e-02 -4.641066605444993387e-01 -2.597807900027529482e-01
-1.798609327227195798e-01 -2.582807714986127268e-01 8.914671153077935450e-02
-7.781840101382277997e-01 4.587402193052552146e-01 5.593962899817301881e-01
-1.408435783684388043e-01 -2.302224382850042161e-01 3.386186783828289970e-01
-2.199283141573336597e-01 -2.075575462220912160e-01 -1.201048056839363887e-01
-5.253845347453567349e-01 -9.322442985592033216e-02 5.339355602009617785e-01
-1.611422227006441554e-01 -3.912179164276902155e-01 -5.057407306438482797e-02
-7.202734758069220256e-01 5.722124492073630275e-01 -1.351345377096499489e-01
-1.718649083911122921e-01 -1.666305286861260448e-01 4.736149803613972642e-01
-1.042843028227361801e-01 -4.676548685375370162e-01 -4.897366022358518034e-03
-5.380388886881088961e-01 2.048872449576512045e-01 -7.141162222883055133e-01
-5.312359326621001188e-01 3.426480137847669472e-01 -8.071293907282093283e-01
-7.465799673294126748e-01 3.252442924258518442e-01 8.870432003651762543e-02
-6.189697358244394820e-01 2.740601344909399106e-01 -5.597968279614242704e-01
-7.244792052582356146e-01 1.393171605222690568e-01 6.999021039724118154e-01
-2.602812807909855031e-01 2.377538814680905943e-02 -1.078553066182241782e+00
-2.017438211361499353e-03 -3.670871736084948544e-01 -2.678912168308100750e-01
-2.434430880078082837e-01 -2.215777355536621140e-01 2.225643583745436083e-02
-7.010234202070844134e-01 6.705508165461876446e-02 4.959068992771750173e-01
-4.096145191691551446e-01 -1.615865564928572473e-01 4.465655528918989203e-01
-3.503174835299851519e-01 -1.784783827385768573e-01 4.340147111292006477e-01
-2.422740937609532130e-01 -1.056093306824004707e-01 -6.515365953411880184e-01
-6.748916466305718842e-01 1.251489640196960518e-01 -1.300188587612576829e-01
-1.272768984971371919e-01 5.642517645447694963e-02 -1.207276538260659837e+00
-3.375764795358051629e-01 1.836670096743938663e-01 -1.057319802884716609e+00
-4.277416713917374658e-01 2.546208953986701662e-01 -9.565740088742309410e-01
2.379767581606393595e-02 -4.067868262652647449e-01 1.041968182606471061e+00
2.094950918617517754e-02 3.490721105293798088e-02 -1.228996187719167743e+00
-2.895665591541274342e-01 -1.832098531704074995e-01 4.404150334457749283e-01
-2.299881198284989270e-01 -1.774165182198143009e-01 4.567775284396465851e-01
-1.904624995948459576e-01 -1.659970604028087049e-01 4.660566572420096199e-01
-6.720853801515478398e-01 -2.318068646198373495e-02 6.703360575641292840e-01
-2.434391697495572604e-01 -1.998523327032919461e-01 5.569834062462342139e-01
-3.091563293976022919e-01 -2.133400356983693458e-01 5.936888647064824109e-01
-3.719774167488192340e-01 -2.099578017891801096e-01 6.026446275227526073e-01
-4.311462906244367677e-01 -1.904809501273697636e-01 5.896430929450122704e-01
-4.662277628319322353e-01 -1.649621442424814566e-01 5.662039586016485160e-01
-7.694461289110934299e-01 3.183231604083733846e-01 7.755570907710480633e-01
-4.484024983547663101e-01 -1.417403304603955805e-01 4.698005416460336869e-01
2.565019135002796768e-02 -3.011642276426567122e-01 -3.626120418861793482e-01
-2.071801636605901109e-01 -2.210934613331850818e-01 -3.747924533001010250e-01
-1.450268728980366184e-01 -3.288377888182946185e-01 -1.936097959072533015e-01
-7.409167600469820925e-02 -2.919839894081946996e-01 -3.625162646236318453e-01
2.561311067326855345e-02 -3.608952267306358985e-01 5.370490076985655614e-01
-4.469809296180804470e-01 1.530867703107633426e-01 -8.572342225608051702e-01
-3.590647400592468230e-01 9.366811648586842454e-02 -9.701026532632608390e-01
-1.356848596695034992e-01 -3.900509128316170804e-02 -1.157316643084428165e+00
-6.068159931046450684e-01 4.499208647588759380e-01 -6.327352879678995734e-01
-1.947486442703493248e-01 -1.808856151199355056e-01 5.054582667894150783e-01
-8.909222361940458135e-02 -3.667567426813439502e-01 2.090381763595848819e-01
1.540494850245958253e-02 -5.823391463252947098e-02 -1.177345622279516668e+00
-2.411293151787409217e-01 1.076660116683622048e-01 -1.145975801241780889e+00
-7.214921367866664603e-01 3.436927087595476049e-01 -1.372775377912947015e-01
-1.379213342063941861e-01 -1.806549393848270180e-01 -6.559648647287039669e-01
-1.534304676651747634e-01 -1.872040169750410765e-01 -6.870687700974118517e-01
-1.658293425654954190e-01 -1.957022327868288558e-01 -7.266925707923668210e-01
-1.734334984172887784e-01 -1.823666728071022813e-01 -7.694853757782089687e-01
-1.837137828175379184e-01 -1.229153174670362669e-01 -8.380110715424333723e-01
-2.048102027027106087e-01 -1.296351752733420071e-01 -5.985452418270786890e-01
-2.164942334922439482e-01 -1.322550212198794761e-01 -5.911128557450064935e-01
-2.265080276242714130e-01 -1.346668648775241617e-01 -5.824764711833922970e-01
-3.233370697706616781e-01 -1.247439254342783410e-01 -4.903711401398239689e-01
-5.885546612028842439e-01 -6.268545767061872720e-03 -2.110009181861846050e-01
-8.761405656102222439e-02 -3.163508797904200920e-01 3.252125966723274919e-01
-1.228705939019357762e-01 -2.226976630385748557e-01 5.442479853830198833e-01
-1.663888862279110370e-01 -1.970158113187853166e-01 5.383541300342143954e-01
-1.929544118587407375e-01 -1.216229743835476051e-01 -6.053962108346504500e-01
-5.931655749293711644e-01 1.270046435384303840e-01 -4.377477787388549535e-01
-6.539479611003837234e-02 -3.122057924119535643e-01 5.344212247995360210e-01
-2.203215152093719320e-01 -7.196170022675740796e-02 -9.118918311318631176e-01
2.364025317773497947e-02 -4.888058580348542126e-01 1.504127836862708678e-01
-4.023194828115705945e-02 -4.205555196284197494e-01 2.523216462790690562e-01
2.465470594502339186e-02 -4.398376156691454764e-01 2.673390571346282441e-01
-1.391600334065824507e-01 -3.436396803097158115e-01 4.913409570301716101e-02
1.343978292587569290e-02 -1.089720859987679535e-01 -1.093772444804522959e+00
1.305523549458213403e-02 -1.245614757484018731e-01 -9.850978121796361009e-01
-1.062254952887316806e-01 -1.078718564565686600e-01 -9.728150749192421287e-01
-3.772600989302363761e-01 -1.491553572036365127e-02 -7.042000296697956685e-01
-2.823352068926734404e-01 -1.800154972644445461e-01 -1.915528665491560423e-01
-3.097320745119522822e-01 -3.852794517952509712e-02 -8.229711923113043337e-01
-4.415488860279932481e-01 -1.526453556877858109e-01 -1.558909961384520315e-01
-3.490576168450321148e-01 -1.543507734583599023e-01 -2.828480682183800443e-01
-5.004662639351948883e-01 -7.592091584491350575e-02 -3.050903015590361589e-01
-1.281499490541331276e-01 -8.768579553621408396e-02 -1.076150309667284866e+00
-1.808364302326072592e-01 -2.859500233211681453e-01 9.718272426652019291e-04
-4.313964651986963439e-01 6.119827598764371324e-02 -7.643892591982901497e-01
-3.439252793174103484e-01 2.638138281456539613e-02 -8.887480811414698589e-01
-4.268923529185837396e-01 -2.475573110589660009e-02 -5.725662465029319748e-01
-6.544561277833444990e-01 1.721694248414312733e-01 -2.998969065047009108e-01
-5.131213752415633156e-01 4.952690194587969219e-02 -5.677375531442137024e-01
-6.847777593853436873e-01 3.405052806665265219e-01 -3.514050068538345784e-01
-4.042691853359402510e-01 -1.064401948872639170e-01 -4.019238520756449606e-01
-1.331779276850602045e-01 -3.095679283740473409e-01 1.510140462013477292e-01
-1.353078730310341982e-01 -4.187175233447899547e-01 -1.741301735576571974e-01
-1.763242665336872683e-01 -3.375028031505232784e-01 -1.846525904437053556e-01
-1.059601931281780873e-01 -4.761343100474562107e-01 -1.157038454446195908e-01
-1.807484926138849257e-01 -2.558247675483067418e-01 6.456097166363341522e-01
-2.992031598687117100e-01 -2.732254052536613464e-01 7.234531757576148081e-01
-4.012777882297964283e-01 -2.678621528775074756e-01 7.413579624509005761e-01
-4.842081704965564004e-01 -2.363109156250373655e-01 7.230485604760974461e-01
-5.400659342899716275e-01 -1.882899659229030354e-01 6.786283955987615357e-01
-5.747349478187897542e-01 -6.033574820343562406e-02 5.170253061628170554e-01
-7.633079211034692335e-01 2.823652964708036617e-01 3.038175209689343292e-01
-5.276659199460960181e-01 -9.648238106917167434e-02 3.591329455897339651e-01
-4.590789419847782771e-01 -1.348334661934261214e-01 3.180116084015419675e-01
-3.661434112695445275e-01 -1.645378811908453365e-01 3.096679818017405994e-01
-2.760631292454369667e-01 -1.825424597143850969e-01 3.283078393981987420e-01
-2.045695519173488242e-01 -1.884390911947352309e-01 3.591423302560056152e-01
-1.549758927103828676e-01 -1.975238292071289647e-01 3.877411988796181097e-01
-7.677775130091555322e-01 5.362918414902095865e-01 3.448140996899676791e-01
-1.759034717883280474e-01 -2.995642783526121233e-01 -2.057650506404248847e-01
-8.986613748855501460e-02 -4.086060553852061128e-01 1.053956066434604266e-01
-8.740125545942709073e-02 -4.715476113598475738e-01 -1.923724755643329565e-01
-5.184926160710409682e-02 -4.360686110665508153e-01 -2.374191350962854274e-01
-8.760210339344631780e-02 -4.356102440329079339e-01 -2.029032810408220588e-01
-1.569158509568541193e-01 -2.716896848256635799e-01 -2.325876481614943536e-01
-3.741204535814598997e-02 -4.537196110939317739e-01 -2.506005267037281214e-01
-2.688596130096681386e-02 -3.678375217980454082e-01 -2.602148358435971698e-01
-1.488118607703194374e-01 -1.751068289763503261e-01 4.687759367467440041e-01
-1.158079671658945042e-01 -2.127085513432803721e-01 4.388128600939352753e-01
-9.677222471696836359e-02 -2.581345890536526078e-01 4.121161343956848411e-01
-4.844107295686725934e-01 -1.391657537329742400e-01 5.483722838308330294e-01
-5.288999894350807640e-01 -1.401557669843994658e-01 5.941348491886080385e-01
8.344456686534679202e-02 -4.631194432801394312e-01 1.363905896113331018e-01
5.069033835958929313e-01 -1.358181889695757039e-01 4.593525879348338004e-01
9.516160479354179857e-02 -3.747438164420442419e-01 -2.508219122695559133e-01
7.457815023484362094e-01 1.306518580028224186e-01 8.643011934478255220e-01
3.093244342494858579e-01 -1.911367045377857510e-01 3.727470082604594781e-01
3.777112999835023910e-01 -1.860204181605930041e-01 3.624536453510144307e-01
4.427749536731235835e-01 -1.686833653549575374e-01 3.659231192389152953e-01
5.289722044225932951e-01 -1.208882528161522307e-01 4.277323669323235267e-01
2.527574987781058824e-01 -1.858320772407801025e-01 3.986200448551119324e-01
4.142777424699299882e-01 -2.538065834925307129e-01 6.628389763159097114e-01
3.335308054803689526e-01 -2.513018079732773913e-01 6.499890634223342012e-01
4.871177335053373803e-01 -2.312966031587826432e-01 6.435891937843027932e-01
5.320824087062030472e-01 -2.001585520253402750e-01 5.991900161994019314e-01
5.796877585099651231e-01 -7.909306216228800812e-02 3.586760572378372425e-01
2.709263359713943720e-01 -4.020294638671079168e-02 -1.008864015622320309e+00
5.314775089893741811e-01 -1.183133619667613989e-01 4.934865916195257940e-01
7.831543455287537370e-01 2.155861731075846555e-01 4.361983969234418668e-01
6.520132508248162040e-01 -2.107352016258248750e-02 4.374998400545871968e-01
3.638507176779035568e-01 -2.064856628657754101e-01 -8.120281675613510997e-02
6.419754495741106237e-02 -2.940155428266859605e-01 -5.031702882238292540e-01
5.781433454989542975e-02 -2.529033637498601106e-01 -5.745061059852943908e-01
1.394467528380263222e-01 -2.405094410331437005e-01 -5.328173469289555486e-01
1.874119505572393596e-01 -1.820020553932102936e-01 -5.649185337010644847e-01
1.181949682933801093e-01 -2.151068591979379829e-01 -5.802298491984552165e-01
1.646141662030143893e-01 -1.618026894736532828e-01 -5.931273076060238347e-01
3.039481142129282221e-01 -6.913871051178160920e-02 -7.150847233114727697e-01
8.194822206457202940e-02 -5.070122901524671821e-01 -2.200194626612906879e-01
9.086681435420770891e-02 -5.414709522613005976e-01 -1.218285294748204239e-01
6.147325941761767609e-01 -1.913847947627429491e-01 6.921382134783216067e-01
2.263917869979985009e-01 -2.445220639075404989e-01 1.799460928419222006e-01
2.414797761002818177e-01 -3.423915921666021989e-01 -1.658049611854544025e-01
2.455626838615243002e-01 -3.288873883964072986e-01 -1.063199494308861848e-01
5.617918000569284143e-01 -1.210962346254259581e-01 -5.935335838571709210e-02
8.735896472269241708e-02 -5.155877648918023581e-01 1.471161066558653030e-02
4.696190897455014834e-01 -3.213872138600096795e-01 7.983329836183381545e-01
5.574756319342357713e-01 -2.641940349106106645e-01 7.666850270285339164e-01
6.799985424141503643e-01 -2.532154953837972844e-02 1.021459126152912233e+00
1.753718487221895828e-01 -3.625847400099125872e-01 6.947470648638249813e-01
2.650956310939917016e-01 -2.238746945909940722e-01 6.020689766422311351e-01
3.558739490859255117e-01 -6.490909003330236349e-02 -6.180954107504386119e-01
7.167292541578866860e-01 5.162214315679425347e-01 -4.607307936931864800e-01
1.922436379049652921e-01 -3.084222834688820081e-01 -2.193643371926454200e-01
1.405689148099348862e-01 -3.103599878665557199e-01 -2.481449003702773104e-01
2.451154810006012097e-01 -6.330384911668396342e-02 -6.363870345202502499e-01
2.282817941365525294e-01 -8.350005630866866313e-02 -6.397305020141776932e-01
5.896681078555843225e-01 -2.402191881039779098e-01 8.293101222366026093e-01
2.439828983460115008e-01 -2.990652459821815379e-01 -2.033387016284778914e-01
3.475943436437296530e-01 -3.579479360200454874e-01 7.828383228915880565e-01
3.584846547367595004e-01 -3.827172138202570295e-01 8.571928276069171737e-01
4.133386169775623564e-01 -3.105621078747521357e-01 1.224144821891402835e+00
6.355469771840811521e-01 -1.471820802634518088e-01 9.122065793306575188e-01
3.772770180943130214e-01 -3.480927064146952521e-01 1.034921186278760175e+00
6.516260541655800598e-01 -1.386229901603296955e-01 7.378994877590190349e-01
7.034737699619395546e-01 -9.696714505549521024e-03 7.849778400943860923e-01
6.163298712643497379e-02 -2.808422946662733066e-01 -5.431654038524215133e-01
1.286910677793400848e-01 -2.305418163940255449e-01 -5.584110883463745401e-01
1.762099099422738679e-01 -1.776294985079778233e-01 -5.789023993481644537e-01
1.773982177316260622e-01 -2.914915618258818730e-01 -2.348939799077875978e-01
2.362427566531077328e-01 -7.440433349228586790e-02 -6.384793456759356722e-01
2.092123639568174154e-01 -1.132535152107567167e-01 -6.715843685269340391e-01
2.202143106653095539e-01 -8.518484133203571562e-02 -6.397807225650089524e-01
1.579424275247884313e-01 -4.058382847949038030e-01 -2.022614101116273488e-01
1.556758725005866761e-01 -1.477276029500774190e-01 -6.032078889786355314e-01
1.103725301951427040e-01 -1.834638870622061768e-01 -5.945221540365858148e-01
5.460369484214214197e-02 -2.171548859740330406e-01 -5.937594717471869066e-01
1.033335247238190147e-01 -1.397577714846723884e-01 -8.925832192678853083e-01
6.392812615344894978e-02 -2.053486270138580316e-01 -8.211537657202270246e-01
5.963216742750621080e-02 -2.157030218460667115e-01 -7.750383970499457043e-01
5.557558759347844268e-02 -2.034108136260206479e-01 -7.272308768005648627e-01
4.870253725592349481e-02 -1.990661724172650970e-01 -6.861427875581114222e-01
1.525923857047752352e-01 -1.448517387755812180e-01 -6.649438509492089366e-01
1.660908805882662653e-01 -1.540297284377201148e-01 -6.842090867117083253e-01
1.796215333413525017e-01 -1.621400674402215802e-01 -7.080387697415657655e-01
1.929116135804779808e-01 -1.472369956006488456e-01 -7.327619493412491636e-01
2.993103367544656113e-01 -1.836902072099330652e-01 -4.469129729197981460e-01
7.904834393209252408e-01 5.478900181751205078e-01 4.304710937173827912e-02
1.846100156117085334e-01 -1.084417716121362507e-01 -6.514563848362231457e-01
1.965678921885816721e-01 -1.149461674968370040e-01 -6.616550484797725229e-01
1.188559198193237243e-01 -3.065517516191960112e-01 -2.850826853808756112e-01
2.232603003301723565e-01 -2.432360648289056404e-01 -2.547045383181036349e-01
1.294488843648725629e-01 -3.100875120788674222e-01 -2.675433048390257196e-01
2.963289107823956492e-01 -2.136675491834021390e-01 1.224476865345890397e-01
4.066369074221412028e-01 -1.870359579552232088e-01 5.316609917246681305e-02
2.573842177994787872e-01 -2.846261480143793543e-01 -1.453133521342127032e-01
5.757931090048593603e-01 -1.818045376098442745e-01 1.143591251773166562e+00
5.329056727900340906e-01 -2.580321522261279643e-01 9.990947000201853001e-01
4.917736162716672688e-01 -3.201818451993952985e-01 8.727268533731429301e-01
2.606516727071599426e-01 -9.496713603621387279e-02 -7.828827433483616094e-01
1.977024819440933445e-01 -4.074382490990487993e-01 8.194806004376671282e-01
2.120236993188483465e-01 -3.958081973006021270e-01 1.039109787816368868e+00
2.351492760491232237e-01 -3.830541840298450351e-01 1.265352862860916083e+00
4.976658831099149971e-01 -1.427182086841572994e-01 3.861440547976670024e-01
6.500327614053791336e-01 -3.367252863292921616e-02 2.833169537764804735e-01
2.156561892413107473e-01 -1.778621746308463036e-01 4.235725395790145287e-01
5.902751237625234459e-01 -1.368446177115607010e-01 5.564278968271638703e-01
1.798820119601459711e-01 -2.769630599049623942e-01 2.441682533422478985e-01
2.004137843919195916e-01 -4.147493222098126431e-01 -1.393664280732734850e-01
7.306150323519857714e-01 4.989279517334685443e-02 2.183362944177459353e-01
6.056003741481841285e-01 -8.513604754011661058e-02 2.045643692032911298e-01
5.204022296545196546e-01 -1.426793567563517939e-01 1.613840880523459420e-01
3.925102803411184560e-01 -1.725443872765924924e-01 1.801838566737145042e-01
2.982656876498677168e-01 -1.919286886865495534e-01 2.274681291057339960e-01
2.282490083435130823e-01 -2.156066736992777733e-01 2.754916015990979128e-01
9.113747176276257300e-02 -3.657543960094323809e-01 3.702176638454518498e-01
7.199347531273989631e-01 5.925295630444679662e-02 4.992349337403320653e-03
6.380260938982476038e-01 -1.063331241781068637e-01 5.721153086827781564e-01
5.901019788660333276e-02 -4.649227539565228273e-01 -2.627237579336945128e-01
2.225152739034470528e-01 -2.608061137405001118e-01 7.139866105233333426e-02
8.033275890641911055e-01 4.383928775029721780e-01 4.795643811276130153e-01
1.764839727560707505e-01 -2.313873348097599258e-01 3.287645805104147945e-01
2.655606473379855115e-01 -2.159532659607733551e-01 -1.402503672954220626e-01
5.560222061141346650e-01 -1.049900108926689057e-01 4.897138196113958175e-01
2.026303778032674807e-01 -3.974472857374078405e-01 -6.625900963784830955e-02
7.646206202812382280e-01 5.483360713717981838e-01 -2.003360144053676350e-01
2.156775826007066299e-01 -1.644942017043508065e-01 4.578323676330325886e-01
1.462271164107277199e-01 -4.710168333133264440e-01 -1.586871905222562995e-02
5.672041564587873008e-01 1.847574163849445839e-01 -7.497900263314942748e-01
5.678788225162607617e-01 3.211747020812811826e-01 -8.387770799580485104e-01
7.861349331681102282e-01 3.052397660503796128e-01 1.830840794396507154e-02
6.519018201893229669e-01 2.533638368429003140e-01 -6.067044302072699402e-01
7.467244634353786825e-01 1.208076330739736304e-01 6.272093375411622596e-01
2.872255899755962183e-01 1.184613541363197659e-02 -1.087916188905813097e+00
5.684379935695874075e-02 -3.690315404008400746e-01 -2.706016775583241496e-01
2.825228865030768866e-01 -2.275044235466719966e-01 -1.580003503653865105e-03
7.051612331820469315e-01 4.971978744408434014e-02 4.208718484196262155e-01
4.401512747220501787e-01 -1.698023008757560959e-01 4.190458540126377196e-01
3.813728379217751208e-01 -1.842007922550059629e-01 4.122123817417865377e-01
2.216991308366743629e-01 -9.982393840331105217e-02 -6.825296021326381357e-01
7.053901784996003954e-01 1.081746516754788501e-01 -1.905304822021379740e-01
1.660373341458445395e-01 5.013984199322144009e-02 -1.209975606484411159e+00
3.750981358520393272e-01 1.687980033410866332e-01 -1.068602071287970023e+00
4.652599365111942387e-01 2.368363920817906365e-01 -9.753704723501230855e-01
3.230900525238868948e-01 -1.870758349126133702e-01 4.210880575861614128e-01
2.684418732385713269e-01 -1.781506708607212275e-01 4.387728735545378678e-01
2.332525084009232086e-01 -1.644366677857281855e-01 4.487383555771874422e-01
6.815063278677087055e-01 -3.901755580968660486e-02 5.983160837306096269e-01
2.790506483832607687e-01 -2.011077624862021018e-01 5.285835545224378818e-01
3.389943454284667368e-01 -2.182351802090402026e-01 5.604072370703017114e-01
4.009429672757891527e-01 -2.176563691484143526e-01 5.674592631470640747e-01
4.608486720954219074e-01 -2.008822890430482788e-01 5.524091589062827268e-01
4.964634903416431655e-01 -1.763711203053471843e-01 5.272169057879542153e-01
7.865590970233349299e-01 2.968734329501412361e-01 6.955854239318046695e-01
4.799906036068135595e-01 -1.513370542175896949e-01 4.371749818539255594e-01
2.432104797368992988e-01 -2.270235327954693294e-01 -3.960134124716929716e-01
1.913458105730555525e-01 -3.364884527137714798e-01 -2.075819364917958487e-01
1.213849234297811608e-01 -2.931624253390708867e-01 -3.708517729365338189e-01
4.752052374114821287e-01 1.341657378002957257e-01 -8.822130054203154437e-01
3.851862754712145342e-01 7.688635702486101842e-02 -9.856301099432345225e-01
1.639009740985988284e-01 -4.593197247407609929e-02 -1.162513210577895695e+00
6.488109261404693129e-01 4.287948972579000984e-01 -6.766397519235263225e-01
2.356242615324645739e-01 -1.788640583861712541e-01 4.853074542900445154e-01
1.352955065450773819e-01 -3.683739417766966895e-01 1.987551211965939979e-01
2.783629196628976121e-01 9.688666216907299011e-02 -1.151228052833557669e+00
7.615785308668023834e-01 3.233197497824547018e-01 -2.019719285570079625e-01
1.063835978324466358e-01 -1.744102820750624838e-01 -6.757700382611524503e-01
1.192075268066457028e-01 -1.822788028730557564e-01 -7.074285932619321926e-01
1.291888804627295273e-01 -1.911893916667226634e-01 -7.461275076554101382e-01
1.386166771499986461e-01 -1.784837302997888120e-01 -7.865245882453630877e-01
1.930494582707205087e-01 -1.235024772938516646e-01 -8.490350327374429629e-01
1.981659432307660285e-01 -1.196024282355391821e-01 -6.153251499459135854e-01
2.094840451476374654e-01 -1.202542535759618392e-01 -6.101663701120783045e-01
2.198130071123256535e-01 -1.220057849673235051e-01 -6.025386834713950535e-01
3.383400753655521065e-01 -1.257888331107459567e-01 -5.233325325404409867e-01
6.121975099491763217e-01 -2.257929643025338717e-02 -2.636367639202443769e-01
1.349665051138733141e-01 -3.171091040938311956e-01 3.144344271458857643e-01
1.693636708771995569e-01 -2.247708349717471021e-01 5.265524347202573674e-01
2.077179964175603355e-01 -1.955824231737907093e-01 5.185576475198488966e-01
1.870219178411102190e-01 -1.101228727261420737e-01 -6.207903809810360052e-01
6.201597231328692672e-01 1.074455487555401878e-01 -4.877783839324483228e-01
1.095050182220495549e-01 -3.124960411117635450e-01 5.237005862124656241e-01
2.344213705859090613e-01 -7.932829345749814465e-02 -9.222003031799501649e-01
8.789627035150732182e-02 -4.222171256506174197e-01 2.465025863924480420e-01
1.824382704169253966e-01 -3.481671367887294588e-01 3.437529142331700871e-02
1.275712953474850420e-01 -1.136533475248980851e-01 -9.786245665725674669e-01
3.777658954190767915e-01 -2.679463257007011490e-02 -7.389586561017766897e-01
3.197090420371051511e-01 -1.903952774933748149e-01 -2.176141445426206245e-01
3.174021840127305705e-01 -4.894157016462097332e-02 -8.413362927682803694e-01
4.668187248258344191e-01 -1.663422068390183473e-01 -1.968146989611938569e-01
3.765575814463482107e-01 -1.658173410831537131e-01 -3.164387970641977521e-01
5.211131166331834930e-01 -9.279968924471571068e-02 -3.527280150639441336e-01
1.520659941222187173e-01 -9.386398146050406455e-02 -1.082861934917971780e+00
2.229523498248913715e-01 -2.916792112590441688e-01 -1.624378680896425287e-02
4.482070275808838211e-01 4.463357350259561374e-02 -7.911314583621813501e-01
3.626185167430209244e-01 1.138336055939576791e-02 -9.055938766381557148e-01
4.322718424951428329e-01 -3.488018321113431353e-02 -6.189671833322671901e-01
6.852840379203788412e-01 1.532664216924228828e-01 -3.552928680333954370e-01
5.275956186523489411e-01 3.052146370764741157e-02 -6.125148360667080905e-01
7.238122747187998307e-01 3.217026670131264421e-01 -4.089922600803280739e-01
4.184589417227606578e-01 -1.172923953668403296e-01 -4.460893516107664603e-01
1.776594171659072741e-01 -3.109013265363322898e-01 1.367697060454419189e-01
1.780818285511969190e-01 -4.232772608144230730e-01 -1.876462146072240822e-01
2.196575410196321410e-01 -3.461224701703968787e-01 -2.008859052481656304e-01
1.503953661512604234e-01 -4.813134208185472218e-01 -1.274192453475224696e-01
2.252508464066003135e-01 -2.595648690444227746e-01 6.247870000386104294e-01
3.387353766637239971e-01 -2.833223434481675351e-01 6.980592044255464756e-01
4.374544549502910051e-01 -2.810810005321707772e-01 7.106901616336913641e-01
5.160243613639248217e-01 -2.511572457363704380e-01 6.871389376233354440e-01
5.670873012840835781e-01 -2.039463008644075703e-01 6.370440644762433990e-01
5.956024339722734151e-01 -7.445514007159081959e-02 4.644778536083112863e-01
7.943530251994126434e-01 2.642962072143715258e-01 2.293235534702019462e-01
5.447866915093690920e-01 -1.083010548439302667e-01 3.119894710918850178e-01
4.763263542999620626e-01 -1.449954276356170135e-01 2.786263101850351420e-01
3.868782387554914326e-01 -1.713307191828894460e-01 2.821057061353356987e-01
3.018358987586946540e-01 -1.862822966867373475e-01 3.097450109658247408e-01
2.369586185933932332e-01 -1.916176087403417272e-01 3.451741199259698023e-01
1.922568634809918020e-01 -1.989235236377118188e-01 3.766432527861481860e-01
7.994728165164755040e-01 5.167569599277195280e-01 2.670392855793221054e-01
2.189143460410173381e-01 -3.086896905111070621e-01 -2.212464324871190047e-01
1.362469489251961208e-01 -4.099164730455124861e-01 9.525287033270890547e-02
1.311206519768177425e-01 -4.762590675590404610e-01 -2.020503561652219893e-01
9.534696241134243966e-02 -4.407836255959881600e-01 -2.438679036576054115e-01
1.310524131121295621e-01 -4.399558707061145268e-01 -2.128001827491510234e-01
2.017506673522378446e-01 -2.817399525855602826e-01 -2.462197211809054598e-01
8.128153951616479134e-02 -4.573782153539539541e-01 -2.556775632677013022e-01
7.915735141087620885e-02 -3.716704746586814156e-01 -2.645966990012402209e-01
1.920682911028855910e-01 -1.746957259819623687e-01 4.539832439956895671e-01
1.573225822153058728e-01 -2.134043480384388847e-01 4.271649555182773783e-01
1.362368308912314530e-01 -2.596321572768348629e-01 4.031128642046858390e-01
5.161201189664139655e-01 -1.510217749566318268e-01 5.084532118092829345e-01
5.577461074827030352e-01 -1.552357377100931357e-01 5.510155380616179599e-01
-3.580151250560461573e-01 -1.700831589819518097e-01 5.300935809631052154e-01
-2.872336579503915743e-01 -1.766790590318600973e-01 5.279379239258822354e-01
-3.571381626481673344e-01 -1.792323746617674463e-01 6.141868741122129549e-01
-4.297524487821275940e-01 -1.634295927515390101e-01 5.319281156282115175e-01
-3.595291929489943250e-01 -1.609367208016558859e-01 4.458747046969780969e-01
3.877556640799568743e-01 -1.771105964870002270e-01 4.976304809121004924e-01
4.570472672170493578e-01 -1.833890680203699164e-01 4.941436145511560740e-01
3.867560949075650178e-01 -1.864157158600949771e-01 5.825083681820206749e-01
3.179135208594927597e-01 -1.708597346214753010e-01 5.016412855382480496e-01
3.890165827309655100e-01 -1.678234647298426641e-01 4.127186975810362979e-01
