-1.649111141004503539e-02 -3.568121928454181524e-01 -5.800886707125840758e-01
2.774819784653592691e-02 -5.863244052556433328e-01 -2.545393651231155352e-01
3.174531019670538690e-02 -3.671291123520233346e-01 -3.293949247347324749e-01
-4.132880811249840802e-02 -5.318327828437623417e-01 1.624445539302578623e-01
2.749789550692443435e-02 -6.285317044883366178e-01 -1.377326224772043028e-01
2.621170245008197508e-02 -6.171055921320239834e-01 2.835961597398697215e-02
2.897541575898382460e-02 -4.536324953706960539e-01 4.512748995208408775e-01
-5.440387622323230588e-01 -1.434833372487672454e-01 5.697413280969039207e-01
2.955121119843036326e-02 -4.341720871562075867e-01 7.726906015063677025e-01
2.833489774821341955e-02 -4.685328229795377997e-01 9.277454818780050960e-01
2.660867561577408974e-02 -4.541297710947174160e-01 1.473098678752218005e+00
-1.510273279691445175e-02 -3.441281287191055860e-01 -6.126548349554034045e-01
-1.320442932675456454e-02 -3.166831515999194435e-01 -6.450690024717810056e-01
-1.053992804608472854e-02 -2.740417483498499562e-01 -6.686152579688365849e-01
-2.165886993654227155e-02 -2.392918569362353365e-01 -8.113666099905789686e-01
-2.295649122213420934e-02 -2.432825405313639999e-01 -8.615019592535793080e-01
-2.515548781868870085e-02 -2.550822616648577013e-01 -9.148750215187071433e-01
-2.485352753339166443e-02 -2.413125563975072607e-01 -9.641463908549974260e-01
1.355058116187278505e-02 -1.632523586878286970e-01 -1.036414331346526385e+00
2.642651727366590597e-02 -5.369567790264802021e-01 -3.044468578020126937e-01
-5.089303859090253679e-02 -4.243162975936372039e-01 -2.798126310594548083e-01
-8.440684845618946497e-01 1.745080426551456343e-01 1.081613395294105384e+00
-3.232113903125205523e-01 -2.159917562528523294e-01 4.520963861049365207e-01
-4.059822289511839655e-01 -2.071615081543887738e-01 4.448806107193026271e-01
-4.830549585153883774e-01 -1.843087143895922875e-01 4.579718079372478989e-01
-5.772482675764686322e-01 -1.266320142709058683e-01 5.406888904318664091e-01
-2.502740387501773411e-01 -2.104527162286543573e-01 4.796079549645191342e-01
-4.400077551088555916e-01 -2.810712940037200513e-01 7.890246848278614777e-01
-3.454788570140026049e-01 -2.802265550239532166e-01 7.714250006400309445e-01
-5.236269367243702177e-01 -2.509928654528594261e-01 7.716070582602546635e-01
-5.766184406333649815e-01 -2.124189052906454434e-01 7.280355028926165373e-01
-6.467233919186896607e-01 -7.526863818930980277e-02 4.736268700748560434e-01
-2.879198970981411421e-01 -3.346932946939637499e-02 -1.148280705152839198e+00
-5.705090965231727207e-01 -1.226250966205719162e-01 6.108654832139448487e-01
-8.708049835216287171e-01 2.701206437048654374e-01 5.871843864321656392e-01
-7.350883168949134960e-01 -4.939034452676942938e-03 5.737511509944315247e-01
-3.781775811292632516e-01 -2.263850768552164161e-01 -5.659075889194614684e-02
-1.072091733235971400e-01 -3.403196181474447135e-01 -5.566574888882629413e-01
-9.293670922364362375e-02 -2.989690350152496845e-01 -6.348173704025722452e-01
-1.839750489368005282e-01 -2.822211857127425727e-01 -5.822298796838143442e-01
-2.263198776259343070e-01 -2.213132900392515978e-01 -6.230498919274202185e-01
-1.556938515984646609e-01 -2.583087011831102231e-01 -6.391944074298667733e-01
-1.975954951797390113e-01 -1.982080201443476852e-01 -6.619740006907534058e-01
-3.570220732108795314e-01 -7.336998488492731119e-02 -7.900126623004876114e-01
-4.100079062664172685e-02 -5.776457195066172501e-01 -2.461225503439605222e-01
-5.311390703102367161e-02 -6.167770972819857089e-01 -1.323410175183185600e-01
-6.841755985041880761e-01 -2.009284900389852191e-01 8.499032265636639050e-01
-2.123917235652669211e-01 -2.780821388219367751e-01 2.281268823821912539e-01
-2.277639471712937791e-01 -3.842233834774023138e-01 -1.698702188956955905e-01
-2.341257038562324921e-01 -3.687895101557607802e-01 -1.008860075203933948e-01
-6.156542056009277619e-01 -1.247509870424626244e-01 -9.564783795110103071e-03
-4.794623360780116833e-02 -5.906991434315963518e-01 2.311745042334065886e-02
-4.998416940718165558e-01 -3.508408838761404858e-01 9.581315020958145467e-01
-6.088509972099641621e-01 -2.838815391828725110e-01 9.267082122086858220e-01
-7.634780262224687419e-01 -4.970252622150549485e-03 1.256336337458103802e+00
-1.448481140394041466e-01 -4.115254420246374778e-01 8.199424175955931648e-01
-2.617514416755223894e-01 -2.528477479101603476e-01 7.164134205613165163e-01
-4.031552252133434600e-01 -7.311922821426819485e-02 -6.658717057014890139e-01
-7.706711491611506482e-01 6.167475192735829559e-01 -4.648257515785463312e-01
-1.668791407982733177e-01 -3.443650472986795052e-01 -2.360936106686260527e-01
-1.029374928779260845e-01 -3.442247348780360094e-01 -2.727777946985455726e-01
-2.857632925510229516e-01 -8.716382090258230353e-02 -6.960235694234698789e-01
-2.714869233080715594e-01 -1.066962595645297163e-01 -7.046823277953889741e-01
-6.489811633132126500e-01 -2.556233947173027765e-01 1.009129350691354121e+00
-2.326412364255828202e-01 -3.329737374396819494e-01 -2.128434096026422528e-01
-3.497059282890526699e-01 -3.953187223779257575e-01 9.341419317769823483e-01
-3.620862273260629927e-01 -4.229019330316199365e-01 1.026157313903756751e+00
-4.385289781999180958e-01 -3.401235829042965064e-01 1.458686635843092327e+00
-7.049723309007525085e-01 -1.487331470227410135e-01 1.117269445606372535e+00
-3.907234364112864844e-01 -3.857270445375616252e-01 1.231888692669251828e+00
-7.280829052991105721e-01 -1.402177934274235760e-01 9.177799367611509940e-01
-7.850668792413680874e-01 9.210022478398190854e-03 9.783467644560186471e-01
-1.020930106564308382e-01 -3.282060987735380131e-01 -5.997518569865969429e-01
-1.701114716058383103e-01 -2.734440974777434530e-01 -6.117956294863589051e-01
-2.131638572741937354e-01 -2.160472899311080552e-01 -6.417083337904835316e-01
-1.480588494493192686e-01 -3.235945579676007267e-01 -2.553869619497154408e-01
-2.780718978325776858e-01 -9.732154762462261188e-02 -7.005722291682754399e-01
-2.638452457717740951e-01 -1.373585390389430172e-01 -7.481404430923772608e-01
-2.634215698617474177e-01 -1.085403093185852708e-01 -7.076003921531229812e-01
-1.301382387080660119e-01 -4.625348552279613390e-01 -2.184148960513068727e-01
-1.861378478725104757e-01 -1.818845070941892406e-01 -6.773536869426201035e-01
-1.422128160960005328e-01 -2.238313052341528442e-01 -6.612791957665640208e-01
-8.365092163796727931e-02 -2.610135717909664033e-01 -6.589418010105264623e-01
-9.816952169313789001e-02 -1.572742690108129837e-01 -1.025393065366484446e+00
-1.210559330773537945e-01 -2.372263435867175141e-01 -9.460862100232843019e-01
-1.172025453797833072e-01 -2.508338177532349333e-01 -8.950950247569142704e-01
-1.077777022295992593e-01 -2.375970239736874268e-01 -8.403094948096438976e-01
-9.656103773044578953e-02 -2.333781136636906006e-01 -7.931007398059746194e-01
-2.051796385290303171e-01 -1.741876842972951978e-01 -7.497544143947694195e-01
-2.235374387134740903e-01 -1.819869083585040070e-01 -7.704538420186616277e-01
-2.425119464568852301e-01 -1.898448863924753205e-01 -7.960645774239165640e-01
-2.563007225839694092e-01 -1.720620936519250965e-01 -8.243881288243790628e-01
-3.119338690207227316e-01 -2.047802402409391043e-01 -4.774244615033695904e-01
-8.620084991853240730e-01 6.548591687473992451e-01 1.338393824381013397e-01
3.124690924757337479e-02 -4.264584655134298075e-01 -3.127564146702925263e-01
-2.325213060837615364e-01 -1.357443501938528918e-01 -7.294780883465618038e-01
-2.482966642789750655e-01 -1.405723868308831892e-01 -7.387217598337444402e-01
-7.601611497717301880e-02 -3.446133532743116956e-01 -3.171765228451335350e-01
-2.033196512508377296e-01 -2.657920820835424913e-01 -2.738626798413852370e-01
-8.905768685704418264e-02 -3.457556897212478164e-01 -2.956067832864899825e-01
-2.963915441781090343e-01 -2.411248179413406079e-01 1.698964185389421344e-01
-4.284766336585476010e-01 -2.055662652344087404e-01 1.032853717112707514e-01
-2.473778856615767019e-01 -3.170734418465217530e-01 -1.444316690001791192e-01
-6.354919712785562780e-01 -1.855493239964695062e-01 1.386133394496321003e+00
-5.795103637674928754e-01 -2.767812096849104897e-01 1.207715154224060505e+00
-5.252821956800080017e-01 -3.486795099194217595e-01 1.051401075207952562e+00
-2.996526501495507810e-01 -1.050873730552612517e-01 -8.872739581641493345e-01
-1.676234408352922090e-01 -4.603731459596370756e-01 9.751168747968090855e-01
-1.949461204365973144e-01 -4.461371298554747122e-01 1.216684630420415303e+00
-2.256643722803692853e-01 -4.284451461050735599e-01 1.482137806934329838e+00
-5.449893828527477835e-01 -1.522732205798857652e-01 4.889347667782424356e-01
-7.370208180683684995e-01 -1.822424983070211613e-02 3.953315829569952200e-01
-2.017550572860845048e-01 -2.045275553378795297e-01 5.065421320344660749e-01
-6.504279974269391307e-01 -1.399072869340735603e-01 6.898693832635286460e-01
-1.561500023067399767e-01 -3.168631960376625534e-01 2.964845291162659935e-01
-1.805530269647731834e-01 -4.687860132589182216e-01 -1.416450458383824440e-01
-8.089977992497534576e-01 7.853824120530225605e-02 3.296527953330239957e-01
-6.864948275332025673e-01 -8.049215775297331732e-02 2.975776006501721915e-01
-5.862432373100939786e-01 -1.496903433718684284e-01 2.370557407813314033e-01
-4.308397176415572627e-01 -1.897689596564823278e-01 2.428452851294100046e-01
-3.153476709746197981e-01 -2.153267998223788449e-01 2.862440247710474894e-01
-2.289219493713159359e-01 -2.439175742504309796e-01 3.352804816409244437e-01
-4.773703739141986480e-02 -4.191178878402685992e-01 4.320615232944734485e-01
-7.937431038854887433e-01 8.691194509904820453e-02 8.111090083906621895e-02
-7.152676227824215083e-01 -1.037387735570637903e-01 7.217114511984691338e-01
-1.628686906248677513e-02 -5.321850828525864774e-01 -2.976665429147673514e-01
-2.063587841932634781e-01 -2.963317557633197707e-01 1.022801727237211133e-01
-8.928292752619437778e-01 5.263237129005818860e-01 6.418088551561870192e-01
-1.615932329137106105e-01 -2.641397536381226985e-01 3.912432772000112302e-01
-2.523290568560955238e-01 -2.381357765699915752e-01 -1.377991383237693879e-01
-6.027863426636181909e-01 -1.069586351052141393e-01 6.112913729027233956e-01
-1.848823569149910528e-01 -4.488537469840561123e-01 -5.802485254511506596e-02
-8.263871231186896704e-01 6.565131378514489358e-01 -1.550431136520211695e-01
-1.971847527097616570e-01 -1.911792226840052233e-01 5.453085883251093113e-01
-1.196478947105093504e-01 -5.365517048788015497e-01 -5.618865383491808418e-03
-6.173049880128186340e-01 2.350720755537787920e-01 -8.193227577179484911e-01
-6.094997925587750665e-01 3.931283267604749332e-01 -9.260390082269576162e-01
-8.565691950383347297e-01 3.731606147992511668e-01 1.017726034193058571e-01
-7.101589000100982929e-01 3.144357964548047391e-01 -6.422683962806612357e-01
-8.312124579097464050e-01 1.598419369199770013e-01 8.030145571007030192e-01
-2.988489285672338847e-01 2.726270390902450769e-02 -1.237871788176889254e+00
-2.184142170116832107e-03 -4.203473044501653266e-01 -3.062976922395943546e-01
-2.793081237880137291e-01 -2.542214777882910726e-01 2.553534521374714594e-02
-8.043010702493917918e-01 7.693391246316101661e-02 5.689659408452647504e-01
-4.699606128139341976e-01 -1.853921517867792024e-01 5.157507114361432610e-01
-4.019276942944470798e-01 -2.047725512659944180e-01 5.020359640666198775e-01
-2.766489661742839168e-01 -1.219854730551198085e-01 -7.581821167685944829e-01
-7.743194564412609893e-01 1.435864242257084422e-01 -1.491737704269925358e-01
-1.460278540323667884e-01 6.473796416300806045e-02 -1.385137477323067356e+00
-3.873096646201104609e-01 2.107255861915109385e-01 -1.213088518126666848e+00
-4.907583315675954072e-01 2.921326945595941749e-01 -1.097500421431027107e+00
2.730364717722859325e-02 -4.667163325753883596e-01 1.195475221389283860e+00
2.403587693926503149e-02 4.004988550221767751e-02 -1.410056954763291959e+00
-3.322266941770640747e-01 -2.102010813585419302e-01 5.090298230123300183e-01
-2.638709144240337645e-01 -2.035542485042289296e-01 5.269097052817482973e-01
-2.185222174478227974e-01 -1.904524292509260919e-01 5.370493333733739050e-01
-7.710997592565117520e-01 -2.659575969746373614e-02 7.690804164882492078e-01
-2.793036282758610822e-01 -2.292953993428803461e-01 6.364082312402022934e-01
-3.547025098468346016e-01 -2.447701661501606174e-01 6.765175911084994054e-01
-4.267786578532570818e-01 -2.408896476473820769e-01 6.863038704276619439e-01
-4.946645332917015692e-01 -2.185433861885920925e-01 6.720966257444986880e-01
-5.349143520981514133e-01 -1.892650449904634269e-01 6.464838497696472341e-01
-8.828040934775458481e-01 3.652198331812121501e-01 8.898153473423067172e-01
-5.144629964327046556e-01 -1.626220982076777566e-01 5.411404151269781915e-01
3.052350225755402074e-02 -3.467564683763272315e-01 -4.126023166128034436e-01
-2.365537334710364759e-01 -2.536208010810618863e-01 -4.273648015649154086e-01
-1.663928275782227129e-01 -3.768568810535589120e-01 -2.219171301127750850e-01
-8.389621288495560658e-02 -3.358252811132981797e-01 -4.127375189285622525e-01
2.938653935533355743e-02 -4.140637940763822744e-01 6.161692736895025835e-01
-5.129327350364391025e-01 1.756331637694866221e-01 -9.835860554447664050e-01
-4.122834220099700353e-01 1.074455376924750016e-01 -1.113458129512432837e+00
-1.556829291543984362e-01 -4.475206391542384254e-02 -1.327888723982525221e+00
-6.962146179857134909e-01 5.162050548128588323e-01 -7.259524498436946693e-01
-2.234398145642397249e-01 -2.075344270105933808e-01 5.801048707565117368e-01
-1.022176559904625637e-01 -4.207888526358318781e-01 2.398345363438212363e-01
1.767446879878121699e-02 -6.681317415888787803e-02 -1.350905880726078090e+00
-2.766534764408778435e-01 1.235278093562578172e-01 -1.314805663905483923e+00
-8.277853222401827527e-01 3.943269276126157852e-01 -1.575018300285291051e-01
-1.590527401324671741e-01 -2.069902752618726360e-01 -7.688270667371575051e-01
-1.769873643329745172e-01 -2.144910310642481610e-01 -8.044261462862720702e-01
-1.912893487187640185e-01 -2.242429604797122611e-01 -8.498743978491976048e-01
-2.001041941079698128e-01 -2.089680943776982547e-01 -8.977421374288971911e-01
-2.120172587817409360e-01 -1.408683246108265452e-01 -9.715413263903047714e-01
-2.302261976288565992e-01 -1.512307357798736152e-01 -6.907226875626366613e-01
-2.432552204131474549e-01 -1.544406138308560550e-01 -6.820045144658704039e-01
-2.544634290055268200e-01 -1.573445814182949931e-01 -6.718058063308132155e-01
-3.668496050332722414e-01 -1.452174246929485157e-01 -5.627976923836901513e-01
-6.752629516513322105e-01 -7.192054399884587057e-03 -2.420864402370755397e-01
-1.005217192887855882e-01 -3.629569909584601795e-01 3.732445761432597320e-01
-1.409723945432695413e-01 -2.555063975909004359e-01 6.231653771766849648e-01
-1.909019804661880038e-01 -2.260409899756868346e-01 6.162313817450040254e-01
-2.170528499629340580e-01 -1.417776362912393229e-01 -6.987848143332597850e-01
-6.805531641294624290e-01 1.457154886352574619e-01 -5.022385797537964880e-01
-7.502902611229063379e-02 -3.582012322795375403e-01 6.129835686258524596e-01
-2.538872818507585394e-01 -8.256490563366555846e-02 -1.052191615554284088e+00
2.712303238913483378e-02 -5.608187450363194548e-01 1.725722157467867168e-01
-4.615908417324199320e-02 -4.825134864060691697e-01 2.894947077365744303e-01
2.828693850543334554e-02 -5.046363000456276504e-01 3.067245452503240544e-01
-1.596616611921352624e-01 -3.942660896716074781e-01 5.637273288270810978e-02
1.542027938532342796e-02 -1.250143742078270170e-01 -1.257385432665610425e+00
1.485500745878635953e-02 -1.427432559248503763e-01 -1.135770357002286568e+00
-1.223951948771641318e-01 -1.236724681657833669e-01 -1.121460612732182227e+00
-4.329416478483973929e-01 -1.738820588516408472e-02 -8.109034066347136083e-01
-3.239299893943341502e-01 -2.065361198182206204e-01 -2.197732217410275912e-01
-3.566701382268640530e-01 -4.428293235650799381e-02 -9.493543271449298437e-01
-5.065996817835740629e-01 -1.751336965489936892e-01 -1.788574980838188999e-01
-4.003275149358198615e-01 -1.770903634713197339e-01 -3.245006250654710045e-01
-5.741970098343998075e-01 -8.710589704740487327e-02 -3.500374580840040495e-01
-1.472816923750455143e-01 -1.006115990416308337e-01 -1.237037069495801500e+00
-2.074779960036142734e-01 -3.280773554286023352e-01 1.115000824283784997e-03
-4.953812392075644944e-01 7.018449392758116523e-02 -8.788078120514271063e-01
-3.954879133215540854e-01 3.020606037807745808e-02 -1.023090343877607555e+00
-4.884399787947851790e-01 -2.931462196473116552e-02 -6.581868552356029411e-01
-7.508732930091301938e-01 1.975341317744835901e-01 -3.440789507359958699e-01
-5.887158211168650457e-01 5.682095713542270610e-02 -6.514634212107092148e-01
-7.856620319388388785e-01 3.906699202748811772e-01 -4.031754360218702260e-01
-4.630493876535006770e-01 -1.228149668222632274e-01 -4.612638280845045013e-01
-1.527982470814568394e-01 -3.551747472753223889e-01 1.732620587255481182e-01
-1.552419847255337437e-01 -4.803127747139512849e-01 -1.997399373421445135e-01
-2.023010818127735089e-01 -3.870304390969312447e-01 -2.117711930963914746e-01
-1.215706840602422401e-01 -5.462803725451834680e-01 -1.327498119819658373e-01
-2.073771030536574189e-01 -2.935139232218844096e-01 7.372523857725757912e-01
-3.432829984957080915e-01 -3.134780943551460641e-01 8.259625302580249073e-01
-4.603956804256172930e-01 -3.073247056069015604e-01 8.468054106283098292e-01
-5.555437072827550393e-01 -2.711252104711215916e-01 8.259855241609534993e-01
-6.196306662997735915e-01 -2.160296171906440077e-01 7.750848783190561475e-01
-6.594072613206388711e-01 -6.922465920518473814e-02 5.928999805963042213e-01
-8.757615796801796471e-01 3.239645118927213518e-01 3.485771691067259814e-01
-6.054038309039735388e-01 -1.106965617942135272e-01 4.147964284159224579e-01
-5.267123375967120991e-01 -1.546976863237640998e-01 3.685835185503782419e-01
-4.200851627209042372e-01 -1.887782777632038833e-01 3.600649097235775198e-01
-3.167338820637058960e-01 -2.094353647569515142e-01 3.817472242308020958e-01
-2.347075786697082056e-01 -2.162007122101234358e-01 4.167975425747618701e-01
-1.778075778595167022e-01 -2.266238511462593253e-01 4.491164025506156898e-01
-8.808896502263241501e-01 6.153005586449217246e-01 3.956135293394278385e-01
-2.018057045203336952e-01 -3.433693970854508892e-01 -2.359513830614826113e-01
-1.031055860300248428e-01 -4.688035780026031940e-01 1.209229225337149494e-01
-1.002775674547246587e-01 -5.409535612530680382e-01 -2.206757418440890017e-01
-5.948790782184638914e-02 -4.999146192800185684e-01 -2.719573670970460988e-01
-1.005080051314592438e-01 -4.995425211343496041e-01 -2.326044475735440931e-01
-1.798456411982944647e-01 -3.111687819690086010e-01 -2.666599065219859011e-01
-4.292374120782312813e-02 -5.202411961567865450e-01 -2.871291505247774989e-01
-3.074767772871231375e-02 -4.212211273841364179e-01 -2.975896336053849844e-01
-1.707354354124356599e-01 -2.009042863533027634e-01 5.399494719151234357e-01
-1.328692730647507148e-01 -2.440456489257663564e-01 5.062148034754250236e-01
-1.110291063988702587e-01 -2.961640371200562338e-01 4.749450570483196854e-01
-5.557761081894803112e-01 -1.596682242605099722e-01 6.271474163179854289e-01
-6.068197085795857815e-01 -1.608040903310717362e-01 6.780983447466589764e-01
9.573796324303904259e-02 -5.313481021411305960e-01 1.564842129991463604e-01
5.815824724069532659e-01 -1.558274825044995426e-01 5.280862651897575422e-01
1.092348026231327318e-01 -4.292323390943053596e-01 -2.869667249311562696e-01
8.556530969162972067e-01 1.499000264366341373e-01 9.916336015385898150e-01
3.548953805960659569e-01 -2.192957490325646019e-01 4.322925867967020164e-01
4.333572803206467983e-01 -2.134257103287750534e-01 4.209364091284679699e-01
5.080063787508239947e-01 -1.935344916838634965e-01 4.247196613515615837e-01
6.069025625757150655e-01 -1.386980068253469978e-01 4.930991508476610941e-01
2.899947718162347865e-01 -2.132096222509580197e-01 4.609698237026499390e-01
4.753108413277221667e-01 -2.911984120003885401e-01 7.559932956503003787e-01
3.826679338755299975e-01 -2.883246226621167807e-01 7.410674346946666269e-01
5.588819190663631975e-01 -2.653721688937343837e-01 7.341427622886123050e-01
6.104709749309864542e-01 -2.296467321533900985e-01 6.836233043508010976e-01
6.650897404287950954e-01 -9.074537771078362847e-02 4.131828445833007901e-01
3.108582093170545457e-01 -4.608354791702531927e-02 -1.160828523698654635e+00
6.097769589029694570e-01 -1.357437724784707755e-01 5.657568247912470039e-01
8.985318608801495799e-01 2.473472137495481005e-01 5.004609366445356144e-01
7.480705213818263921e-01 -2.417815736241257091e-02 5.023639619359905328e-01
4.174547000910451278e-01 -2.369059789543674910e-01 -9.316594857924169470e-02
7.496548829078705789e-02 -3.422292612334664197e-01 -5.666235673270190176e-01
6.762650297007757882e-02 -2.967697627142998895e-01 -6.470275766242103987e-01
1.603542716200837548e-01 -2.780772599387228428e-01 -6.019942364784860445e-01
2.137858489062314238e-01 -2.098010480847877779e-01 -6.421172446994389826e-01
1.360238113006120020e-01 -2.501406908358161374e-01 -6.557629653059166008e-01
1.878495797580769233e-01 -1.868222968709486731e-01 -6.750116962812935384e-01
3.432440054122976036e-01 -7.977067997443437752e-02 -8.294617286349956764e-01
9.402117077928692779e-02 -5.816704886646730799e-01 -2.524058476891746228e-01
1.042536867222677577e-01 -6.212426772903988370e-01 -1.397768096234636159e-01
7.052975252481976653e-01 -2.195803889286076505e-01 7.935178197683219192e-01
2.597447550673462890e-01 -2.805460588496861973e-01 2.064564904510615695e-01
2.770555687050602067e-01 -3.928099854239388566e-01 -1.902269554649322347e-01
2.817399872101178371e-01 -3.773404295117793184e-01 -1.219834397003846382e-01
6.445572758605441210e-01 -1.389366293691442489e-01 -6.809753752548144967e-02
1.002290462729255038e-01 -5.915462724304823006e-01 1.687898684265226254e-02
5.388053032240689433e-01 -3.687352984522494492e-01 9.159466782863563417e-01
6.396052321193628210e-01 -3.031161854326331895e-01 8.796217787333233673e-01
7.801787210906088177e-01 -2.905202279738514082e-02 1.171944686488567200e+00
2.012083498967900397e-01 -4.160022133924179411e-01 7.971000564539356681e-01
3.041506084694725609e-01 -2.568568342668226534e-01 6.865808116606981759e-01
4.023163544808224801e-01 -7.560504359849015699e-02 -7.156207042355045012e-01
8.223207521767914585e-01 5.922732934844299191e-01 -5.286075468845465863e-01
2.206054637624610404e-01 -3.534143948386789802e-01 -2.514401416770389863e-01
1.615116557633648475e-01 -3.553197671222566578e-01 -2.841238004519693328e-01
2.747174079068369634e-01 -7.351947655691631889e-02 -7.390151422069888287e-01
2.558189014706397368e-01 -9.654740005736514585e-02 -7.434749007097936069e-01
6.765404358389043304e-01 -2.756092657066935292e-01 9.514875019745474560e-01
2.799274612027612408e-01 -3.429687877247499239e-01 -2.332348464996740756e-01
3.988033702535939140e-01 -4.106822963909501079e-01 8.981692862456509552e-01
4.112980867138303909e-01 -4.391006859479347213e-01 9.834779962853208435e-01
4.742333600099273294e-01 -3.563153933841223808e-01 1.404490865792555443e+00
7.291783686655158858e-01 -1.688655489462203008e-01 1.046596605663173918e+00
4.328590182395286590e-01 -3.993751538752333685e-01 1.187390026857999992e+00
7.476262813201625113e-01 -1.590454978092185612e-01 8.466098715585526069e-01
8.071124155960753832e-01 -1.112527423030530531e-02 9.006240001560368302e-01
7.205286358570014982e-02 -3.281453597674487410e-01 -6.111250503048303306e-01
1.480532496846453383e-01 -2.673101185978969951e-01 -6.307344895748653313e-01
2.010992411624338283e-01 -2.049017445267762305e-01 -6.580485267936925231e-01
2.036879486563769603e-01 -3.338818948725396640e-01 -2.692127383145465069e-01
2.647097516821438346e-01 -8.619085607093489310e-02 -7.417742362281201096e-01
2.359297610897782005e-01 -1.298958027022693029e-01 -7.839243314541524121e-01
2.468294148049407499e-01 -9.839884091084678819e-02 -7.435547051752853243e-01
1.812111547691920566e-01 -4.653500005869368739e-01 -2.318492022441625000e-01
1.776418066404356066e-01 -1.706554354698232578e-01 -6.871985950062445836e-01
1.268541229031711348e-01 -2.137020840730020632e-01 -6.730093306256355046e-01
6.374378704345159963e-02 -2.555451168854311339e-01 -6.699930620543326221e-01
1.184549265894990211e-01 -1.598831844271336455e-01 -1.033566652347921888e+00
7.315047128990484482e-02 -2.349352764636511992e-01 -9.573931175216989775e-01
6.820589992003353585e-02 -2.467563464355963521e-01 -9.071211141698345415e-01
6.346324893890840924e-02 -2.326278165776851647e-01 -8.538706319554125734e-01
5.547441215658127645e-02 -2.276807186886612433e-01 -8.070657745038065656e-01
1.732393711437542616e-01 -1.657260475140071299e-01 -7.802822502326152154e-01
1.888703209168547392e-01 -1.762317583108879426e-01 -8.022152764503214240e-01
2.046319116960767515e-01 -1.855181905817374910e-01 -8.288568008197099157e-01
2.200258707222997323e-01 -1.684364700664839065e-01 -8.561036086960271962e-01
3.422708768165636517e-01 -2.112279130907930291e-01 -5.116737836016017615e-01
9.069407068774206770e-01 6.286074263639199744e-01 4.938898636026173294e-02
2.081257450410791687e-01 -1.242897517685756514e-01 -7.612974229528314263e-01
2.217022233741208770e-01 -1.317720564806292294e-01 -7.729986607585722647e-01
1.368628891353727006e-01 -3.509551566848327364e-01 -3.259694160343398206e-01
2.564213516875554211e-01 -2.787567253009949342e-01 -2.920898752164666767e-01
1.488839171937120787e-01 -3.549853893441963226e-01 -3.061258562722359300e-01
3.399853032266906272e-01 -2.451459302672213125e-01 1.404871827252779926e-01
4.665443270724349834e-01 -2.145908636177488171e-01 6.099874766659313385e-02
2.953031180902211394e-01 -3.265584413731882907e-01 -1.667215121123180044e-01
6.606213151595259347e-01 -2.085887289366139541e-01 1.312069812813515313e+00
6.114155256615848577e-01 -2.960465088782940901e-01 1.146285441225759705e+00
5.642237256080171459e-01 -3.673523499289449989e-01 1.001300558540610730e+00
2.977041297191538871e-01 -1.086775188350732335e-01 -9.075381011375360796e-01
2.268288237383319084e-01 -4.674637256970655130e-01 9.402098488891099670e-01
2.432599016877490805e-01 -4.541202868918636781e-01 1.192195710380744123e+00
2.697924333809128550e-01 -4.394872999930599100e-01 1.451769844638753693e+00
5.709840654020823525e-01 -1.637440414684503964e-01 4.470351163659505023e-01
7.457982581253430610e-01 -3.863330279738284162e-02 3.250563712620422874e-01
2.474275449477183475e-01 -2.040655608484736594e-01 4.886076560629083465e-01
6.772368798228518560e-01 -1.570051296647566597e-01 6.361549338902933171e-01
2.063829689105402543e-01 -3.177663956438191439e-01 2.801868053163685257e-01
2.299395664006986806e-01 -4.758518961321158702e-01 -1.598984627689846172e-01
8.382522402566909836e-01 5.724320563676940643e-02 2.505024942285155043e-01
6.948199090508705433e-01 -9.767863979935387242e-02 2.347016352948166906e-01
5.970700239196802261e-01 -1.636994657150383503e-01 1.851598519859876113e-01
4.503365072581921869e-01 -1.979643352159241032e-01 2.068888771161453421e-01
3.422074140184839797e-01 -2.202044115395648816e-01 2.620682144773001654e-01
2.618755898908763369e-01 -2.473707345726250950e-01 3.176791212748799054e-01
1.045642184921012352e-01 -4.196388361346126139e-01 4.247596480452764389e-01
8.259984984225594573e-01 6.798234559583271608e-02 5.727843649510833829e-03
7.320227190381299875e-01 -1.219985575639058739e-01 6.549992292536478411e-01
6.770382301063027075e-02 -5.331151528402116035e-01 -3.010204075023181214e-01
2.552971381391380135e-01 -2.992291417982913537e-01 8.191740582100494328e-02
9.216771095241405032e-01 5.029787142399930744e-01 5.502157729095782379e-01
2.024843166119055793e-01 -2.654762675042557918e-01 3.791159687803809519e-01
3.046841328168005125e-01 -2.477683882298719609e-01 -1.609126275485286417e-01
6.379376816368267367e-01 -1.204575705923263129e-01 5.616065707742170510e-01
2.324827174590873291e-01 -4.560008525704922766e-01 -7.602055840770076400e-02
8.772676710933355881e-01 6.291191939499016783e-01 -2.298503390202517593e-01
2.474520900647034782e-01 -1.887281632353253191e-01 5.264539678636288578e-01
1.677698958957579145e-01 -5.404089681161829972e-01 -1.820656339148581451e-02
6.507610761678787048e-01 2.119766379431751169e-01 -8.602574429136828904e-01
6.515410634738407758e-01 3.684914785652884106e-01 -9.623491650416338139e-01
9.019515609346759888e-01 3.502089451760981853e-01 2.100567889171896935e-02
7.479426743273595024e-01 2.906904380955482869e-01 -6.960866191840009432e-01
8.567349789042162378e-01 1.386055105710407021e-01 7.196123994554805003e-01
3.295408438025397846e-01 1.359135665630535617e-02 -1.248581930281195129e+00
6.535118904265632689e-02 -4.226079498137675916e-01 -3.094078418629105376e-01
3.241453187359228938e-01 -2.610213098030387813e-01 -1.812775750669674835e-03
8.090484828298032394e-01 5.704471077733214157e-02 4.828764151763711432e-01
5.049961686387056670e-01 -1.948182733821304247e-01 4.836982798926631189e-01
4.375582510694436822e-01 -2.113380096598233004e-01 4.761655129706737766e-01
2.498657213668449839e-01 -1.145874880649735417e-01 -7.957249731637163759e-01
8.093111573120372881e-01 1.241113850181694844e-01 -2.186002155320910245e-01
1.904986362872289618e-01 5.752665056742548022e-02 -1.388234183365210761e+00
4.303591341145582838e-01 1.936660186090375935e-01 -1.226032918206554134e+00
5.338039416280487837e-01 2.717281022781209421e-01 -1.119066057121340663e+00
3.706890063032851623e-01 -2.146366154123147130e-01 4.859494650801357007e-01
3.079898327530263824e-01 -2.043965595280652359e-01 5.054440373707507206e-01
2.676162261309310564e-01 -1.886621531834640764e-01 5.164293325294210257e-01
7.819086396911103520e-01 -4.476578205446023889e-02 6.861203830805896464e-01
3.201615362324740643e-01 -2.307357841986663605e-01 6.044454009935258387e-01
3.889363849727947020e-01 -2.503864834592099409e-01 6.395257260828093315e-01
4.600115322732339918e-01 -2.497223995753989900e-01 6.472994203900942489e-01
5.287427916172393605e-01 -2.304770930816308350e-01 6.307091737150745114e-01
5.696045311918052079e-01 -2.023548382745478658e-01 6.029388952338408103e-01
9.024382143515015109e-01 3.406100466370647339e-01 7.980619317795403234e-01
5.507047911132118001e-01 -1.736326507317558776e-01 5.036826275352654925e-01
2.793434878053259185e-01 -2.605480385158129852e-01 -4.525471352455405771e-01
2.195356614279499463e-01 -3.856625733413295287e-01 -2.379247814390557103e-01
1.403456859693421044e-01 -3.365476607847946999e-01 -4.223747837950442285e-01
5.452141335756446328e-01 1.539315840018092574e-01 -1.012184231024461756e+00
4.419342102930570171e-01 8.821460474226534842e-02 -1.131062099996271275e+00
1.880475389017376431e-01 -5.269885934574325415e-02 -1.333936104736023198e+00
7.443964170699541860e-01 4.919667201170812021e-01 -7.763250997871231629e-01
2.703373956768821973e-01 -2.052150462343332316e-01 5.567406844027025237e-01
1.552277963580647180e-01 -4.226443041453040728e-01 2.280365421297127493e-01
3.193724884918637263e-01 1.111604025270507279e-01 -1.320831698777809926e+00
8.737774085695781956e-01 3.709525406276811821e-01 -2.317272627649845096e-01
1.211788672173894355e-01 -1.994617617139126109e-01 -7.943316727006228817e-01
1.360747382996247701e-01 -2.084465461631344607e-01 -8.304306707393858122e-01
1.477852556583042487e-01 -2.186572336566191543e-01 -8.742524801780657828e-01
1.587509040581840114e-01 -2.041188441962207278e-01 -9.184820476231516651e-01
2.213470830936902223e-01 -1.412761034183754316e-01 -9.845172440758862553e-01
2.240544172275733548e-01 -1.381591400090226296e-01 -7.077707657751970416e-01
2.366210263215094423e-01 -1.389729251319964942e-01 -7.020080625920244177e-01
2.482104200262601479e-01 -1.410331752571817587e-01 -6.929227694317803277e-01
3.846126464958845581e-01 -1.452937098911235014e-01 -6.021021918355426994e-01
7.024377961639102219e-01 -2.601869558929092996e-02 -3.026321290764506511e-01
1.548503250844903700e-01 -3.638269199810062471e-01 3.608662217732755417e-01
1.943150226103112777e-01 -2.578849977297786311e-01 6.028795044642790701e-01
2.383198649473804442e-01 -2.243964292008679418e-01 5.935117791592045000e-01
2.115604792396729161e-01 -1.271431482336565499e-01 -7.143187573912939126e-01
7.115000257714508836e-01 1.229620521001754674e-01 -5.602645506768111350e-01
1.256377473489487528e-01 -3.585342416101340857e-01 6.006671506259634308e-01
2.689500900566663688e-01 -9.084621079629505436e-02 -1.063839992718597305e+00
1.008455099742084082e-01 -4.844198870532709922e-01 2.828183600429809430e-01
2.093158258641844016e-01 -3.994605496377274800e-01 3.943960074805077931e-02
1.463241525287786726e-01 -1.302303123049655120e-01 -1.128304340499500569e+00
4.298278087309603812e-01 -3.102780234812424487e-02 -8.529034526459289278e-01
3.668098914625289586e-01 -2.184450919102171040e-01 -2.496739542672226642e-01
3.636322274121194242e-01 -5.600973579110010703e-02 -9.703572371812785313e-01
5.355941686968932469e-01 -1.908525664757813600e-01 -2.258159458696373800e-01
4.319880461275253936e-01 -1.904587333378066627e-01 -3.635127013324588874e-01
5.978824809188687528e-01 -1.070814977251166866e-01 -4.058276950616865886e-01
1.744658793334376290e-01 -1.076827581191025507e-01 -1.244913973963055032e+00
2.557986058808207064e-01 -3.346505908687711917e-01 -1.863688695143828414e-02
5.133203483574592108e-01 5.120238584612227251e-02 -9.090646828428883275e-01
4.159180505152129115e-01 1.310372536209456276e-02 -1.041834863680356049e+00
4.919539180297088921e-01 -4.101449635299062729e-02 -7.148435538727282434e-01
7.862433661796086604e-01 1.758451746685203154e-01 -4.076375656209352272e-01
6.039830837771531513e-01 3.436012497617698530e-02 -7.045126805210120136e-01
8.304472724235159031e-01 3.690972283376444119e-01 -4.692466799599246396e-01
4.786071038412726963e-01 -1.354647728552019759e-01 -5.143238090336027524e-01
2.038329323208799004e-01 -3.567045871324238115e-01 1.569191838626696756e-01
2.043175750867002316e-01 -4.855299309052441004e-01 -2.152302073045069264e-01
2.520183923074220678e-01 -3.969164337974793177e-01 -2.303740636038355549e-01
1.725522293110764160e-01 -5.522224911906605804e-01 -1.461911720055062425e-01
2.584357264210830341e-01 -2.978050318346021630e-01 7.142913766817099441e-01
3.886392638657962806e-01 -3.250625549623028521e-01 7.982958596144289487e-01
5.019020422997384490e-01 -3.224910082005704726e-01 8.130068793306963748e-01
5.920471900883994554e-01 -2.881587629226125546e-01 7.859980292170352101e-01
6.506329320822002993e-01 -2.339925077113561569e-01 7.284619183992177005e-01
6.833490312570887903e-01 -8.542417716580547049e-02 5.335099379917497275e-01
9.113803760436378631e-01 3.032334101799040171e-01 2.631084414198193167e-01
6.250469048654228033e-01 -1.242564111401294191e-01 3.601476914477271252e-01
5.465007095458789266e-01 -1.663567496705675164e-01 3.223482505078626437e-01
4.438747301699591530e-01 -1.965718645529546116e-01 3.270362246565102771e-01
3.463036032941539943e-01 -2.137261698751779515e-01 3.591849093822444550e-01
2.718683357015146962e-01 -2.198475020177771966e-01 3.998916603174883511e-01
2.205809343928538668e-01 -2.282297543102468351e-01 4.355318038012224724e-01
9.172544360494372384e-01 5.928877180820992798e-01 3.063806101180401309e-01
2.511858448376624864e-01 -3.538771014038016305e-01 -2.536911902171957167e-01
1.563194091381114592e-01 -4.703070517757714786e-01 1.092859130463262052e-01
1.504378850646661547e-01 -5.463563254676382375e-01 -2.317741237625785544e-01
1.093938685954564671e-01 -5.053462936230641578e-01 -2.793545759201174761e-01
1.503595929701094791e-01 -5.045266625468151078e-01 -2.439382504336909396e-01
2.316718969476371237e-01 -3.228002298469256348e-01 -2.822612725008294965e-01
9.325626981914192370e-02 -5.244422372283122913e-01 -2.929367687508820373e-01
9.092106891743591268e-02 -4.256740422688262138e-01 -3.026268371141541125e-01
2.203645807573569315e-01 -2.004326179769861938e-01 5.221736343125357172e-01
1.804999913024157021e-01 -2.448439532483618342e-01 4.918735587886783334e-01
1.563078004738186200e-01 -2.978822332458306854e-01 4.637637348811037841e-01
5.921570550942558686e-01 -1.732709232349185502e-01 5.822550414709222188e-01
6.399155552367334909e-01 -1.781057042920176081e-01 6.295756930703019227e-01
-4.107593839917443868e-01 -1.951405086582852499e-01 6.074100887597169152e-01
-3.295501003845249244e-01 -2.027081437992511725e-01 6.048368734324948148e-01
-4.097532238794088233e-01 -2.056376243766794287e-01 6.992928977087805587e-01
-4.930653449433344271e-01 -1.875067117182124266e-01 6.091932598104520258e-01
-4.124965105864146775e-01 -1.846465796320498898e-01 5.148951603716356296e-01
4.448814213976545195e-01 -2.032032571250219077e-01 5.704107163443383754e-01
5.243813481561591106e-01 -2.104066988764085600e-01 5.665104254542565609e-01
4.437345915885939629e-01 -2.138792449092354886e-01 6.641159242769586468e-01
3.647498467290983815e-01 -1.960314926111663691e-01 5.748050385429672726e-01
4.463281037641353421e-01 -1.925479069662178189e-01 4.766807800381023252e-01
