-1.231150566788252743e-02 -2.879402771598414956e-01 -4.552549065945870055e-01
2.212001880338693854e-02 -4.673848393651253152e-01 -2.028993219222643973e-01
2.552199180614659474e-02 -2.922582151705206965e-01 -2.619406373291817691e-01
-3.294606797984045432e-02 -4.239609080857932866e-01 1.294958543728882139e-01
2.192048539623165856e-02 -5.010463453770750419e-01 -1.097962550476650062e-01
2.089517143676337951e-02 -4.919377963617809768e-01 2.260742320364414817e-02
2.309831957265976593e-02 -3.616220189477933333e-01 3.597426140163055841e-01
-4.336911433638447333e-01 -1.143805495214048062e-01 4.536113244394444632e-01
2.355732617258034234e-02 -3.461087737991607183e-01 6.159654305857908962e-01
2.258771810871936306e-02 -3.735001066242279455e-01 7.395704621033857284e-01
2.121162636252520162e-02 -3.620184320203342909e-01 1.174309432758762428e+00
-1.097387983937209849e-02 -2.787108407134262777e-01 -4.792779582565241947e-01
-8.953425425966044654e-03 -2.576736135640687042e-01 -5.032306657880331047e-01
-6.222164783859708559e-03 -2.238719548907043833e-01 -5.209981124261326979e-01
-1.530129685388771123e-02 -1.938643393953613792e-01 -6.808731615371803603e-01
-1.616381858815127415e-02 -1.971663721739209119e-01 -7.193486151021016850e-01
-1.799927143885846764e-02 -2.064069591118088964e-01 -7.582743199670732848e-01
-1.776262805767193573e-02 -1.951549013496068630e-01 -7.920135941657757694e-01
1.233107535467293722e-02 -1.322851740292211864e-01 -8.391362345377677556e-01
2.106641527620847082e-02 -4.279115454261496199e-01 -2.425085920759409985e-01
-4.054945886830853968e-02 -3.379056394885098236e-01 -2.226984558537917214e-01
-6.728657065628600442e-01 1.391125004305808210e-01 8.622292796895140166e-01
-2.576542833780581243e-01 -1.721820543486615174e-01 3.558298038342634362e-01
-3.236366767999756533e-01 -1.651428493142715337e-01 3.498133195110569305e-01
-3.850767110903968726e-01 -1.469252976526118637e-01 3.607479976507762531e-01
-4.601647502887494245e-01 -1.009471877155758979e-01 4.294348734884050334e-01
-1.995108465699740874e-01 -1.677665002227467228e-01 3.785694757972900004e-01
-3.507607906817278853e-01 -2.240614811397832473e-01 6.340143095185638566e-01
-2.754052301193458674e-01 -2.233880809348496310e-01 6.198954583281472974e-01
-4.174194573053666701e-01 -2.000838733397716229e-01 6.197771529932576406e-01
-4.596626714185690910e-01 -1.693338863017560258e-01 5.843716105705764052e-01
-5.155482049302705372e-01 -6.000186787252871634e-02 3.759409326323563394e-01
-2.257287509536402004e-01 -2.642583251660834270e-02 -9.144036610962643641e-01
-4.547924882325757867e-01 -9.775299459734250462e-02 4.880689861067278312e-01
-6.941792298048704568e-01 2.153319560059476778e-01 4.680855231071988642e-01
-5.859900337237740064e-01 -3.937247820053845632e-03 4.573182809170081020e-01
-3.014716577942740949e-01 -1.804672932108539185e-01 -4.511243064183564910e-02
-8.475457657941734557e-02 -2.733998349844874998e-01 -4.384689247230104669e-01
-7.245081631367583652e-02 -2.422359713774243084e-01 -4.969463295054447061e-01
-1.482743207151910880e-01 -2.248791660947803694e-01 -4.568768586186207070e-01
-1.897691588986942790e-01 -1.722777477754159625e-01 -4.846172289414289458e-01
-1.248283241701607926e-01 -2.069336200630543798e-01 -5.004105280638547759e-01
-1.650995919109274901e-01 -1.548465202029852550e-01 -5.165723527952481575e-01
-2.886478043702753182e-01 -5.509310728189985296e-02 -6.332729473043480217e-01
-3.268458226415524304e-02 -4.604668322403818737e-01 -1.961907428823188859e-01
-4.234079015672943813e-02 -4.916759302651123598e-01 -1.054982310317585659e-01
-5.454039641576389208e-01 -1.601740769753575988e-01 6.778408352148863614e-01
-1.693122178575635073e-01 -2.216786176041775080e-01 1.818558088385969496e-01
-1.815664866607403227e-01 -3.062844023802726023e-01 -1.354147284441487020e-01
-1.866378854691131406e-01 -2.939877733413119865e-01 -8.042325471700247086e-02
-4.907807951923216505e-01 -9.944769037678681534e-02 -7.624754376857379584e-03
-3.822127802330986535e-02 -4.708873791413685228e-01 1.842852741735218416e-02
-3.984585857695854827e-01 -2.796796747398841432e-01 7.637932726186981158e-01
-4.853574845195436360e-01 -2.263017230664401969e-01 7.387445172540826333e-01
-6.086214459553475065e-01 -3.962134159921675697e-03 1.001513094015474392e+00
-1.154685080417482412e-01 -3.280555575537498214e-01 6.536331402571897708e-01
-2.086602828658657982e-01 -2.015625291811523612e-01 5.750042674956660216e-01
-3.369256229057784324e-01 -4.871379843953797806e-02 -5.184478755616066525e-01
-6.143555846384683994e-01 4.916523528507318330e-01 -3.705449421285391676e-01
-1.330169147812748920e-01 -2.742936845693024761e-01 -1.881084189132767315e-01
-8.195830772100802519e-02 -2.740098850527853958e-01 -2.172070324825160492e-01
-2.443510349322630670e-01 -5.948365691887975287e-02 -5.481036892137357563e-01
-2.305146120109496377e-01 -7.637734092644254957e-02 -5.596775001388663018e-01
-5.173480315704295229e-01 -2.037751903386486596e-01 8.044472053931628341e-01
-1.854545132133511298e-01 -2.653641496729405858e-01 -1.696532322777815627e-01
-2.787749226883729503e-01 -3.151360539049303244e-01 7.446695172860978706e-01
-2.886441202847281340e-01 -3.371245499395896794e-01 8.180213819653159302e-01
-3.495819547366830204e-01 -2.711361685875254279e-01 1.162820590783935515e+00
-5.619824862730287141e-01 -1.185655380945997150e-01 8.906531978021031692e-01
-3.114728317904286170e-01 -3.074898602545065307e-01 9.820241731095125104e-01
-5.804055328101778155e-01 -1.117773573742642107e-01 7.316262328388414282e-01
-6.258314225225725114e-01 7.341950168840291439e-03 7.799082670656304339e-01
-8.032908825818010912e-02 -2.646641192944187981e-01 -4.708012825266092438e-01
-1.368594472833110920e-01 -2.184101439350582541e-01 -4.792926565878465883e-01
-1.782223887308702626e-01 -1.687172664008886880e-01 -4.999545851230016158e-01
-1.179627336165967183e-01 -2.576653268877538427e-01 -2.034691641175947752e-01
-2.371021480055238440e-01 -6.817919557372353889e-02 -5.539496856873145081e-01
-2.151608048457468447e-01 -1.056589762619475348e-01 -6.104925164497401191e-01
-2.226625182675848469e-01 -7.868278458608135573e-02 -5.641962425866942077e-01
-1.037422431245007409e-01 -3.685987947916828378e-01 -1.740334825279020170e-01
-1.551097922003145946e-01 -1.420973683094321482e-01 -5.293765407218673502e-01
-1.141263029539087426e-01 -1.794097364886030332e-01 -5.177341793300187511e-01
-6.462639173039988472e-02 -2.122855264662094898e-01 -5.153862325477012174e-01
-7.471028310417565654e-02 -1.268954075663552006e-01 -8.296381277280580058e-01
-9.282059576344249552e-02 -1.911654586767295716e-01 -7.781810884764222003e-01
-8.987412248982656893e-02 -2.022268528020269296e-01 -7.427098933224727251e-01
-8.239873164111162496e-02 -1.917790290266703779e-01 -7.014978585058526672e-01
-7.390054225963740842e-02 -1.883389272930024727e-01 -6.650446813627434173e-01
-1.625152097258002470e-01 -1.380130457291736668e-01 -6.236309665422479220e-01
-1.759532938100165644e-01 -1.445305290031123069e-01 -6.400883481318301316e-01
-1.895945583423774283e-01 -1.512172390590434401e-01 -6.595543812161215325e-01
-1.992132728435844768e-01 -1.372581007482112370e-01 -6.807692931468886099e-01
-2.542522967968936509e-01 -1.601081885923975601e-01 -3.742164266514722559e-01
-6.871669402140692107e-01 5.220337986047325352e-01 1.066926813060318224e-01
2.496065293781241784e-02 -3.396084449934127503e-01 -2.488261052475247981e-01
-1.902257617664230294e-01 -1.045556422922145345e-01 -5.973033963182969863e-01
-2.027165510137450555e-01 -1.083305499502283664e-01 -6.041906004870180036e-01
-6.039450494913009559e-02 -2.743148944906279585e-01 -2.523739215270182634e-01
-1.619597216013569096e-01 -2.116871249951712275e-01 -2.182736908034151879e-01
-7.084334435797894070e-02 -2.752134071886027655e-01 -2.353001864123098197e-01
-2.362743183050762807e-01 -1.922173661988488824e-01 1.354362534036462062e-01
-3.415685316126657045e-01 -1.638711702098811784e-01 8.233595418816680445e-02
-1.972021214725230287e-01 -2.527612976701930081e-01 -1.151365304126079486e-01
-5.065948582256477595e-01 -1.479142738731058504e-01 1.104983354949262919e+00
-4.619680245250535333e-01 -2.206415564900810478e-01 9.627537665330871963e-01
-4.187389793667877780e-01 -2.779566932032745963e-01 8.381449401799887511e-01
-2.318952816917662085e-01 -8.374274495703619425e-02 -7.220607658823052777e-01
-1.336243053935110281e-01 -3.669954604447535629e-01 7.773334947839887210e-01
-1.554051140025009548e-01 -3.556469416814457829e-01 9.699039599696913649e-01
-1.798927694585196191e-01 -3.415434306933638475e-01 1.181515150638545508e+00
-4.344489491901898370e-01 -1.213875769917740766e-01 3.865194231279698300e-01
-5.875305648433375438e-01 -1.452781667085922650e-02 3.151463059671512079e-01
-1.608329912280676288e-01 -1.630431422936337027e-01 4.008629064476577630e-01
-5.185014036913150326e-01 -1.115298307296425928e-01 5.524643670019740993e-01
-1.244780293940855875e-01 -2.525936961102278611e-01 2.363381223144935261e-01
-1.439313779423624928e-01 -3.737019422090721577e-01 -1.129151198761019492e-01
-6.449084236127142766e-01 6.260829493082041564e-02 2.627891754154360604e-01
-5.472527829535437371e-01 -6.416589869021011028e-02 2.372198064268279949e-01
-4.673352663973667775e-01 -1.193285862101604311e-01 1.889736204560539812e-01
-3.434523102431644159e-01 -1.512780389961290439e-01 1.932835082152787598e-01
-2.513855650183112189e-01 -1.716519713203201736e-01 2.269030527883620363e-01
-1.824896107706561743e-01 -1.944436665305682710e-01 2.654490738926829629e-01
-3.805451332573715761e-02 -3.341080242809329470e-01 3.444262977975691142e-01
-6.327478447468835032e-01 6.928355745704338486e-02 6.465914216534712766e-02
-5.701895796225994184e-01 -8.269739329557194984e-02 5.766688321862312172e-01
-1.298339628391442444e-02 -4.241108889225299605e-01 -2.371197737287960017e-01
-1.645029422034665900e-01 -2.362266568004741663e-01 8.153464142235686274e-02
-7.117363248681762844e-01 4.195692451963223824e-01 5.116304883451598950e-01
-1.288172071685583786e-01 -2.105641724738775422e-01 3.096552995760805116e-01
-2.011490444592789473e-01 -1.898345933894573789e-01 -1.098492788192746983e-01
-4.805229264937160849e-01 -8.526416828801464121e-02 4.883673365112876086e-01
-1.473825880149777501e-01 -3.578125461757687975e-01 -4.625564613689529814e-02
-6.587706633547836255e-01 5.233522924357244532e-01 -1.235956517652653242e-01
-1.571896835176143925e-01 -1.524022577601386874e-01 4.331392907962011707e-01
-9.537966016457996576e-02 -4.277226891111441942e-01 -4.479188154422119456e-03
-4.920967486893119691e-01 1.873923041834560932e-01 -6.531391662621571781e-01
-4.858746844254481778e-01 3.133899371836630920e-01 -7.382101132455096693e-01
-6.828308924939913149e-01 2.974722836542783577e-01 8.113002134710452229e-02
-5.661170613131197848e-01 2.506586457672758117e-01 -5.119968179959836219e-01
-6.626172733905464352e-01 1.274211273032665181e-01 6.401387650722141220e-01
-2.371583304205851228e-01 2.180745725439970154e-02 -9.862751077323292925e-01
-1.683368598952525788e-03 -3.347248672827366489e-01 -2.437019004241331444e-01
-2.226559355061282219e-01 -2.026576248303575134e-01 2.035599995336759283e-02
-6.411643341991603018e-01 6.132937384081212778e-02 4.535623314922836435e-01
-3.746382972252464416e-01 -1.477889809710965785e-01 4.083729361526557966e-01
-3.204045251718943832e-01 -1.632384455910451948e-01 3.968814392314420347e-01
-2.254542867461956368e-01 -9.328441677383324249e-02 -6.161873048542741982e-01
-6.172639041654840453e-01 1.144627276403842320e-01 -1.189167893436136603e-01
-1.164089608586038188e-01 5.160713424507452907e-02 -1.104189440089608842e+00
-3.087513248909443120e-01 1.679840327891357343e-01 -9.670371567815152503e-01
-3.912176056344940922e-01 2.328792942815247069e-01 -8.748939334022407532e-01
2.176563653977033747e-02 -3.720520557591525668e-01 9.529964646010895546e-01
1.916066956106163288e-02 3.192655011752117827e-02 -1.124054489077543906e+00
-2.648410092369716251e-01 -1.675659045628318244e-01 4.027415487375976544e-01
-2.103498620345609638e-01 -1.622672517085625987e-01 4.177229872319056514e-01
-1.741992609983890883e-01 -1.518228801553370144e-01 4.262189132837597705e-01
-6.146972595616884139e-01 -2.120132986711883646e-02 6.130975301744023831e-01
-2.226523518206615926e-01 -1.827873137219907518e-01 5.094710914222521092e-01
-2.827580454346521055e-01 -1.951233268442916224e-01 5.430784622441404697e-01
-3.402149569787941141e-01 -1.920298955979424793e-01 5.512783228477186048e-01
-3.943315107632136551e-01 -1.742161360742570664e-01 5.393741626967408775e-01
-4.264174413074466319e-01 -1.508763335610846801e-01 5.179133851317259118e-01
-7.037445550673158134e-01 2.911421342270592016e-01 7.093337132599150108e-01
-4.101142430105196857e-01 -1.296373872672650918e-01 4.296468059853064680e-01
2.481677912425962057e-02 -2.769651994839680276e-01 -3.273954069345369478e-01
-1.882339664698894077e-01 -2.020952591715837188e-01 -3.393850553650398227e-01
-1.326432979588435812e-01 -3.002300112629853190e-01 -1.768099590777759966e-01
-6.638781779876934408e-02 -2.680748295673707204e-01 -3.276116588789237949e-01
2.342605479107170291e-02 -3.300790545543384469e-01 4.911913917963717235e-01
-4.084064499636892442e-01 1.400432118352766819e-01 -7.837915252891227702e-01
-3.271109360423534729e-01 8.575959950687829514e-02 -8.867915927937249920e-01
-1.240649186001831217e-01 -3.567215896163248440e-02 -1.058557330430281551e+00
-5.550011040792474093e-01 4.115029589314138647e-01 -5.787071985617985304e-01
-1.781194197519134492e-01 -1.654401288766057798e-01 4.622948692954966798e-01
-8.148480434845389864e-02 -3.354400665599335807e-01 1.911887917054804209e-01
1.408954860172022261e-02 -5.326142897215457861e-02 -1.076949234942201628e+00
-2.205397314355155014e-01 9.847260939762934873e-02 -1.048123058990648060e+00
-6.598852651400727298e-01 3.143454240297151037e-01 -1.255556659477040093e-01
-1.228578832056965026e-01 -1.663600318256558130e-01 -6.432976130811898230e-01
-1.364737371685110778e-01 -1.724031390764708682e-01 -6.708225308997872727e-01
-1.475045373011608651e-01 -1.801687423417911160e-01 -7.065982161761897862e-01
-1.540935545679901764e-01 -1.678693366013875032e-01 -7.415945138788784252e-01
-1.630175747921756568e-01 -1.130485160572539255e-01 -7.896775158932327621e-01
-1.983032073420488151e-01 -1.127568482109041897e-01 -5.372083231561368688e-01
-2.104827817206769147e-01 -1.140712359060622044e-01 -5.289380385913622362e-01
-2.207347182435694388e-01 -1.154260332321782323e-01 -5.198113949953497848e-01
-3.076492950365650736e-01 -1.058706911514518262e-01 -4.345679162419910369e-01
-5.382990733440637943e-01 -5.733287194939869907e-03 -1.929839422259138904e-01
-8.013285522592258903e-02 -2.893382665506751827e-01 2.974411286812473909e-01
-1.123789024174372958e-01 -2.036819237903028657e-01 4.977984364870856604e-01
-1.521812487019964244e-01 -1.801929976228201502e-01 4.924109443371947892e-01
-1.860222136507226898e-01 -1.063832380389787002e-01 -5.449622150053882175e-01
-5.425162697233506526e-01 1.161599523524812771e-01 -4.003693100857443898e-01
-5.981085609892562716e-02 -2.855471204739480351e-01 4.887910693740550316e-01
-1.970291331623843234e-01 -6.581090616477325295e-02 -8.475746335242113627e-01
2.162165592773566264e-02 -4.470676349543156736e-01 1.375693194100788552e-01
-3.679661704540929112e-02 -3.846450660046188963e-01 2.307763701999644979e-01
2.254948646002063323e-02 -4.022806997274753771e-01 2.445114722736662638e-01
-1.272774169797453725e-01 -3.142969271484614135e-01 4.493862710213340772e-02
1.229019239102563388e-02 -9.971542196715260653e-02 -1.003259162900051127e+00
1.244049907384175632e-02 -1.146097339477864796e-01 -9.152659613440877751e-01
-9.505057228680383052e-02 -9.903116094843089634e-02 -9.026315858576501316e-01
-3.446336803933069404e-01 -1.252820474536984162e-02 -6.475665778167133402e-01
-2.582271286954269662e-01 -1.646443087664505034e-01 -1.751965235464598147e-01
-2.779959868502206999e-01 -3.491890037041922579e-02 -7.639929509759245674e-01
-4.038458478931974960e-01 -1.396112526729019754e-01 -1.425797539220992616e-01
-3.190604414550150536e-01 -1.411710479919778272e-01 -2.586741518448983923e-01
-4.577323804821831210e-01 -6.943817004732151521e-02 -2.790392081507574451e-01
-1.161871462300964608e-01 -8.016783489525275419e-02 -9.862089258394142188e-01
-1.653951437953268544e-01 -2.615332826723416604e-01 8.888447219295100583e-04
-3.928217717122046704e-01 5.609309437092337147e-02 -6.999924784633257957e-01
-3.109402287514762553e-01 2.437932999296580153e-02 -8.142433411505249907e-01
-3.958766248832032986e-01 -1.895265689038001800e-02 -5.192722002499721157e-01
-5.985733362643055333e-01 1.574681978746152178e-01 -2.742892674408415887e-01
-4.693097398874092052e-01 4.530780530959728492e-02 -5.193578438011914322e-01
-6.263058601394495550e-01 3.114301716289644140e-01 -3.213991869018205660e-01
-3.717585684085732423e-01 -9.454515744781454012e-02 -3.647453502530080272e-01
-1.218061121395793006e-01 -2.831344987400373769e-01 1.381192412372901357e-01
-1.237541854139766195e-01 -3.828500370285055077e-01 -1.592072099229528137e-01
-1.612682653624193385e-01 -3.084427318623021441e-01 -1.687798525622581092e-01
-9.691244931385273320e-02 -4.354780868815668615e-01 -1.058241101733214395e-01
-1.653147150063107862e-01 -2.339803664595276889e-01 5.905448907822670179e-01
-2.736547585397900439e-01 -2.498951960749188350e-01 6.617522790649882358e-01
-3.670134242351936749e-01 -2.449899018439744003e-01 6.781227956710994542e-01
-4.428625354036077044e-01 -2.161327660578920007e-01 6.613734294205352304e-01
-4.939507086373629008e-01 -1.722122359359666566e-01 6.207450790003166130e-01
-5.256593995823529708e-01 -5.518379177564041588e-02 4.728828027450016069e-01
-6.981304774078435083e-01 2.582546489804446455e-01 2.778751114958567525e-01
-4.826095084553455594e-01 -8.824392999864569265e-02 3.284175917086322172e-01
-4.198790449762361821e-01 -1.233202872938757994e-01 2.907901030501476858e-01
-3.348791063766438647e-01 -1.504882975423348090e-01 2.831399135570295544e-01
-2.524906103090228116e-01 -1.669554985927244606e-01 3.001828128274365293e-01
-1.871017383609832607e-01 -1.723486276781973914e-01 3.283902889137723102e-01
-1.417427894737388616e-01 -1.806576368085479056e-01 3.545560541264249355e-01
-7.022184191737615988e-01 4.904988786022830283e-01 3.153710650421531203e-01
-1.608677938272012331e-01 -2.735785002363403384e-01 -1.880366902738750956e-01
-8.219263515173111379e-02 -3.737159442881526350e-01 9.639607449488904467e-02
-7.993822481460083340e-02 -4.312032209255718951e-01 -1.758992390316573284e-01
-4.742194959366214518e-02 -3.983408319490897576e-01 -2.166016955892063889e-01
-8.012192271709413227e-02 -3.981122748481152884e-01 -1.853404853316188983e-01
-1.432843996823526811e-01 -2.478120373215247085e-01 -2.124875175425754714e-01
-3.421749994223165225e-02 -4.145778245449543431e-01 -2.287176250000646505e-01
-2.446719360171746571e-02 -3.354271750997115387e-01 -2.368040223761584406e-01
-1.361050927564656510e-01 -1.601547825337737430e-01 4.287099640154913294e-01
-1.059193402345499080e-01 -1.945457637637768022e-01 4.012937885120814174e-01
-8.850902443644136086e-02 -2.360929566026023219e-01 3.768881909852399015e-01
-4.430477983332985481e-01 -1.272826488581059179e-01 5.015840948182240799e-01
-4.837382030459294047e-01 -1.281881267193318297e-01 5.434670915552983761e-01
7.631939050046693263e-02 -4.235745353809730607e-01 1.247444526231816231e-01
4.636198464675457265e-01 -1.242209264236700528e-01 4.204449327119732516e-01
8.710238224628406856e-02 -3.418521746839527919e-01 -2.284038406593245640e-01
6.821006069526639459e-01 1.194957388492343953e-01 7.905001292013080771e-01
2.829117961258938996e-01 -1.748158968352147291e-01 3.422977233260061092e-01
3.454592345885996174e-01 -1.701364806359157156e-01 3.330183668816324438e-01
4.049672239024909581e-01 -1.542798065239191496e-01 3.361328242481233519e-01
4.838042517299719902e-01 -1.105658297499840514e-01 3.919092679396342649e-01
2.311750060647569383e-01 -1.699642217969476454e-01 3.656615201031035434e-01
3.789033365615644411e-01 -2.321345113866247478e-01 6.049011335316276661e-01
3.050512303391505475e-01 -2.298436139902924058e-01 5.930940074330205425e-01
4.455236562386070132e-01 -2.115466164069386701e-01 5.873650879839747985e-01
4.866488814545181230e-01 -1.830673855456710353e-01 5.468823656434335101e-01
5.301892989804126710e-01 -7.233945358254487146e-02 3.285451822010735934e-01
2.477200430070714554e-01 -3.694109102239023085e-02 -9.262657933130145071e-01
4.860956329994474689e-01 -1.082108040411461081e-01 4.512199853921060044e-01
7.162822525641036053e-01 1.971776707577573007e-01 3.989522271018319244e-01
5.963390520257237926e-01 -1.927409102485891368e-02 4.002645768338469745e-01
3.327821816265791321e-01 -1.888542361593260610e-01 -7.426905837164868296e-02
6.233615076345745687e-02 -2.753356932494013254e-01 -4.443191191237847448e-01
5.784191981248970604e-02 -2.410105259209748829e-01 -5.032455481749870119e-01
1.355181419076703087e-01 -2.231061874995377559e-01 -4.687578688444788977e-01
1.861090301972463390e-01 -1.676222189275544672e-01 -4.966167264764319578e-01
1.166227685886638277e-01 -2.021059045889792016e-01 -5.089700099862933813e-01
1.648728698622001776e-01 -1.500123856833504576e-01 -5.232377363559208572e-01
3.002047712563145065e-01 -6.142978666299203638e-02 -6.556866692727918444e-01
7.495081579915707781e-02 -4.636736635841431364e-01 -2.011979621259391005e-01
8.310786608099901551e-02 -4.952357547373332780e-01 -1.114258188255714960e-01
5.622417213094813571e-01 -1.750428030972893956e-01 6.328624294808860018e-01
2.070606133755856781e-01 -2.236427796605851559e-01 1.645808306584810587e-01
2.208602671507933213e-01 -3.131254800246152104e-01 -1.516408937687012959e-01
2.245945430121622788e-01 -3.008043060036301730e-01 -9.724148491105086278e-02
5.138214431347298827e-01 -1.107560523793922475e-01 -5.428528372138942404e-02
7.989954520521877490e-02 -4.715626845968033942e-01 1.345541515413417079e-02
4.295191891234438897e-01 -2.939445574212127821e-01 7.301648149781859720e-01
5.098738245803307034e-01 -2.416349976478854300e-01 7.012149201490106565e-01
6.219347316164919315e-01 -2.315938773527462594e-02 9.342386383330104627e-01
1.603971727364298938e-01 -3.316243034370477960e-01 6.354239051651782155e-01
2.424596082100592964e-01 -2.047584508076389365e-01 5.494125947959642708e-01
3.504002005128663555e-01 -5.478114076694896167e-02 -5.464096482349741768e-01
6.555290762004104543e-01 4.721422436540337886e-01 -4.213898481395662032e-01
1.758775336286836355e-01 -2.815338396118459707e-01 -2.003333891176897197e-01
1.288555421890508479e-01 -2.829120901328805449e-01 -2.262386674475980186e-01
2.543950013535614119e-01 -5.429958046739851579e-02 -5.695525204418308007e-01
2.381511217563013760e-01 -7.335261232663695119e-02 -5.774684175101904016e-01
5.393174448580051461e-01 -2.197073184189080597e-01 7.584968804804140818e-01
2.231496524435532813e-01 -2.733352455898522271e-01 -1.859009235604552057e-01
3.179139091357190972e-01 -3.273834275158169493e-01 7.159932216479010236e-01
3.278743168195616953e-01 -3.500377027534051222e-01 7.839987263628521719e-01
3.780444012482970795e-01 -2.840437871022657990e-01 1.119617372354686724e+00
5.812788028653115280e-01 -1.346144761758272246e-01 8.343149632835225038e-01
3.450620352222010245e-01 -3.183697176365840598e-01 9.465511910472415025e-01
5.959849173690674462e-01 -1.267862299654668734e-01 6.748916229291646030e-01
6.434054531458891502e-01 -8.868729977483552976e-03 7.179500423203204473e-01
6.071241715743647127e-02 -2.651478060371380563e-01 -4.768979461800337272e-01
1.260544749006975163e-01 -2.151851492293301860e-01 -4.901531597490163539e-01
1.755095430862440020e-01 -1.641400162246830774e-01 -5.095286417128382928e-01
1.624422996502454808e-01 -2.659155584969730146e-01 -2.144812739362378373e-01
2.460699640178575232e-01 -6.471308564651248596e-02 -5.737735419939894443e-01
2.088400797924535035e-01 -1.037557229376961515e-01 -6.358988414989169558e-01
2.298851547995057754e-01 -7.522357643965514595e-02 -5.794670332380255084e-01
1.444560173978431672e-01 -3.708397982081208522e-01 -1.847301011503102441e-01
1.563709342141788861e-01 -1.373051999679015811e-01 -5.333385931225458343e-01
1.098767524844914273e-01 -1.731788041943036482e-01 -5.222681509212057094e-01
5.524098275968383764e-02 -2.083656146465942272e-01 -5.205497478223775065e-01
9.492325556917263762e-02 -1.297026716815126712e-01 -8.375989711433309282e-01
5.926170589401651145e-02 -1.905096849964339478e-01 -7.868051809041829436e-01
5.539615460939766034e-02 -2.002177604913364939e-01 -7.521591158096958551e-01
5.204380341968495305e-02 -1.890778660103913378e-01 -7.127602606704039889e-01
4.617528115142975620e-02 -1.849520128350801706e-01 -6.765342706063883771e-01
1.469817324158591565e-01 -1.343680206126074972e-01 -6.485872374534971119e-01
1.587457668434231750e-01 -1.428611190727573366e-01 -6.658660317279176954e-01
1.701598996597619706e-01 -1.503548186659400265e-01 -6.860181116896040265e-01
1.817247036419853967e-01 -1.366557776556870385e-01 -7.061161336358128260e-01
2.828842389133631730e-01 -1.666238625631005221e-01 -3.966810802668722102e-01
7.229855286688485760e-01 5.011067085516851538e-01 3.937139676642444075e-02
1.846740032288546607e-01 -9.970047811975947527e-02 -6.207643469896687582e-01
1.960898951909922916e-01 -1.055699533723795103e-01 -6.295091449276429829e-01
1.093227287496878336e-01 -2.794348227573100196e-01 -2.593603808664911026e-01
2.045305412321700711e-01 -2.220774611151946909e-01 -2.327837360849772941e-01
1.188468683932659004e-01 -2.826359038407381674e-01 -2.436655313802924550e-01
2.710259362370973091e-01 -1.954228745619844554e-01 1.119921063236167802e-01
3.719149382072071131e-01 -1.710653053762995202e-01 4.862634529450809984e-02
2.354066581541960912e-01 -2.603224506157048590e-01 -1.329053152658694059e-01
5.266272063528333325e-01 -1.662805862842184901e-01 1.045942121766100685e+00
4.874018485494315267e-01 -2.359992666652563076e-01 9.137838689518387181e-01
4.497819818350634602e-01 -2.928421129486457053e-01 7.982063305608582127e-01
2.438486603209010783e-01 -8.799329579899783926e-02 -7.371425644654542308e-01
1.808210347205816693e-01 -3.726478548087505116e-01 7.495066761300698266e-01
1.939193899799448728e-01 -3.620108715024722978e-01 9.503821356899938566e-01
2.150703167248149139e-01 -3.503458997035321376e-01 1.157306735349242111e+00
4.551711189671052704e-01 -1.305317662882695684e-01 3.543637664989374714e-01
5.945276729142717764e-01 -3.079729270303127597e-02 2.591250460387908849e-01
1.972417083440485830e-01 -1.626748543475393660e-01 3.881883619327497481e-01
5.398726288056483469e-01 -1.251597112164153647e-01 5.082461440250126694e-01
1.645222215240146890e-01 -2.533136993472629994e-01 2.233330773732893626e-01
1.833008240951785328e-01 -3.793346489845563774e-01 -1.274661879897240890e-01
6.682291736208743060e-01 4.563254085187008063e-02 1.996929643242342234e-01
5.538892845645313479e-01 -7.786643878642743322e-02 1.870970017571148558e-01
4.759660511679246753e-01 -1.304962318543181343e-01 1.476037973662712444e-01
3.589945575383156617e-01 -1.578111429648360320e-01 1.648458150682821366e-01
2.727973353300950921e-01 -1.755402549305383197e-01 2.083691688407695308e-01
2.087592500446795452e-01 -1.971964208420551035e-01 2.524445817427196093e-01
8.335541255683701078e-02 -3.345233084060574846e-01 3.386054625349800840e-01
6.584608635748696592e-01 5.419345701702159290e-02 4.566063027785940628e-03
5.835462324142002277e-01 -9.725353736701673746e-02 5.228458632300678754e-01
5.397142728896790753e-02 -4.248495446429262357e-01 -2.397833375961902769e-01
2.035151085241954094e-01 -2.385363647652471442e-01 6.530206307244175445e-02
7.347329403545563853e-01 4.009593214983468989e-01 4.386152670039524248e-01
1.614143345675133900e-01 -2.116296006509921501e-01 3.012626142192864620e-01
2.428849175818689199e-01 -1.975134182349735090e-01 -1.282746492857446963e-01
5.085445040877605294e-01 -9.602510913497777634e-02 4.478224672127058548e-01
1.853281467178054531e-01 -3.635100012262232339e-01 -6.060127514899023293e-02
6.993310876443308288e-01 5.015146740955193083e-01 -1.832296947431327760e-01
1.972612749642754237e-01 -1.504483477659519230e-01 4.190878391541561498e-01
1.337410549103361657e-01 -4.307975819676958529e-01 -1.451371797783865270e-02
5.187956290280680838e-01 1.689813242328146725e-01 -6.857455278580667501e-01
5.193887060676007916e-01 2.937501916280161884e-01 -7.671554651540062331e-01
7.190083333685735045e-01 2.791759137150515158e-01 1.674508837965483707e-02
5.962371362449440104e-01 2.317295700499354127e-01 -5.548990673301817944e-01
6.829630503462192914e-01 1.104920948696130889e-01 5.736531058999562172e-01
2.626999310625929840e-01 1.083461583196376407e-02 -9.955038823954510674e-01
5.215481053891347918e-02 -3.365401856707032069e-01 -2.461813819912017365e-01
2.583987826929661225e-01 -2.080782439587766652e-01 -1.445089497163728033e-03
6.449488270201688689e-01 4.547430726878296664e-02 3.849343805008134112e-01
4.025675760172314765e-01 -1.553031982217210338e-01 3.841328234310355527e-01
3.488081206124704070e-01 -1.684722292020582601e-01 3.779743906515000695e-01
2.218215861695234936e-01 -9.106921276758722650e-02 -6.418956677967094793e-01
6.451582231228750741e-01 9.893781847253402262e-02 -1.742614386972862750e-01
1.518597149983607342e-01 4.585849547918798008e-02 -1.106658039897769896e+00
3.430692036820606194e-01 1.543846557856295154e-01 -9.773561279290780002e-01
4.255322558761622798e-01 2.166133730573442384e-01 -8.920854018217398984e-01
2.955019938587156170e-01 -1.711017773144658805e-01 3.859732826237946002e-01
2.455201209616372227e-01 -1.629387164209235850e-01 4.019111181373012931e-01
2.133355105382692130e-01 -1.503957265616323036e-01 4.108921752919976189e-01
6.233137700745227106e-01 -3.568591884242722917e-02 5.471251343227174768e-01
2.552230325281353851e-01 -1.839355446907301184e-01 4.828499266634288523e-01
3.100482487727969083e-01 -1.996004840697460647e-01 5.115299323111273111e-01
3.667071930197107754e-01 -1.990710966090479817e-01 5.178853370710380100e-01
4.214976611242785554e-01 -1.837293240055259125e-01 5.043219380414113440e-01
4.540713962809684867e-01 -1.613111183776612390e-01 4.816182777739893006e-01
7.193962786611088900e-01 2.715239626697037445e-01 6.361906854473695638e-01
4.390050987062666943e-01 -1.384146646319171503e-01 4.004710730043783418e-01
2.271155803776661597e-01 -2.076407735938800569e-01 -3.564251212581492356e-01
1.750071476950521565e-01 -3.072619897490920238e-01 -1.895606264379834927e-01
1.127739934059980159e-01 -2.683720077684820793e-01 -3.349916783367371531e-01
4.346295256454942857e-01 1.227095732023794905e-01 -8.068825523873632832e-01
3.522930614426622586e-01 7.031699121833505373e-02 -9.017346188609399738e-01
1.499057747621025394e-01 -4.200992677405208237e-02 -1.063442604833336969e+00
5.934101678901235744e-01 3.921808949349797624e-01 -6.188627419987994260e-01
2.155047440811661275e-01 -1.635911891124151862e-01 4.438488176341081615e-01
1.237428748792550465e-01 -3.369191760323860252e-01 1.817837910651302069e-01
2.545940276840874539e-01 8.861368939538583067e-02 -1.052926830587741502e+00
6.965487565869677988e-01 2.957120741277162734e-01 -1.847259212280248086e-01
1.008506472029781498e-01 -1.621208775347451059e-01 -6.633257871735890321e-01
1.118404516240891211e-01 -1.694913415482961760e-01 -6.915020792255475168e-01
1.199228853952893775e-01 -1.776922394270838423e-01 -7.259890216174174071e-01
1.279431397058066189e-01 -1.659131946637368848e-01 -7.575021643079784539e-01
1.771447990054588750e-01 -1.146613599436406838e-01 -8.016259234757465713e-01
2.032501752635293701e-01 -1.088119535740378202e-01 -5.447311986934784134e-01
2.150915835894116612e-01 -1.088100994890557061e-01 -5.382048807668660118e-01
2.254085972841551599e-01 -1.099558192088658654e-01 -5.294090941445355192e-01
3.269196184702846675e-01 -1.112106204237367502e-01 -4.582985591551668736e-01
5.597255101455341775e-01 -2.019436915781955277e-02 -2.404968782932275229e-01
1.234419662683470115e-01 -2.900317474910502624e-01 2.876176233872196342e-01
1.549020220229269384e-01 -2.055780714280238675e-01 4.812198638684948571e-01
1.899813430411590176e-01 -1.788820038255473643e-01 4.738496407169202618e-01
1.916983362313593731e-01 -1.005205828407190471e-01 -5.517244118767230532e-01
5.673032563149371654e-01 9.953669592289823842e-02 -4.436004268692085306e-01
1.001545883860297803e-01 -2.858125853771190661e-01 4.789270428612633079e-01
2.144336977788373622e-01 -7.323862010164730596e-02 -8.592284050961109809e-01
8.039097130573166772e-02 -3.861647905790260848e-01 2.254541890141087412e-01
1.668602058255916898e-01 -3.184377925394136222e-01 3.144004944677194352e-02
1.168460162829643295e-01 -1.046240649085447699e-01 -9.097542934193397768e-01
3.600435842312899037e-01 -2.335078366705492861e-02 -6.755639266286812550e-01
2.924096815690100937e-01 -1.741377788671352178e-01 -1.990324774838088673e-01
2.924481355480266220e-01 -4.533753681706777228e-02 -7.828633843781687141e-01
4.269506927465787638e-01 -1.521217941867528678e-01 -1.799860068444366079e-01
3.447263218048119970e-01 -1.507986864811791117e-01 -2.875855538740665907e-01
4.766290259522687478e-01 -8.240679471124465194e-02 -3.180194539361996253e-01
1.390939119269846702e-01 -8.588815929564891372e-02 -9.933582890550095579e-01
2.039148633456314141e-01 -2.667732659080016555e-01 -1.485675850445446200e-02
4.136514162330711120e-01 4.084986559875691120e-02 -7.235256272547322398e-01
3.321525383622953020e-01 1.023606230940187628e-02 -8.312549849982682204e-01
4.115538196806538540e-01 -2.787333916766940659e-02 -5.530848157382250996e-01
6.267670121480894974e-01 1.401836807010159724e-01 -3.249490309162934576e-01
4.879674844718320248e-01 3.057723138436315227e-02 -5.530934579193991230e-01
6.620072908094392083e-01 2.942330781841760445e-01 -3.740691716826657909e-01
3.890477765387407305e-01 -1.036662631953970681e-01 -3.976552314409252387e-01
1.624894099654199953e-01 -2.843540405132511939e-01 1.250911987940436787e-01
1.628757524281687907e-01 -3.870026482736819151e-01 -1.715480534389848544e-01
2.009013921361909039e-01 -3.163219716533142711e-01 -1.835997566174951412e-01
1.375533855581125287e-01 -4.402149630166172223e-01 -1.165391529761876654e-01
2.060170955792351155e-01 -2.374011076451590374e-01 5.706807683611599957e-01
3.098113928692158292e-01 -2.591299754964369040e-01 6.376777852597320662e-01
4.001010326699289688e-01 -2.570800166833311362e-01 6.492954872326807125e-01
4.719620009082032830e-01 -2.297113956539215684e-01 6.277588425055621313e-01
5.186647713612775323e-01 -1.865317055562590309e-01 5.819232979137398676e-01
5.447450499049286687e-01 -6.809755414106537230e-02 4.249965916432315582e-01
7.265246978062707139e-01 2.417284456486598621e-01 2.097420417615623589e-01
4.982683691780004365e-01 -9.905342920149926011e-02 2.860027386843789765e-01
4.356537328325371106e-01 -1.326145377488964772e-01 2.556309990051369718e-01
3.538434255085700642e-01 -1.567011077323354762e-01 2.590205272144776583e-01
2.760626927526264041e-01 -1.703759978417842269e-01 2.844300143990646235e-01
2.167251628744519820e-01 -1.752557375223550706e-01 3.168511912886667892e-01
1.758404074896601776e-01 -1.819378139350151247e-01 3.454947322351380468e-01
7.312073196651431850e-01 4.726320442432063729e-01 2.442372976539182727e-01
2.002466234019696367e-01 -2.819716957730021845e-01 -2.021684304633538376e-01
1.246130753641368494e-01 -3.749144678217101179e-01 8.711940311324706254e-02
1.199245033777069369e-01 -4.355088995322736745e-01 -1.847441927890054736e-01
8.720546262822695405e-02 -4.026805451070932240e-01 -2.224978088673736365e-01
1.198620913027560464e-01 -4.020847279278850217e-01 -1.943660869109076206e-01
1.847696348176207093e-01 -2.571287679980807095e-01 -2.249071731888944159e-01
7.434106003358585679e-02 -4.179282874350186416e-01 -2.333395857520991212e-01
7.252462208326843074e-02 -3.390013674255304421e-01 -2.408238589486363379e-01
1.756679369561919279e-01 -1.597787828594602333e-01 4.156078403891150241e-01
1.438890995264781592e-01 -1.951821476732580329e-01 3.912192204229615333e-01
1.246038212902737391e-01 -2.374626502605557410e-01 3.690677630318383584e-01
4.720495819471167698e-01 -1.381263064806600438e-01 4.647081437627056388e-01
5.101212047247758452e-01 -1.419804467922133051e-01 5.031859126726995202e-01
-3.274448794049994449e-01 -1.555600743766007432e-01 4.848439210444523972e-01
-2.627073101280262835e-01 -1.615927627890568763e-01 4.828741376026934318e-01
-3.266427991860542668e-01 -1.639280555462749311e-01 5.618395717074232687e-01
-3.930566864833926477e-01 -1.494746437915392134e-01 4.865276103438205824e-01
-3.288296638566054475e-01 -1.471946335409281270e-01 4.077422126157181359e-01
3.546459291165153238e-01 -1.619874520635253279e-01 4.549801162286055689e-01
4.180208511381825476e-01 -1.677298165900802107e-01 4.518208415702819059e-01
3.537317112966408827e-01 -1.704980246000770694e-01 5.315155273899957455e-01
2.907674766052383286e-01 -1.562703396666295375e-01 4.585866973234328792e-01
3.557991802691151673e-01 -1.534933312138412886e-01 3.784179253775422636e-01
