-1.719464915935636773e-02 -3.127102730382955720e-01 -5.393724836163458214e-01
2.501295250973001316e-02 -5.285745406342687858e-01 -2.294843389856713323e-01
2.795550391276313551e-02 -3.321835277943878673e-01 -2.988951666458015133e-01
-3.725487039983466087e-02 -4.794080038624666251e-01 1.464317767731739828e-01
2.478732342317085946e-02 -5.665749452333921354e-01 -1.241557933616114218e-01
2.362791530495458869e-02 -5.562751482044125950e-01 2.556409936485964929e-02
2.611919888770808384e-02 -4.089162159766730475e-01 4.067910212137313408e-01
-4.904107934659336365e-01 -1.293396392944139439e-01 5.135441087749832434e-01
2.663823598200332210e-02 -3.913740941718248934e-01 6.965235518027093065e-01
2.554181917196460261e-02 -4.223477616547253177e-01 8.362940832291965165e-01
2.398575731674973399e-02 -4.093644733423578153e-01 1.327889742518005178e+00
-1.600621280922523426e-02 -3.000640711322390963e-01 -5.697230528222165802e-01
-1.413220472108650538e-02 -2.743521485255531189e-01 -5.985756903000343243e-01
-1.125342875505142004e-02 -2.363169433592284818e-01 -6.180607495542433938e-01
-1.846307182516407353e-02 -2.173823104198180367e-01 -7.108725958589134919e-01
-1.953995662604651740e-02 -2.210448374305373775e-01 -7.561220036281808277e-01
-2.156672769541773116e-02 -2.315918899475470916e-01 -8.059022066302867771e-01
-2.129673061936454559e-02 -2.190308759481927048e-01 -8.528385340166995121e-01
1.304046916138767997e-02 -1.483184199898830435e-01 -9.234291388597908323e-01
2.382155501483440574e-02 -4.844376337330604798e-01 -2.750098514938676963e-01
-4.594042137492249100e-02 -3.835511324326223992e-01 -2.533323637968485365e-01
-7.608654456073855599e-01 1.573061215593147821e-01 9.749946515447938111e-01
-2.913512149943153773e-01 -1.947006278218617048e-01 4.072453706265308782e-01
-3.659630174439607586e-01 -1.867408108435646419e-01 4.007243203067596404e-01
-4.354383950899860523e-01 -1.661407038270699132e-01 4.125563201252173684e-01
-5.203467116339828280e-01 -1.141494152768931514e-01 4.872917751491305793e-01
-2.256035754213141509e-01 -1.897075920275730354e-01 4.320956578948589311e-01
-3.966345181521289120e-01 -2.533650281595165588e-01 7.115625038085111598e-01
-3.114236928610427668e-01 -2.526035583119652372e-01 6.956921246950411586e-01
-4.720110391867180510e-01 -2.262515446435444666e-01 6.958397242355056633e-01
-5.197789691267278300e-01 -1.914799663599433543e-01 6.565211061097908640e-01
-5.829734088843956386e-01 -6.784912143997245959e-02 4.268381822257580893e-01
-2.574907861145121490e-01 -3.003248993170776204e-02 -1.029764858811442529e+00
-5.142718462880129238e-01 -1.105374757058533719e-01 5.507194201501093289e-01
-7.849664262352051836e-01 2.434938250856886199e-01 5.293033855829749612e-01
-6.626278673173446876e-01 -4.452175542578783174e-03 5.171906432311899060e-01
-3.408991794474944825e-01 -2.040694393058761769e-01 -5.101239267798218791e-02
-9.895247964100850613e-02 -3.009278774438479687e-01 -5.162623551737453020e-01
-8.597108389867780254e-02 -2.606249637945414754e-01 -5.886857883969121019e-01
-1.695314782867198833e-01 -2.509513813621468969e-01 -5.370285049992582493e-01
-2.120997208351882435e-01 -1.953673222811329602e-01 -5.657386250593425814e-01
-1.438106724700864980e-01 -2.268811860589270424e-01 -5.883698532293086814e-01
-1.852130135024478985e-01 -1.741567492243376591e-01 -5.989111059688507765e-01
-3.241096675884440614e-01 -6.430425786179783110e-02 -7.035189449910355108e-01
-3.695918733220476815e-02 -5.207501908131328960e-01 -2.218939860414104182e-01
-4.787826732102762328e-02 -5.559790343404009683e-01 -1.192956613490326889e-01
-6.167338091052920745e-01 -1.811222050164356112e-01 7.661453237764668245e-01
-1.914554640405572439e-01 -2.506705253662300237e-01 2.056395445387755316e-01
-2.053123891336043894e-01 -3.463698122516141176e-01 -1.531274266813551499e-01
-2.110470432801148100e-01 -3.324365263153197247e-01 -9.094129027622210870e-02
-5.549668303606249964e-01 -1.124538070768207332e-01 -8.621947187046619110e-03
-4.321999159803807666e-02 -5.324716835272687021e-01 2.083867692561275353e-02
-4.505703983137108182e-01 -3.162571643535092569e-01 8.636848379323041058e-01
-5.488342400807768584e-01 -2.558982567891954218e-01 8.353591117839629376e-01
-6.882190950829283338e-01 -4.480315806556986469e-03 1.132494481346674853e+00
-1.305698848490759456e-01 -3.709598149341775120e-01 7.391175767687609977e-01
-2.359496071129734140e-01 -2.279235842863420736e-01 6.460382305328069563e-01
-3.723380398648021838e-01 -6.074141900079055301e-02 -5.926853466905663836e-01
-6.947031645514023523e-01 5.559523680463001050e-01 -4.190061103728655034e-01
-1.504722985803952362e-01 -3.111049009738731108e-01 -2.131219009113602958e-01
-9.309794239515056802e-02 -3.115052342463546786e-01 -2.466339380761155553e-01
-2.679336515703154564e-01 -7.311192774552466300e-02 -6.157310522455645696e-01
-2.538917882838802598e-01 -9.140759491704852913e-02 -6.229147995538850680e-01
-5.850086231704318962e-01 -2.304256250370535497e-01 9.096556347412896315e-01
-2.097089054467882185e-01 -3.003730091956473558e-01 -1.919210097264594239e-01
-3.152340856527775514e-01 -3.563506532472207056e-01 8.420600107477635987e-01
-3.263940115543313425e-01 -3.812148819788485632e-01 9.250050790891632957e-01
-3.953015099041587987e-01 -3.065963084765326307e-01 1.314898349460774440e+00
-6.354805285380198399e-01 -1.340719553636506856e-01 1.007135949443771494e+00
-3.522083420856860769e-01 -3.477044635509911608e-01 1.110456741638667921e+00
-6.563130057711630272e-01 -1.263959925403632667e-01 8.273108797750463594e-01
-7.076798527972778530e-01 8.302153846714649399e-03 8.819073972355768731e-01
-9.440577119560322750e-02 -2.883381121038834927e-01 -5.570775849870805985e-01
-1.570161989622376186e-01 -2.417034644241686792e-01 -5.642677567920504345e-01
-1.997091310753833504e-01 -1.903690784251552692e-01 -5.822577744763339780e-01
-1.336641169227277270e-01 -2.925986208851014680e-01 -2.305726484926848840e-01
-2.604972104740124195e-01 -8.256177930830532752e-02 -6.194758489242904176e-01
-2.409140265614406751e-01 -1.217455391578574631e-01 -6.609008355885555019e-01
-2.458513401763569028e-01 -9.353382355791106662e-02 -6.255045194707129497e-01
-1.173100178435960705e-01 -4.173084333182490724e-01 -1.971307051947577271e-01
-1.743361203412374660e-01 -1.597005524819983258e-01 -6.115563168964399665e-01
-1.315484939852691326e-01 -1.955810233386099384e-01 -6.059109640987925260e-01
-7.723164951063343775e-02 -2.262947312238789976e-01 -6.089106145781206791e-01
-8.657699162555654304e-02 -1.425925454423571104e-01 -9.139222487232521175e-01
-1.071350237532384675e-01 -2.149521658710416006e-01 -8.371174325707109176e-01
-1.037291557114472518e-01 -2.273338188409574911e-01 -7.889972624038836813e-01
-9.525377059117556833e-02 -2.154580632372380400e-01 -7.385659487695352965e-01
-8.538220225282677767e-02 -2.116134939731293407e-01 -6.961331523984828351e-01
-1.843944364331919772e-01 -1.565615530952202406e-01 -6.605375890050089183e-01
-2.002908013657114239e-01 -1.637540707464419931e-01 -6.793322827487440208e-01
-2.165932364836706814e-01 -1.710656396731522477e-01 -7.030783179126558480e-01
-2.282812487559107151e-01 -1.551528134328981068e-01 -7.292398985625601071e-01
-2.861082798083716128e-01 -1.827900086941807167e-01 -4.323539878857394214e-01
-7.770370447966898908e-01 5.903072112657881121e-01 1.206463286943705304e-01
2.800878767385001078e-02 -3.854970459501401159e-01 -2.834397110953781329e-01
-2.127328574270137551e-01 -1.203895277833616495e-01 -6.437177032911343133e-01
-2.269035781799115803e-01 -1.247017651363134805e-01 -6.520937917824065622e-01
-6.914557354573924730e-02 -3.118702064301337451e-01 -2.873498435600749801e-01
-1.836469012050734317e-01 -2.401870433398074489e-01 -2.469935381666577001e-01
-8.074075195409502470e-02 -3.129370816346677131e-01 -2.675355778160963816e-01
-2.671751030396412041e-01 -2.173562280851686346e-01 1.531490847129306498e-01
-3.862400631747044955e-01 -1.853028170819652765e-01 9.310414196966898537e-02
-2.229929071513703231e-01 -2.858183074398752410e-01 -1.301944913559417438e-01
-5.728491120690790694e-01 -1.672590218292535624e-01 1.249496956899335487e+00
-5.223858244048900090e-01 -2.494978337592677065e-01 1.088666072960440268e+00
-4.735031329752104057e-01 -3.143088452434117386e-01 9.477604668862715798e-01
-2.663463498935345619e-01 -9.471246797157117925e-02 -7.899701952005839800e-01
-1.511001611102511522e-01 -4.149924150148356361e-01 8.789958978822056679e-01
-1.757295403256415867e-01 -4.021596971312986213e-01 1.096751393793792495e+00
-2.034197773204782234e-01 -3.862116794690653165e-01 1.336037849476120698e+00
-4.912677077983511609e-01 -1.372630704139157221e-01 4.405353441914496848e-01
-6.643698745044046561e-01 -1.642781820298400142e-02 3.563622461101263461e-01
-1.818672943880819126e-01 -1.843664967682294709e-01 4.564263445516618667e-01
-5.863128373459343123e-01 -1.261160948279488325e-01 6.220242967177078697e-01
-1.407577030297235687e-01 -2.856287863595712295e-01 2.672582715321580871e-01
-1.627552287876479209e-01 -4.225759940058528841e-01 -1.276825542803686764e-01
-7.292518110554109256e-01 7.079643018523840148e-02 2.971576662371986366e-01
-6.188244229131782959e-01 -7.255773882486227233e-02 2.682442454168740831e-01
-5.284550130097320775e-01 -1.349347962545931479e-01 2.136882592304125694e-01
-3.883702089870713081e-01 -1.710627119627892156e-01 2.188879716622187388e-01
-2.842626543139397111e-01 -1.941012186743393819e-01 2.579475449847734581e-01
-2.063562426550298312e-01 -2.198736917891852549e-01 3.021161929256463985e-01
-4.303141616008965276e-02 -3.778038445057334549e-01 3.894715727100956926e-01
-7.155008289985929082e-01 7.834470430526163653e-02 7.311548907741927117e-02
-6.447609743649600489e-01 -9.351284734526099651e-02 6.506537039369630904e-01
-1.468141059210940902e-02 -4.801265145275586121e-01 -2.688481343986692806e-01
-1.860172144345619838e-01 -2.671212081961624740e-01 9.219802536481780386e-02
-8.048196998210324082e-01 4.744419838843887405e-01 5.785433088866325235e-01
-1.456643737052270016e-01 -2.381024940870872797e-01 3.525371118457596431e-01
-2.274560225810990932e-01 -2.146618278835892291e-01 -1.242157544395522395e-01
-5.433674015857281603e-01 -9.641531685264059792e-02 5.511007459166124001e-01
-1.666578002282386173e-01 -4.046085269832455644e-01 -5.230512324415681480e-02
-7.449270031711510143e-01 5.917981423482663317e-01 -1.397599236215464336e-01
-1.777475021062622229e-01 -1.723339600030673324e-01 4.914574535205975536e-01
-1.078537469292536466e-01 -4.836617638151796683e-01 -5.064993440092924182e-03
-5.564548888753035882e-01 2.119001275221328306e-01 -7.385589991206762406e-01
-5.494190812058867834e-01 3.543761732518051488e-01 -8.347558231724958588e-01
-7.721339135350824279e-01 3.363767584612920025e-01 9.174049299850284278e-02
-6.401558378153282547e-01 2.834406686829233912e-01 -5.789575591005160504e-01
-7.492766863700301982e-01 1.440857096145351512e-01 7.238583598281955744e-01
-2.688098005732120210e-01 2.461552064623082070e-02 -1.115109989812415492e+00
-2.145818857767115007e-03 -3.800248860297497089e-01 -2.775426099120714696e-01
-2.517756603340475241e-01 -2.291619003886316008e-01 2.301822941624190322e-02
-7.250180564855881471e-01 6.935024329869221571e-02 5.128808053310431880e-01
-4.236348088179013871e-01 -1.671173426817076368e-01 4.647378053763828731e-01
-3.623081536802343905e-01 -1.845873425164437087e-01 4.523399782409884828e-01
-2.524764529274055036e-01 -1.078232608309978025e-01 -6.706768269680090100e-01
-6.979918443151476026e-01 1.294325636205847507e-01 -1.344691458196735079e-01
-1.316333333865631339e-01 5.835649842012941013e-02 -1.248599211067480397e+00
-3.491309967181548402e-01 1.899535689867399846e-01 -1.093509723505347253e+00
-4.423824173787576086e-01 2.633360605141343846e-01 -9.893156331264236769e-01
2.461222288970024707e-02 -4.207103296144660831e-01 1.077632676831012937e+00
2.166656918537884779e-02 3.610201507702226476e-02 -1.271062280893740848e+00
-2.994778460884051086e-01 -1.894807617631095731e-01 4.586622694825757129e-01
-2.378601553762293985e-01 -1.834891324888574538e-01 4.748252770685885693e-01
-1.969816518381803938e-01 -1.716788093613379473e-01 4.839912806531154743e-01
-6.950895249204522841e-01 -2.397411554520678667e-02 6.932698647643320555e-01
-2.517716079616159064e-01 -2.066928802433576351e-01 5.738094781793661170e-01
-3.197381351736510169e-01 -2.206422404645285162e-01 6.100674374391790167e-01
-3.847094632988028451e-01 -2.171442394210032489e-01 6.189140139151314557e-01
-4.459035699508584472e-01 -1.970007338957064924e-01 6.060709920466038625e-01
-4.821858111219423648e-01 -1.706084700808552235e-01 5.829176186126332482e-01
-7.957827383123463605e-01 3.292187298714481791e-01 8.021028662328273384e-01
-4.637504233231171114e-01 -1.465918198362961000e-01 4.876895187109342444e-01
2.603065354452399616e-02 -3.109163151394112035e-01 -3.765832685094347987e-01
-2.148341446759725049e-01 -2.286663838203968346e-01 -3.887922777822705456e-01
-1.499908540796770495e-01 -3.402871912882878824e-01 -2.003348870492973610e-01
-7.713269522232102382e-02 -3.016029929947667831e-01 -3.763728018947172238e-01
2.648979646842300473e-02 -3.732479519755238506e-01 5.554311262298576857e-01
-4.621075379302981290e-01 1.583385862666593091e-01 -8.864718381625271704e-01
-3.708067142906976699e-01 9.691215500558125751e-02 -1.002867029334440829e+00
-1.403146534827945935e-01 -4.033915889858585846e-02 -1.196890437703249432e+00
-6.275860966744000180e-01 4.653207603869136122e-01 -6.543925574081690399e-01
-2.014145027143059430e-01 -1.870769696705925078e-01 5.229125182696066076e-01
-9.214167309480048029e-02 -3.793100959498096891e-01 2.161931383516879634e-01
1.593222922597151148e-02 -6.022714561512376719e-02 -1.217594332442748950e+00
-2.493826916666326277e-01 1.113512055914400722e-01 -1.185200271840267661e+00
-7.461873764904733974e-01 3.554566273643051666e-01 -1.419762740032670667e-01
-1.412499347150408813e-01 -1.873174283086074254e-01 -6.765777837540341011e-01
-1.570488993683243351e-01 -1.941132210709879402e-01 -7.085917733593323220e-01
-1.697411222288658372e-01 -2.028993632930311541e-01 -7.494709187489148050e-01
-1.774505897122755638e-01 -1.890639168688457161e-01 -7.936635322502780809e-01
-1.878800813304106754e-01 -1.273887788046252911e-01 -8.646745792954408927e-01
-2.180045384474786907e-01 -1.308156254798773510e-01 -6.135976812270564906e-01
-2.307264819628145336e-01 -1.331143830518428661e-01 -6.057031747378598396e-01
-2.415541062512420734e-01 -1.353034147201934712e-01 -5.966961524641520853e-01
-3.403363301539075181e-01 -1.254832465356423565e-01 -5.036991951359244268e-01
-6.086997157310332085e-01 -6.483105284003420898e-03 -2.182230596159420166e-01
-9.061291132031823459e-02 -3.271789407055796239e-01 3.364462944216817242e-01
-1.270762097558679748e-01 -2.303201607621243596e-01 5.618021273699396190e-01
-1.720840466044997186e-01 -2.037592703779878001e-01 5.555604179665598608e-01
-2.050786686521113289e-01 -1.229519406153390948e-01 -6.208862637477992052e-01
-6.134684518563009448e-01 1.313517600095989168e-01 -4.527310138630951108e-01
-6.763312981179081529e-02 -3.228919752369923124e-01 5.525681705083660411e-01
-2.259651957235324637e-01 -7.442221432611484389e-02 -9.418649886549070871e-01
2.444941198781286351e-02 -5.055367095817020484e-01 1.555611125652651694e-01
-4.160900778866505334e-02 -4.349502979446993045e-01 2.609581139820611462e-01
2.549858745404565141e-02 -4.548923817516650203e-01 2.764895409188770081e-01
-1.439232043504419245e-01 -3.554017825479793835e-01 5.081585783342229545e-02
1.389895595443468856e-02 -1.127224259139270046e-01 -1.130041400885376746e+00
1.371389606537341821e-02 -1.291148420148678921e-01 -1.018061236827426441e+00
-1.089699270271228260e-01 -1.117209429220866745e-01 -1.005187521427588493e+00
-3.899980692716864539e-01 -1.495430286781182505e-02 -7.269183921020401229e-01
-2.919989790331314339e-01 -1.861770694128876968e-01 -1.981093398829485430e-01
-3.180933722000105490e-01 -3.971146409409970213e-02 -8.499761333718574008e-01
-4.566622254885928101e-01 -1.578701023706416962e-01 -1.612268346334495561e-01
-3.610754884024931499e-01 -1.596338931968488417e-01 -2.925374780106699824e-01
-5.175962279658392617e-01 -7.851953767282826568e-02 -3.155329352956459665e-01
-1.321040708554706011e-01 -9.067412897241544645e-02 -1.111691392701469105e+00
-1.870261012824740998e-01 -2.957375234326398150e-01 1.005090954748322218e-03
-4.454258747642265703e-01 6.334398281058639668e-02 -7.894066903118179823e-01
-3.541646470427446403e-01 2.739051884858395569e-02 -9.169418706823764253e-01
-4.438069398292485701e-01 -2.404035103885598934e-02 -5.901641198502947105e-01
-6.768568583349150458e-01 1.780624415485321244e-01 -3.101617806661134402e-01
-5.306857034499596892e-01 5.122630949009326917e-02 -5.871301852174273250e-01
-7.082163390310940443e-01 3.521600973358522957e-01 -3.634329007627314923e-01
-4.191689417573662979e-01 -1.088947078304456362e-01 -4.149045972138210026e-01
-1.377363430575222480e-01 -3.201638223637672809e-01 1.561829550994131566e-01
-1.399391921930082106e-01 -4.330911814748668043e-01 -1.801102170169479599e-01
-1.823594952016538429e-01 -3.491433409308797309e-01 -1.910115994983661025e-01
-1.095869996239718924e-01 -4.924314397295574963e-01 -1.196641574373006334e-01
-1.869351537341037428e-01 -2.645811401193416401e-01 6.647558872472734137e-01
-3.094442884636849911e-01 -2.825773670171809471e-01 7.447522641692856382e-01
-4.150127281728472894e-01 -2.770305411878069002e-01 7.635252465469175576e-01
-5.007816523507182538e-01 -2.443993678872855568e-01 7.447481085753526742e-01
-5.585513162132604847e-01 -1.947347566631001392e-01 6.988616731329608811e-01
-5.944069810660996822e-01 -6.240092043838563196e-02 5.344706771397538247e-01
-7.894344318696404628e-01 2.920300985176274011e-01 3.142165886512193751e-01
-5.457268740607652546e-01 -9.978478092387965681e-02 3.737676896983086472e-01
-4.747923003670004860e-01 -1.394485473536610787e-01 3.320607969198019482e-01
-3.786757714246276052e-01 -1.701696853494620854e-01 3.243280623332740475e-01
-2.855122213067777803e-01 -1.887905247575418777e-01 3.438579258555476414e-01
-2.115715604814325523e-01 -1.948889861961515813e-01 3.754699005612032181e-01
-1.602804090365614886e-01 -2.042846767074339986e-01 4.046281542114389396e-01
-7.940570090094842826e-01 5.546480437293377364e-01 3.566163999659219819e-01
-1.819300202543456813e-01 -3.099668313014420917e-01 -2.128660822386110318e-01
-9.294207649520747072e-02 -4.225918273259865465e-01 1.090030874865407506e-01
-9.039282646059854098e-02 -4.877170134413666425e-01 -1.989742021740772415e-01
-5.362395862536339930e-02 -4.511750236490787991e-01 -2.457452269170889991e-01
-9.060054901960912233e-02 -4.506310555743464619e-01 -2.099352517795609607e-01
-1.623720903017542572e-01 -2.812378890850104618e-01 -2.406366244291948675e-01
-3.869258536517478086e-02 -4.693960170608590943e-01 -2.593557649899924655e-01
-2.785132320038552489e-02 -3.807950393567804959e-01 -2.695583706786108813e-01
-1.539053945527661948e-01 -1.811003871800527243e-01 4.866167610060627702e-01
-1.197718437401334990e-01 -2.199891416569417224e-01 4.561746277112224135e-01
-1.000845453428033105e-01 -2.669700222170892090e-01 4.280199345947757195e-01
-5.009911446166768201e-01 -1.439291204722197293e-01 5.654299310010699742e-01
-5.470031832919284298e-01 -1.449530199066084712e-01 6.114377716389824968e-01
8.630070829177705072e-02 -4.789710999790375290e-01 1.410589673525859400e-01
5.242536774193622406e-01 -1.404669752303362440e-01 4.763972238639171408e-01
9.839443234845335340e-02 -3.878979688343009435e-01 -2.597740241658650362e-01
7.713081186871608708e-01 1.351238110382322333e-01 8.938845002816533380e-01
3.199119939199999152e-01 -1.976789334743043192e-01 3.912807627938748034e-01
3.906396059432486467e-01 -1.923875267984471726e-01 3.812008293561790495e-01
4.579302589887142005e-01 -1.744570611848779151e-01 3.845429262627373390e-01
5.470778700547187512e-01 -1.250260170805908011e-01 4.453053859409599191e-01
2.614088848445705882e-01 -1.921927393438438436e-01 4.167828714029546688e-01
4.284576449700621126e-01 -2.624938776405549845e-01 6.799172858361739458e-01
3.449469010550556547e-01 -2.599033686410621158e-01 6.663995149210282243e-01
5.037908039097711566e-01 -2.392134254863576004e-01 6.603019519896489165e-01
5.502945304400590487e-01 -2.070095808432665940e-01 6.149078532597269664e-01
5.995293166086073100e-01 -8.180025991740025315e-02 3.730294808250507188e-01
2.801689385247994046e-01 -4.165144683934829395e-02 -1.041739750483031912e+00
5.496689262099829776e-01 -1.223629928427751867e-01 5.098386065900624153e-01
8.099601598984662587e-01 2.229652586862989061e-01 4.511285997922027668e-01
6.743303665606710240e-01 -2.179482497418955278e-02 4.529857187305137423e-01
3.763046034949777408e-01 -2.135532560935828883e-01 -8.398222786560893827e-02
6.627493225963476675e-02 -3.019366759870956152e-01 -5.246141563251502937e-01
6.000495273862560541e-02 -2.589159097363169515e-01 -5.979672635611699150e-01
1.458478656468846779e-01 -2.478870166082547399e-01 -5.536214074218257508e-01
1.982560915462778794e-01 -1.877690062668975202e-01 -5.839944773051310989e-01
1.239585821040919411e-01 -2.212407657794344118e-01 -6.023773634624811635e-01
1.744211306596350486e-01 -1.669369395335174033e-01 -6.129670134680083038e-01
3.237550604691810108e-01 -7.074048517571063233e-02 -7.331862571353342517e-01
8.475314658696331271e-02 -5.243831011975608192e-01 -2.275629216843384484e-01
9.397700453811264065e-02 -5.600044251530436057e-01 -1.259984772106012008e-01
6.357736672425247093e-01 -1.979355153338353546e-01 7.150941248618458701e-01
2.341407272314828258e-01 -2.528915674311136286e-01 1.861052894151327131e-01
2.497451481679213714e-01 -3.541219494056413453e-01 -1.714824413443563067e-01
2.539678057347563023e-01 -3.401445490470851318e-01 -1.099590703229276212e-01
5.810208151198343884e-01 -1.252411176932057835e-01 -6.138490635382232163e-02
9.034908819612563757e-02 -5.332353078006697444e-01 1.521515924269736808e-02
4.856932164052878420e-01 -3.323876584654903432e-01 8.256583325566033693e-01
5.765569131536842917e-01 -2.732368708443342342e-01 7.929091259932983249e-01
7.032735389760631506e-01 -2.618825643034772277e-02 1.056421636198561664e+00
1.813744780242672050e-01 -3.749952939313545563e-01 7.185268739920864789e-01
2.741693268704348263e-01 -2.315374797616880365e-01 6.174543582499087968e-01
3.784798274280793962e-01 -6.518843529974205353e-02 -6.298985825532064098e-01
7.412614698698831717e-01 5.338906636258133886e-01 -4.765006916713576679e-01
1.988057069022988177e-01 -3.191816701431857695e-01 -2.269826805042907125e-01
1.452741431406603390e-01 -3.213301626260181010e-01 -2.569015246870329783e-01
2.655843056902973398e-01 -6.394616827876853371e-02 -6.485383315382700076e-01
2.476611344481702837e-01 -8.507989883343280990e-02 -6.526858701469810953e-01
6.098512734463268359e-01 -2.484414127537188932e-01 8.576957543530001615e-01
2.523339473056287474e-01 -3.093725577324208942e-01 -2.103261040671107196e-01
3.594918061361136452e-01 -3.701997813705260043e-01 8.096333178190571189e-01
3.707548709005683563e-01 -3.958168622463063002e-01 8.865328318437146748e-01
4.274863750814308361e-01 -3.211920306498554645e-01 1.266044862470391053e+00
6.573004851495207745e-01 -1.522198299032453406e-01 9.434295921670328156e-01
3.901904594494354228e-01 -3.600072268727325664e-01 1.070344478462551763e+00
6.739299169305086323e-01 -1.433677795099131957e-01 7.631563184275886869e-01
7.275522768351025960e-01 -1.002861378253423752e-02 8.118460690533932933e-01
6.377225668642322320e-02 -2.879832961185253559e-01 -5.660642827960682411e-01
1.347836223239898823e-01 -2.373613608928462071e-01 -5.800795800786540113e-01
1.864619834364709128e-01 -1.832818861481340100e-01 -5.985706252372047231e-01
1.833998847458522263e-01 -3.017202987011047277e-01 -2.430642990224809452e-01
2.562287034578709655e-01 -7.553710293129034525e-02 -6.509831006786983565e-01
2.236188994116827811e-01 -1.172031178078323244e-01 -6.896830052246807341e-01
2.389062268292339031e-01 -8.696214158865822608e-02 -6.531863912643984804e-01
1.633484824327424700e-01 -4.198557141655467895e-01 -2.092799620006910999e-01
1.650635152129531491e-01 -1.524332832200978594e-01 -6.231366713532811019e-01
1.161118164338423853e-01 -1.886184264616623807e-01 -6.165764711514700736e-01
5.691365468853309961e-02 -2.221131538119398563e-01 -6.171502588581390114e-01
1.070454479455338337e-01 -1.453371391055755524e-01 -9.210802291774031758e-01
6.645186187511487041e-02 -2.135190436958915861e-01 -8.463350910432918539e-01
6.203579436111050782e-02 -2.243285883226215915e-01 -7.984578672719111481e-01
5.799194494020204482e-02 -2.116591470474129544e-01 -7.488446745919272729e-01
5.106055650459312423e-02 -2.071013301028448161e-01 -7.064203741089212230e-01
1.609579009238333303e-01 -1.506081508719439022e-01 -6.843028283953485058e-01
1.746719570883668027e-01 -1.601421356345937852e-01 -7.042739550985919195e-01
1.882585984634752574e-01 -1.685622205054149170e-01 -7.290519740209546740e-01
2.017534584354565563e-01 -1.531200240302972304e-01 -7.548613569613529251e-01
3.125819138567953459e-01 -1.892916957953225676e-01 -4.601442047181381056e-01
8.175401139824982621e-01 5.666432029158690042e-01 4.452052623976632262e-02
1.974607939603632012e-01 -1.123730843891299624e-01 -6.692965077860471013e-01
2.100494054221808682e-01 -1.190664272312552674e-01 -6.797053001187265409e-01
1.226983684790021734e-01 -3.173894548074405186e-01 -2.953463562247469198e-01
2.307795820434037637e-01 -2.517042304319350166e-01 -2.634856541367236460e-01
1.337141561100564369e-01 -3.210582519101947696e-01 -2.770794508079368335e-01
3.064716595523702125e-01 -2.209809640842346212e-01 1.266388271111389408e-01
4.205552793477576046e-01 -1.934378264988039220e-01 5.498586875588190592e-02
2.661939672485076347e-01 -2.943683345092886761e-01 -1.502871389298672256e-01
5.955013610032864335e-01 -1.880273450482050634e-01 1.182734103989815821e+00
5.511459732147629964e-01 -2.668640791808600810e-01 1.033291720275959058e+00
5.086060482756042944e-01 -3.311410324349233214e-01 9.025985563912612974e-01
2.718833283631427733e-01 -9.869854258187205076e-02 -8.077205107532776651e-01
2.044694443719743404e-01 -4.213840493551859190e-01 8.475297902050833443e-01
2.192808485109192240e-01 -4.093559240334303517e-01 1.074676447493333242e+00
2.431979677009448171e-01 -3.961653662754254235e-01 1.308663372657210999e+00
5.146999956791002973e-01 -1.476031688851793255e-01 4.043528866854813053e-01
6.722820889305936021e-01 -3.482507275305740668e-02 2.930143291585927123e-01
2.230376713329145222e-01 -1.839500428317548675e-01 4.413538355373445299e-01
6.104790662994883377e-01 -1.415285362579886685e-01 5.726695225636753150e-01
1.860390151723270158e-01 -2.864429541473514362e-01 2.525838694214139757e-01
2.072735493057109579e-01 -4.289453659457560519e-01 -1.441366634957428339e-01
7.556225306117649865e-01 5.160052673052634153e-02 2.258095111747588923e-01
6.263288695007629414e-01 -8.805008498313249277e-02 2.115661990651789282e-01
5.382145621089673426e-01 -1.475629871332202470e-01 1.669079454577033772e-01
4.059451259409652124e-01 -1.784502382014818700e-01 1.865502200491484519e-01
3.084747284368392073e-01 -1.984980256640267449e-01 2.366114583340750421e-01
2.360615175668339116e-01 -2.229864609724390156e-01 2.869177268766778255e-01
9.425692601101565149e-02 -3.782734409465011716e-01 3.828894788645715863e-01
7.445766866885392687e-01 6.128106689153040021e-02 5.163227109078211141e-03
6.598644570941027965e-01 -1.099726950343636878e-01 5.899486346804372339e-01
6.102999933625757878e-02 -4.809733839329339844e-01 -2.719021409962576463e-01
2.301315288099488043e-01 -2.697329878762668720e-01 7.384249477324578148e-02
8.308238934050482527e-01 4.533981943820415417e-01 4.959789166234020996e-01
1.825246678501324382e-01 -2.393072627011454401e-01 3.424075684459557678e-01
2.746502596948403596e-01 -2.233449163971497065e-01 -1.450508581979743639e-01
5.750537394608219444e-01 -1.085836099817001354e-01 5.061591044638462655e-01
2.095660122973745931e-01 -4.110511152048035299e-01 -6.852692397548321157e-02
7.907920621273216710e-01 5.671045236255949362e-01 -2.071931174073213811e-01
2.230597969444187978e-01 -1.701245108010893681e-01 4.749645024332282972e-01
1.512321795387090440e-01 -4.871388019532147950e-01 -1.641187396380480723e-02
5.866285836190199277e-01 1.910812949860378751e-01 -7.754448144017800360e-01
5.873161842416614320e-01 3.321678728315831108e-01 -8.674867498095828466e-01
8.130427671198239281e-01 3.156875143508073300e-01 1.893506781421155916e-02
6.742151218763288156e-01 2.620359766544000379e-01 -6.274707152011149702e-01
7.722833554551344903e-01 1.249426375580594550e-01 6.486774620813724468e-01
2.970567501946188571e-01 1.225160508985330410e-02 -1.124976357101251878e+00
5.872902422257086918e-02 -3.820222463388076584e-01 -2.803456749018917726e-01
2.921930825430205658e-01 -2.352914471145015618e-01 -1.634084042095029776e-03
7.292974985623192907e-01 5.142159680048630221e-02 4.352774553489826559e-01
4.552167767296086964e-01 -1.756142956412993783e-01 4.370266412443926107e-01
3.944264710368150517e-01 -1.905056187200981910e-01 4.303426881582637087e-01
2.371977387474906163e-01 -1.031428870861545999e-01 -7.006143670051514505e-01
7.295342802223743206e-01 1.118772550064940363e-01 -1.970519613547998539e-01
1.717204615944325496e-01 5.185602849013820626e-02 -1.251390663024004368e+00
3.879369984050988762e-01 1.745756230010839793e-01 -1.105178193123437680e+00
4.811848580327149350e-01 2.449428303571865584e-01 -1.008755462132518765e+00
3.341487819073121202e-01 -1.934790683650700061e-01 4.390241645232491052e-01
2.776301042228899174e-01 -1.842484137133233446e-01 4.563220335361992674e-01
2.412362774716847458e-01 -1.700650076109542219e-01 4.660694672311427311e-01
7.048329329244324981e-01 -4.035304924368460222e-02 6.183686226917410877e-01
2.886019966238930756e-01 -2.079912808887893760e-01 5.441676416492393642e-01
3.505974471003376891e-01 -2.257049360279581585e-01 5.752950172370585591e-01
4.146664469640493067e-01 -2.251063134168571622e-01 5.821927424575807919e-01
4.766226048166632978e-01 -2.077580899384838808e-01 5.674719389458124930e-01
5.134564473997471623e-01 -1.824079526846547061e-01 5.428308971895594581e-01
8.134814492595099367e-01 3.070348196300400900e-01 7.193939258057797659e-01
4.964197265414549420e-01 -1.565170203453098985e-01 4.547591044508032532e-01
2.524216069253566452e-01 -2.347358133290411430e-01 -4.095490024031391840e-01
1.978951967929334366e-01 -3.481870390843488927e-01 -2.147956860868882600e-01
1.251492365362094628e-01 -3.031079942459617982e-01 -3.848802521830925194e-01
4.914710664596677603e-01 1.387579646008598733e-01 -9.124094321655924489e-01
3.983692174050492696e-01 7.951625219881264250e-02 -1.019260880989303786e+00
1.695109781952188754e-01 -4.750413246374396437e-02 -1.202232504828364412e+00
6.710184326766430729e-01 4.434716943780707687e-01 -6.997997837726561698e-01
2.436892109919168714e-01 -1.849862190737634471e-01 5.018384302872078706e-01
1.399264024268527251e-01 -3.809826485511429439e-01 2.055581133707975461e-01
2.878907283183638199e-01 1.002029000881569099e-01 -1.190632297549363727e+00
7.876458480475436730e-01 3.343863425540356538e-01 -2.088850256440664133e-01
1.115290414825934606e-01 -1.814826729990310916e-01 -6.954308131168600582e-01
1.244788272543080332e-01 -1.896941466442223501e-01 -7.281550895594852690e-01
1.343584807186939400e-01 -1.989314012663059295e-01 -7.683961275896482590e-01
1.438537506522215015e-01 -1.857237977524155426e-01 -8.104702729030570652e-01
1.999026166189254994e-01 -1.284517425398727930e-01 -8.762745033672647565e-01
2.126708418735943074e-01 -1.228562761386753355e-01 -6.307406417930803144e-01
2.250454300442770172e-01 -1.233384923327183191e-01 -6.248574721352833095e-01
2.361311503006486845e-01 -1.250032711417401465e-01 -6.167856145515964172e-01
3.567624776055353664e-01 -1.284503014781798180e-01 -5.351449136010728580e-01
6.330681137244962287e-01 -2.315859423414429186e-02 -2.723943279042271293e-01
1.395861399315396767e-01 -3.279631175176422886e-01 3.253316046430256847e-01
1.751606522109903086e-01 -2.324642932438965026e-01 5.430203645419036107e-01
2.148277699698712961e-01 -2.022768202099656243e-01 5.345086020540739113e-01
2.006026260601969646e-01 -1.132473817204742161e-01 -6.366599706822348992e-01
6.414279909367568422e-01 1.116593425380180138e-01 -5.034034574163035458e-01
1.132531570247914399e-01 -3.231921585720534118e-01 5.413924023061511548e-01
2.424574875103102656e-01 -8.233328780574411532e-02 -9.531905958274782265e-01
9.090478472710183944e-02 -4.366687774335908934e-01 2.549398792584267603e-01
1.886827692678201274e-01 -3.600842048503154480e-01 3.555188914256088295e-02
1.320088837700482687e-01 -1.178295532447670713e-01 -1.011493156188371323e+00
3.968527002638460033e-01 -2.722213133719914024e-02 -7.603726505222612175e-01
3.306520461615081175e-01 -1.969121288579822604e-01 -2.250626435468556785e-01
3.291762411892760198e-01 -5.086030525395079938e-02 -8.695146918416458703e-01
4.827939297928542928e-01 -1.720286696877657562e-01 -2.035415101634039381e-01
3.895573387276360933e-01 -1.711287275286994536e-01 -3.264920301767566535e-01
5.389551986756089264e-01 -9.493023635516806280e-02 -3.628570123780172629e-01
1.572762265540259552e-01 -9.709329931076071674e-02 -1.118741209643334678e+00
2.305835649701795109e-01 -3.016628100696148174e-01 -1.679977987033240416e-02
4.651223017629568801e-01 4.617292785876625505e-02 -8.171625032332343608e-01
3.752408959044775116e-01 1.169873879425449570e-02 -9.351837424125708509e-01
4.539267798198123316e-01 -3.436763555062022357e-02 -6.335334732005346581e-01
7.087391432007104086e-01 1.585142873524918450e-01 -3.674512772389468829e-01
5.479509865613385600e-01 3.269372340877141347e-02 -6.304640931271636717e-01
7.485869281257624408e-01 3.327139076439151744e-01 -4.229912510390776426e-01
4.354133410040512686e-01 -1.197776026251584636e-01 -4.570079302929856979e-01
1.837403453823820421e-01 -3.215428600910028578e-01 1.414510595334936838e-01
1.841772150685754283e-01 -4.378135084922405440e-01 -1.940966174229341590e-01
2.271759814178710979e-01 -3.580596589428410859e-01 -2.078105502754383771e-01
1.555431001709111083e-01 -4.977878211532633657e-01 -1.317805524862940558e-01
2.329607345146964548e-01 -2.684492578449546585e-01 6.430022619171049669e-01
3.503296143502581117e-01 -2.930199033080134186e-01 7.187045132386762347e-01
4.524276501851129950e-01 -2.907018436854209575e-01 7.320411843854843781e-01
5.336868481009826581e-01 -2.597538583265386336e-01 7.076988603994163185e-01
5.864975708132389443e-01 -2.109269767855375122e-01 6.558131963197366687e-01
6.159887197336457731e-01 -7.700359131242828781e-02 4.811283873994849358e-01
8.215421480831510692e-01 2.733425403026776834e-01 2.371728422343148956e-01
5.634336555555563564e-01 -1.120079843767420869e-01 3.254052418900985622e-01
4.926300572745603290e-01 -1.499583325085169783e-01 2.914973896859507363e-01
4.001203107825057614e-01 -1.771950286647516748e-01 2.959638482957611672e-01
3.121671407653749952e-01 -1.926583689052692172e-01 3.250947367374164010e-01
2.450692404389880341e-01 -1.981762980704684374e-01 3.618089464453868587e-01
1.988374332284470469e-01 -2.057322798922678331e-01 3.937751054798450667e-01
8.268371796659934603e-01 5.344445220553701859e-01 2.761795087799314707e-01
2.263981941550927690e-01 -3.193873603365662284e-01 -2.288875231452274228e-01
1.409104107857859223e-01 -4.239470979744037749e-01 9.851318713636803004e-02
1.356086508968176174e-01 -4.925910076045774133e-01 -2.089857392375380485e-01
9.861049914545683137e-02 -4.560414120095379609e-01 -2.524154598580325981e-01
1.355380763516214060e-01 -4.551261975506593060e-01 -2.201805194227683948e-01
2.085659619035649115e-01 -2.915864578056805989e-01 -2.547530426958402039e-01
8.406364482196337917e-02 -4.731782860594835327e-01 -2.646144826143919104e-01
8.182041482357627071e-02 -3.847340597750799063e-01 -2.740857677219303845e-01
1.986424063931937489e-01 -1.806752129484721081e-01 4.711530583078218370e-01
1.627074210521255448e-01 -2.207087540879841825e-01 4.440019737580076509e-01
1.408999464316587069e-01 -2.685188492196242116e-01 4.184852586174883093e-01
5.337858832955983956e-01 -1.561909497028164395e-01 5.244777542329606135e-01
5.768366465417908984e-01 -1.605491480133873772e-01 5.666110847261496275e-01
-3.702692701534884279e-01 -1.759047669614188791e-01 5.475751548713625461e-01
-2.970650943201320615e-01 -1.827264315408205775e-01 5.452606934140744599e-01
-3.693622910679916771e-01 -1.853671420823355120e-01 6.306356186879868986e-01
-4.444620196767452569e-01 -1.690234624029391952e-01 5.491989745282772617e-01
-3.718351615766426477e-01 -1.664452644083018740e-01 4.639698028575143240e-01
4.010277686293024502e-01 -1.831727396640698835e-01 5.139990017957738466e-01
4.726910854160442099e-01 -1.896661107806569824e-01 5.105178467530095965e-01
3.999939861937935603e-01 -1.927963547513584786e-01 5.971961220197536946e-01
3.287950678679916194e-01 -1.767079232393005128e-01 5.178884770546634542e-01
4.023318460158620269e-01 -1.735677278730074491e-01 4.307844764830424111e-01
