-1.529163961674064043e-02 -3.246601403061023516e-01 -5.298940084965955144e-01
2.530604561606875080e-02 -5.347273775611021129e-01 -2.321417620749149924e-01
2.886463008217640680e-02 -3.349809526167312201e-01 -3.006631570691972177e-01
-3.769141005613821371e-02 -4.850255406566953420e-01 1.481476135703075903e-01
2.507777268609150123e-02 -5.732138740286856216e-01 -1.256106087664100868e-01
2.390477902547474137e-02 -5.627933875487223236e-01 2.586365190737559272e-02
2.642525460560463113e-02 -4.137077544376469573e-01 4.115576539434928627e-01
-4.961572571344294857e-01 -1.308551963498549298e-01 5.190805896900916316e-01
2.695037359663768339e-02 -3.959600801307678886e-01 7.046851733208621127e-01
2.584110935451067875e-02 -4.272966863116782754e-01 8.460934873807457457e-01
2.426681410591201293e-02 -4.141612643277466921e-01 1.343449494185008586e+00
-1.388159726814543193e-02 -3.132849953876832294e-01 -5.585573996938986152e-01
-1.172354529151177840e-02 -2.885067630874232347e-01 -5.866188395913847220e-01
-8.678936668264646687e-03 -2.499043636654911249e-01 -6.067276150975156046e-01
-1.794137138328183098e-02 -2.210972283281951722e-01 -7.570753965454171119e-01
-1.896629243433170520e-02 -2.248480480719393104e-01 -8.017400954672071478e-01
-2.104779943232775591e-02 -2.354564007718387142e-01 -8.484082556721734836e-01
-2.077616775212878797e-02 -2.226447853595703852e-01 -8.902624968728587440e-01
1.376769198147928530e-02 -1.508623584324574884e-01 -9.505832465705204015e-01
2.410068773834639355e-02 -4.897525003594527249e-01 -2.777274277344060627e-01
-4.642229852489795916e-02 -3.871110709982551468e-01 -2.553306798930540245e-01
-7.697810031319172186e-01 1.591493801588736989e-01 9.864193008729271739e-01
-2.947651675297080498e-01 -1.969820622823562628e-01 4.081565162375537792e-01
-3.702512452149935296e-01 -1.889289749281150010e-01 4.013356685141359348e-01
-4.405407112514401202e-01 -1.680874829989824626e-01 4.137278963855051117e-01
-5.264439540137708651e-01 -1.154869785532492976e-01 4.916612559201760657e-01
-2.282471199087406921e-01 -1.919305198255518707e-01 4.339811920228560105e-01
-4.012821439356566433e-01 -2.563338717261441912e-01 7.241501198815065710e-01
-3.150728477336079969e-01 -2.555634792388958854e-01 7.080186143035454016e-01
-4.775419009131613990e-01 -2.289026818096874250e-01 7.079452795979059854e-01
-5.258695588966335599e-01 -1.937236622259248531e-01 6.675982511541942444e-01
-5.898044891919420607e-01 -6.864415478286980954e-02 4.304704279343964934e-01
-2.590832655859334754e-01 -3.028863634779121322e-02 -1.044559736798825522e+00
-5.202979055016334620e-01 -1.118327146675281714e-01 5.581070740369624694e-01
-7.941643906957140953e-01 2.463470013167194939e-01 5.355055825988277451e-01
-6.703923109552201165e-01 -4.504344191204530043e-03 5.232013095028801297e-01
-3.448937178536952697e-01 -2.064606542514807463e-01 -5.161013821105930877e-02
-9.810968310732481878e-02 -3.097445761901382877e-01 -5.091637160374123949e-01
-8.438063028468725801e-02 -2.722225493109641237e-01 -5.783971137772374593e-01
-1.703083217796091398e-01 -2.560430798401696073e-01 -5.302146548694405270e-01
-2.161419204903504698e-01 -1.973171856805592816e-01 -5.609973662646090542e-01
-1.437806227215435717e-01 -2.341190664993693660e-01 -5.808047950091199674e-01
-1.882986974334274199e-01 -1.768193332572929322e-01 -5.964621328402406331e-01
-3.293619279904285158e-01 -6.378220033170303727e-02 -7.198470595279242712e-01
-3.739226184736101077e-02 -5.268123616930135977e-01 -2.244652990358017020e-01
-4.843928825967042107e-02 -5.624938039251051736e-01 -1.206935256938985457e-01
-6.239604820790034534e-01 -1.832445322256900377e-01 7.753964821084604608e-01
-1.936988727968543267e-01 -2.536077956832216707e-01 2.080491608689107874e-01
-2.077181685344003381e-01 -3.504101515797325428e-01 -1.549199943358813281e-01
-2.135200193701830562e-01 -3.363319022858419771e-01 -9.200690878931616634e-02
-5.614697392899921091e-01 -1.137715026630290727e-01 -8.722975745773672851e-03
-4.372642804716585230e-02 -5.387110021243721736e-01 2.108285602934791003e-02
-4.558500260431712636e-01 -3.199629561694171676e-01 8.738051974519880361e-01
-5.552652894432126285e-01 -2.588967838507183483e-01 8.451483552556033896e-01
-6.962834078561215279e-01 -4.532814701365784488e-03 1.145764665951832351e+00
-1.320998574954406757e-01 -3.753065934459748343e-01 7.477783003055145095e-01
-2.387143828131329526e-01 -2.305943138333780285e-01 6.569058416016406721e-01
-3.821983446276949747e-01 -5.785605963976757360e-02 -5.955466849736004153e-01
-7.028434554028129000e-01 5.624668286003299267e-01 -4.239158787185385302e-01
-1.521975625365633578e-01 -3.141470430583087614e-01 -2.153542442583998850e-01
-9.391820393112970677e-02 -3.140882560037415727e-01 -2.488681048299332677e-01
-2.763868940634914839e-01 -7.024984136419989977e-02 -6.255919435781087667e-01
-2.611591352694440094e-01 -8.927355715855468665e-02 -6.366402877788555070e-01
-5.918635514134400477e-01 -2.331256726302308735e-01 9.203146641214137169e-01
-2.121662017016140434e-01 -3.036974380154764397e-01 -1.941184718452102498e-01
-3.189278893871381193e-01 -3.605262466668874843e-01 8.519269780391174329e-01
-3.302185834316260227e-01 -3.856818258111799347e-01 9.358439748084379506e-01
-3.999335159591470568e-01 -3.101888977323760122e-01 1.330305872487623109e+00
-6.429268690711711365e-01 -1.356429640582522134e-01 1.018937219358351243e+00
-3.563353973391654161e-01 -3.517787439171479180e-01 1.123468688778257452e+00
-6.640034540505956873e-01 -1.278770569636060728e-01 8.370050218627018701e-01
-7.159721999829613548e-01 8.399437110531558781e-03 8.922412892594440148e-01
-9.321662742911110411e-02 -2.987496527766304033e-01 -5.477263425109684114e-01
-1.573953353595246019e-01 -2.479294227657077854e-01 -5.565599662416875759e-01
-2.031820949268105525e-01 -1.928835085171479724e-01 -5.782387054071989052e-01
-1.350542731568059041e-01 -2.952330553598625507e-01 -2.329573401023619095e-01
-2.683788852872661668e-01 -8.005417078518377305e-02 -6.312159287268221952e-01
-2.452505128598033712e-01 -1.217298045869061873e-01 -6.875382282534667766e-01
-2.524912358590459815e-01 -9.173029194849814660e-02 -6.408730435056095853e-01
-1.186846159651515908e-01 -4.218748499955435882e-01 -1.992242141970287372e-01
-1.770283684752896880e-01 -1.622180010796090421e-01 -6.104340872229527815e-01
-1.314779470795536809e-01 -2.025661127743749179e-01 -5.998723593874122351e-01
-7.547109981413424595e-02 -2.377866687877505103e-01 -5.992665772591900808e-01
-8.625871540962930240e-02 -1.448348776142853733e-01 -9.401738508051256105e-01
-1.070072824993536509e-01 -2.182432617669586294e-01 -8.744056392690866542e-01
-1.036085911514271762e-01 -2.308503703096230764e-01 -8.308564415884251986e-01
-9.504809827849225456e-02 -2.188745852575692541e-01 -7.822891428169131967e-01
-8.522743779696886901e-02 -2.149560704043743664e-01 -7.401342354473978702e-01
-1.861576684285947691e-01 -1.580789752901267109e-01 -6.969177043610121913e-01
-2.017947067490406532e-01 -1.654685471854914214e-01 -7.158136848900829019e-01
-2.177304030292239734e-01 -1.730245462177615323e-01 -7.387254256987680900e-01
-2.290394422917967354e-01 -1.570066949767628950e-01 -7.638009133655432326e-01
-2.903326589161543403e-01 -1.838248551443797951e-01 -4.315269551290107364e-01
-7.861420955143587630e-01 5.972242265272509343e-01 1.220600179730992052e-01
2.847608482140180641e-02 -3.890666616223447116e-01 -2.854290045978696844e-01
-2.167293100502735714e-01 -1.204268231702819714e-01 -6.716072805678272584e-01
-2.310366406047076326e-01 -1.247618426681984805e-01 -6.797049771742404989e-01
-6.940760665617837222e-02 -3.144445968216845744e-01 -2.894503414599673974e-01
-1.854737296762530296e-01 -2.424775441221155292e-01 -2.497763128738474947e-01
-8.128025464443333625e-02 -3.154912721593075009e-01 -2.697302988686584024e-01
-2.703057682762141090e-01 -2.199031330155950537e-01 1.549436308779741922e-01
-3.907658903382233984e-01 -1.874741312541224891e-01 9.419510231125932664e-02
-2.256058607330427290e-01 -2.891674272826225689e-01 -1.317200644125616493e-01
-5.795615593763052686e-01 -1.692189050638315262e-01 1.264138129080667028e+00
-5.285069604012340161e-01 -2.524213628825426881e-01 1.101422691469999604e+00
-4.790514785394073272e-01 -3.179918073314058624e-01 9.588660023512061148e-01
-2.668454684091237095e-01 -9.581111385372625966e-02 -8.162421257045577860e-01
-1.528707004166708905e-01 -4.198551522697198113e-01 8.892956670945402209e-01
-1.777886781595092724e-01 -4.068720650467059219e-01 1.109602753289961496e+00
-2.058033797521544028e-01 -3.907371740421612394e-01 1.351693077835777856e+00
-4.970242124919301840e-01 -1.388714714884213275e-01 4.429549887646223594e-01
-6.721547303786012950e-01 -1.662031196384300413e-02 3.605379753709417878e-01
-1.839983522962952422e-01 -1.865268394635418714e-01 4.592920464996886887e-01
-5.931830479185227212e-01 -1.275938786479000331e-01 6.314442480683495340e-01
-1.424070529977466970e-01 -2.889756854600002978e-01 2.703811900860965123e-01
-1.646623381366816852e-01 -4.275275930103756838e-01 -1.291786950470009965e-01
-7.377969309696728040e-01 7.162599649349082886e-02 3.006396567553492050e-01
-6.260755929747432447e-01 -7.340794611395254354e-02 2.713874384931868056e-01
-5.346472656541589874e-01 -1.365159162785649916e-01 2.161921807376478988e-01
-3.929209964607678351e-01 -1.730671655197373315e-01 2.211947187959242278e-01
-2.875935438347934636e-01 -1.963756294662387658e-01 2.598865049126830584e-01
-2.087742535695200630e-01 -2.224500954865732405e-01 3.041125935281870918e-01
-4.353564337707291343e-02 -3.822308189834496828e-01 3.940352690178074990e-01
-7.238848196721274775e-01 7.926272039077120191e-02 7.397223274954417560e-02
-6.523160599450852359e-01 -9.460859933154444623e-02 6.594125264272661102e-01
-1.485344216449809365e-02 -4.853994817282507590e-01 -2.715373220191819037e-01
-1.881968996672387928e-01 -2.702512419116430697e-01 9.327837158186896849e-02
-8.142502980589412243e-01 4.800013305780705952e-01 5.853224856896066530e-01
-1.473712183392438813e-01 -2.408924965704741794e-01 3.547814853968870308e-01
-2.301212734021613193e-01 -2.171771607665137216e-01 -1.256712707296178955e-01
-5.497343924298525586e-01 -9.754507725256275630e-02 5.584580835280016364e-01
-1.686106385565196986e-01 -4.093495894379289846e-01 -5.291801568693219049e-02
-7.536557995525501319e-01 5.987326278232967258e-01 -1.413975828152908287e-01
-1.798302857167140556e-01 -1.743533096038514252e-01 4.958941174882451897e-01
-1.091175397464138885e-01 -4.893291446938952127e-01 -5.124342418427935142e-03
-5.629752343584846219e-01 2.143830997576127162e-01 -7.472131774381900460e-01
-5.558569835338813547e-01 3.585286303993731050e-01 -8.445372025259649806e-01
-7.811815110603825829e-01 3.403183012704359411e-01 9.281547457418143354e-02
-6.476569620018146622e-01 2.867619247432505736e-01 -5.857415830724583827e-01
-7.580564508312612748e-01 1.457740560100083682e-01 7.323402811507095933e-01
-2.715557747154245249e-01 2.493193186522191240e-02 -1.128277995801541644e+00
-2.015151991233660872e-03 -3.834981572527813576e-01 -2.795288686017460833e-01
-2.547258802394780086e-01 -2.318471400944706051e-01 2.328794883414399969e-02
-7.335135667315046959e-01 7.016286626714032804e-02 5.188905648089582323e-01
-4.285988146473354021e-01 -1.690755657691501712e-01 4.678439372566443044e-01
-3.665535550247052132e-01 -1.867502730056737059e-01 4.548287538451277756e-01
-2.569977791660287836e-01 -1.075994506507728932e-01 -6.952906896141790583e-01
-7.061706707759523027e-01 1.309492103899948801e-01 -1.360448077954169166e-01
-1.331757671542274091e-01 5.904029834993908266e-02 -1.263229863774373296e+00
-3.532219356280595912e-01 1.921793824149466978e-01 -1.106323057786500863e+00
-4.475661011861267191e-01 2.664217446169790948e-01 -1.000908090752115953e+00
2.490062038527129235e-02 -4.256400674104152682e-01 1.090260009829644217e+00
2.192045053200418481e-02 3.652504683323912205e-02 -1.285956148065648286e+00
-3.029870236697218555e-01 -1.917010316426840388e-01 4.614658689531724312e-01
-2.406473182186133486e-01 -1.856391945336975935e-01 4.784337297006160394e-01
-1.992898145473419591e-01 -1.736904821340214955e-01 4.880561544859733925e-01
-7.032343430087288905e-01 -2.425503506119705555e-02 7.014018378599162773e-01
-2.547217803827510618e-01 -2.091148357604066810e-01 5.823469292912835105e-01
-3.234847157988909316e-01 -2.232276497488635547e-01 6.204103808387850805e-01
-3.892173554235847099e-01 -2.196886603417524952e-01 6.296974801062551474e-01
-4.511285134033993227e-01 -1.993091202018030250e-01 6.162149231409781436e-01
-4.878358972986629460e-01 -1.726076009889015994e-01 5.919086103044230995e-01
-8.051074445681145608e-01 3.330763973830300761e-01 8.115016295565866677e-01
-4.691844900165553778e-01 -1.483095319625616915e-01 4.919385557939162101e-01
2.764222324026550937e-02 -3.160201642349254048e-01 -3.768996435448715987e-01
-2.160761034346143084e-01 -2.312557788873723652e-01 -3.901195025865430432e-01
-1.517483949108728858e-01 -3.437652206689466583e-01 -2.024244071783413146e-01
-7.671021926871895991e-02 -3.061219957620421317e-01 -3.769793065996239756e-01
2.680019472029634281e-02 -3.776215420839496018e-01 5.619394756172643168e-01
-4.673390482014909697e-01 1.602066409663872593e-01 -8.967490015174528484e-01
-3.745698050813812685e-01 9.808804559811004631e-02 -1.014559376784259781e+00
-1.419434933902681828e-01 -4.081077735173596621e-02 -1.210985213313858111e+00
-6.349399329917140289e-01 4.707732277456810888e-01 -6.620605025394405985e-01
-2.037746080333099341e-01 -1.892690727477427393e-01 5.289155062570496391e-01
-9.322135727762928536e-02 -3.837547201597796276e-01 2.187264111641069597e-01
1.611891756486010657e-02 -6.093286642866568847e-02 -1.231991646978523480e+00
-2.523048715947820986e-01 1.126559786988918233e-01 -1.199088037755628999e+00
-7.549309414894982417e-01 3.596217414628898323e-01 -1.436399044813773673e-01
-1.414270364387953116e-01 -1.900209167800266941e-01 -7.171172214619518925e-01
-1.571552508610559729e-01 -1.969202842439103929e-01 -7.489376412329646904e-01
-1.698570757297053202e-01 -2.058062468941379564e-01 -7.900244926559136793e-01
-1.774923612690252339e-01 -1.917625663455073681e-01 -8.317745206288325033e-01
-1.878288988260081727e-01 -1.291642124756520182e-01 -8.929506750590008313e-01
-2.245021441103952631e-01 -1.302531301843260492e-01 -6.169035811197732810e-01
-2.380411160742755827e-01 -1.320615251448831462e-01 -6.079841580302884907e-01
-2.494820358751969058e-01 -1.338576369476027761e-01 -5.980304615383927880e-01
-3.491123914392135763e-01 -1.232873641091427330e-01 -5.017484791943189748e-01
-6.158322479837416985e-01 -6.559072923170289338e-03 -2.207801217777439762e-01
-9.167468200264522471e-02 -3.310127101105594383e-01 3.403057471940097445e-01
-1.285652447286330657e-01 -2.330189725614890683e-01 5.692557010511409832e-01
-1.741004678067161748e-01 -2.061468508716207682e-01 5.630592538856495910e-01
-2.108142831642214610e-01 -1.227145308392915690e-01 -6.252241182571555145e-01
-6.206568625057609090e-01 1.328908935391152901e-01 -4.580359589365486928e-01
-6.842563138073745610e-02 -3.266755114667615478e-01 5.591606519709663159e-01
-2.265984887649002966e-01 -7.529151656874039089e-02 -9.635257222824902268e-01
2.473590172167679235e-02 -5.114604134915834432e-01 1.573839271900847603e-01
-4.209656771745429182e-02 -4.400468947530121744e-01 2.640159306960835339e-01
2.579737106230817201e-02 -4.602226529847615044e-01 2.797293495095086735e-01
-1.456096465655657424e-01 -3.595662574297348035e-01 5.141130086878749339e-02
1.406092307118457507e-02 -1.140649710551639995e-01 -1.146130740886932120e+00
1.409945691717346891e-02 -1.309355152743062189e-01 -1.040833757099607570e+00
-1.093003745993640918e-01 -1.131965692388610389e-01 -1.026904903807158709e+00
-3.943822553974176692e-01 -1.462868238164810944e-02 -7.388703008101489278e-01
-2.954205218429724056e-01 -1.883586277707840484e-01 -2.004307164496862415e-01
-3.194423297403795603e-01 -4.003323504535478972e-02 -8.688775935029113828e-01
-4.620132351370518364e-01 -1.597199695018340915e-01 -1.631160347896285501e-01
-3.651217554768808604e-01 -1.615044278174943004e-01 -2.959441014784000012e-01
-5.236612411315064719e-01 -7.943960239512998234e-02 -3.192302408465202967e-01
-1.331931747241628383e-01 -9.172284120977952648e-02 -1.126970575929174379e+00
-1.892176083014867616e-01 -2.992028732097234967e-01 1.016868262123993283e-03
-4.498633782582343033e-01 6.414038155672625863e-02 -8.000338065395720122e-01
-3.566876183070242234e-01 2.782417029572724354e-02 -9.301352045693660475e-01
-4.514516208185088697e-01 -2.266296800852734411e-02 -5.951864874097890779e-01
-6.847880323568098504e-01 1.801489155101893003e-01 -3.137961488890420592e-01
-5.369053737563019846e-01 5.183101908786870438e-02 -5.941071654557774639e-01
-7.165149725764832223e-01 3.562865907097935159e-01 -3.676914815036020912e-01
-4.248468902508585332e-01 -1.089086764298279053e-01 -4.181982585310314304e-01
-1.393502897767975313e-01 -3.239153910439291906e-01 1.580130562594754817e-01
-1.415789511347975704e-01 -4.380562398672930291e-01 -1.821683859215240675e-01
-1.844963205483707291e-01 -3.530020863271183806e-01 -1.931481220482376138e-01
-1.108711020953469795e-01 -4.982015806304787020e-01 -1.210663414094410861e-01
-1.891255950612731329e-01 -2.676814101976563443e-01 6.749370882273890704e-01
-3.130702493617165683e-01 -2.858885106435828938e-01 7.562853062004775140e-01
-4.198757034502751395e-01 -2.802766890320428361e-01 7.750713532060102828e-01
-5.066496381483893696e-01 -2.472631549549435537e-01 7.559453871466428332e-01
-5.650962269052250964e-01 -1.970165910335249793e-01 7.094774027905061953e-01
-6.013720360088268269e-01 -6.313211365065898861e-02 5.409371071143092014e-01
-7.986847508712626720e-01 2.954520059747995919e-01 3.178984731441640843e-01
-5.521215123854004148e-01 -1.009540243946348004e-01 3.762493715747278200e-01
-4.803557519477823501e-01 -1.410825570893134429e-01 3.333877485150530395e-01
-3.831129628397109688e-01 -1.721636747301382719e-01 3.248379854973952874e-01
-2.888577528204697153e-01 -1.910027066791676331e-01 3.443925015927182809e-01
-2.140506826822329289e-01 -1.971726277747783973e-01 3.766000879931721279e-01
-1.621585193056908625e-01 -2.066784137302942748e-01 4.064399316790612282e-01
-8.033614937675352952e-01 5.611472172274722947e-01 3.607951073135128306e-01
-1.840467836247944300e-01 -3.132074325657294711e-01 -2.152077776078212823e-01
-9.403113952760863703e-02 -4.275436118598657798e-01 1.102803504546992774e-01
-9.145201826483553842e-02 -4.933550519365704767e-01 -2.012605418269881596e-01
-5.425230558286767146e-02 -4.559872947711171021e-01 -2.481002982639370913e-01
-9.166217484478200728e-02 -4.556205607423424730e-01 -2.121667269153159063e-01
-1.640506310801025935e-01 -2.838799018665746354e-01 -2.432253034591265184e-01
-3.914597123756911878e-02 -4.745115226146601195e-01 -2.619281670465478662e-01
-2.805920693913188657e-02 -3.842927716395257987e-01 -2.715695466005026981e-01
-1.557088046121828939e-01 -1.832224587354639445e-01 4.908638263662391532e-01
-1.211752883800517322e-01 -2.225668981558573956e-01 4.596221349248095223e-01
-1.012573013491009088e-01 -2.700982843876782447e-01 4.315784984964929905e-01
-5.068615851720963406e-01 -1.456156320104076141e-01 5.734427162179960291e-01
-5.534127769656798090e-01 -1.466515291434161705e-01 6.210601402779958313e-01
8.731195007391495677e-02 -4.845835172850204708e-01 1.427118491493636898e-01
5.303967002698064537e-01 -1.421129185507919446e-01 4.801644304866110602e-01
9.961137268105091369e-02 -3.915833353067709188e-01 -2.618541843503807698e-01
7.803460398347090710e-01 1.367071450129846433e-01 9.043587358469455939e-01
3.236606117617584211e-01 -1.999952666879533103e-01 3.879357906081664087e-01
3.952169854237521651e-01 -1.946418571430256206e-01 3.769609402627924766e-01
4.632961270141420229e-01 -1.765012885493009165e-01 3.806801475589862704e-01
5.534883388820650563e-01 -1.264910286063215539e-01 4.464967289750756407e-01
2.644719835352923876e-01 -1.944447872365556718e-01 4.154619782842579045e-01
4.334781631216080289e-01 -2.655696899007287115e-01 6.955862340363214713e-01
3.489888692598415165e-01 -2.629488262148242939e-01 6.822231644876508572e-01
5.096940499022371007e-01 -2.420164454787576691e-01 6.753382973695229996e-01
5.567426909786901135e-01 -2.094352473481556620e-01 6.286917452972506926e-01
6.065543933034758250e-01 -8.275876786457395107e-02 3.745491580921882502e-01
2.834193034162397762e-01 -4.221640406253218680e-02 -1.057592603035150125e+00
5.561097561351224794e-01 -1.237967999736703795e-01 5.165528575428617319e-01
8.194509922655335288e-01 2.255778882928424212e-01 4.564147683330780358e-01
6.822319360278070732e-01 -2.205020874822165300e-02 4.575918416515064591e-01
3.807140103862676206e-01 -2.160555991165775680e-01 -8.496630163892524013e-02
6.975351019774041206e-02 -3.115235165069958345e-01 -5.165049709564047964e-01
6.416872687734558045e-02 -2.706991797538835232e-01 -5.864137126938042677e-01
1.522823989939585676e-01 -2.536178516597978883e-01 -5.449865191748372029e-01
2.083571372983166747e-01 -1.911111780999851240e-01 -5.764633249673685178e-01
1.304709109443629722e-01 -2.285210774635584308e-01 -5.922106754760816383e-01
1.841306245389451868e-01 -1.706236804555144038e-01 -6.065014212018704498e-01
3.375398460399487988e-01 -7.075753876298397638e-02 -7.471219178425307916e-01
8.574625457753309865e-02 -5.304835466174644409e-01 -2.301962532782950710e-01
9.507819449854496008e-02 -5.665663628718193845e-01 -1.274748845459442725e-01
6.432234426733938193e-01 -2.002548550847658149e-01 7.244819946285834256e-01
2.368843071042703863e-01 -2.558548631490591418e-01 1.882860066798991427e-01
2.526715752357011624e-01 -3.582426054284719719e-01 -1.734857559781576297e-01
2.569437124400473782e-01 -3.441302449558595322e-01 -1.112475308719105827e-01
5.878290156105479003e-01 -1.267086496933468309e-01 -6.210419168848485549e-02
9.140776749054216332e-02 -5.394835742822854385e-01 1.539344670723215985e-02
4.913844011412162871e-01 -3.362824618194891757e-01 8.353331106688370866e-01
5.833128071886468646e-01 -2.764385657746264435e-01 8.022248798328184272e-01
7.115142545039141453e-01 -2.649511962273115584e-02 1.068800425576234003e+00
1.834997612811726242e-01 -3.793893587870725836e-01 7.269463228118242526e-01
2.773819479971889601e-01 -2.342505556830850599e-01 6.318598688516845474e-01
3.942018570116936349e-01 -6.389015750111609604e-02 -6.296493441214455755e-01
7.499473148027782088e-01 5.401466093397977453e-01 -4.820841615892007548e-01
2.011826423882376313e-01 -3.223893696136856946e-01 -2.293536559205533454e-01
1.472552355309603156e-01 -3.241836347529629681e-01 -2.592207873768243021e-01
2.827477491801611009e-01 -6.307702290262064138e-02 -6.533364036584088375e-01
2.643335861634618089e-01 -8.471982745383681290e-02 -6.606057622057835976e-01
6.169972992531358447e-01 -2.513525631018773687e-01 8.677459427389517810e-01
2.552907090242524379e-01 -3.128114657669336385e-01 -2.127183484217245457e-01
3.637042064963977861e-01 -3.745376540725031678e-01 8.191203272353744236e-01
3.750992479492272214e-01 -4.004549070213840878e-01 8.969209162354023768e-01
4.324955122291291865e-01 -3.249556475182676651e-01 1.280879937272588087e+00
6.650025043699823168e-01 -1.540034891004289364e-01 9.544843799433795350e-01
3.947625759870287965e-01 -3.642256667545289428e-01 1.082886404007849634e+00
6.818267940677011918e-01 -1.450477125903743836e-01 7.720987196056570134e-01
7.360774821965436754e-01 -1.014612549488037516e-02 8.213589998501551470e-01
6.764751246933022044e-02 -2.989690102278654837e-01 -5.554847688698953956e-01
1.413206082030138422e-01 -2.439762043333239538e-01 -5.703031505170412796e-01
1.963037758635908236e-01 -1.869234068282490946e-01 -5.912249680721399780e-01
1.857335827529733585e-01 -3.045950850767152884e-01 -2.455700662889468422e-01
2.732467279649677394e-01 -7.492109149428902160e-02 -6.572998465665174095e-01
2.342118749428027114e-01 -1.186541347040412642e-01 -7.166387973501784359e-01
2.551000445502801250e-01 -8.677255441879475062e-02 -6.622361495991607727e-01
1.652625433223278706e-01 -4.244434962150317459e-01 -2.114813011232219431e-01
1.745000792259234768e-01 -1.560358884258493672e-01 -6.175950776156120536e-01
1.226701785907605147e-01 -1.954592266552703794e-01 -6.071183891307172509e-01
6.113553831519479009e-02 -2.333922290747965089e-01 -6.060740141097706868e-01
1.084855839424340440e-01 -1.478849531881133994e-01 -9.485965766990700487e-01
6.758681886040790454e-02 -2.172331295973556897e-01 -8.840774570886460459e-01
6.314759948309028870e-02 -2.282762879656748956e-01 -8.412174011909197002e-01
5.921729194077710035e-02 -2.155045779153140217e-01 -7.942687358868834036e-01
5.239250538652945322e-02 -2.108249115671416152e-01 -7.522829222857667641e-01
1.661803085754393061e-01 -1.532205827117015251e-01 -7.238283892689860721e-01
1.797933984750907377e-01 -1.629107147797316246e-01 -7.437558758323246089e-01
1.931069998188283954e-01 -1.714635905186583931e-01 -7.675472978391559842e-01
2.064944521933281263e-01 -1.558096360298393823e-01 -7.916809833549245390e-01
3.208974837659464008e-01 -1.909539485664346059e-01 -4.581284674103922594e-01
8.271197656238007401e-01 5.732829315310230545e-01 4.504220233243760863e-02
2.070043208827732628e-01 -1.139229389042509810e-01 -6.981075051592420255e-01
2.199438652865693955e-01 -1.206589505449607025e-01 -7.083059243885305722e-01
1.247289939757225685e-01 -3.202023272526365316e-01 -2.974786016649240139e-01
2.338054271550149554e-01 -2.542788987467605732e-01 -2.664074054607197262e-01
1.357156357787064616e-01 -3.238825604362793875e-01 -2.793316781212230593e-01
3.100627882153319526e-01 -2.235703424145210061e-01 1.281227369856993148e-01
4.254832003184323419e-01 -1.957044638911666912e-01 5.563017453363046372e-02
2.693131358760076366e-01 -2.978176406052214231e-01 -1.520481515242253501e-01
6.024792395107319010e-01 -1.902305842945661851e-01 1.196592972205245076e+00
5.576041106646607570e-01 -2.699910999476775597e-01 1.045399481317233592e+00
5.145657176322617765e-01 -3.350212282572603284e-01 9.131748933737373619e-01
2.775216735688280645e-01 -1.003655797322439702e-01 -8.337572781166300295e-01
2.068653464382748108e-01 -4.263216815655003211e-01 8.574608504759249072e-01
2.218503054762918092e-01 -4.141526148409809815e-01 1.087269133549982225e+00
2.460476771777053151e-01 -4.008074946999015120e-01 1.323997836387337479e+00
5.207310717988602455e-01 -1.493327316489981849e-01 4.022368431514672382e-01
6.801596573905310805e-01 -3.523313959447384180e-02 2.964477694892152515e-01
2.256511494457479894e-01 -1.861055056642105798e-01 4.420174028050627424e-01
6.176324483653155006e-01 -1.431869194414868984e-01 5.832296156602680970e-01
1.882189558584913547e-01 -2.897993933836724434e-01 2.554636152434530683e-01
2.097023089015337405e-01 -4.339715990426182834e-01 -1.458256069511320030e-01
7.644766534759246390e-01 5.220516252615105268e-02 2.284554687459531275e-01
6.336679740658957005e-01 -8.908182535488817777e-02 2.140452618784778327e-01
5.445211737664235052e-01 -1.492920790611993453e-01 1.688637114653506188e-01
4.107018501988801695e-01 -1.805412562298819301e-01 1.884628763864683032e-01
3.120893283665908680e-01 -2.008239567160025052e-01 2.375200090977865885e-01
2.388276045948961035e-01 -2.255993390200213833e-01 2.875383043934266469e-01
9.536139599422785440e-02 -3.827059179925166310e-01 3.873760416069664814e-01
7.533013781828383770e-01 6.199913761869375872e-02 5.223729088082003369e-03
6.675965200489659690e-01 -1.112613178097786870e-01 5.992629727631388903e-01
6.174512814084513745e-02 -4.862488086458229830e-01 -2.746000461223115918e-01
2.328281302854904311e-01 -2.728936255206205752e-01 7.470775638715645983e-02
8.405591997685735173e-01 4.587109538098109729e-01 5.017906221930559241e-01
1.846634286326842567e-01 -2.421113822454981079e-01 3.431381515397980975e-01
2.778685162257072405e-01 -2.259619947011340946e-01 -1.467505138699629619e-01
5.817920198275525756e-01 -1.098559550810893626e-01 5.125248697742058601e-01
2.120216341798119575e-01 -4.158676696748331292e-01 -6.932989785566198715e-02
8.000582893696575049e-01 5.737496578369007949e-01 -2.096209345300419358e-01
2.256735343174976482e-01 -1.721179708420682575e-01 4.785233368913733853e-01
1.530042657913069926e-01 -4.928469255594567500e-01 -1.660418196925756568e-02
5.935132782629002346e-01 1.933203193590662394e-01 -7.845216189170640675e-01
5.941981516853465095e-01 3.360601008137162893e-01 -8.776516588146465736e-01
8.225697204096722448e-01 3.193866346411781132e-01 1.915694366308483276e-02
6.821153409462052952e-01 2.651064233895572553e-01 -6.348231995183239995e-01
7.813327040890472031e-01 1.264066729303790215e-01 6.562784465782718346e-01
3.005375582135667578e-01 1.239516504370042835e-02 -1.138623388576761375e+00
5.957588369394833938e-02 -3.855545296935930510e-01 -2.823652238605515175e-01
2.956168997905010976e-01 -2.380485107239614928e-01 -1.653231242952510338e-03
7.378431538269487611e-01 5.202413724561327779e-02 4.403778822386286151e-01
4.605508491105996249e-01 -1.776720830779074944e-01 4.371528531057373712e-01
3.990482236897030521e-01 -1.927378975182103549e-01 4.298641316063718243e-01
2.486495525038073806e-01 -1.042476215257755190e-01 -7.250412813323019456e-01
7.380827100124118800e-01 1.131881930375562006e-01 -1.993609479265031625e-01
1.737326224335440372e-01 5.246366074359463949e-02 -1.266054024997218974e+00
3.924827096673757509e-01 1.766212396317677902e-01 -1.118128288061425391e+00
4.868232153881335567e-01 2.478129855296662409e-01 -1.020575708935353321e+00
3.380642214952784830e-01 -1.957461890153244788e-01 4.393311045595540421e-01
2.808832775389221159e-01 -1.864073727523338775e-01 4.581940900438852271e-01
2.440630005423924387e-01 -1.720577704141789122e-01 4.688234803913273741e-01
7.130919208899797468e-01 -4.082589185617895022e-02 6.262002386446903213e-01
2.919837347714849818e-01 -2.104284506144886713e-01 5.539879957899452867e-01
3.547056264448231744e-01 -2.283496682238349562e-01 5.879317844628992873e-01
4.195253646383168000e-01 -2.277440311604999046e-01 5.954536230716704903e-01
4.822075032704797870e-01 -2.101925272134671507e-01 5.794008709566760285e-01
5.194729520518670540e-01 -1.845453458393587765e-01 5.525302980964714727e-01
8.230135428745943837e-01 3.106325472075628369e-01 7.278235413095230921e-01
5.022366008046297292e-01 -1.583510325303986166e-01 4.564897459935852719e-01
2.581902676435377519e-01 -2.375259287348967518e-01 -4.101756947070454018e-01
2.002140641051787240e-01 -3.517909454052251528e-01 -2.170272873715286543e-01
1.281405434626909090e-01 -3.068929147100518673e-01 -3.854834083026660307e-01
4.972304845233579407e-01 1.403838806093595237e-01 -9.231007631642083044e-01
4.030358771584453548e-01 8.044611504122625711e-02 -1.031465206444963867e+00
1.714972490738138067e-01 -4.806076941982939665e-02 -1.216506888900490413e+00
6.788811940506649378e-01 4.486681385199856598e-01 -7.079997950412706409e-01
2.465446766872630424e-01 -1.871538234602146966e-01 5.078288228009055771e-01
1.415660115025960675e-01 -3.854468711526761737e-01 2.079667720830203903e-01
2.912641320705249282e-01 1.013770420754019630e-01 -1.204583714058879096e+00
7.968752090439819025e-01 3.383045623595902773e-01 -2.113326679609760506e-01
1.144327932300842066e-01 -1.847798910309805809e-01 -7.386372281266231354e-01
1.272019342199243730e-01 -1.931657530181750682e-01 -7.711919409678080761e-01
1.367266747188804199e-01 -2.025342571625429744e-01 -8.111054193019708869e-01
1.460622480556154623e-01 -1.891007042945043182e-01 -8.495423622744608938e-01
2.025056013189734383e-01 -1.307234379275455938e-01 -9.059098561150968898e-01
2.260973999930058209e-01 -1.244225262159659173e-01 -6.287134896571372478e-01
2.392622240467091599e-01 -1.246015822043663179e-01 -6.218066740914766077e-01
2.508465724508111006e-01 -1.260504485726763879e-01 -6.124403985422830488e-01
3.691618283847430959e-01 -1.282418161933509271e-01 -5.306291819286993450e-01
6.403973270205576274e-01 -2.322447520630482182e-02 -2.753035383131460789e-01
1.412217619293207882e-01 -3.318060756346574713e-01 3.289587617320728352e-01
1.772131240111453621e-01 -2.351882292443822076e-01 5.515182612999167677e-01
2.173450473046361631e-01 -2.046470298664465615e-01 5.432408645191937335e-01
2.132549704848656358e-01 -1.148488283962511569e-01 -6.359745079476595286e-01
6.489880116392934273e-01 1.135369354802244768e-01 -5.081655392494996981e-01
1.145802182576527994e-01 -3.269792122460791761e-01 5.480567393616284644e-01
2.453116212326476031e-01 -8.360565167509578788e-02 -9.761656968752543406e-01
9.196997548082658236e-02 -4.417855107888141175e-01 2.579271763842821974e-01
1.908936885479726175e-01 -3.643035467333674005e-01 3.596847406959167298e-02
1.336311777509419929e-01 -1.195139570345838120e-01 -1.034402740055236025e+00
4.080391415966948543e-01 -2.702128890773885378e-02 -7.715869487451940678e-01
3.345265122122087487e-01 -1.992194769209632010e-01 -2.276998495821006552e-01
3.339995394519281735e-01 -5.171484974168931437e-02 -8.897941372807816052e-01
4.884478815681244646e-01 -1.740369044317978675e-01 -2.059161727602267233e-01
3.942835868940673949e-01 -1.727472856514510324e-01 -3.294942520808353814e-01
5.452762402402578923e-01 -9.493230843818617481e-02 -3.650447828942180450e-01
1.591247787991756923e-01 -9.824856545819063425e-02 -1.134765224662180438e+00
2.332854632487406099e-01 -3.051975903014080282e-01 -1.699663236379470727e-02
4.722435415364298894e-01 4.672631969475733726e-02 -8.273801397164897153e-01
3.798614980021265408e-01 1.175698827796244766e-02 -9.492214116896966480e-01
4.665278153860488164e-01 -3.295869476451575297e-02 -6.358120029069934676e-01
7.170430499810240832e-01 1.603736787043223422e-01 -3.717542277108907278e-01
5.568101323460883378e-01 3.427391469079325848e-02 -6.346497800827912705e-01
7.573586102390037489e-01 3.366125373084024597e-01 -4.279477158815597759e-01
4.433874016032329779e-01 -1.195573267531920003e-01 -4.576912292333055188e-01
1.858933510528212318e-01 -3.253105878571853626e-01 1.431085374483795913e-01
1.863353398265490402e-01 -4.428167813049412871e-01 -1.962983673220195513e-01
2.298379508136637051e-01 -3.620186361181157997e-01 -2.101176493435507053e-01
1.573657002970224039e-01 -5.036207262748257918e-01 -1.333247113163329445e-01
2.356904876418934869e-01 -2.715948531858285442e-01 6.548892452596557501e-01
3.544346553234269948e-01 -2.964534089545864948e-01 7.315855268646438425e-01
4.577290405481542201e-01 -2.941081871129317404e-01 7.447031096140552808e-01
5.399404055753032061e-01 -2.627975639902655480e-01 7.200549391251132025e-01
5.933699460285561944e-01 -2.133985459780454175e-01 6.676658451059569455e-01
6.232066620083982489e-01 -7.790589270080772177e-02 4.857330279100169346e-01
8.311686941726710298e-01 2.765454734310506257e-01 2.399519513795708159e-01
5.700357758073870684e-01 -1.133204551081741229e-01 3.254602024106457714e-01
4.984025255070196891e-01 -1.517154922632161229e-01 2.903349594358870522e-01
4.048087818756662681e-01 -1.792713385829403094e-01 2.936619890343810102e-01
3.158250071027541850e-01 -1.949158728837633303e-01 3.223851626327176589e-01
2.479408768409840369e-01 -2.004984592300352864e-01 3.594301228196152831e-01
2.011673413406012134e-01 -2.081429794274114453e-01 3.925673555881215027e-01
8.365257710999873808e-01 5.407069576904275365e-01 2.794156845214369467e-01
2.290750911290097558e-01 -3.227835930325181346e-01 -2.313902635663974694e-01
1.425615501303558186e-01 -4.289147630999132765e-01 9.966752879408319332e-02
1.371976660569548534e-01 -4.982828114867756675e-01 -2.113830826373175320e-01
9.976598278941739562e-02 -4.609369993145532307e-01 -2.548467580921287556e-01
1.371262645437039129e-01 -4.601663447261190587e-01 -2.225067942615545080e-01
2.112468319979698972e-01 -2.944697513796875610e-01 -2.574605258218819470e-01
8.504867346987854404e-02 -4.783422131746013495e-01 -2.672277459076271011e-01
8.290084683054158021e-02 -3.883439379223327936e-01 -2.761616772636400485e-01
2.009700292485018247e-01 -1.827923024596316282e-01 4.744346011143278918e-01
1.646139702066878319e-01 -2.232949427559007827e-01 4.461619427225669288e-01
1.425509631585545889e-01 -2.716652600081014279e-01 4.212268623008279533e-01
5.400406012299971970e-01 -1.580211411051544168e-01 5.325165616714296890e-01
5.835958183956209133e-01 -1.624304072726842074e-01 5.777329223313032447e-01
-3.746079571009348630e-01 -1.779659580402592756e-01 5.545282540331436527e-01
-3.005460001126500913e-01 -1.848675565203550253e-01 5.522555671231967889e-01
-3.736903503489341638e-01 -1.875392099925476952e-01 6.417312244998230053e-01
-4.496700715429122752e-01 -1.710040207404859292e-01 5.563927267252646303e-01
-3.761921970969424045e-01 -1.683956123155241347e-01 4.671102930928388020e-01
4.057268729989258471e-01 -1.853190943274721780e-01 5.209340903324769512e-01
4.782299156884530777e-01 -1.918885525157646432e-01 5.172404293914925066e-01
4.046809770592161293e-01 -1.950554756001618983e-01 6.114028493153778054e-01
3.326477744908022949e-01 -1.787785254249771860e-01 5.252242254415864231e-01
4.070462311122202692e-01 -1.756015343379846438e-01 4.304234896700850355e-01
